# time  f_op  f_geo  geo_trustworthy  max_local_speed  superluminal_fraction  max_shift  structure_coherence  reachable  n_rays  n_reached  max_h_rel_drift  f_geo_evol  f_geo_evol_ok
0.0000000000000000e+00  0.0000000000000000e+00  0.0000000000000000e+00  1  1.0151619955126119e+00  0.0000000000000000e+00  0.0000000000000000e+00  nan  1  5  5  1.2434590736838674e-05  0.0000000000000000e+00  0
2.0000000000000001e-01  0.0000000000000000e+00  0.0000000000000000e+00  1  1.0151367298055423e+00  0.0000000000000000e+00  6.3318364603240043e-06  nan  1  5  5  9.8783390722964558e-06  0.0000000000000000e+00  0
4.0000000000000002e-01  0.0000000000000000e+00  0.0000000000000000e+00  1  1.0150598443320544e+00  0.0000000000000000e+00  1.7221946252144931e-05  nan  1  5  5  9.6613762548908059e-06  0.0000000000000000e+00  0
5.9999999999999998e-01  0.0000000000000000e+00  0.0000000000000000e+00  1  1.0149339253327059e+00  0.0000000000000000e+00  3.1901946105041382e-05  nan  1  5  5  1.0460040725511322e-05  0.0000000000000000e+00  0
8.0000000000000104e-01  0.0000000000000000e+00  0.0000000000000000e+00  1  1.0147605171559133e+00  0.0000000000000000e+00  5.3249042439410193e-05  nan  1  5  5  1.0982652412646347e-05  0.0000000000000000e+00  0
1.0000000000000000e+00  0.0000000000000000e+00  0.0000000000000000e+00  1  1.0145427906020821e+00  0.0000000000000000e+00  6.5608604191819025e-05  nan  1  5  5  1.1001233683841551e-05  0.0000000000000000e+00  0
1.2000000000000000e+00  0.0000000000000000e+00  0.0000000000000000e+00  1  1.0142760104453539e+00  0.0000000000000000e+00  8.8814346092282295e-05  nan  1  5  5  1.1879478662349965e-05  0.0000000000000000e+00  0
1.3999999999999899e+00  0.0000000000000000e+00  0.0000000000000000e+00  1  1.0139698063827047e+00  0.0000000000000000e+00  1.3972609212615638e-04  nan  1  5  5  1.1882239208691794e-05  0.0000000000000000e+00  0
1.5999999999999901e+00  0.0000000000000000e+00  0.0000000000000000e+00  1  1.0136370784610111e+00  0.0000000000000000e+00  2.0275644659833837e-04  nan  1  5  5  1.2314258020439744e-05  0.0000000000000000e+00  0
1.7999999999999801e+00  0.0000000000000000e+00  0.0000000000000000e+00  1  1.0132620160909240e+00  0.0000000000000000e+00  2.6751671872408700e-04  nan  1  5  5  1.1868012374291183e-05  0.0000000000000000e+00  0
1.9999999999999800e+00  0.0000000000000000e+00  0.0000000000000000e+00  1  1.0128398314353388e+00  0.0000000000000000e+00  3.1440959325011801e-04  nan  1  5  5  1.0995289831728381e-05  0.0000000000000000e+00  0
2.1999999999999802e+00  0.0000000000000000e+00  0.0000000000000000e+00  1  1.0123311474176202e+00  0.0000000000000000e+00  3.4040969783015251e-04  nan  1  5  5  1.0266387927825967e-05  0.0000000000000000e+00  0
2.3999999999999702e+00  0.0000000000000000e+00  0.0000000000000000e+00  1  1.0117350573488970e+00  0.0000000000000000e+00  3.6764565794196132e-04  nan  1  5  5  9.5096280922361056e-06  0.0000000000000000e+00  0
2.5999999999999699e+00  0.0000000000000000e+00  0.0000000000000000e+00  1  1.0109953727105425e+00  0.0000000000000000e+00  4.1460514107792643e-04  nan  1  5  5  9.7273840140410710e-06  0.0000000000000000e+00  0
2.7999999999999599e+00  0.0000000000000000e+00  0.0000000000000000e+00  1  1.0101718665708459e+00  0.0000000000000000e+00  4.3490544671416167e-04  nan  1  5  5  1.0131261952146100e-05  0.0000000000000000e+00  0
2.9999999999999600e+00  0.0000000000000000e+00  0.0000000000000000e+00  1  1.0094335257121654e+00  0.0000000000000000e+00  4.6551395414973115e-04  nan  1  5  5  8.9365508279298166e-06  0.0000000000000000e+00  0
3.1999999999999500e+00  0.0000000000000000e+00  0.0000000000000000e+00  1  1.0089048649300234e+00  0.0000000000000000e+00  5.4700399693566001e-04  nan  1  5  5  8.9569110287262032e-06  0.0000000000000000e+00  0
3.3999999999999502e+00  0.0000000000000000e+00  0.0000000000000000e+00  1  1.0084317822405473e+00  0.0000000000000000e+00  6.4044442915381524e-04  nan  1  5  5  1.0573610495200984e-05  0.0000000000000000e+00  0
3.5999999999999499e+00  0.0000000000000000e+00  0.0000000000000000e+00  1  1.0079938668037554e+00  0.0000000000000000e+00  7.4259073179467705e-04  nan  1  5  5  9.0285513608128230e-06  0.0000000000000000e+00  0
3.7999999999999399e+00  0.0000000000000000e+00  0.0000000000000000e+00  1  1.0076993053130101e+00  0.0000000000000000e+00  8.5256794943157777e-04  nan  1  5  5  7.6288371658578103e-06  0.0000000000000000e+00  0
3.9999999999999400e+00  0.0000000000000000e+00  0.0000000000000000e+00  1  1.0075075821512827e+00  0.0000000000000000e+00  9.6917642689191524e-04  nan  1  5  5  8.0971689827804550e-06  0.0000000000000000e+00  0
4.1999999999999300e+00  0.0000000000000000e+00  0.0000000000000000e+00  1  1.0074214393063097e+00  0.0000000000000000e+00  1.0932072866580431e-03  nan  1  5  5  7.6166821162211122e-06  0.0000000000000000e+00  0
4.3999999999999302e+00  0.0000000000000000e+00  0.0000000000000000e+00  1  1.0075016136349839e+00  0.0000000000000000e+00  1.2264631635296723e-03  nan  1  5  5  8.0450227185042053e-06  0.0000000000000000e+00  0
4.5999999999999197e+00  0.0000000000000000e+00  0.0000000000000000e+00  1  1.0076915556014769e+00  0.0000000000000000e+00  1.3720765343907149e-03  nan  1  5  5  7.0686289435508112e-06  0.0000000000000000e+00  0
4.7999999999999199e+00  0.0000000000000000e+00  0.0000000000000000e+00  1  1.0079428490169338e+00  0.0000000000000000e+00  1.5262135387591998e-03  nan  1  5  5  7.1328412795558874e-06  0.0000000000000000e+00  0
4.9999999999999201e+00  0.0000000000000000e+00  0.0000000000000000e+00  1  1.0083149754549887e+00  0.0000000000000000e+00  1.6887102577537168e-03  nan  1  5  5  7.2106260168650387e-06  0.0000000000000000e+00  0
5.1999999999999096e+00  0.0000000000000000e+00  0.0000000000000000e+00  1  1.0088858193099413e+00  0.0000000000000000e+00  1.8693385252709967e-03  nan  1  5  5  6.8048321502648913e-06  0.0000000000000000e+00  0
5.3999999999999098e+00  0.0000000000000000e+00  0.0000000000000000e+00  1  1.0094754560063868e+00  0.0000000000000000e+00  2.0640580871655410e-03  nan  1  5  5  7.6628841607908841e-06  0.0000000000000000e+00  0
5.5999999999999002e+00  0.0000000000000000e+00  0.0000000000000000e+00  1  1.0100466375399968e+00  0.0000000000000000e+00  2.2751042834522812e-03  nan  1  5  5  8.5182092180239924e-06  0.0000000000000000e+00  0
5.7999999999999003e+00  0.0000000000000000e+00  0.0000000000000000e+00  1  1.0106346868691640e+00  0.0000000000000000e+00  2.5060094954464547e-03  nan  1  5  5  9.0006402638919197e-06  0.0000000000000000e+00  0
5.9999999999998899e+00  0.0000000000000000e+00  0.0000000000000000e+00  1  1.0112808673350395e+00  0.0000000000000000e+00  2.7601132527727192e-03  nan  1  5  5  9.1865052336678921e-06  0.0000000000000000e+00  0
6.1999999999998900e+00  0.0000000000000000e+00  0.0000000000000000e+00  1  1.0119722344884241e+00  0.0000000000000000e+00  3.0377833847327401e-03  nan  1  5  5  9.1669947633302533e-06  0.0000000000000000e+00  0
6.3999999999998902e+00  0.0000000000000000e+00  0.0000000000000000e+00  1  1.0126925463091727e+00  0.0000000000000000e+00  3.3235116639803441e-03  nan  1  5  5  1.0042686466045247e-05  0.0000000000000000e+00  0
6.5999999999998797e+00  0.0000000000000000e+00  0.0000000000000000e+00  1  1.0134526945414202e+00  0.0000000000000000e+00  3.6118134983636235e-03  nan  1  5  5  1.1290627497864681e-05  0.0000000000000000e+00  0
6.7999999999998799e+00  0.0000000000000000e+00  0.0000000000000000e+00  1  1.0142370518994017e+00  0.0000000000000000e+00  3.8973283071251754e-03  nan  1  5  5  1.1906747634363702e-05  0.0000000000000000e+00  0
6.9999999999998703e+00  0.0000000000000000e+00  0.0000000000000000e+00  1  1.0150377561913770e+00  0.0000000000000000e+00  4.1812561383660334e-03  nan  1  5  5  1.1797098593212031e-05  0.0000000000000000e+00  0
7.1999999999998696e+00  0.0000000000000000e+00  0.0000000000000000e+00  1  1.0158475085562912e+00  0.0000000000000000e+00  4.4689885007924719e-03  nan  1  5  5  1.1364386102925168e-05  0.0000000000000000e+00  0
7.3999999999998600e+00  0.0000000000000000e+00  0.0000000000000000e+00  1  1.0166616836465012e+00  0.0000000000000000e+00  4.7829848659694712e-03  nan  1  5  5  1.1324077325487978e-05  0.0000000000000000e+00  0
7.5999999999998602e+00  0.0000000000000000e+00  0.0000000000000000e+00  1  1.0174866855598395e+00  0.0000000000000000e+00  5.1074455415333880e-03  nan  1  5  5  1.1573527633494661e-05  0.0000000000000000e+00  0
7.7999999999998604e+00  0.0000000000000000e+00  0.0000000000000000e+00  1  1.0183099799003001e+00  0.0000000000000000e+00  5.4388956734269956e-03  nan  1  5  5  1.2403868841132932e-05  0.0000000000000000e+00  0
7.9999999999998499e+00  0.0000000000000000e+00  0.0000000000000000e+00  1  1.0191279902772594e+00  0.0000000000000000e+00  5.7586135186337550e-03  nan  1  5  5  1.2891317033430779e-05  0.0000000000000000e+00  0
8.1999999999998803e+00  0.0000000000000000e+00  0.0000000000000000e+00  1  1.0199374815834050e+00  0.0000000000000000e+00  6.0618338333945782e-03  nan  1  5  5  1.3036747621712917e-05  0.0000000000000000e+00  0
8.3999999999999098e+00  0.0000000000000000e+00  0.0000000000000000e+00  1  1.0207364129593419e+00  0.0000000000000000e+00  6.3580994396461778e-03  nan  1  5  5  1.3111329902812271e-05  0.0000000000000000e+00  0
8.5999999999999392e+00  0.0000000000000000e+00  0.0000000000000000e+00  1  1.0215256261584309e+00  0.0000000000000000e+00  6.6589012306278363e-03  nan  1  5  5  1.3280397994160064e-05  0.0000000000000000e+00  0
8.7999999999999794e+00  0.0000000000000000e+00  0.0000000000000000e+00  1  1.0223088487261709e+00  0.0000000000000000e+00  6.9556789763850881e-03  nan  1  5  5  1.3527070401058245e-05  0.0000000000000000e+00  0
9.0000000000000107e+00  0.0000000000000000e+00  0.0000000000000000e+00  1  1.0230906396638297e+00  0.0000000000000000e+00  7.2415159796989318e-03  nan  1  5  5  1.3780995513274384e-05  0.0000000000000000e+00  0
9.2000000000000401e+00  0.0000000000000000e+00  0.0000000000000000e+00  1  1.0238835233782644e+00  0.0000000000000000e+00  7.5204097966824071e-03  nan  1  5  5  1.4047759935088035e-05  0.0000000000000000e+00  0
9.4000000000000696e+00  0.0000000000000000e+00  0.0000000000000000e+00  1  1.0246775517914954e+00  0.0000000000000000e+00  7.7971096083435708e-03  nan  1  5  5  1.4169391532656088e-05  0.0000000000000000e+00  0
9.6000000000000991e+00  0.0000000000000000e+00  0.0000000000000000e+00  1  1.0254672203786201e+00  0.0000000000000000e+00  8.0746843943755812e-03  nan  1  5  5  1.4160721559046076e-05  0.0000000000000000e+00  0
9.8000000000001304e+00  0.0000000000000000e+00  0.0000000000000000e+00  1  1.0262472896995167e+00  0.0000000000000000e+00  8.3553491011660961e-03  nan  1  5  5  1.4112399534825078e-05  0.0000000000000000e+00  0
1.0000000000000201e+01  0.0000000000000000e+00  0.0000000000000000e+00  1  1.0270169010787167e+00  0.0000000000000000e+00  8.6360926825864888e-03  nan  1  5  5  1.4123251776092971e-05  0.0000000000000000e+00  0
1.0200000000000200e+01  0.0000000000000000e+00  0.0000000000000000e+00  1  1.0277818138764701e+00  0.0000000000000000e+00  8.9177316765852548e-03  nan  1  5  5  1.4250547459142954e-05  0.0000000000000000e+00  0
1.0400000000000199e+01  0.0000000000000000e+00  0.0000000000000000e+00  1  1.0285503880956512e+00  0.0000000000000000e+00  9.2005607513364496e-03  nan  1  5  5  1.4460647916889019e-05  0.0000000000000000e+00  0
1.0600000000000300e+01  8.0466575553752497e-05  0.0000000000000000e+00  1  1.0293273088483164e+00  0.0000000000000000e+00  9.4853325868308885e-03  nan  1  5  5  1.4674609670484924e-05  0.0000000000000000e+00  0
1.0800000000000299e+01  1.8620197966480014e-04  0.0000000000000000e+00  1  1.0301116516968591e+00  0.0000000000000000e+00  9.7699091365865114e-03  nan  1  5  5  1.4834819160859166e-05  0.0000000000000000e+00  0
1.1000000000000300e+01  2.8744680005174324e-04  0.0000000000000000e+00  1  1.0309003686008922e+00  0.0000000000000000e+00  1.0053935051987673e-02  nan  1  5  5  1.4942333795044258e-05  0.0000000000000000e+00  0
1.1200000000000401e+01  3.8471335371951458e-04  0.0000000000000000e+00  1  1.0316925240366763e+00  0.0000000000000000e+00  1.0337616219944857e-02  nan  1  5  5  1.5061685864382619e-05  0.0000000000000000e+00  0
1.1400000000000400e+01  4.7854809607522289e-04  0.0000000000000000e+00  1  1.0324902466327215e+00  0.0000000000000000e+00  1.0621256862301408e-02  nan  1  5  5  1.5197521173255952e-05  0.0000000000000000e+00  0
1.1600000000000399e+01  5.6929468316750751e-04  0.0000000000000000e+00  1  1.0332965987967244e+00  0.0000000000000000e+00  1.0904981420548084e-02  nan  1  5  5  1.5352203087098301e-05  0.0000000000000000e+00  0
1.1800000000000400e+01  6.5710730713877024e-04  0.0000000000000000e+00  1  1.0341128648989995e+00  0.0000000000000000e+00  1.1188558194318776e-02  nan  1  5  5  1.5523465877869984e-05  0.0000000000000000e+00  0
1.2000000000000499e+01  7.4215868065632788e-04  0.0000000000000000e+00  1  1.0349371468270026e+00  0.0000000000000000e+00  1.1471551187875914e-02  nan  1  5  5  1.5699515549018335e-05  0.0000000000000000e+00  0
1.2200000000000500e+01  8.2473644190998589e-04  0.0000000000000000e+00  1  1.0357647628318936e+00  0.0000000000000000e+00  1.1753643128265205e-02  nan  1  5  5  1.5880592549993637e-05  0.0000000000000000e+00  0
1.2400000000000500e+01  9.0510733011247592e-04  0.0000000000000000e+00  1  1.0365899846393121e+00  0.0000000000000000e+00  1.2034775074319649e-02  nan  1  5  5  1.6078095311962767e-05  0.0000000000000000e+00  0
1.2600000000000600e+01  9.8334584528538254e-04  0.0000000000000000e+00  1  1.0374080908713113e+00  0.0000000000000000e+00  1.2314974884446332e-02  nan  1  5  5  1.6296221565759684e-05  0.0000000000000000e+00  0
1.2800000000000599e+01  1.0593470121769521e-03  0.0000000000000000e+00  1  1.0382166559800738e+00  0.0000000000000000e+00  1.2594089377130491e-02  nan  1  5  5  1.6523560411626445e-05  0.0000000000000000e+00  0
1.3000000000000600e+01  1.1329905777155709e-03  0.0000000000000000e+00  1  1.0390155971274002e+00  0.0000000000000000e+00  1.2871699277781456e-02  nan  1  5  5  1.6748817186374578e-05  0.0000000000000000e+00  0
1.3200000000000699e+01  1.2042586439665298e-03  0.0000000000000000e+00  1  1.0398063586939315e+00  0.0000000000000000e+00  1.3147271303572265e-02  nan  1  5  5  1.6966181978848897e-05  0.0000000000000000e+00  0
1.3400000000000700e+01  1.2732073517954022e-03  0.0000000000000000e+00  1  1.0405910409375427e+00  0.0000000000000000e+00  1.3420382246972390e-02  nan  1  5  5  1.7187521461273565e-05  0.0000000000000000e+00  0
1.3600000000000700e+01  1.3398701985629883e-03  0.0000000000000000e+00  1  1.0413720093206802e+00  0.0000000000000000e+00  1.3690838117568094e-02  nan  1  5  5  1.7423319998006092e-05  0.0000000000000000e+00  0
1.3800000000000800e+01  1.4042080233300591e-03  0.0000000000000000e+00  1  1.0421518961891911e+00  0.0000000000000000e+00  1.3958637453372051e-02  nan  1  5  5  1.7671348977699925e-05  0.0000000000000000e+00  0
1.4000000000000799e+01  1.4661333524715620e-03  0.0000000000000000e+00  1  1.0429342848708631e+00  0.0000000000000000e+00  1.4223843652637019e-02  nan  1  5  5  1.7921686880575923e-05  0.0000000000000000e+00  0
1.4200000000000800e+01  1.5255590958297735e-03  0.0000000000000000e+00  1  1.0437237931577237e+00  0.0000000000000000e+00  1.4486490421706712e-02  nan  1  5  5  1.8170478719572949e-05  0.0000000000000000e+00  0
1.4400000000000899e+01  1.5824175280919027e-03  0.0000000000000000e+00  1  1.0445201591158810e+00  0.0000000000000000e+00  1.4746618973352933e-02  nan  1  5  5  1.8425120437882463e-05  0.0000000000000000e+00  0
1.4600000000000900e+01  1.6366422480124832e-03  0.0000000000000000e+00  1  1.0453255679710045e+00  0.0000000000000000e+00  1.5004403434436287e-02  nan  1  5  5  1.8689899943630241e-05  0.0000000000000000e+00  0
1.4800000000000900e+01  1.6881500450145895e-03  0.0000000000000000e+00  1  1.0461420416711114e+00  0.0000000000000000e+00  1.5260194816163855e-02  nan  1  5  5  1.8965407433344647e-05  0.0000000000000000e+00  0
1.5000000000000901e+01  1.7368557826469148e-03  0.0000000000000000e+00  1  1.0469725484228407e+00  0.0000000000000000e+00  1.5514404825248955e-02  nan  1  5  5  1.9245684824194473e-05  0.0000000000000000e+00  0
1.5200000000000999e+01  1.7827082328771460e-03  0.0000000000000000e+00  1  1.0478173611247295e+00  0.0000000000000000e+00  1.5767366861710565e-02  nan  1  5  5  1.9524588288715259e-05  0.0000000000000000e+00  0
1.5400000000001000e+01  1.8257079868511390e-03  0.0000000000000000e+00  1  1.0486766505846390e+00  0.0000000000000000e+00  1.6019336349409531e-02  nan  1  5  5  1.9800234609379399e-05  0.0000000000000000e+00  0
1.5600000000001000e+01  1.8658934055006866e-03  0.0000000000000000e+00  1  1.0495512794613067e+00  0.0000000000000000e+00  1.6270589144505163e-02  nan  1  5  5  2.0072907889321085e-05  0.0000000000000000e+00  0
1.5800000000001100e+01  1.9033179206427171e-03  0.0000000000000000e+00  1  1.0504381094313862e+00  6.5894356467212246e-03  1.6521455754022189e-02  nan  1  5  5  2.0340967459710107e-05  0.0000000000000000e+00  0
1.6000000000001101e+01  1.9380436343484607e-03  0.0000000000000000e+00  1  1.0513340204914694e+00  1.9555744499946858e-02  1.6773724977344699e-02  nan  1  5  5  2.0600765113364967e-05  0.0000000000000000e+00  0
1.6200000000001101e+01  1.9701507236071637e-03  0.0000000000000000e+00  1  1.0522362001341867e+00  2.7951960888510999e-02  1.7027006443967645e-02  nan  1  5  5  2.0850148953232593e-05  0.0000000000000000e+00  0
1.6400000000001000e+01  1.9997468821067797e-03  0.0000000000000000e+00  1  1.0531417465162476e+00  3.7198427037942398e-02  1.7280531207554510e-02  nan  1  5  5  2.1089983763946845e-05  0.0000000000000000e+00  0
1.6600000000001000e+01  2.0269655054569870e-03  0.0000000000000000e+00  1  1.0540476521100663e+00  4.5063237325964504e-02  1.7534330373710407e-02  nan  1  5  5  2.1322388396448216e-05  0.0000000000000000e+00  0
1.6800000000000900e+01  2.0519503769775614e-03  0.0000000000000000e+00  1  1.0549509161884527e+00  5.0802423211818472e-02  1.7788342073834885e-02  nan  1  5  5  2.1548688970981772e-05  0.0000000000000000e+00  0
1.7000000000000899e+01  2.0748311714257890e-03  0.0000000000000000e+00  1  1.0558487956633593e+00  5.8242108619406950e-02  1.8042400131466248e-02  nan  1  5  5  2.1769921584422424e-05  0.0000000000000000e+00  0
1.7200000000000902e+01  2.0957009460887094e-03  0.0000000000000000e+00  1  1.0567390581818279e+00  6.5469231586778615e-02  1.8296250028822510e-02  nan  1  5  5  2.1988129009888015e-05  0.0000000000000000e+00  0
1.7400000000000801e+01  2.1146094575542783e-03  0.0000000000000000e+00  1  1.0576201527952602e+00  7.1208417472632582e-02  1.8549586260879252e-02  nan  1  5  5  2.2206229555817013e-05  0.0000000000000000e+00  0
1.7600000000000801e+01  2.1315767543396689e-03  0.0000000000000000e+00  1  1.0584913164256040e+00  7.6522478478052922e-02  1.8802082534063642e-02  nan  1  5  5  2.2426660279727620e-05  0.0000000000000000e+00  0
1.7800000000000701e+01  2.1466154547864305e-03  0.0000000000000000e+00  1  1.0593526430216511e+00  8.3962163885641414e-02  1.9053405396669200e-02  nan  1  5  5  2.2650618784697359e-05  0.0000000000000000e+00  0
1.8000000000000700e+01  2.1597435784267544e-03  0.0000000000000000e+00  1  1.0602050885459082e+00  8.9595068551386964e-02  1.9303227328343074e-02  nan  1  5  5  2.2878256951052639e-05  0.0000000000000000e+00  0
1.8200000000000699e+01  2.1709796851599049e-03  0.0000000000000000e+00  1  1.0610503720103643e+00  9.8416409820384743e-02  1.9551248464448851e-02  nan  1  5  5  2.3109491556568600e-05  0.0000000000000000e+00  0
1.8400000000000599e+01  2.1803276306826924e-03  0.0000000000000000e+00  1  1.0618907777647220e+00  1.0426187692634711e-01  1.9797216987402055e-02  nan  1  5  5  2.3344479991361641e-05  0.0000000000000000e+00  0
1.8600000000000598e+01  2.1877645405262739e-03  0.0000000000000000e+00  1  1.0627289053550881e+00  1.1138271867361037e-01  2.0040940022967212e-02  nan  1  5  5  2.3583888515792372e-05  0.0000000000000000e+00  0
1.8800000000000502e+01  2.1932397117336950e-03  0.0000000000000000e+00  1  1.0635674164325593e+00  1.1637793601870550e-01  2.0282289684338532e-02  nan  1  5  5  2.3828674404619050e-05  0.0000000000000000e+00  0
1.9000000000000501e+01  2.1966827856804978e-03  0.0000000000000000e+00  1  1.0644088161273371e+00  1.2084174726325858e-01  2.0521209396548140e-02  nan  1  5  5  2.4079644135811253e-05  0.0000000000000000e+00  0
1.9200000000000500e+01  2.1980147444461916e-03  0.0000000000000000e+00  1  1.0652552940713083e+00  1.2743118290997982e-01  2.0757717801422087e-02  nan  1  5  5  2.4337212769812312e-05  0.0000000000000000e+00  0
1.9400000000000400e+01  2.1971558297021539e-03  0.0000000000000000e+00  1  1.0661086222201619e+00  1.3168243171431607e-01  2.0991905951065822e-02  nan  1  5  5  2.4601472776041806e-05  0.0000000000000000e+00  0
1.9600000000000399e+01  2.1940283185513301e-03  0.0000000000000000e+00  1  1.0669700739642520e+00  1.3997236688277181e-01  2.1223929120968283e-02  nan  1  5  5  2.4872137270325313e-05  0.0000000000000000e+00  0
1.9800000000000299e+01  2.1885582431205321e-03  0.0000000000000000e+00  1  1.0678403390569753e+00  1.4454245934743332e-01  2.1453999723878747e-02  nan  1  5  5  2.5148230697148061e-05  0.0000000000000000e+00  0
2.0000000000000298e+01  2.1806844315089670e-03  0.0000000000000000e+00  1  1.0687194593461240e+00  1.4943139547242001e-01  2.1682384579020737e-02  nan  1  5  5  2.5427890750230939e-05  0.0000000000000000e+00  0
2.0200000000000301e+01  2.1703768820749533e-03  0.0000000000000000e+00  1  1.0696068250730009e+00  1.5421405037729832e-01  2.1909395876394584e-02  nan  1  5  5  2.5709187160513139e-05  0.0000000000000000e+00  0
2.0400000000000201e+01  2.1576489426554822e-03  0.0000000000000000e+00  1  1.0705012174062409e+00  1.6037836114358592e-01  2.2135356038899150e-02  nan  1  5  5  2.5991259639930682e-05  0.0000000000000000e+00  0
2.0600000000000200e+01  2.1425391441392185e-03  0.0000000000000000e+00  1  1.0714061031569846e+00  1.6420448506748858e-01  2.2360537949218183e-02  nan  1  5  5  2.6274532925164647e-05  0.0000000000000000e+00  0
2.0800000000000100e+01  2.1250630634084703e-03  0.0000000000000000e+00  1  1.0723144836460423e+00  1.6781804655117441e-01  2.2585127470275076e-02  nan  1  5  5  2.6559556317724730e-05  0.0000000000000000e+00  0
2.1000000000000099e+01  2.1051824876162240e-03  0.0000000000000000e+00  1  1.0732235268176453e+00  1.7249442023594430e-01  2.2809265917514900e-02  nan  1  5  5  2.6845780980409071e-05  0.0000000000000000e+00  0
2.1200000000000099e+01  2.0828536130551509e-03  0.0000000000000000e+00  1  1.0741304288677813e+00  1.7812732490168987e-01  2.3036528040580220e-02  nan  1  5  5  2.7131713893597051e-05  0.0000000000000000e+00  0
2.1399999999999999e+01  2.0581553315196818e-03  0.0000000000000000e+00  1  1.0750327858660975e+00  1.8365394834732704e-01  2.3265875391515641e-02  nan  1  5  5  2.7416214713668049e-05  0.0000000000000000e+00  0
2.1600000000000001e+01  2.0314017797256625e-03  0.0000000000000000e+00  1  1.0759289563144674e+00  1.8673610373047084e-01  2.3495433269357064e-02  nan  1  5  5  2.7698774696081036e-05  0.0000000000000000e+00  0
2.1799999999999901e+01  2.0031151770621863e-03  0.0000000000000000e+00  1  1.0768180079110479e+00  1.9183760229567434e-01  2.3724722943659016e-02  nan  1  5  5  2.7977963988499837e-05  0.0000000000000000e+00  0
2.1999999999999901e+01  1.9738325133174918e-03  0.0000000000000000e+00  1  1.0776992330935466e+00  1.9662025720055265e-01  2.3953042015966149e-02  nan  1  5  5  2.8251756166812662e-05  0.0000000000000000e+00  0
2.2199999999999900e+01  1.9438646474054517e-03  0.0000000000000000e+00  1  1.0785716193143566e+00  2.0193431820597302e-01  2.4180009828707501e-02  nan  1  5  5  2.8516460195150907e-05  0.0000000000000000e+00  0
2.2399999999999800e+01  1.9131708841126254e-03  0.0000000000000000e+00  1  1.0794337888507417e+00  2.0714209799128494e-01  2.4406043822908795e-02  nan  1  5  5  2.8775973258489952e-05  0.0000000000000000e+00  0
2.2599999999999799e+01  1.8814049388064986e-03  0.0000000000000000e+00  1  1.0802845915420822e+00  2.0990540971410351e-01  2.4632288300211531e-02  nan  1  5  5  2.9043135966263509e-05  0.0000000000000000e+00  0
2.2799999999999699e+01  1.8480450979052316e-03  0.0000000000000000e+00  1  1.0811239853890271e+00  2.1405037729833137e-01  2.4859886000817139e-02  nan  1  5  5  2.9322599590548447e-05  0.0000000000000000e+00  0
2.2999999999999702e+01  1.8124969224010768e-03  0.0000000000000000e+00  1  1.0819535530825553e+00  2.1681368902114997e-01  2.5089048640671897e-02  nan  1  5  5  2.9603675748812044e-05  0.0000000000000000e+00  0
2.3199999999999701e+01  1.7741612857740639e-03  0.0000000000000000e+00  1  1.0827762441193391e+00  2.2010840684451058e-01  2.5318636236450066e-02  nan  1  5  5  2.9859539872223173e-05  0.0000000000000000e+00  0
2.3399999999999601e+01  1.7325474161175617e-03  0.0000000000000000e+00  1  1.0835955006799436e+00  2.2404081198852163e-01  2.5546621270411671e-02  nan  1  5  5  3.0067261836386034e-05  0.0000000000000000e+00  0
2.3599999999999600e+01  1.6874577982778337e-03  0.0000000000000000e+00  1  1.0844143382119422e+00  2.2786693591242427e-01  2.5771144619821027e-02  nan  1  5  5  3.0234558401905270e-05  0.0000000000000000e+00  0
2.3799999999999500e+01  1.6391360170454592e-03  0.0000000000000000e+00  1  1.0852348849854525e+00  2.3052396641513445e-01  2.5991432052254043e-02  nan  1  5  5  3.0407332564211699e-05  0.0000000000000000e+00  0
2.3999999999999499e+01  1.5882218419484599e-03  0.0000000000000000e+00  1  1.0860584456953626e+00  2.3296843447762780e-01  2.6207990708000985e-02  nan  1  5  5  3.0690489153529455e-05  0.0000000000000000e+00  0
2.4199999999999498e+01  1.5354815001109106e-03  0.0000000000000000e+00  1  1.0868857551577187e+00  2.3732596450207250e-01  2.6422077300316347e-02  nan  1  5  5  3.1098451959830163e-05  0.0000000000000000e+00  0
2.4399999999999402e+01  1.4814653695759807e-03  0.0000000000000000e+00  1  1.0877170697058531e+00  2.4019555744499946e-01  2.6634921228354397e-02  nan  1  5  5  3.1511152151275008e-05  0.0000000000000000e+00  0
2.4599999999999401e+01  1.4263088251950840e-03  0.0000000000000000e+00  1  1.0885520780910825e+00  2.4200233818684239e-01  2.6847233235653498e-02  nan  1  5  5  3.1863309469077693e-05  0.0000000000000000e+00  0
2.4799999999999400e+01  1.3697761469944106e-03  0.0000000000000000e+00  1  1.0893899337821324e+00  2.4550961845041980e-01  2.7059963393690527e-02  nan  1  5  5  3.2133569131175292e-05  0.0000000000000000e+00  0
2.4999999999999300e+01  1.3114675773688998e-03  0.0000000000000000e+00  1  1.0902296496529662e+00  2.5007971091508130e-01  2.7281183637742925e-02  nan  1  5  5  3.2353190855918540e-05  0.0000000000000000e+00  0
2.5199999999999299e+01  1.2510236595258230e-03  0.0000000000000000e+00  1  1.0910706589747554e+00  2.5273674141779146e-01  2.7501643279632063e-02  nan  1  5  5  3.2580979861713371e-05  0.0000000000000000e+00  0
2.5399999999999199e+01  1.1882161803454026e-03  0.0000000000000000e+00  1  1.0919129659004250e+00  2.5528749070039325e-01  2.7721518623365329e-02  nan  1  5  5  3.2863274964175561e-05  0.0000000000000000e+00  0
2.5599999999999199e+01  1.1229294091848676e-03  0.0000000000000000e+00  1  1.0927564669547323e+00  2.5826336486342866e-01  2.7941022367956304e-02  nan  1  5  5  3.3210480879745524e-05  0.0000000000000000e+00  0
2.5799999999999201e+01  1.0551026901316981e-03  0.0000000000000000e+00  1  1.0935997389514678e+00  2.6049527048570520e-01  2.8160354164836612e-02  nan  1  5  5  3.3602900458556922e-05  0.0000000000000000e+00  0
2.5999999999999101e+01  9.8469346286183504e-04  0.0000000000000000e+00  1  1.0944392702085532e+00  2.6357742586884897e-01  2.8379691118222569e-02  nan  1  5  5  3.4012924000994769e-05  0.0000000000000000e+00  0
2.6199999999999100e+01  9.1167169352707547e-04  0.0000000000000000e+00  1  1.0952700475005894e+00  2.6687214369220957e-01  2.8599188628824448e-02  nan  1  5  5  3.4423598471149786e-05  0.0000000000000000e+00  0
2.6399999999999000e+01  8.3602604993572376e-04  0.0000000000000000e+00  1  1.0960874779794003e+00  2.6867892443405250e-01  2.8818970564053598e-02  nan  1  5  5  3.4831857800421968e-05  0.0000000000000000e+00  0
2.6599999999999000e+01  7.5776376264503930e-04  0.0000000000000000e+00  1  1.0968895236034280e+00  2.7197364225741311e-01  2.9039111101918775e-02  nan  1  5  5  3.5200888237625482e-05  0.0000000000000000e+00  0
2.6799999999998999e+01  6.7690139429518921e-04  0.0000000000000000e+00  1  1.0976776109789621e+00  2.7378042299925603e-01  2.9259621124110471e-02  nan  1  5  5  3.5202712415989455e-05  0.0000000000000000e+00  0
2.6999999999998899e+01  5.9345282852322188e-04  0.0000000000000000e+00  1  1.0984556849666394e+00  2.7728770326283347e-01  2.9480446325675841e-02  nan  1  5  5  3.5635788223890455e-05  0.0000000000000000e+00  0
2.7199999999998902e+01  5.0742017420402790e-04  0.0000000000000000e+00  1  1.0992280726950350e+00  2.7930704644489318e-01  2.9701474898052870e-02  nan  1  5  5  3.5976029082133351e-05  0.0000000000000000e+00  0
2.7399999999998801e+01  4.1878982271563301e-04  0.0000000000000000e+00  1  1.0999975757445746e+00  2.8196407694760334e-01  2.9922549628982695e-02  nan  1  5  5  3.6081694825730144e-05  0.0000000000000000e+00  0
2.7599999999998801e+01  3.2753454485712918e-04  0.0000000000000000e+00  1  1.1007648732635900e+00  2.8483366989053033e-01  3.0143481862501171e-02  nan  1  5  5  3.6308728139470443e-05  0.0000000000000000e+00  0
2.7799999999998800e+01  2.3362221826927571e-04  0.0000000000000000e+00  1  1.1015292776695911e+00  2.8706557551280687e-01  3.0364067399333693e-02  nan  1  5  5  3.6498665863070541e-05  0.0000000000000000e+00  0
2.7999999999998700e+01  1.3702945195093657e-04  0.0000000000000000e+00  1  1.1022900138830425e+00  2.8982888723562544e-01  3.0584104373665690e-02  nan  1  5  5  3.7183028323380214e-05  0.0000000000000000e+00  0
2.8199999999998699e+01  3.7754137124051837e-05  0.0000000000000000e+00  1  1.1030470799488861e+00  2.9237963651822724e-01  3.0808803633703110e-02  nan  1  5  5  3.8349542779174588e-05  0.0000000000000000e+00  0
2.8399999999998599e+01  0.0000000000000000e+00  0.0000000000000000e+00  1  1.1038012883821069e+00  2.9439897970028694e-01  3.1041153275247927e-02  nan  1  5  5  3.9495946040661717e-05  0.0000000000000000e+00  0
2.8599999999998602e+01  0.0000000000000000e+00  0.0000000000000000e+00  1  1.1045537350967283e+00  2.9609947922202146e-01  3.1273122499502232e-02  nan  1  5  5  4.0413691188088536e-05  0.0000000000000000e+00  0
2.8799999999998601e+01  0.0000000000000000e+00  0.0000000000000000e+00  1  1.1053052264481684e+00  2.9779997874375597e-01  3.1504562846619288e-02  nan  1  5  5  4.0885312460079775e-05  0.0000000000000000e+00  0
2.8999999999998501e+01  0.0000000000000000e+00  0.0000000000000000e+00  1  1.1060576202487025e+00  2.9907535338505686e-01  3.1735377696014561e-02  nan  1  5  5  4.1346829597433542e-05  0.0000000000000000e+00  0
2.9199999999998500e+01  0.0000000000000000e+00  0.0000000000000000e+00  1  1.1068096515685022e+00  3.0237007120841747e-01  3.1965533721501439e-02  nan  1  5  5  4.2356982222841709e-05  0.0000000000000000e+00  0
2.9399999999998400e+01  0.0000000000000000e+00  0.0000000000000000e+00  1  1.1075615526421394e+00  3.0577107025188649e-01  3.2195064782327310e-02  nan  1  5  5  4.3543324095205628e-05  0.0000000000000000e+00  0
2.9599999999998399e+01  0.0000000000000000e+00  0.0000000000000000e+00  1  1.1083125424837554e+00  3.0747156977362100e-01  3.2424069859962518e-02  nan  1  5  5  4.4685407376964400e-05  0.0000000000000000e+00  0
2.9799999999998398e+01  0.0000000000000000e+00  0.0000000000000000e+00  1  1.1090613209026845e+00  3.0970347539589754e-01  3.2652709219634507e-02  nan  1  5  5  4.5095801737143052e-05  0.0000000000000000e+00  0
2.9999999999998298e+01  0.0000000000000000e+00  0.0000000000000000e+00  1  1.1098071412605992e+00  3.1087256881709002e-01  3.2881197267183054e-02  nan  1  5  5  4.5559461612356719e-05  0.0000000000000000e+00  0
3.0199999999998301e+01  0.0000000000000000e+00  0.0000000000000000e+00  1  1.1105491091539563e+00  3.1363588053990860e-01  3.3109781840375788e-02  nan  1  5  5  4.6587235871641602e-05  0.0000000000000000e+00  0
3.0399999999998201e+01  0.0000000000000000e+00  0.0000000000000000e+00  1  1.1112863412830325e+00  3.1650547348283559e-01  3.3338706394005574e-02  nan  1  5  5  4.7449776631713738e-05  0.0000000000000000e+00  0
3.0599999999998200e+01  0.0000000000000000e+00  0.0000000000000000e+00  1  1.1120208945111762e+00  3.1788712934424485e-01  3.3568176507641018e-02  nan  1  5  5  4.8026065547925442e-05  0.0000000000000000e+00  0
3.0799999999998199e+01  0.0000000000000000e+00  0.0000000000000000e+00  1  1.1127542473012071e+00  3.2096928472738867e-01  3.3798361118143772e-02  nan  1  5  5  4.8637785646879695e-05  0.0000000000000000e+00  0
3.0999999999998099e+01  0.0000000000000000e+00  0.0000000000000000e+00  1  1.1134811718717619e+00  3.2245722180890635e-01  3.4041287167711036e-02  nan  1  5  5  4.9287569460909015e-05  0.0000000000000000e+00  0
3.1199999999998099e+01  0.0000000000000000e+00  0.0000000000000000e+00  1  1.1142011761534505e+00  3.2575193963226695e-01  3.4285795381532952e-02  nan  1  5  5  4.9972672089240234e-05  0.0000000000000000e+00  0
3.1399999999997998e+01  0.0000000000000000e+00  0.0000000000000000e+00  1  1.1149139765891602e+00  3.2840897013497716e-01  3.4531565696659258e-02  nan  1  5  5  5.0686237720954021e-05  0.0000000000000000e+00  0
3.1599999999998001e+01  0.0000000000000000e+00  0.0000000000000000e+00  1  1.1156196383323906e+00  3.3106600063768732e-01  3.4778571874577648e-02  nan  1  5  5  5.1424878836552259e-05  0.0000000000000000e+00  0
3.1799999999998001e+01  0.0000000000000000e+00  0.0000000000000000e+00  1  1.1163186149772584e+00  3.3266021893931341e-01  3.5026550405650850e-02  nan  1  5  5  5.2189612970165421e-05  0.0000000000000000e+00  0
3.1999999999997900e+01  0.0000000000000000e+00  0.0000000000000000e+00  1  1.1170116135362769e+00  3.3457328090126476e-01  3.5275171468895271e-02  nan  1  5  5  5.2986780965481226e-05  0.0000000000000000e+00  0
3.2199999999997999e+01  0.0000000000000000e+00  0.0000000000000000e+00  1  1.1176993593096518e+00  3.3627378042299927e-01  3.5524225626641190e-02  nan  1  5  5  5.3823423535292229e-05  0.0000000000000000e+00  0
3.2399999999998101e+01  0.0000000000000000e+00  0.0000000000000000e+00  1  1.1183824018288824e+00  3.3776171750451695e-01  3.5773660013537080e-02  nan  1  5  5  5.4700456396800393e-05  0.0000000000000000e+00  0
3.2599999999998197e+01  0.0000000000000000e+00  0.0000000000000000e+00  1  1.1190610463992696e+00  3.3850568604527581e-01  3.6023462651561894e-02  nan  1  5  5  5.5611248000425128e-05  0.0000000000000000e+00  0
3.2799999999998299e+01  0.0000000000000000e+00  0.0000000000000000e+00  1  1.1197353997089101e+00  3.4137527898820280e-01  3.6273541896498840e-02  nan  1  5  5  5.6547937458110216e-05  0.0000000000000000e+00  0
3.2999999999998401e+01  0.0000000000000000e+00  0.0000000000000000e+00  1  1.1204054579916047e+00  3.4339462217026251e-01  3.6523718210216383e-02  nan  1  5  5  5.7734503235514390e-05  0.0000000000000000e+00  0
3.3199999999998496e+01  0.0000000000000000e+00  0.0000000000000000e+00  1  1.1210711599805456e+00  3.4562652779253905e-01  3.6773805003445487e-02  nan  1  5  5  5.9060295017548558e-05  0.0000000000000000e+00  0
3.3399999999998599e+01  0.0000000000000000e+00  0.0000000000000000e+00  1  1.1217323777761423e+00  3.4626421511318950e-01  3.7028411012511711e-02  nan  1  5  5  6.0430583113100336e-05  0.0000000000000000e+00  0
3.3599999999998701e+01  0.0000000000000000e+00  0.0000000000000000e+00  1  1.1223888988153679e+00  3.4881496439579124e-01  3.7292997045928450e-02  nan  1  5  5  6.1852598620742592e-05  0.0000000000000000e+00  0
3.3799999999998803e+01  0.0000000000000000e+00  0.0000000000000000e+00  1  1.1230404695612000e+00  3.5147199489850145e-01  3.7563883624750209e-02  nan  1  5  5  6.3347699275459208e-05  0.0000000000000000e+00  0
3.3999999999998899e+01  0.0000000000000000e+00  0.0000000000000000e+00  1  1.1236868787571030e+00  3.5370390052077799e-01  3.7834751221148939e-02  nan  1  5  5  6.4938864383150797e-05  0.0000000000000000e+00  0
3.4199999999999001e+01  0.0000000000000000e+00  0.0000000000000000e+00  1  1.1243279727085445e+00  3.5699861834413860e-01  3.8105697414086162e-02  nan  1  5  5  6.6638513676367753e-05  0.0000000000000000e+00  0
3.4399999999999103e+01  0.0000000000000000e+00  0.0000000000000000e+00  1  1.1249635683799777e+00  3.5976193006695717e-01  3.8376956615016077e-02  nan  1  5  5  6.8446421636859665e-05  0.0000000000000000e+00  0
3.4599999999999199e+01  0.0000000000000000e+00  0.0000000000000000e+00  1  1.1255933937792146e+00  3.6220639812945055e-01  3.8648874068528009e-02  nan  1  5  5  7.0357809381382274e-05  0.0000000000000000e+00  0
3.4799999999999400e+01  0.0000000000000000e+00  0.0000000000000000e+00  1  1.1262171971057970e+00  3.6401317887129342e-01  3.8921848946116180e-02  nan  1  5  5  7.2231362758815059e-05  0.0000000000000000e+00  0
3.4999999999999503e+01  0.0000000000000000e+00  0.0000000000000000e+00  1  1.1268349602183578e+00  3.6603252205335318e-01  3.9196255263767132e-02  nan  1  5  5  7.1602790492813361e-05  0.0000000000000000e+00  0
3.5199999999999598e+01  0.0000000000000000e+00  0.0000000000000000e+00  1  1.1274469771715740e+00  3.6752045913487086e-01  3.9472365116952152e-02  nan  1  5  5  7.3288724030428162e-05  0.0000000000000000e+00  0
3.5399999999999700e+01  0.0000000000000000e+00  0.0000000000000000e+00  1  1.1280536609414320e+00  3.7007120841747265e-01  3.9750314932278111e-02  nan  1  5  5  7.5464708394401686e-05  0.0000000000000000e+00  0
3.5599999999999802e+01  0.0000000000000000e+00  0.0000000000000000e+00  1  1.1286552245781134e+00  3.7092145817833988e-01  4.0030144508190618e-02  nan  1  5  5  7.7751383188917752e-05  0.0000000000000000e+00  0
3.5799999999999898e+01  0.0000000000000000e+00  0.0000000000000000e+00  1  1.1292515245104215e+00  3.7283452014029123e-01  4.0311888408909959e-02  nan  1  5  5  7.9577820387015808e-05  0.0000000000000000e+00  0
3.6000000000000000e+01  0.0000000000000000e+00  0.0000000000000000e+00  1  1.1298422025323449e+00  3.7410989478159207e-01  4.0595643997103970e-02  nan  1  5  5  8.0058898036185208e-05  0.0000000000000000e+00  0
3.6200000000000102e+01  0.0000000000000000e+00  0.0000000000000000e+00  1  1.1304269900680444e+00  3.7772345626527792e-01  4.0895620112980202e-02  nan  1  5  5  8.0468904562841788e-05  0.0000000000000000e+00  0
3.6400000000000198e+01  0.0000000000000000e+00  0.0000000000000000e+00  1  1.1310059082665407e+00  3.7953023700712085e-01  4.1201584112257592e-02  nan  1  5  5  8.0813848194551867e-05  0.0000000000000000e+00  0
3.6600000000000300e+01  0.0000000000000000e+00  0.0000000000000000e+00  1  1.1315792026025180e+00  3.8091189286853011e-01  4.1510016841212166e-02  nan  1  5  5  8.1099285285755134e-05  0.0000000000000000e+00  0
3.6800000000000402e+01  0.0000000000000000e+00  0.0000000000000000e+00  1  1.1321470777370912e+00  3.8197470506961417e-01  4.1820480218823196e-02  nan  1  5  5  8.3162106392849311e-05  0.0000000000000000e+00  0
3.7000000000000497e+01  0.0000000000000000e+00  0.0000000000000000e+00  1  1.1327094598515617e+00  3.8335636093102349e-01  4.2132475450420495e-02  nan  1  5  5  8.6681564150819246e-05  0.0000000000000000e+00  0
3.7200000000000600e+01  0.0000000000000000e+00  0.0000000000000000e+00  1  1.1332659826823637e+00  3.8410032947178235e-01  4.2445636904108762e-02  nan  1  5  5  8.7541015479979583e-05  0.0000000000000000e+00  0
3.7400000000000702e+01  0.0000000000000000e+00  0.0000000000000000e+00  1  1.1338161912111919e+00  3.8601339143373364e-01  4.2759838910994184e-02  nan  1  5  5  8.8084004105274449e-05  0.0000000000000000e+00  0
3.7600000000000797e+01  0.0000000000000000e+00  0.0000000000000000e+00  1  1.1343597561685910e+00  3.8845785949622702e-01  4.3075154992141436e-02  nan  1  5  5  8.8573958942809837e-05  0.0000000000000000e+00  0
3.7800000000000900e+01  0.0000000000000000e+00  0.0000000000000000e+00  1  1.1348964846754461e+00  3.9047720267828673e-01  4.3391701062245519e-02  nan  1  5  5  8.9146701792792909e-05  0.0000000000000000e+00  0
3.8000000000001002e+01  0.0000000000000000e+00  0.0000000000000000e+00  1  1.1354261176823228e+00  3.9302795196088852e-01  4.3709471596833797e-02  nan  1  5  5  9.1689400602227737e-05  0.0000000000000000e+00  0
3.8200000000001097e+01  0.0000000000000000e+00  0.0000000000000000e+00  1  1.1359481302401984e+00  3.9525985758316506e-01  4.4031402973570499e-02  nan  1  5  5  9.5582841375655529e-05  0.0000000000000000e+00  0
3.8400000000001199e+01  0.0000000000000000e+00  0.0000000000000000e+00  1  1.1364617712943339e+00  3.9791688808587522e-01  4.4363324767388065e-02  nan  1  5  5  9.9696021617814000e-05  0.0000000000000000e+00  0
3.8600000000001302e+01  0.0000000000000000e+00  0.0000000000000000e+00  1  1.1369663649253903e+00  3.9993623126793498e-01  4.4702487222322076e-02  nan  1  5  5  1.0405428705370355e-04  0.0000000000000000e+00  0
3.8800000000001397e+01  0.0000000000000000e+00  0.0000000000000000e+00  1  1.1374696191393756e+00  4.0174301200977786e-01  4.5051822167860661e-02  nan  1  5  5  1.0240262555951008e-04  0.0000000000000000e+00  0
3.9000000000001499e+01  0.0000000000000000e+00  0.0000000000000000e+00  1  1.1379762645611375e+00  4.0386863641194604e-01  4.5403069455751052e-02  nan  1  5  5  1.0165116401097141e-04  0.0000000000000000e+00  0
3.9200000000001602e+01  0.0000000000000000e+00  0.0000000000000000e+00  1  1.1384747499729486e+00  4.0493144861303010e-01  4.5756918409599570e-02  nan  1  5  5  1.0353453682447696e-04  0.0000000000000000e+00  0
3.9400000000001697e+01  0.0000000000000000e+00  0.0000000000000000e+00  1  1.1389656052349446e+00  4.0652566691465619e-01  4.6114043878134378e-02  nan  1  5  5  1.0832690144721210e-04  0.0000000000000000e+00  0
3.9600000000001799e+01  0.0000000000000000e+00  0.0000000000000000e+00  1  1.1394490280999745e+00  4.0822616643639070e-01  4.6474936208804746e-02  nan  1  5  5  1.1339543329809401e-04  0.0000000000000000e+00  0
3.9800000000001901e+01  0.0000000000000000e+00  0.0000000000000000e+00  1  1.1399248209978763e+00  4.0875757253693273e-01  4.6839843142915977e-02  nan  1  5  5  1.1470155377833920e-04  0.0000000000000000e+00  0
4.0000000000001997e+01  0.0000000000000000e+00  0.0000000000000000e+00  1  1.1403925218650084e+00  4.1109575937931769e-01  4.7208834544569325e-02  nan  1  5  5  1.1376947457938928e-04  0.0000000000000000e+00  0
4.0200000000002099e+01  0.0000000000000000e+00  0.0000000000000000e+00  1  1.1408515742343543e+00  4.1226485280051017e-01  4.7581902790851692e-02  nan  1  5  5  1.1795659358232853e-04  0.0000000000000000e+00  0
4.0400000000002201e+01  0.0000000000000000e+00  0.0000000000000000e+00  1  1.1413014415184994e+00  4.1449675842278672e-01  4.7958996109842937e-02  nan  1  5  5  1.1242012274967030e-04  0.0000000000000000e+00  0
4.0600000000002296e+01  0.0000000000000000e+00  0.0000000000000000e+00  1  1.1417417008141166e+00  4.1640982038473801e-01  4.8339964929890691e-02  nan  1  5  5  1.1892888723376782e-04  0.0000000000000000e+00  0
4.0800000000002399e+01  0.0000000000000000e+00  0.0000000000000000e+00  1  1.1421721780678662e+00  4.1726007014560529e-01  4.8724500539374285e-02  nan  1  5  5  1.2375500676917558e-04  0.0000000000000000e+00  0
4.1000000000002501e+01  0.0000000000000000e+00  0.0000000000000000e+00  1  1.1425930673286733e+00  4.1959825698799025e-01  4.9112162166477874e-02  nan  1  5  5  1.3079151750979061e-04  0.0000000000000000e+00  0
4.1200000000002603e+01  0.0000000000000000e+00  0.0000000000000000e+00  1  1.1430055991151884e+00  4.2225528749070040e-01  4.9511656521033010e-02  nan  1  5  5  1.3200058241049804e-04  0.0000000000000000e+00  0
4.1400000000002699e+01  0.0000000000000000e+00  0.0000000000000000e+00  1  1.1434253246159898e+00  4.2565628653416943e-01  4.9930229307578677e-02  nan  1  5  5  1.2989501117067120e-04  0.0000000000000000e+00  0
4.1600000000002801e+01  0.0000000000000000e+00  0.0000000000000000e+00  1  1.1438365011795197e+00  4.2767562971622913e-01  5.0352337872166766e-02  nan  1  5  5  1.2758751876741317e-04  0.0000000000000000e+00  0
4.1800000000002903e+01  0.0000000000000000e+00  0.0000000000000000e+00  1  1.1442386745545727e+00  4.2905728557763845e-01  5.0777982860364911e-02  nan  1  5  5  1.3110205222722183e-04  0.0000000000000000e+00  0
4.2000000000002998e+01  0.0000000000000000e+00  0.0000000000000000e+00  1  1.1446312892534476e+00  4.3097034753958974e-01  5.1207007753522001e-02  nan  1  5  5  1.4087040524379910e-04  0.0000000000000000e+00  0
4.2200000000003101e+01  0.0000000000000000e+00  0.0000000000000000e+00  1  1.1450141092935260e+00  4.3213944096078222e-01  5.1639037232242696e-02  nan  1  5  5  1.4704430445823966e-04  0.0000000000000000e+00  0
4.2400000000003203e+01  0.0000000000000000e+00  0.0000000000000000e+00  1  1.1453874520915335e+00  4.3405250292273356e-01  5.2073602215388787e-02  nan  1  5  5  1.4310957267636476e-04  0.0000000000000000e+00  0
4.2600000000003298e+01  0.0000000000000000e+00  0.0000000000000000e+00  1  1.1457520475349863e+00  4.3532787756403446e-01  5.2510388494359787e-02  nan  1  5  5  1.4387653494540674e-04  0.0000000000000000e+00  0
4.2800000000003401e+01  0.0000000000000000e+00  0.0000000000000000e+00  1  1.1461086092248676e+00  4.3660325220533530e-01  5.2949454099480750e-02  nan  1  5  5  1.4623361702424583e-04  0.0000000000000000e+00  0
4.3000000000003503e+01  0.0000000000000000e+00  0.0000000000000000e+00  1  1.1464841409803568e+00  4.3883515782761184e-01  5.3391281817261139e-02  nan  1  5  5  1.5566335866892055e-04  0.0000000000000000e+00  0
4.3200000000003598e+01  0.0000000000000000e+00  0.0000000000000000e+00  1  1.1468527236560475e+00  4.4159846955043042e-01  5.3851228285933639e-02  nan  1  5  5  1.6644894510182509e-04  0.0000000000000000e+00  0
4.3400000000003800e+01  0.0000000000000000e+00  0.0000000000000000e+00  1  1.1472125794440931e+00  4.4446806249335741e-01  5.4318571907338575e-02  nan  1  5  5  1.6518127235750496e-04  0.0000000000000000e+00  0
4.3600000000003902e+01  0.0000000000000000e+00  0.0000000000000000e+00  1  1.1475633089932868e+00  4.4648740567541717e-01  5.4795146729531917e-02  nan  1  5  5  1.6190627735556646e-04  0.0000000000000000e+00  0
4.3800000000003998e+01  0.0000000000000000e+00  0.0000000000000000e+00  1  1.1479047191585154e+00  4.4850674885747688e-01  5.5295853118822173e-02  nan  1  5  5  1.6500078368295008e-04  0.0000000000000000e+00  0
4.4000000000004100e+01  0.0000000000000000e+00  0.0000000000000000e+00  1  1.1482367376472824e+00  4.5031352959931981e-01  5.5802526645836889e-02  nan  1  5  5  1.7678153609544615e-04  0.0000000000000000e+00  0
4.4200000000004202e+01  0.0000000000000000e+00  0.0000000000000000e+00  1  1.1485593063821515e+00  4.5105749814007867e-01  5.6315363920430052e-02  nan  1  5  5  1.8322637602527329e-04  0.0000000000000000e+00  0
4.4400000000004297e+01  0.0000000000000000e+00  0.0000000000000000e+00  1  1.1488723323231784e+00  4.5307684132213838e-01  5.6834540477483868e-02  nan  1  5  5  1.8220353090521769e-04  0.0000000000000000e+00  0
4.4600000000004400e+01  0.0000000000000000e+00  0.0000000000000000e+00  1  1.1491757059266878e+00  4.5456477840365606e-01  5.7360191118706202e-02  nan  1  5  5  1.7966668055778611e-04  0.0000000000000000e+00  0
4.4800000000004502e+01  0.0000000000000000e+00  0.0000000000000000e+00  1  1.1494693508397775e+00  4.5637155914549898e-01  5.7892385986745974e-02  nan  1  5  5  1.8660509070453837e-04  0.0000000000000000e+00  0
4.5000000000004597e+01  0.0000000000000000e+00  0.0000000000000000e+00  1  1.1497532660755956e+00  4.5764693378679988e-01  5.8431114830319389e-02  nan  1  5  5  2.0066717664971709e-04  0.0000000000000000e+00  0
4.5200000000004700e+01  0.0000000000000000e+00  0.0000000000000000e+00  1  1.1500275408312655e+00  4.5924115208842597e-01  5.8976268785492780e-02  nan  1  5  5  2.1070621832927015e-04  0.0000000000000000e+00  0
4.5400000000004802e+01  0.0000000000000000e+00  0.0000000000000000e+00  1  1.1502923313116074e+00  4.6104793283026890e-01  5.9527611875750681e-02  nan  1  5  5  2.0676376172145709e-04  0.0000000000000000e+00  0
4.5600000000004897e+01  0.0000000000000000e+00  0.0000000000000000e+00  1  1.1505477873225780e+00  4.6253586991178658e-01  6.0084761573292796e-02  nan  1  5  5  2.0323150123535908e-04  0.0000000000000000e+00  0
4.5800000000004999e+01  0.0000000000000000e+00  0.0000000000000000e+00  1  1.1507939317041274e+00  4.6370496333297906e-01  6.0647216708931161e-02  nan  1  5  5  2.2295607124317289e-04  0.0000000000000000e+00  0
4.6000000000005102e+01  0.0000000000000000e+00  0.0000000000000000e+00  1  1.1510615804398268e+00  4.6498033797427996e-01  6.1214452730426999e-02  nan  1  5  5  2.2843673257953739e-04  0.0000000000000000e+00  0
4.6200000000005197e+01  0.0000000000000000e+00  0.0000000000000000e+00  1  1.1513256181447007e+00  4.6583058773514718e-01  6.1814472123876398e-02  nan  1  5  5  2.2263016817413697e-04  0.0000000000000000e+00  0
4.6400000000005299e+01  0.0000000000000000e+00  0.0000000000000000e+00  1  1.1515792211935030e+00  4.6668083749601447e-01  6.2431766052817972e-02  nan  1  5  5  2.3062225523250333e-04  0.0000000000000000e+00  0
4.6600000000005402e+01  0.0000000000000000e+00  0.0000000000000000e+00  1  1.1518221916618363e+00  4.6774364969709853e-01  6.3054839602054227e-02  nan  1  5  5  2.3815365467945158e-04  0.0000000000000000e+00  0
4.6800000000005497e+01  0.0000000000000000e+00  0.0000000000000000e+00  1  1.1520548760678802e+00  4.6912530555850779e-01  6.3683913301512324e-02  nan  1  5  5  2.4426615408899740e-04  0.0000000000000000e+00  0
4.7000000000005599e+01  0.0000000000000000e+00  0.0000000000000000e+00  1  1.1522781580379937e+00  4.6965671165904982e-01  6.4319243723689218e-02  nan  1  5  5  2.4719513120738726e-04  0.0000000000000000e+00  0
4.7200000000005701e+01  0.0000000000000000e+00  0.0000000000000000e+00  1  1.1524950116580015e+00  4.7029439897970027e-01  6.4961026641082401e-02  nan  1  5  5  2.5704690755284069e-04  0.0000000000000000e+00  0
4.7400000000005797e+01  0.0000000000000000e+00  0.0000000000000000e+00  1  1.1527279517288929e+00  4.7146349240089275e-01  6.5609481098895750e-02  nan  1  5  5  2.7741790098128818e-04  0.0000000000000000e+00  0
4.7600000000005899e+01  0.0000000000000000e+00  0.0000000000000000e+00  1  1.1529538879547052e+00  4.7263258582208523e-01  6.6264990394309359e-02  nan  1  5  5  2.7668615877374366e-04  0.0000000000000000e+00  0
4.7800000000006001e+01  0.0000000000000000e+00  0.0000000000000000e+00  1  1.1531731719877114e+00  4.7528961632479538e-01  6.6930338706440773e-02  nan  1  5  5  2.8445758162375941e-04  0.0000000000000000e+00  0
4.8000000000006096e+01  0.0000000000000000e+00  0.0000000000000000e+00  1  1.1533860527394293e+00  4.7656499096609628e-01  6.7628707766967860e-02  nan  1  5  5  3.0812476781070998e-04  0.0000000000000000e+00  0
4.8200000000006199e+01  0.0000000000000000e+00  0.0000000000000000e+00  1  1.1535927864041109e+00  4.7837177170793921e-01  6.8336895688056065e-02  nan  1  5  5  2.8987600111339123e-04  0.0000000000000000e+00  0
4.8400000000006301e+01  0.0000000000000000e+00  0.0000000000000000e+00  1  1.1537936208395965e+00  4.7975342756934852e-01  6.9055337128043015e-02  nan  1  5  5  3.0401690242505254e-04  0.0000000000000000e+00  0
4.8600000000006403e+01  0.0000000000000000e+00  0.0000000000000000e+00  1  1.1540007148474660e+00  4.8124136465086620e-01  6.9810330034230678e-02  nan  1  5  5  3.1169606246537107e-04  0.0000000000000000e+00  0
4.8800000000006499e+01  0.0000000000000000e+00  0.0000000000000000e+00  1  1.1542292604062803e+00  4.8283558295249229e-01  7.0589175990497063e-02  nan  1  5  5  2.9701273430376437e-04  0.0000000000000000e+00  0
4.9000000000006601e+01  0.0000000000000000e+00  0.0000000000000000e+00  1  1.1544508364016943e+00  4.8389839515357636e-01  7.1379305519748693e-02  nan  1  5  5  3.0470492011467135e-04  0.0000000000000000e+00  0
4.9200000000006703e+01  0.0000000000000000e+00  0.0000000000000000e+00  1  1.1546651573816851e+00  4.8634286321606973e-01  7.2180541446306798e-02  nan  1  5  5  3.2631570016583669e-04  0.0000000000000000e+00  0
4.9400000000006798e+01  0.0000000000000000e+00  0.0000000000000000e+00  1  1.1548719903051974e+00  4.8846848761823786e-01  7.2992907913922100e-02  nan  1  5  5  3.4596734173611936e-04  0.0000000000000000e+00  0
4.9600000000006901e+01  0.0000000000000000e+00  0.0000000000000000e+00  1  1.1550709902658616e+00  4.8995642469975553e-01  7.3816801952056629e-02  nan  1  5  5  3.5664732776578557e-04  0.0000000000000000e+00  0
4.9800000000007003e+01  0.0000000000000000e+00  0.0000000000000000e+00  1  1.1552616458390339e+00  4.9101923690083960e-01  7.4652085612867458e-02  nan  1  5  5  3.6312012079216043e-04  0.0000000000000000e+00  0
5.0000000000007098e+01  0.0000000000000000e+00  0.0000000000000000e+00  1  1.1554435202930702e+00  4.9218833032203207e-01  7.5498481721240657e-02  nan  1  5  5  3.9031540678624517e-04  0.0000000000000000e+00  0
5.0200000000007201e+01  0.0000000000000000e+00  0.0000000000000000e+00  1  1.1556167033690907e+00  4.9325114252311619e-01  7.6355528542846982e-02  nan  1  5  5  3.7020840562542189e-04  0.0000000000000000e+00  0
5.0400000000007303e+01  0.0000000000000000e+00  0.0000000000000000e+00  1  1.1557821147737717e+00  4.9495164204485065e-01  7.7222673631370128e-02  nan  1  5  5  3.9281325390243060e-04  0.0000000000000000e+00  0
5.0600000000007398e+01  0.0000000000000000e+00  0.0000000000000000e+00  1  1.1559413108316925e+00  4.9612073546604313e-01  7.8099442845921047e-02  nan  1  5  5  3.7775411874618200e-04  0.0000000000000000e+00  0
5.0800000000007500e+01  0.0000000000000000e+00  0.0000000000000000e+00  1  1.1560958024367682e+00  4.9888404718886170e-01  7.8985561097513576e-02  nan  1  5  5  4.0060989618457524e-04  0.0000000000000000e+00  0
5.1000000000007603e+01  0.0000000000000000e+00  0.0000000000000000e+00  1  1.1562463225705097e+00  5.0111595281113830e-01  7.9934786950182468e-02  nan  1  5  5  4.1819909072918465e-04  0.0000000000000000e+00  0
5.1200000000007698e+01  0.0000000000000000e+00  0.0000000000000000e+00  1  1.1563925872025891e+00  5.0228504623233072e-01  8.0908828708730660e-02  nan  1  5  5  4.3727521680550616e-04  0.0000000000000000e+00  0
5.1400000000007800e+01  0.0000000000000000e+00  0.0000000000000000e+00  1  1.1565420908246846e+00  5.0356042087363162e-01  8.1895553184946970e-02  nan  1  5  5  4.4710852415820527e-04  0.0000000000000000e+00  0
5.1600000000007903e+01  0.0000000000000000e+00  0.0000000000000000e+00  1  1.1567186991884484e+00  5.0472951429482416e-01  8.2895100475806158e-02  nan  1  5  5  4.9169141715167772e-04  0.0000000000000000e+00  0
5.1800000000007998e+01  0.0000000000000000e+00  0.0000000000000000e+00  1  1.1568923627123462e+00  5.0547348283558291e-01  8.3907166991127852e-02  nan  1  5  5  4.6943636321140588e-04  0.0000000000000000e+00  0
5.2000000000008100e+01  0.0000000000000000e+00  0.0000000000000000e+00  1  1.1570611395585848e+00  5.0664257625677545e-01  8.4931637679147937e-02  nan  1  5  5  4.8044277298747636e-04  0.0000000000000000e+00  0
5.2200000000008302e+01  0.0000000000000000e+00  0.0000000000000000e+00  1  1.1572260055981540e+00  5.0728026357742584e-01  8.5968509961494868e-02  nan  1  5  5  5.4023101925518584e-04  0.0000000000000000e+00  0
5.2400000000008397e+01  0.0000000000000000e+00  0.0000000000000000e+00  1  1.1573900523227609e+00  5.0791795089807634e-01  8.7033443186912626e-02  nan  1  5  5  5.5428000409461949e-04  0.0000000000000000e+00  0
5.2600000000008500e+01  0.0000000000000000e+00  0.0000000000000000e+00  1  1.1575718320417396e+00  5.0866191943883521e-01  8.8143822270941252e-02  nan  1  5  5  6.0025468885699634e-04  0.0000000000000000e+00  0
5.2800000000008602e+01  0.0000000000000000e+00  0.0000000000000000e+00  1  1.1577506040472194e+00  5.0929960675948560e-01  8.9270455598063167e-02  nan  1  5  5  5.8066356062803264e-04  0.0000000000000000e+00  0
5.3000000000008697e+01  0.0000000000000000e+00  0.0000000000000000e+00  1  1.1579260115691443e+00  5.0983101286002763e-01  9.0414394892392586e-02  nan  1  5  5  5.8079072094612341e-04  0.0000000000000000e+00  0
5.3200000000008799e+01  0.0000000000000000e+00  0.0000000000000000e+00  1  1.1580975086233181e+00  5.1057498140078650e-01  9.1609114946578821e-02  nan  1  5  5  5.9297864818261899e-04  0.0000000000000000e+00  0
5.3400000000008902e+01  0.0000000000000000e+00  0.0000000000000000e+00  1  1.1582648501013084e+00  5.1142523116165373e-01  9.2863958676221242e-02  nan  1  5  5  5.9182456016563688e-04  0.0000000000000000e+00  0
5.3600000000008997e+01  0.0000000000000000e+00  0.0000000000000000e+00  1  1.1584284541007195e+00  5.1291316824317146e-01  9.4141584072755954e-02  nan  1  5  5  6.1559153637542636e-04  0.0000000000000000e+00  0
5.3800000000009099e+01  0.0000000000000000e+00  0.0000000000000000e+00  1  1.1585891302213813e+00  5.1482623020512275e-01  9.5442838818771289e-02  nan  1  5  5  6.8072894884881171e-04  0.0000000000000000e+00  0
5.4000000000009202e+01  0.0000000000000000e+00  0.0000000000000000e+00  1  1.1587568793411067e+00  5.1578276118609845e-01  9.6768441046861428e-02  nan  1  5  5  7.5331510280198704e-04  0.0000000000000000e+00  0
5.4200000000009297e+01  0.0000000000000000e+00  0.0000000000000000e+00  1  1.1589498700375156e+00  5.1705813582739935e-01  9.8119334047124473e-02  nan  1  5  5  8.0332409909911000e-04  0.0000000000000000e+00  0
5.4400000000009399e+01  0.0000000000000000e+00  0.0000000000000000e+00  1  1.1591404890535311e+00  5.1822722924859177e-01  9.9495975366952843e-02  nan  1  5  5  7.6548135506700795e-04  0.0000000000000000e+00  0
5.4600000000009501e+01  0.0000000000000000e+00  0.0000000000000000e+00  1  1.1593285409373826e+00  5.1939632266978419e-01  1.0089846652080436e-01  nan  1  5  5  7.6046896793170097e-04  0.0000000000000000e+00  0
5.4800000000009597e+01  0.0000000000000000e+00  0.0000000000000000e+00  1  1.1595146763135209e+00  5.2099054097141040e-01  1.0232734346716213e-01  nan  1  5  5  8.0339571133378987e-04  0.0000000000000000e+00  0
5.5000000000009699e+01  0.0000000000000000e+00  0.0000000000000000e+00  1  1.1597002504637068e+00  5.2311616537357852e-01  1.0378350245626158e-01  nan  1  5  5  7.3030482242002551e-04  0.0000000000000000e+00  0
5.5200000000009801e+01  0.0000000000000000e+00  0.0000000000000000e+00  1  1.1598862435766510e+00  5.2513550855563818e-01  1.0526854356287552e-01  nan  1  5  5  8.2775939834101411e-04  0.0000000000000000e+00  0
5.5400000000009904e+01  0.0000000000000000e+00  0.0000000000000000e+00  1  1.1600723481674111e+00  5.2683600807737274e-01  1.0678517753919951e-01  nan  1  5  5  9.3344031392608837e-04  0.0000000000000000e+00  0
5.5600000000009999e+01  0.0000000000000000e+00  0.0000000000000000e+00  1  1.1602571783251043e+00  5.2864278881921567e-01  1.0841342992849436e-01  nan  1  5  5  1.0052182623540638e-03  0.0000000000000000e+00  0
5.5800000000010101e+01  0.0000000000000000e+00  0.0000000000000000e+00  1  1.1604393726221636e+00  5.3034328834095013e-01  1.1009013580531408e-01  nan  1  5  5  1.0018968842771027e-03  0.0000000000000000e+00  0
5.6000000000010203e+01  0.0000000000000000e+00  0.0000000000000000e+00  1  1.1606184641565280e+00  5.3204378786268469e-01  1.1181318472007964e-01  nan  1  5  5  1.0633961193177305e-03  0.0000000000000000e+00  0
5.6200000000010299e+01  0.0000000000000000e+00  0.0000000000000000e+00  1  1.1607947377397894e+00  5.3342544372409395e-01  1.1359690216264511e-01  nan  1  5  5  1.0460663268224439e-03  0.0000000000000000e+00  0
5.6400000000010401e+01  0.0000000000000000e+00  0.0000000000000000e+00  1  1.1609724712159257e+00  5.3523222446593688e-01  1.1544312016893356e-01  nan  1  5  5  1.0780948810173040e-03  0.0000000000000000e+00  0
5.6600000000010503e+01  0.0000000000000000e+00  0.0000000000000000e+00  1  1.1611917919963226e+00  5.3672016154745461e-01  1.1735674200002622e-01  nan  1  5  5  1.0974570873568598e-03  0.0000000000000000e+00  0
5.6800000000010598e+01  0.0000000000000000e+00  0.0000000000000000e+00  1  1.1614091631287371e+00  5.3820809862897223e-01  1.1934429481091251e-01  nan  1  5  5  1.2280885613890351e-03  0.0000000000000000e+00  0
5.7000000000010701e+01  0.0000000000000000e+00  0.0000000000000000e+00  1  1.1616264406005354e+00  5.3927091083005629e-01  1.2141174770594436e-01  nan  1  5  5  1.1727144804573389e-03  0.0000000000000000e+00  0
5.7200000000010803e+01  0.0000000000000000e+00  0.0000000000000000e+00  1  1.1618559351787827e+00  5.4033372303114036e-01  1.2357120586816743e-01  nan  1  5  5  1.3156265046596997e-03  0.0000000000000000e+00  0
5.7400000000010898e+01  0.0000000000000000e+00  0.0000000000000000e+00  1  1.1621028223434147e+00  5.4118397279200769e-01  1.2583948116922006e-01  nan  1  5  5  1.5739106430365220e-03  0.0000000000000000e+00  0
5.7600000000011001e+01  0.0000000000000000e+00  0.0000000000000000e+00  1  1.1623498511284107e+00  5.4352215963439265e-01  1.2820762394277321e-01  nan  1  5  5  1.5137170911835092e-03  0.0000000000000000e+00  0
5.7800000000011103e+01  0.0000000000000000e+00  0.0000000000000000e+00  1  1.1625961966532992e+00  5.4522265915612711e-01  1.3069577028146759e-01  nan  1  5  5  1.4428420286118535e-03  0.0000000000000000e+00  0
5.8000000000011198e+01  0.0000000000000000e+00  0.0000000000000000e+00  1  1.1628426187256649e+00  5.4671059623764484e-01  1.3329331117647558e-01  nan  1  5  5  1.4991126299863540e-03  0.0000000000000000e+00  0
5.8200000000011300e+01  0.0000000000000000e+00  0.0000000000000000e+00  1  1.1630912010118573e+00  5.4798597087894574e-01  1.3599649556079152e-01  nan  1  5  5  1.7826455990547262e-03  0.0000000000000000e+00  0
5.8400000000011403e+01  0.0000000000000000e+00  0.0000000000000000e+00  1  1.1633438025048881e+00  5.4958018918057183e-01  1.3881136213383513e-01  nan  1  5  5  2.0416934481655002e-03  0.0000000000000000e+00  0
5.8600000000011498e+01  0.0000000000000000e+00  0.0000000000000000e+00  1  1.1636158168954869e+00  5.5159953236263148e-01  1.4178551214705365e-01  nan  1  5  5  1.7493388828280973e-03  0.0000000000000000e+00  0
5.8800000000011600e+01  0.0000000000000000e+00  0.0000000000000000e+00  1  1.1639239108004629e+00  5.5383143798490808e-01  1.4486723712854419e-01  nan  1  5  5  1.8929355692212325e-03  0.0000000000000000e+00  0
5.9000000000011703e+01  0.0000000000000000e+00  0.0000000000000000e+00  1  1.1642326496209392e+00  5.5627590604740140e-01  1.4807135376833702e-01  nan  1  5  5  1.8773047192818157e-03  0.0000000000000000e+00  0
5.9200000000011798e+01  0.0000000000000000e+00  0.0000000000000000e+00  1  1.1645415891778310e+00  5.5808268678924433e-01  1.5141778705656006e-01  nan  1  5  5  2.1291747045602580e-03  0.0000000000000000e+00  0
5.9400000000011900e+01  0.0000000000000000e+00  0.0000000000000000e+00  1  1.1648515392781269e+00  5.5978318631097890e-01  1.5486063141950421e-01  nan  1  5  5  2.3305910973101525e-03  0.0000000000000000e+00  0
5.9600000000012002e+01  0.0000000000000000e+00  0.0000000000000000e+00  1  1.1651640504794318e+00  5.6127112339249652e-01  1.5839089149600408e-01  nan  1  5  5  2.6709014374260657e-03  0.0000000000000000e+00  0
5.9800000000012098e+01  0.0000000000000000e+00  0.0000000000000000e+00  1  1.1654804818960842e+00  5.6392815389520667e-01  1.6200156654798631e-01  nan  1  5  5  2.8737749466158486e-03  0.0000000000000000e+00  0
6.0000000000012200e+01  0.0000000000000000e+00  0.0000000000000000e+00  1  1.1658010736316295e+00  5.6679774683813366e-01  1.6568658637023370e-01  nan  1  5  5  2.8009177096292516e-03  0.0000000000000000e+00  0
