# time  P_total  P_z_beam  beam_ratio  beaming_gain  wavezone_std
0.0000000000000000e+00  1.3531932173533347e-10  7.1512613852223231e-11  6.9348224344530496e-01  3.7739289737812198e+00  1.2698509879164659e+00
4.0000000000000002e-01  1.0903179308126371e-10  8.3309427047008293e-11  7.5486975701146541e-01  4.0194790280458612e+00  1.2308792305998013e+00
8.0000000000000004e-01  1.0650515117795793e-10  7.7459027214840309e-11  7.4481117412787867e-01  3.9792446965115147e+00  1.2266629692924436e+00
1.2000000000000000e+00  9.8594010135995983e-11  7.1635905460154506e-11  7.4522958768765690e-01  3.9809183507506276e+00  1.2129284383217855e+00
1.6000000000000001e+00  9.9936719235844281e-11  7.2619324975027361e-11  7.4449830603072775e-01  3.9779932241229110e+00  1.2159374999251666e+00
2.0000000000000000e+00  1.0834136984189796e-10  7.8734527915853306e-11  7.4605335941838313e-01  3.9842134376735325e+00  1.2315143044814547e+00
2.3999999999999901e+00  1.0616701772412468e-10  7.6956855797474669e-11  7.4348284178280666e-01  3.9739313671312266e+00  1.2329121682551161e+00
2.7999999999999798e+00  8.5376396395825563e-11  5.5186907400801936e-11  7.2294168755381083e-01  3.8917667502152433e+00  1.1868669869530386e+00
3.1999999999999802e+00  8.1243115916074292e-11  6.1143492370396274e-11  7.5240311919419989e-01  4.0096124767768000e+00  1.1753458068629679e+00
3.5999999999999699e+00  1.1702195503462001e-10  8.8620188494781281e-11  7.5316389729037614e-01  4.0126555891615041e+00  1.2509143470539790e+00
3.9999999999999600e+00  1.1687087977202075e-10  7.9443711239320802e-11  7.3217160945191440e-01  3.9286864378076576e+00  1.2511831082911287e+00
4.3999999999999497e+00  8.3491463400246680e-11  5.6130729012081159e-11  7.3061167766053958e-01  3.9224467106421583e+00  1.1918947940193887e+00
4.7999999999999403e+00  8.0864182740194561e-11  5.5618551214578594e-11  7.3419176217331239e-01  3.9367670486932496e+00  1.1857436981937592e+00
5.1999999999999300e+00  9.3364889103006694e-11  6.6418664910863586e-11  7.4123980197657646e-01  3.9649592079063058e+00  1.2105175282003009e+00
5.5999999999999304e+00  1.0709423581593249e-10  7.7351440009960315e-11  7.4396384012714345e-01  3.9758553605085738e+00  1.2429839392409545e+00
5.9999999999999201e+00  1.0812829592536264e-10  7.6416277060720856e-11  7.3686887917091881e-01  3.9474755166836752e+00  1.2469951628053562e+00
6.3999999999999098e+00  9.9272685566922775e-11  6.8812221563757491e-11  7.4056942759630773e-01  3.9622777103852309e+00  1.2260273041004608e+00
6.7999999999999003e+00  6.5602094308905293e-11  4.5362261850612131e-11  7.3607438531549496e-01  3.9442975412619798e+00  1.1610062655346405e+00
7.1999999999998900e+00  3.5076074489161713e-11  2.2522316213960281e-11  7.0672190049925643e-01  3.8268876019970257e+00  1.0474280849872359e+00
7.5999999999998797e+00  4.1468187073991442e-11  2.4657296998137831e-11  7.1289137171810568e-01  3.8515654868724227e+00  1.0012258595490318e+00
7.9999999999998703e+00  5.1316449688916451e-11  3.2518479834336593e-11  7.2831770348998659e-01  3.9132708139599464e+00  1.0193208047579010e+00
8.3999999999998707e+00  5.8004426818747948e-11  3.8808514555266992e-11  6.8902641280327748e-01  3.7561056512131099e+00  1.1756182318011665e+00
8.7999999999998604e+00  6.5553183670499878e-11  4.5757604465515166e-11  6.5192361723405479e-01  3.6076944689362191e+00  1.2902606339491396e+00
9.1999999999998501e+00  4.6331848923038202e-11  3.1529047189940384e-11  7.2660775268155997e-01  3.9064310107262399e+00  9.3535336488859788e-01
9.5999999999998398e+00  3.4425552924575238e-11  1.8204285921232031e-11  6.9491589320551927e-01  3.7796635728220771e+00  8.7971735079092050e-01
9.9999999999998295e+00  4.3455076216602011e-11  2.2675770773125704e-11  6.3839666974912179e-01  3.5535866789964872e+00  1.1694446896549584e+00
1.0399999999999800e+01  2.8313532750318079e-11  1.4778367463708027e-11  6.4348550944993721e-01  3.5739420377997488e+00  1.0299518211716823e+00
1.0799999999999800e+01  3.4757799364854596e-11  2.0752309583114182e-11  6.9742390511446906e-01  3.7896956204578762e+00  9.4485398300855084e-01
1.1199999999999800e+01  1.4199736081930430e-10  9.5393584657627684e-11  7.1794739475398051e-01  3.8717895790159220e+00  1.1460437610196808e+00
1.1599999999999801e+01  4.0441079331804411e-10  2.8152385634614947e-10  7.0415779658449784e-01  3.8166311863379914e+00  1.3783190405965720e+00
1.1999999999999799e+01  7.3013508748527930e-10  5.1950068426060813e-10  6.9046914174422613e-01  3.7618765669769045e+00  1.5555113252036086e+00
1.2399999999999800e+01  1.0465679276416931e-09  7.5577257635964500e-10  6.8562291726970237e-01  3.7424916690788095e+00  1.5179220404617022e+00
1.2799999999999800e+01  1.4504189468920135e-09  1.0546945307104629e-09  6.8168454331559358e-01  3.7267381732623743e+00  1.5908433919098373e+00
1.3199999999999800e+01  1.9733404208867260e-09  1.4356368078836306e-09  6.9704748581460474e-01  3.7881899432584190e+00  1.5566760445647401e+00
1.3599999999999801e+01  2.4787852443675122e-09  1.8018461832159443e-09  6.6250570860954094e-01  3.6500228344381638e+00  1.6079677979377986e+00
1.3999999999999700e+01  3.0594339792164614e-09  2.2258811835700764e-09  6.7868639159863486e-01  3.7147455663945395e+00  1.5650197675970243e+00
1.4399999999999700e+01  3.9116520419706898e-09  2.8540197639119491e-09  6.7163739877491790e-01  3.6865495950996716e+00  1.5358351203283440e+00
1.4799999999999701e+01  4.8994304219404864e-09  3.5818994788802745e-09  6.4994919950724728e-01  3.5997967980289891e+00  1.6033348961639851e+00
1.5199999999999701e+01  5.8505605754468362e-09  4.2784294653575518e-09  7.1654963513200376e-01  3.8661985405280150e+00  1.4834600391524970e+00
1.5599999999999699e+01  6.7240188103475958e-09  4.9181828865847097e-09  6.9851258544000228e-01  3.7940503417600091e+00  1.4363867235440302e+00
1.5999999999999700e+01  7.5303998440195548e-09  5.5054847853296757e-09  6.9472871103490996e-01  3.7789148441396399e+00  1.5222883356247554e+00
1.6399999999999800e+01  8.6425371099057456e-09  6.3102296770050245e-09  6.7438272311344027e-01  3.6975308924537611e+00  1.6381087187644603e+00
1.6799999999999802e+01  1.0396416994868992e-08  7.5931745874605871e-09  6.9089345104640065e-01  3.7635738041856026e+00  1.5976827935390241e+00
1.7199999999999900e+01  1.2563912346385107e-08  9.1921262409484391e-09  6.7310795405153079e-01  3.6924318162061232e+00  1.5417645823617723e+00
1.7600000000000001e+01  1.4721922036238782e-08  1.0771181257965417e-08  6.2533951360534590e-01  3.5013580544213836e+00  1.5268617580188208e+00
1.8000000000000000e+01  1.7040951085295144e-08  1.2452273591778864e-08  5.9695490575147425e-01  3.3878196230058970e+00  1.5096237047696310e+00
1.8400000000000102e+01  1.9830385487803283e-08  1.4498919580062721e-08  5.9478444567866129e-01  3.3791377827146452e+00  1.4956806019020512e+00
1.8800000000000100e+01  2.2927076171127418e-08  1.6786170725971015e-08  6.8603902976678477e-01  3.7441561190671391e+00  1.4189986572613791e+00
1.9200000000000198e+01  2.6400736243486669e-08  1.9326852031485076e-08  6.3108062575651014e-01  3.5243225030260406e+00  1.3620176581689056e+00
1.9600000000000300e+01  3.0802006180106583e-08  2.2532219342224022e-08  6.3757998240229452e-01  3.5503199296091781e+00  1.3168066820110049e+00
2.0000000000000298e+01  3.6204663166828579e-08  2.6491863635197418e-08  6.3901859615479051e-01  3.5560743846191620e+00  1.2516244738678604e+00
2.0400000000000400e+01  4.2027547338931957e-08  3.0771084560589815e-08  7.0153757812373652e-01  3.8061503124949461e+00  1.2287309353153733e+00
2.0800000000000502e+01  4.7951125347121183e-08  3.5109740805340250e-08  6.4936030692161095e-01  3.5974412276864438e+00  1.2013062998576327e+00
2.1200000000000500e+01  5.4008405041241303e-08  3.9540953618787027e-08  7.0524115045225921e-01  3.8209646018090369e+00  1.1738109271900719e+00
2.1600000000000598e+01  6.0094217849917202e-08  4.3990659732978261e-08  6.7708120688704776e-01  3.7083248275481910e+00  1.1909858462989342e+00
2.2000000000000600e+01  6.6265883077513763e-08  4.8492250989364250e-08  6.8263300963951612e-01  3.7305320385580645e+00  1.1725240707512790e+00
2.2400000000000698e+01  7.2818484458576351e-08  5.3268210575497774e-08  6.9332735568411374e-01  3.7733094227364550e+00  1.1519103541710871e+00
2.2800000000000800e+01  7.9759486764508852e-08  5.8336690848443894e-08  6.4136147522914322e-01  3.5654459009165729e+00  1.1261372983594031e+00
2.3200000000000799e+01  8.6655079796483278e-08  6.3362311634582630e-08  6.8926864335313076e-01  3.7570745734125230e+00  1.1068317538492600e+00
2.3600000000000900e+01  9.3411810215964260e-08  6.8250481546880698e-08  6.7228982267961701e-01  3.6891592907184680e+00  1.1066816416192011e+00
2.4000000000000998e+01  1.0066478918377726e-07  7.3482523669603977e-08  6.1730485987190553e-01  3.4692194394876221e+00  1.1177424768083597e+00
2.4400000000001000e+01  1.0925008951347143e-07  7.9699842564464306e-08  6.7804307328696767e-01  3.7121722931478707e+00  1.1095125723262564e+00
2.4800000000001098e+01  1.1976746658796899e-07  8.7350592174766854e-08  6.9983559866451739e-01  3.7993423946580696e+00  1.0956231674725785e+00
2.5200000000001101e+01  1.3226619991657783e-07  9.6461424603067906e-08  6.2724661594391973e-01  3.5089864637756789e+00  1.0886704825362061e+00
2.5600000000001199e+01  1.4606166727005222e-07  1.0651353260847406e-07  7.2649359870849728e-01  3.9059743948339891e+00  1.0587700607345749e+00
2.6000000000001300e+01  1.6026268303242397e-07  1.1683392295312616e-07  7.3564128162915221e-01  3.9425651265166088e+00  1.0471572880658522e+00
2.6400000000001299e+01  1.7474836543390980e-07  1.2733051041823656e-07  7.1885340477161064e-01  3.8754136190864426e+00  1.0344841749019700e+00
2.6800000000001400e+01  1.9019127130339525e-07  1.3851727263299064e-07  7.3558365528511682e-01  3.9423346211404673e+00  9.9999400199207289e-01
2.7200000000001499e+01  2.0713913401970987e-07  1.5081138690645891e-07  7.2795722687888609e-01  3.9118289075155444e+00  9.8614830701019063e-01
2.7600000000001501e+01  2.2564815728782362e-07  1.6424833714195415e-07  7.2563141784470331e-01  3.9025256713788132e+00  9.5158706646750901e-01
2.8000000000001599e+01  2.4553278443388616e-07  1.7867844866293197e-07  7.2761346262759274e-01  3.9104538505103710e+00  9.2241374247858532e-01
2.8400000000001601e+01  2.6667176477380985e-07  1.9400817897156607e-07  7.2419055285304346e-01  3.8967622114121738e+00  8.9438108461368870e-01
2.8800000000001699e+01  2.8900940896157376e-07  2.1019114128858496e-07  7.2778425967896732e-01  3.9111370387158693e+00  8.7535579780400352e-01
2.9200000000001801e+01  3.1262791518890875e-07  2.2728153753959074e-07  6.4945934811402517e-01  3.5978373924561007e+00  8.7653190921541635e-01
2.9600000000001799e+01  3.3767570376723722e-07  2.4538808894797514e-07  7.0808761300057532e-01  3.8323504520023013e+00  8.6204100649707605e-01
3.0000000000001901e+01  3.6413188542141549e-07  2.6449308754586544e-07  6.7601886919622767e-01  3.7040754767849107e+00  8.5629470695500776e-01
3.0400000000001999e+01  3.9184511027301635e-07  2.8448137997994977e-07  7.3791302156903282e-01  3.9516520862761313e+00  8.4319321481373233e-01
3.0800000000002001e+01  4.2058472747347926e-07  3.0518578320252372e-07  7.3400864770879926e-01  3.9360345908351970e+00  8.2670094319782672e-01
3.1200000000002099e+01  4.5002179335071160e-07  3.2636832634074795e-07  7.3454192488512415e-01  3.9381676995404966e+00  8.1755546487175368e-01
3.1600000000002101e+01  4.7996389126673793e-07  3.4787748178388948e-07  7.3183841355095303e-01  3.9273536542038121e+00  8.1551402985641552e-01
3.2000000000002203e+01  5.1080384606190225e-07  3.6998798782777380e-07  7.2963841696502074e-01  3.9185536678600830e+00  8.1761888672541849e-01
3.2400000000002102e+01  5.4348393967431884e-07  3.9339663063044744e-07  7.3081742818390927e-01  3.9232697127356371e+00  8.1661685704089526e-01
3.2800000000002001e+01  5.7884058336180653e-07  4.1873514167946517e-07  7.3057834750577499e-01  3.9223133900231000e+00  8.0797473420925292e-01
3.3200000000001999e+01  6.1709289416519222e-07  4.4617260745501319e-07  7.3876544538351374e-01  3.9550617815340550e+00  7.9454538057356872e-01
3.3600000000001899e+01  6.5795383596303657e-07  4.7548456468026349e-07  7.4099007584078158e-01  3.9639603033631263e+00  7.7790773016487835e-01
3.4000000000001798e+01  7.0107112074688147e-07  5.0639007382580018e-07  7.3995774072391818e-01  3.9598309628956727e+00  7.6313919258748086e-01
3.4400000000001697e+01  7.4635321660831437e-07  5.3880684427852612e-07  7.3626329841981386e-01  3.9450531936792554e+00  7.5109043289641297e-01
3.4800000000001603e+01  7.9394956261416976e-07  5.7284388958276556e-07  7.3364236131205207e-01  3.9345694452482083e+00  7.3682514137741795e-01
3.5200000000001602e+01  8.4400793127345057e-07  6.0861929261156634e-07  7.3639185970542376e-01  3.9455674388216950e+00  7.1755216226798646e-01
3.5600000000001501e+01  8.9654140519291850e-07  6.4614508496101659e-07  7.3927001430524242e-01  3.9570800572209697e+00  6.9459354783111871e-01
3.6000000000001400e+01  9.5146042261133949e-07  6.8534606900842635e-07  7.4012174869335423e-01  3.9604869947734169e+00  6.7224763584222325e-01
3.6400000000001299e+01  1.0087485555711524e-06  7.2619738948040065e-07  7.3992423056633372e-01  3.9596969222653349e+00  6.5294749513439276e-01
3.6800000000001198e+01  1.0685270858450167e-06  7.6877765479353900e-07  7.3956322964961863e-01  3.9582529185984745e+00  6.3753204192274238e-01
3.7200000000001197e+01  1.1309606930756370e-06  8.1319916665162133e-07  7.3926089396052952e-01  3.9570435758421181e+00  6.2672354611766434e-01
3.7600000000001103e+01  1.1962493162040469e-06  8.5960351583208804e-07  7.3896920504046326e-01  3.9558768201618530e+00  6.1919155997988407e-01
3.8000000000001002e+01  1.2645924594160990e-06  9.0813768846130818e-07  7.3887726636240347e-01  3.9555090654496139e+00  6.1178831281277535e-01
3.8400000000000901e+01  1.3360028836531443e-06  9.5880833093995307e-07  7.3909069385828741e-01  3.9563627754331496e+00  6.0311252724907949e-01
3.8800000000000800e+01  1.4101859676023684e-06  1.0113827295829074e-06  7.3937576674418914e-01  3.9575030669767566e+00  5.9511703673387772e-01
3.9200000000000799e+01  1.4867186720475847e-06  1.0655238168946701e-06  7.3943980002449983e-01  3.9577592000979993e+00  5.9037839251105950e-01
3.9600000000000698e+01  1.5654198232485905e-06  1.1210793162200531e-06  7.3919666405907769e-01  3.9567866562363108e+00  5.8899050306886747e-01
4.0000000000000597e+01  1.6465257665369279e-06  1.1782220434777188e-06  7.3877228619368540e-01  3.9550891447747416e+00  5.8843796041365659e-01
4.0400000000000503e+01  1.7305133060753673e-06  1.2373132513911921e-06  7.3837180067027286e-01  3.9534872026810914e+00  5.8573251014249761e-01
4.0800000000000502e+01  1.8177857143924169e-06  1.2986571976796084e-06  7.3812189992259647e-01  3.9524875996903859e+00  5.7953120673593372e-01
4.1200000000000401e+01  1.9084736243667734e-06  1.3623447373014095e-06  7.3800674287962598e-01  3.9520269715185039e+00  5.7068973667740297e-01
4.1600000000000300e+01  2.0024606815770237e-06  1.4282711476703275e-06  7.3793066269362018e-01  3.9517226507744807e+00  5.6120757425556411e-01
4.2000000000000199e+01  2.0996003371048072e-06  1.4963028328559082e-06  7.3780871348893917e-01  3.9512348539557567e+00  5.5269007086863642e-01
4.2400000000000098e+01  2.1999395535383400e-06  1.5664521797010333e-06  7.3761245658349761e-01  3.9504498263339904e+00  5.4550705309800529e-01
4.2800000000000097e+01  2.3037511292544571e-06  1.6389057070674754e-06  7.3736819788019736e-01  3.9494727915207894e+00  5.3900145303904123e-01
4.3200000000000003e+01  2.4113742923614385e-06  1.7139020766285045e-06  7.3712374824091165e-01  3.9484949929636466e+00  5.3230967024376874e-01
4.3599999999999902e+01  2.5230283497511484e-06  1.7915881010620469e-06  7.3690726433015219e-01  3.9476290573206088e+00  5.2509126794562588e-01
4.3999999999999801e+01  2.6387138560204890e-06  1.8719446427714716e-06  7.3670841629847972e-01  3.9468336651939189e+00  5.1770535056810263e-01
4.4399999999999700e+01  2.7582026091665768e-06  1.9547835982545409e-06  7.3649599045030922e-01  3.9459839618012369e+00  5.1085909093702386e-01
4.4799999999999699e+01  2.8811029861920349e-06  2.0398006763640262e-06  7.3625259921780273e-01  3.9450103968712109e+00  5.0510518104182967e-01
4.5199999999999598e+01  3.0069914129187677e-06  2.1266724347131239e-06  7.3599320211307684e-01  3.9439728084523074e+00  5.0056265684368073e-01
4.5599999999999497e+01  3.1355414712978266e-06  2.2151473151993238e-06  7.3575200839963928e-01  3.9430080335985571e+00  4.9699316716223529e-01
4.5999999999999403e+01  3.2665721599404125e-06  2.3050763636938988e-06  7.3554912061616973e-01  3.9421964824646789e+00  4.9411094142394912e-01
4.6399999999999302e+01  3.4000424316384396e-06  2.3964053109209197e-06  7.3536486966201142e-01  3.9414594786480457e+00  4.9186694123127611e-01
4.6799999999999301e+01  3.5360754797637637e-06  2.4891902876799644e-06  7.3514827984530928e-01  3.9405931193812371e+00  4.9047074277611141e-01
4.7199999999999200e+01  3.6750031790831619e-06  2.5836336793044283e-06  7.3485848496727368e-01  3.9394339398690947e+00  4.9011066039321766e-01
4.7599999999999099e+01  3.8173374326228209e-06  2.6800720705999273e-06  7.3450189800766497e-01  3.9380075920306599e+00  4.9059549657580076e-01
4.7999999999998998e+01  3.9636267929047805e-06  2.7788777147749772e-06  7.3412772576149565e-01  3.9365109030459826e+00  4.9125080746808447e-01
4.8399999999998897e+01  4.1142473894681477e-06  2.8803030370027932e-06  7.3378557234833419e-01  3.9351422893933368e+00  4.9122695246937487e-01
4.8799999999998903e+01  4.2692044524002690e-06  2.9843283718008451e-06  7.3348584878201151e-01  3.9339433951280460e+00  4.9001577499861060e-01
4.9199999999998802e+01  4.4280250880499150e-06  3.0905793291908340e-06  7.3319732441031404e-01  3.9327892976412562e+00  4.8774599077463643e-01
4.9599999999998701e+01  4.5898331324576366e-06  3.1983821469835577e-06  7.3287713097575824e-01  3.9315085239030330e+00  4.8501348961143009e-01
4.9999999999998600e+01  4.7536277305851974e-06  3.3069710179031278e-06  7.3250271225858887e-01  3.9300108490343555e+00  4.8243563258053096e-01
5.0399999999998499e+01  4.9186308547689358e-06  3.4157451975002963e-06  7.3208182451243853e-01  3.9283272980497541e+00  4.8031551856793847e-01
5.0799999999998498e+01  5.0845041909097104e-06  3.5244259540464521e-06  7.3163858198521969e-01  3.9265543279408788e+00  4.7861445880440162e-01
5.1199999999998397e+01  5.2513589878103393e-06  3.6330578152942262e-06  7.3119162365991963e-01  3.9247664946396785e+00  4.7714379149349911e-01
5.1599999999998303e+01  5.4196337439491087e-06  3.7419141645148887e-06  7.3074314423680786e-01  3.9229725769472314e+00  4.7576054718647209e-01
5.1999999999998202e+01  5.5899329515768297e-06  3.8513796514384345e-06  7.3028391433836815e-01  3.9211356573534726e+00  4.7442282228979610e-01
5.2399999999998101e+01  5.7628536987153641e-06  3.9618282065859045e-06  7.2980465256875338e-01  3.9192186102750135e+00  4.7312467409811493e-01
5.2799999999998100e+01  5.9387999834653322e-06  4.0734926635521539e-06  7.2930270880723169e-01  3.9172108352289268e+00  4.7183079613754042e-01
5.3199999999997999e+01  6.1178233221376774e-06  4.1863513673292219e-06  7.2878102592958860e-01  3.9151241037183544e+00  4.7049068354746215e-01
5.3599999999997898e+01  6.2995642935759788e-06  4.3000860854091609e-06  7.2824299726592301e-01  3.9129719890636920e+00  4.6910447517394183e-01
5.3999999999997797e+01  6.4833411748150794e-06  4.4141459234878627e-06  7.2768852016875107e-01  3.9107540806750043e+00  4.6776053538412915e-01
5.4399999999997704e+01  6.6683528488059337e-06  4.5278942689759406e-06  7.2711398682907746e-01  3.9084559473163099e+00  4.6660401083709441e-01
5.4799999999997702e+01  6.8539017744578361e-06  4.6407706515163166e-06  7.2651479024902255e-01  3.9060591609960902e+00  4.6576605816214645e-01
5.5199999999997601e+01  7.0395497338664698e-06  4.7524028934572553e-06  7.2588731429095255e-01  3.9035492571638102e+00  4.6531179046965238e-01
5.5599999999997500e+01  7.2251821147620620e-06  4.8626494004192596e-06  7.2522930121160412e-01  3.9009172048464165e+00  4.6523586531648148e-01
5.5999999999997399e+01  7.4110098320633199e-06  4.9715932668870187e-06  7.2453966180852225e-01  3.8981586472340890e+00  4.6549033357341252e-01
5.6399999999997299e+01  7.5975330421603610e-06  5.0795111992281262e-06  7.2381869073047034e-01  3.8952747629218814e+00  4.6601351648584688e-01
5.6799999999997297e+01  7.7854620123964268e-06  5.1868169516211795e-06  7.2306829944962403e-01  3.8922731977984961e+00  4.6674461702951214e-01
5.7199999999997203e+01  7.9755960662037845e-06  5.2939759870368644e-06  7.2229145630878411e-01  3.8891658252351364e+00  4.6763048444620398e-01
5.7599999999997102e+01  8.1686824830233412e-06  5.4014049766642186e-06  7.2149085005985591e-01  3.8859634002394237e+00  4.6863640238285054e-01
5.7999999999997002e+01  8.3652869139215596e-06  5.5093825499803071e-06  7.2066756318939607e-01  3.8826702527575843e+00  4.6976165875757619e-01
5.8399999999997000e+01  8.5657441612714516e-06  5.6180190093365678e-06  7.1982053988424477e-01  3.8792821595369791e+00  4.7104864784413608e-01
5.8799999999996899e+01  8.7702647010224289e-06  5.7273322431973599e-06  7.1894724304580593e-01  3.8757889721832237e+00  4.7257376204405338e-01
5.9199999999996798e+01  8.9791505160284468e-06  5.8373993006308191e-06  7.1804526415181058e-01  3.8721810566072423e+00  4.7441932726202063e-01
5.9599999999996697e+01  9.1929909107712389e-06  5.9484949749944595e-06  7.1711384121353183e-01  3.8684553648541273e+00  4.7664172476857647e-01
5.9999999999996597e+01  9.4127714104129059e-06  6.0611620984512450e-06  7.1615419462040508e-01  3.8646167784816203e+00  4.7925754038866997e-01
6.0399999999996602e+01  9.6399039108751136e-06  6.1762196603079236e-06  7.1516881000445476e-01  3.8606752400178190e+00  4.8225808658935426e-01
6.0799999999996501e+01  9.8763565224233306e-06  6.2948427810309857e-06  7.1416094883813364e-01  3.8566437953525345e+00  4.8564715083339477e-01
6.1199999999996400e+01  1.0124846340865832e-05  6.4186846282123933e-06  7.1313474830559476e-01  3.8525389932223790e+00  4.8947648028248886e-01
6.1599999999996299e+01  1.0388294356317732e-05  6.5494874039653396e-06  7.1209428911907802e-01  3.8483771564763121e+00  4.9383459281787129e-01
6.1999999999996199e+01  1.0669001249677513e-05  6.6885173796248283e-06  7.1104230549771696e-01  3.8441692219908679e+00  4.9880457817376472e-01
6.2399999999996197e+01  1.0969909751947779e-05  6.8374444135063665e-06  7.0998264260095201e-01  3.8399305704038080e+00  5.0447666661507695e-01
6.2799999999996103e+01  1.1296264568009861e-05  6.9994755815803996e-06  7.0892275234229629e-01  3.8356910093691852e+00  5.1097642942194155e-01
6.3199999999996002e+01  1.1652883951282522e-05  7.1774604181768796e-06  7.0786703439620702e-01  3.8314681375848281e+00  5.1838394683799927e-01
6.3599999999995902e+01  1.2040766932476146e-05  7.3715520850170614e-06  7.0680993118593816e-01  3.8272397247437526e+00  5.2665978469210706e-01
6.3999999999995801e+01  1.2460866610776810e-05  7.5818013130320653e-06  7.0574572764334487e-01  3.8229829105733795e+00  5.3576732756892975e-01
6.4399999999995998e+01  1.2920251343503964e-05  7.8123734235559515e-06  7.0468290391451172e-01  3.8187316156580469e+00  5.4582318440298372e-01
6.4799999999996203e+01  1.3429166872451188e-05  8.0695194566103930e-06  7.0363666284370141e-01  3.8145466513748056e+00  5.5699378480699169e-01
6.5199999999996507e+01  1.3992041068988636e-05  8.3554362646543667e-06  7.0260789480443031e-01  3.8104315792177212e+00  5.6927324010567937e-01
6.5599999999996697e+01  1.4607919001015738e-05  8.6685440145799430e-06  7.0158316113778230e-01  3.8063326445511292e+00  5.8252206640438142e-01
6.5999999999996902e+01  1.5280937895340435e-05  9.0105443622052676e-06  7.0055624113965687e-01  3.8022249645586275e+00  5.9670948977037175e-01
6.6399999999997107e+01  1.6023102605863183e-05  9.3882903106873844e-06  6.9953480899941622e-01  3.7981392359976649e+00  6.1193136274937376e-01
6.6799999999997297e+01  1.6845323861820674e-05  9.8077472114330265e-06  6.9852432106557316e-01  3.7940972842622926e+00  6.2819772354772252e-01
6.7199999999997502e+01  1.7751750387061011e-05  1.0270155276355560e-05  6.9751745847063329e-01  3.7900698338825332e+00  6.4536605282158410e-01
6.7599999999997706e+01  1.8743913958239548e-05  1.0774792021386718e-05  6.9650057186200054e-01  3.7860022874480022e+00  6.6326487536289047e-01
6.7999999999997897e+01  1.9826705284509952e-05  1.1322989174973712e-05  6.9546412372983257e-01  3.7818564949193303e+00  6.8175236561692953e-01
6.8399999999998101e+01  2.1007856950632845e-05  1.1917831161292804e-05  6.9440459644757813e-01  3.7776183857903125e+00  7.0066661851944012e-01
6.8799999999998306e+01  2.2291957081496450e-05  1.2560140345440961e-05  6.9331671584701104e-01  3.7732668633880442e+00  7.1984275796515840e-01
6.9199999999998496e+01  2.3677609689612789e-05  1.3246537272674209e-05  6.9218836195083489e-01  3.7687534478033395e+00  7.3918676854074550e-01
6.9599999999998701e+01  2.5160758782514143e-05  1.3971750139338930e-05  6.9100626204422866e-01  3.7640250481769146e+00  7.5860076329172810e-01
6.9999999999998906e+01  2.6737979412118961e-05  1.4730951460927936e-05  6.8976273473426564e-01  3.7590509389370625e+00  7.7782982884242025e-01
7.0399999999999096e+01  2.8404754370062359e-05  1.5518655354455622e-05  6.8845244638100533e-01  3.7538097855240213e+00  7.9653023749537155e-01
7.0799999999999301e+01  3.0150719769660629e-05  1.6325587680323158e-05  6.8706313863710511e-01  3.7482525545484204e+00  8.1448835126737607e-01
7.1199999999999505e+01  3.1958690418645332e-05  1.7138226496767730e-05  6.8557625971514691e-01  3.7423050388605876e+00  8.3162247934144840e-01
7.1599999999999696e+01  3.3808639321141314e-05  1.7941788911842595e-05  6.8397928390996943e-01  3.7359171356398777e+00  8.4776260464887188e-01
7.1999999999999901e+01  3.5679341485512314e-05  1.8721576135985646e-05  6.8227023438518342e-01  3.7290809375407337e+00  8.6257399934235857e-01
7.2400000000000105e+01  3.7546802871257869e-05  1.9462003924229920e-05  6.8044972001941539e-01  3.7217988800776616e+00  8.7576031357539930e-01
7.2800000000000296e+01  3.9384714228000996e-05  2.0146999044159977e-05  6.7851517311096743e-01  3.7140606924438697e+00  8.8725504716843917e-01
7.3200000000000500e+01  4.1167512211084969e-05  2.0762211608172410e-05  6.7646337453468686e-01  3.7058534981387474e+00  8.9713817225591752e-01
7.3600000000000705e+01  4.2874611394657974e-05  2.1297910621091508e-05  6.7429766837000904e-01  3.6971906734800362e+00  9.0541991482495476e-01
7.4000000000000995e+01  4.4492948891659373e-05  2.1750501077335657e-05  6.7203264582182964e-01  3.6881305832873186e+00  9.1201679627091525e-01
7.4400000000001199e+01  4.6016292367655274e-05  2.2121669905145673e-05  6.6969036763397505e-01  3.6787614705359002e+00  9.1696715776593107e-01
7.4800000000001404e+01  4.7445033220657491e-05  2.2417798428112134e-05  6.6729330845341162e-01  3.6691732338136465e+00  9.2055130348993797e-01
7.5200000000001594e+01  4.8787351749238995e-05  2.2650344300843514e-05  6.6486296166940728e-01  3.6594518466776291e+00  9.2306934679421326e-01
7.5600000000001799e+01  5.0059009165225934e-05  2.2835346101303477e-05  6.6242515906432209e-01  3.6497006362572884e+00  9.2457766927535834e-01
7.6000000000002004e+01  5.1281587105340451e-05  2.2991846595771203e-05  6.6001431622209439e-01  3.6400572648883776e+00  9.2502006929697411e-01
7.6400000000002194e+01  5.2480006806665887e-05  2.3139887089488973e-05  6.5766811715264772e-01  3.6306724686105909e+00  9.2457038940852776e-01
7.6800000000002399e+01  5.3680508866769930e-05  2.3299073656574548e-05  6.5541907138708322e-01  3.6216762855483329e+00  9.2363475872651568e-01
7.7200000000002603e+01  5.4910136501384294e-05  2.3488372130623692e-05  6.5329534763208286e-01  3.6131813905283314e+00  9.2250574754729586e-01
7.7600000000002794e+01  5.6196147600912648e-05  2.3725872507267455e-05  6.5132596503161677e-01  3.6053038601264671e+00  9.2120479866095584e-01
7.8000000000002998e+01  5.7564241255151971e-05  2.4027720613331965e-05  6.4953973521482755e-01  3.5981589408593102e+00  9.1972651731430755e-01
7.8400000000003203e+01  5.9037217644921797e-05  2.4407360144252012e-05  6.4796096807342618e-01  3.5918438722937047e+00  9.1829177991482291e-01
7.8800000000003394e+01  6.0635139117231405e-05  2.4875818438246826e-05  6.4660902594156844e-01  3.5864361037662738e+00  9.1723556677821438e-01
7.9200000000003598e+01  6.2376162762962397e-05  2.5442432387700454e-05  6.4549881979648116e-01  3.5819952791859246e+00  9.1670606112410224e-01
7.9600000000003803e+01  6.4276899874762317e-05  2.6115182193233241e-05  6.4463715644303987e-01  3.5785486257721595e+00  9.1662689430126487e-01
8.0000000000003993e+01  6.6352146046272506e-05  2.6900554267697555e-05  6.4401986977915460e-01  3.5760794791166184e+00  9.1697747234229166e-01
8.0400000000004198e+01  6.8615029028984152e-05  2.7803741869851092e-05  6.4363544422855878e-01  3.5745417769142351e+00  9.1794462270477439e-01
8.0800000000004403e+01  7.1078297851537176e-05  2.8829663200020310e-05  6.4346949128413622e-01  3.5738779651365449e+00  9.1968172674906223e-01
8.1200000000004593e+01  7.3755917015623634e-05  2.9984118771722125e-05  6.4350498582958049e-01  3.5740199433183220e+00  9.2204889996564288e-01
8.1600000000004798e+01  7.6663734120172673e-05  3.1274245509596748e-05  6.4372214312392095e-01  3.5748885724956838e+00  9.2477545088828428e-01
8.2000000000005002e+01  7.9819213724117996e-05  3.2708346251915580e-05  6.4409897287990481e-01  3.5763958915196192e+00  9.2782076513655720e-01
8.2400000000005207e+01  8.3241166496898135e-05  3.4295749425122487e-05  6.4461008842720768e-01  3.5784403537088307e+00  9.3138034420360039e-01
8.2800000000005497e+01  8.6949804352114710e-05  3.6046858505838773e-05  6.4522843195442692e-01  3.5809137278177077e+00  9.3554363571854748e-01
8.3200000000005701e+01  9.0966366946493030e-05  3.7972833509732366e-05  6.4593300155365507e-01  3.5837320062146203e+00  9.4013102020623984e-01
8.3600000000005906e+01  9.5311946978498340e-05  4.0084670004775799e-05  6.4671068149868127e-01  3.5868427259947251e+00  9.4490528029054277e-01
8.4000000000006096e+01  1.0000633615646420e-04  4.2392234622991395e-05  6.4754193989651765e-01  3.5901677595860706e+00  9.4978698561216068e-01
8.4400000000006301e+01  1.0506752440939388e-04  4.4903706499705269e-05  6.4838980648500844e-01  3.5935592259400337e+00  9.5477475916578847e-01
8.4800000000006506e+01  1.1051129369095785e-04  4.7625195689570863e-05  6.4921696898731673e-01  3.5968678759492669e+00  9.5974339076517023e-01
8.5200000000006696e+01  1.1635015234913676e-04  5.0560108607457788e-05  6.5001425236424848e-01  3.6000570094569939e+00  9.6441638961958831e-01
8.5600000000006901e+01  1.2259183178574650e-04  5.3708268374509222e-05  6.5080120617296666e-01  3.6032048246918666e+00  9.6851077906314775e-01
8.6000000000007105e+01  1.2923860148756407e-04  5.7065262322601314e-05  6.5159674630595965e-01  3.6063869852238386e+00  9.7184167856515979e-01
8.6400000000007296e+01  1.3628846944257103e-04  6.0622749948309918e-05  6.5240205583416344e-01  3.6096082233366538e+00  9.7429471393603340e-01
8.6800000000007500e+01  1.4373796008613392e-04  6.4369756850416723e-05  6.5321109776575248e-01  3.6128443910630099e+00  9.7576695489346477e-01
8.7200000000007705e+01  1.5158445182059308e-04  6.8293872482894788e-05  6.5401600620175260e-01  3.6160640248070104e+00  9.7617410657142267e-01
8.7600000000007896e+01  1.5982540324190929e-04  7.2381048121256597e-05  6.5479673838819175e-01  3.6191869535527670e+00  9.7549386326561160e-01
8.8000000000008100e+01  1.6845425534965866e-04  7.6613798760977425e-05  6.5552152118658902e-01  3.6220860847463561e+00  9.7377085649211792e-01
8.8400000000008305e+01  1.7745676208372641e-04  8.0969214468574915e-05  6.5616156459746589e-01  3.6246462583898635e+00  9.7107937424483248e-01
8.8800000000008495e+01  1.8681137111909319e-04  8.5418869189047425e-05  6.5669752475125054e-01  3.6267900990050022e+00  9.6749348688315817e-01
8.9200000000008700e+01  1.9649369723397800e-04  8.9930437578606651e-05  6.5711272500862861e-01  3.6284509000345144e+00  9.6308499420323779e-01
8.9600000000008905e+01  2.0647979269998047e-04  9.4469198453736998e-05  6.5738799950401050e-01  3.6295519980160420e+00  9.5792434556359596e-01
9.0000000000009095e+01  2.1674385875301109e-04  9.8997905082964712e-05  6.5750344147026452e-01  3.6300137658810581e+00  9.5206805513460269e-01
