# downsampled to dt=0.5 from the every-step stream
# time L2_Ham L2_Mom min_rho_req max_rho_req integral_neg_rho L2_Ham_rel L2_Mom_rel pump_force_L2 governor pump_fi_L2 L2_Ham_amr L2_Mom_amr L2_Ham_amr_rel L2_Mom_amr_rel Linf_Ham_amr L2_Ham_amr_ref
   0.0100000    2.3828476358e-04    8.8957353298e-05   -8.6838197616e-05    1.7195041872e-04    1.6904162632e-01    6.2702080073e-01    7.8363917239e-02    0.0000000000e+00    9.9999999991e-01    0.0000000000e+00    2.4842737509e-04    9.3296198561e-05    6.2475985127e-01    7.8363857814e-02    1.2417032828e-01    0.0000000000e+00
   0.5100000    2.3827157873e-04    6.4633766980e-05   -1.9997810857e-04    4.8416062419e-04    3.4284543515e-01    5.4743674526e-01    6.8333007045e-02    0.0000000000e+00    9.9999999991e-01    0.0000000000e+00    2.4531751638e-04    6.7643807799e-05    5.4035895963e-01    6.8190074146e-02    1.0571206031e-01    0.0000000000e+00
   1.0100000    2.1103031529e-04    5.6897408677e-05   -1.8719959556e-04    3.4653271484e-04    3.1644836429e-01    5.2030622862e-01    6.6842953803e-02    0.0000000000e+00    9.9999999992e-01    0.0000000000e+00    2.1898588461e-04    5.9280790826e-05    5.1628166313e-01    6.6406193680e-02    8.2032722584e-02    0.0000000000e+00
   1.5100000    1.9473433385e-04    5.4136008626e-05   -2.8138149981e-04    4.6187417731e-04    2.5812871924e-01    4.9672655322e-01    6.6166640365e-02    0.0000000000e+00    9.9999999992e-01    0.0000000000e+00    2.0368274711e-04    5.6392147765e-05    4.9571835408e-01    6.5720939305e-02    6.7394551333e-02    0.0000000000e+00
   2.0100000    1.8002327099e-04    4.9879403149e-05   -2.1679091373e-04    4.1683446422e-04    2.5082980701e-01    4.8454023309e-01    6.2678717392e-02    0.0000000000e+00    9.9999999992e-01    0.0000000000e+00    1.8839548167e-04    5.2029883366e-05    4.8373752750e-01    6.2342221514e-02    4.6532078864e-02    0.0000000000e+00
   2.5100000    1.7292054602e-04    4.4465279859e-05   -2.9322146870e-04    3.4996718864e-04    2.7211109324e-01    4.8957514530e-01    5.7983622969e-02    0.0000000000e+00    9.9999999992e-01    0.0000000000e+00    1.8067184585e-04    4.6467327745e-05    4.8817156878e-01    5.7777368362e-02    3.7312159288e-02    0.0000000000e+00
   3.0100000    1.7025174619e-04    3.9835360873e-05   -4.6165154558e-04    3.5483041359e-04    2.8128534950e-01    4.9358283226e-01    5.3978700777e-02    0.0000000000e+00    9.9999999992e-01    0.0000000000e+00    1.7769418746e-04    4.1692769384e-05    4.9177816142e-01    5.3868831605e-02    3.0502935253e-02    0.0000000000e+00
   3.5100000    1.6945021807e-04    3.6244121842e-05   -5.0742884383e-04    3.0706143227e-04    2.8833272570e-01    4.9741259376e-01    5.2326522679e-02    0.0000000000e+00    9.9999999992e-01    0.0000000000e+00    1.7678016570e-04    3.7953853985e-05    4.9543922223e-01    5.2247049624e-02    2.9448286952e-02    0.0000000000e+00
   4.0100000    1.7006325322e-04    3.3168785024e-05   -4.9721461436e-04    3.2680668779e-04    2.9609436503e-01    5.0360745002e-01    5.4384190614e-02    0.0000000000e+00    9.9999999992e-01    0.0000000000e+00    1.7738222874e-04    3.4735177726e-05    5.0154653738e-01    5.4304259501e-02    2.7916861348e-02    0.0000000000e+00
   4.5100000    1.7130707786e-04    3.1210315661e-05   -4.7131835697e-04    3.0366985502e-04    3.0481496847e-01    5.0497923512e-01    4.1237686598e-02    0.0000000000e+00    9.9999999992e-01    0.0000000000e+00    1.7863318391e-04    3.2693911836e-05    5.0281894864e-01    4.1189094479e-02    2.5733336841e-02    0.0000000000e+00
   5.0100000    1.7325490487e-04    2.9418414444e-05   -4.2786404341e-04    4.0761544879e-04    3.1295563742e-01    5.0654268502e-01    3.2695912158e-02    0.0000000000e+00    9.9999999992e-01    0.0000000000e+00    1.8060132689e-04    3.0830343462e-05    5.0424916787e-01    3.2671638062e-02    2.3335968126e-02    0.0000000000e+00
   5.5100000    1.7515191324e-04    2.8015351992e-05   -3.3648014396e-04    3.3120083937e-04    3.2029192138e-01    5.1542052708e-01    3.1716579745e-02    0.0000000000e+00    9.9999999992e-01    0.0000000000e+00    1.8249854429e-04    2.9370339730e-05    5.1294898114e-01    3.1704239138e-02    2.0824304333e-02    0.0000000000e+00
   6.0100000    1.7704575627e-04    2.6901347107e-05   -2.3950000836e-04    3.3177264482e-04    3.2685925365e-01    5.1929641616e-01    3.1436854987e-02    0.0000000000e+00    9.9999999992e-01    0.0000000000e+00    1.8438779864e-04    2.8207754364e-05    5.1664723952e-01    3.1430516091e-02    1.8483525856e-02    0.0000000000e+00
   6.5100000    1.7869902549e-04    2.6050744673e-05   -2.3020320824e-04    3.3093379461e-04    3.3251226062e-01    5.2082599056e-01    3.0834018749e-02    0.0000000000e+00    9.9999999992e-01    0.0000000000e+00    1.8602793899e-04    2.7317830914e-05    5.1800836030e-01    3.0830036004e-02    1.7133988760e-02    0.0000000000e+00
   7.0100000    1.8008195044e-04    2.5475662535e-05   -2.1384067131e-04    3.3499867002e-04    3.3777511390e-01    5.2498815573e-01    3.0175142767e-02    0.0000000000e+00    9.9999999992e-01    0.0000000000e+00    1.8739149924e-04    2.6715312762e-05    5.2201068389e-01    3.0171845571e-02    1.4978720220e-02    0.0000000000e+00
   7.5100000    1.8115657188e-04    2.5139634064e-05   -2.0005937625e-04    3.3285126667e-04    3.4307598446e-01    5.3189576398e-01    2.9290878903e-02    0.0000000000e+00    9.9999999992e-01    0.0000000000e+00    1.8843834003e-04    2.6362980825e-05    5.2876496206e-01    2.9287728592e-02    1.4747923744e-02    0.0000000000e+00
   8.0100000    1.8188533275e-04    2.4929916484e-05   -2.0959642579e-04    3.3662663572e-04    3.4816643695e-01    5.4445028477e-01    2.8998683034e-02    0.0000000000e+00    9.9999999992e-01    0.0000000000e+00    1.8912710614e-04    2.6143094384e-05    5.4116529410e-01    2.8995602958e-02    1.3872873925e-02    0.0000000000e+00
   8.5100000    1.8240632853e-04    2.4843791996e-05   -2.1923111144e-04    3.5972028918e-04    3.5271586314e-01    5.6120470746e-01    2.9626926820e-02    0.0000000000e+00    9.9999999992e-01    0.0000000000e+00    1.8960223406e-04    2.6052940434e-05    5.5777204630e-01    2.9623962974e-02    1.3856620710e-02    0.0000000000e+00
   9.0100000    1.8256613674e-04    2.5540557424e-05   -2.3698548723e-04    3.7653140360e-04    3.5657404351e-01    5.7542111853e-01    3.0756469977e-02    0.0000000000e+00    9.9999999992e-01    0.0000000000e+00    1.8970026967e-04    2.6783974003e-05    5.7184571625e-01    3.0753801555e-02    1.3923990684e-02    0.0000000000e+00
   9.5100000    1.8292981263e-04    2.5658785110e-05   -2.1875090120e-04    3.7749358005e-04    3.6084861723e-01    5.8812874400e-01    3.0883680905e-02    0.0000000000e+00    9.9999999992e-01    0.0000000000e+00    1.9001880269e-04    2.6908148579e-05    5.8443426964e-01    3.0881219840e-02    1.3896734188e-02    0.0000000000e+00
  10.0100000    1.8372557331e-04    2.6013005326e-05   -2.1771259857e-04    3.7904897685e-04    3.6478479097e-01    6.0218747768e-01    3.1191781337e-02    0.0000000000e+00    9.9999999992e-01    0.0000000000e+00    1.9079960515e-04    2.7279763925e-05    5.9840841937e-01    3.1189463781e-02    1.4044838299e-02    0.0000000000e+00
  10.5100000    1.8485519870e-04    2.6702047340e-05   -2.1559904980e-04    3.7800596349e-04    3.6820436283e-01    6.1810570054e-01    3.1927379162e-02    0.0000000000e+00    9.9999999992e-01    0.0000000000e+00    1.9193876536e-04    2.8002473017e-05    6.1427624876e-01    3.1925134974e-02    1.4424884316e-02    0.0000000000e+00
  11.0100000    1.8621474020e-04    2.7590806570e-05   -2.1292195637e-04    3.6612733268e-04    3.7188018583e-01    6.3502485142e-01    3.2872933270e-02    0.0000000000e+00    9.9999999992e-01    0.0000000000e+00    1.9332602756e-04    2.8934590580e-05    6.3117650954e-01    3.2870707051e-02    1.4574751330e-02    0.0000000000e+00
  11.5100000    1.8776500700e-04    2.8593673512e-05   -2.1105314410e-04    3.5505763317e-04    3.7682714478e-01    6.5062798813e-01    3.3903319233e-02    0.0000000000e+00    9.9999999992e-01    0.0000000000e+00    1.9491956938e-04    2.9986342956e-05    6.4678576186e-01    3.3901070332e-02    1.4685697652e-02    0.0000000000e+00
  12.0100000    1.8960980308e-04    2.9635254991e-05   -2.0699486140e-04    3.4732694494e-04    3.8342987966e-01    6.6170445242e-01    3.4943276342e-02    0.0000000000e+00    9.9999999992e-01    0.0000000000e+00    1.9682901238e-04    3.1078673243e-05    6.5788378128e-01    3.4940978725e-02    1.4862895163e-02    0.0000000000e+00
  12.5100000    1.9191295378e-04    3.1253177886e-05   -2.0525109916e-04    3.4407385540e-04    3.9169375689e-01    6.6579059946e-01    3.6645395476e-02    0.0000000000e+00    9.9999999992e-01    0.0000000000e+00    1.9922754479e-04    3.2775482872e-05    6.6199747922e-01    3.6643079914e-02    1.4942048707e-02    0.0000000000e+00
  13.0100000    1.9469698249e-04    3.2778941831e-05   -2.0588502402e-04    3.5050716756e-04    4.0255517254e-01    6.6168794558e-01    3.8186324886e-02    0.0000000000e+00    9.9999999992e-01    0.0000000000e+00    2.0213856671e-04    3.4375627962e-05    6.5792018148e-01    3.8183982067e-02    1.5156850443e-02    0.0000000000e+00
  13.5100000    1.9796502584e-04    3.3913953266e-05   -2.0454927297e-04    3.5660588568e-04    4.1596102105e-01    6.5273098356e-01    3.9230031041e-02    0.0000000000e+00    9.9999999992e-01    0.0000000000e+00    2.0556487058e-04    3.5565936221e-05    6.4899799498e-01    3.9227634934e-02    1.5413166148e-02    0.0000000000e+00
  14.0100000    2.0188927141e-04    3.4993614052e-05   -2.0035731915e-04    3.6804092974e-04    4.3089123388e-01    6.4302948766e-01    4.0260624429e-02    0.0000000000e+00    9.9999999992e-01    0.0000000000e+00    2.0968822942e-04    3.6698195257e-05    6.3935949422e-01    4.0258173140e-02    1.5571680848e-02    0.0000000000e+00
  14.5100000    2.0651869843e-04    3.5998260695e-05   -1.9657817897e-04    3.7977227605e-04    4.4626861009e-01    6.3555369434e-01    4.1302295546e-02    0.0000000000e+00    9.9999999992e-01    0.0000000000e+00    2.1455973549e-04    3.7751781989e-05    6.3197965211e-01    4.1299783884e-02    1.5787309292e-02    0.0000000000e+00
  15.0100000    2.1168765818e-04    3.7083162125e-05   -1.9597802954e-04    3.8408186857e-04    4.6155809935e-01    6.2928280233e-01    4.2471910945e-02    0.0000000000e+00    9.9999999992e-01    0.0000000000e+00    2.2000319213e-04    3.8889547910e-05    6.2582408358e-01    4.2469347638e-02    1.6192710820e-02    0.0000000000e+00
  15.5100000    2.1729375458e-04    3.8251431401e-05   -1.9502484051e-04    3.7881347280e-04    4.7670456244e-01    6.2372390991e-01    4.3771718430e-02    0.0000000000e+00    9.9999999992e-01    0.0000000000e+00    2.2590952437e-04    4.0114757272e-05    6.2039171792e-01    4.3769111532e-02    1.6160584552e-02    0.0000000000e+00
  16.0100000    2.2321300172e-04    3.9323473884e-05   -1.9271037715e-04    3.7307698598e-04    4.9099222512e-01    6.2169287541e-01    4.4992317703e-02    0.0000000000e+00    9.9999999991e-01    0.0000000000e+00    2.3214698740e-04    4.1239044401e-05    6.1849530031e-01    4.4989663220e-02    1.5960631978e-02    0.0000000000e+00
  16.5100000    2.2920341815e-04    4.0343538022e-05   -1.9253631502e-04    3.6864732854e-04    5.0353866898e-01    6.2555091025e-01    4.6142037295e-02    0.0000000000e+00    9.9999999991e-01    0.0000000000e+00    2.3845931031e-04    4.2308818587e-05    6.2248989821e-01    4.6139336613e-02    1.5771002869e-02    0.0000000000e+00
  17.0100000    2.3534255928e-04    4.1412550915e-05   -1.9276076383e-04    3.6201155810e-04    5.1574654696e-01    6.3277660228e-01    4.7300299144e-02    0.0000000000e+00    9.9999999991e-01    0.0000000000e+00    2.4492832212e-04    4.3429936088e-05    6.2985332067e-01    4.7297562710e-02    1.5662372665e-02    0.0000000000e+00
  17.5100000    2.4186372789e-04    4.2860863051e-05   -1.9149903400e-04    3.5750743595e-04    5.2954362603e-01    6.3648774251e-01    4.8815877300e-02    0.0000000000e+00    9.9999999991e-01    0.0000000000e+00    2.5180032075e-04    4.4948879641e-05    6.3369861753e-01    4.8813138052e-02    1.5648193444e-02    0.0000000000e+00
  18.0100000    2.4870007843e-04    4.3913829409e-05   -1.9084580562e-04    4.2892030135e-04    5.4435370628e-01    6.3546852808e-01    4.9905186657e-02    0.0000000000e+00    9.9999999991e-01    0.0000000000e+00    2.5900429549e-04    4.6053174346e-05    6.3280495150e-01    4.9902421168e-02    1.5609253281e-02    0.0000000000e+00
  18.5100000    2.5604189870e-04    4.4761909377e-05   -1.9030466712e-04    4.9393454192e-04    5.5994914558e-01    6.3566410059e-01    5.0686855243e-02    0.0000000000e+00    9.9999999991e-01    0.0000000000e+00    2.6674084833e-04    4.6942579791e-05    6.3312958969e-01    5.0684057206e-02    1.5623339532e-02    0.0000000000e+00
  19.0100000    2.6372188704e-04    4.5628371368e-05   -1.8905158148e-04    3.6820992283e-04    5.7581528600e-01    6.3475086854e-01    5.1421318474e-02    0.0000000000e+00    9.9999999991e-01    0.0000000000e+00    2.7483292014e-04    4.7851270878e-05    6.3234100267e-01    5.1418499062e-02    1.5785825849e-02    0.0000000000e+00
  19.5100000    2.7162742661e-04    4.6496756500e-05   -1.8808120366e-04    4.0403741068e-04    5.9163216307e-01    6.2988387574e-01    5.2189405922e-02    0.0000000000e+00    9.9999999991e-01    0.0000000000e+00    2.8316142596e-04    4.8761978362e-05    6.2758874990e-01    5.2186562720e-02    1.5867918556e-02    0.0000000000e+00
  20.0100000    2.7972068342e-04    4.7409508667e-05   -1.8687990774e-04    4.4804085356e-04    6.0740700914e-01    6.2343739191e-01    5.3056530002e-02    0.0000000000e+00    9.9999999991e-01    0.0000000000e+00    2.9168633603e-04    4.9719223876e-05    6.2125058406e-01    5.3053667675e-02    1.6178568818e-02    0.0000000000e+00
  20.5100000    2.8801607499e-04    4.8437582798e-05   -1.8506700074e-04    4.5330161370e-04    6.2294763535e-01    6.1645030321e-01    5.4034002212e-02    0.0000000000e+00    9.9999999991e-01    0.0000000000e+00    3.0042277796e-04    5.0797428621e-05    6.1436726831e-01    5.4031134767e-02    1.6356453112e-02    0.0000000000e+00
  21.0100000    2.9676670355e-04    4.9955798125e-05   -1.8396548204e-04    6.3097150988e-04    6.3814956875e-01    6.0867606623e-01    5.5671033712e-02    0.0000000000e+00    9.9999999991e-01    0.0000000000e+00    3.0963750805e-04    5.2389705131e-05    6.0669578336e-01    5.5668180513e-02    1.6570227782e-02    0.0000000000e+00
  21.5100000    3.0585863022e-04    5.0773352237e-05   -1.8328835037e-04    7.5926324992e-04    6.5314797844e-01    6.0060148806e-01    5.6603956545e-02    0.0000000000e+00    9.9999999991e-01    0.0000000000e+00    3.1921018023e-04    5.3247111722e-05    5.9872131532e-01    5.6601077501e-02    1.6916002158e-02    0.0000000000e+00
  22.0100000    3.1527854819e-04    5.1466480090e-05   -1.8197676184e-04    1.1164074842e-03    6.6815975394e-01    5.9603883305e-01    5.7355589918e-02    0.0000000000e+00    9.9999999991e-01    0.0000000000e+00    3.2912662202e-04    5.3974020099e-05    5.9425673468e-01    5.7352683909e-02    1.7499239764e-02    0.0000000000e+00
  22.5100000    3.2499472576e-04    5.2350465639e-05   -1.8103578602e-04    1.1050760649e-03    6.8326521975e-01    6.0182811511e-01    5.8251977212e-02    0.0000000000e+00    9.9999999991e-01    0.0000000000e+00    3.3935328666e-04    5.4901106015e-05    6.0014271808e-01    5.8249059048e-02    1.8056286683e-02    0.0000000000e+00
  23.0100000    3.3527560715e-04    5.5208470866e-05   -1.8064634070e-04    1.1840013242e-03    6.9863081632e-01    6.0751068194e-01    6.1320937297e-02    0.0000000000e+00    9.9999999991e-01    0.0000000000e+00    3.5017281630e-04    5.7898594888e-05    6.0592009154e-01    6.1318114450e-02    2.1496306639e-02    0.0000000000e+00
  23.5100000    3.4691964420e-04    5.5993150747e-05   -1.7962621085e-04    1.0404961246e-03    7.1420927612e-01    6.1590720530e-01    6.2066449724e-02    0.0000000000e+00    9.9999999991e-01    0.0000000000e+00    3.6242562875e-04    5.8721530407e-05    6.1441725030e-01    6.2063614924e-02    2.8212504937e-02    0.0000000000e+00
  24.0100000    3.5858577664e-04    5.6855355115e-05   -1.7887099441e-04    8.1637037828e-04    7.2969443106e-01    6.2636503119e-01    6.2924993503e-02    0.0000000000e+00    9.9999999991e-01    0.0000000000e+00    3.7469926748e-04    5.9625775611e-05    6.2496888387e-01    6.2922149640e-02    3.1321043474e-02    0.0000000000e+00
  24.5100000    3.7024778499e-04    5.7782366819e-05   -1.7864457985e-04    7.5915916557e-04    7.4499118905e-01    6.3630191039e-01    6.3985897760e-02    0.0000000000e+00    9.9999999991e-01    0.0000000000e+00    3.8696634451e-04    6.0597993628e-05    6.3499215666e-01    6.3983043757e-02    3.1536853179e-02    0.0000000000e+00
  25.0100000    3.8204874584e-04    5.8770394932e-05   -1.7820608682e-04    7.7194334996e-04    7.6025340305e-01    6.4604365770e-01    6.5078944976e-02    0.0000000000e+00    9.9999999991e-01    0.0000000000e+00    3.9937760467e-04    6.1634209005e-05    6.4481472144e-01    6.5076087579e-02    3.0209252274e-02    0.0000000000e+00
  25.5100000    3.9403124765e-04    6.0083999571e-05   -1.7779594178e-04    7.7235628386e-04    7.7561868522e-01    6.5473201339e-01    6.6444435535e-02    0.0000000000e+00    9.9999999990e-01    0.0000000000e+00    4.1197794572e-04    6.3011896767e-05    6.5357820597e-01    6.6441595258e-02    2.9533347227e-02    0.0000000000e+00
  26.0100000    4.0664251030e-04    6.1304157322e-05   -1.7777138244e-04    7.6353737029e-04    7.9117145196e-01    6.6189308883e-01    6.7685295426e-02    0.0000000000e+00    9.9999999990e-01    0.0000000000e+00    4.2523783297e-04    6.4291575878e-05    6.6081084479e-01    6.7682468886e-02    2.9527471118e-02    0.0000000000e+00
  26.5100000    4.1980678296e-04    6.2306453434e-05   -1.7804441789e-04    8.1153974420e-04    8.0717371966e-01    6.6910979349e-01    6.8681417458e-02    0.0000000000e+00    9.9999999990e-01    0.0000000000e+00    4.3907743464e-04    6.5342758261e-05    6.6809619584e-01    6.8678595299e-02    3.1907841285e-02    0.0000000000e+00
  27.0100000    4.3353773126e-04    6.3222290596e-05   -1.7817881765e-04    8.0888912150e-04    8.2367291073e-01    6.7786797977e-01    6.9612661462e-02    0.0000000000e+00    9.9999999990e-01    0.0000000000e+00    4.5351101140e-04    6.6303261572e-05    6.7692149475e-01    6.9609839132e-02    3.2389032304e-02    0.0000000000e+00
  27.5100000    4.4791331276e-04    6.3957974117e-05   -1.8055975216e-04    7.6622556735e-04    8.4084171617e-01    6.8862567388e-01    7.0395519432e-02    0.0000000000e+00    9.9999999990e-01    0.0000000000e+00    4.6862042383e-04    6.7074817280e-05    6.8774560386e-01    7.0392687604e-02    3.1762078445e-02    0.0000000000e+00
  28.0100000    4.6275636973e-04    6.4594619929e-05   -1.8267586056e-04    7.1171570827e-04    8.5844798428e-01    7.0115728388e-01    7.1076005393e-02    0.0000000000e+00    9.9999999990e-01    0.0000000000e+00    4.8421933081e-04    6.7742501200e-05    7.0034216071e-01    7.1073160164e-02    3.0820752766e-02    0.0000000000e+00
  28.5100000    4.7792216571e-04    6.5192583536e-05   -1.8569515014e-04    6.8864369241e-04    8.7652956556e-01    7.1473774738e-01    7.1672885247e-02    0.0000000000e+00    9.9999999990e-01    0.0000000000e+00    5.0015558702e-04    6.8369615254e-05    7.1398514677e-01    7.1670027317e-02    3.0110565871e-02    0.0000000000e+00
  29.0100000    4.9339093403e-04    6.5800130360e-05   -1.8824664568e-04    7.0635030084e-04    8.9478388795e-01    7.2901437237e-01    7.2252855809e-02    0.0000000000e+00    9.9999999990e-01    0.0000000000e+00    5.1640846297e-04    6.9006780985e-05    7.2832174660e-01    7.2249987435e-02    3.0352382529e-02    0.0000000000e+00
  29.5100000    5.0913759090e-04    6.6730058818e-05   -1.8830788522e-04    7.1281776113e-04    9.1316336535e-01    7.4356121541e-01    7.3191219319e-02    0.0000000000e+00    9.9999999990e-01    0.0000000000e+00    5.3295165136e-04    6.9982066480e-05    7.4292570583e-01    7.3188355105e-02    3.0405383290e-02    0.0000000000e+00
  30.0100000    5.2521085200e-04    6.7776303368e-05   -1.9244769309e-04    7.5779688318e-04    9.3171670263e-01    7.5721941748e-01    7.4232182121e-02    0.0000000000e+00    9.9999999990e-01    0.0000000000e+00    5.4983639312e-04    7.1079346225e-05    7.5663698278e-01    7.4229328208e-02    3.1727618460e-02    0.0000000000e+00
  30.5100000    5.4150864416e-04    6.8521793801e-05   -1.9791797821e-04    8.0721672075e-04    9.5037809586e-01    7.7006755523e-01    7.4911034718e-02    0.0000000000e+00    9.9999999989e-01    0.0000000000e+00    5.6695549256e-04    7.1861190144e-05    7.6953409312e-01    7.4908179466e-02    3.3126967071e-02    0.0000000000e+00
  31.0100000    5.5801223501e-04    6.9274260941e-05   -2.0123363522e-04    8.2526977230e-04    9.6954860946e-01    7.8142200679e-01    7.5593969318e-02    0.0000000000e+00    9.9999999989e-01    0.0000000000e+00    5.8428933948e-04    7.2650351168e-05    7.8093261863e-01    7.5591113296e-02    3.4110499495e-02    0.0000000000e+00
  31.5100000    5.7470420782e-04    7.0064357896e-05   -2.0346893977e-04    8.1168845456e-04    9.8963186915e-01    7.9074109214e-01    7.6260067245e-02    0.0000000000e+00    9.9999999989e-01    0.0000000000e+00    6.0181970668e-04    7.3478978280e-05    7.9029030097e-01    7.6257214087e-02    3.4694274296e-02    0.0000000000e+00
  32.0100000    5.9156476996e-04    7.0871999202e-05   -2.0660339655e-04    7.9403195559e-04    1.0110003497e+00    7.9790748164e-01    7.6928694040e-02    0.0000000000e+00    9.9999999989e-01    0.0000000000e+00    6.1952587085e-04    7.4326004893e-05    7.9748988615e-01    7.6925844707e-02    3.5113834437e-02    0.0000000000e+00
  32.5100000    6.0857760808e-04    7.1667772617e-05   -2.1121985905e-04    7.8383453568e-04    1.0332902201e+00    8.0305456552e-01    7.7611850943e-02    0.0000000000e+00    9.9999999989e-01    0.0000000000e+00    6.3739076127e-04    7.5160582314e-05    8.0266526549e-01    7.7609003350e-02    3.5770535486e-02    0.0000000000e+00
  33.0100000    6.2574589850e-04    7.2636081722e-05   -2.1512639084e-04    8.0056735221e-04    1.0562434845e+00    8.0634684812e-01    7.8509715492e-02    0.0000000000e+00    9.9999999989e-01    0.0000000000e+00    6.5541776853e-04    7.6176114785e-05    8.0598154886e-01    7.8506875406e-02    3.6899228292e-02    0.0000000000e+00
  33.5100000    6.4314694251e-04    7.3943923272e-05   -2.1677181190e-04    8.0936202887e-04    1.0795763057e+00    8.0795662028e-01    7.9771576266e-02    0.0000000000e+00    9.9999999989e-01    0.0000000000e+00    6.7368810584e-04    7.7547748712e-05    8.0761171767e-01    7.9768759936e-02    3.7819271829e-02    0.0000000000e+00
  34.0100000    6.6075914772e-04    7.5045313938e-05   -2.1825768942e-04    8.1226285528e-04    1.1030136973e+00    8.0899260911e-01    8.0781897353e-02    0.0000000000e+00    9.9999999989e-01    0.0000000000e+00    6.9217911456e-04    7.8702844747e-05    8.0866608900e-01    8.0779108148e-02    3.8446673099e-02    0.0000000000e+00
  34.5100000    6.7854318300e-04    7.6036731115e-05   -2.1854580266e-04    8.3105577808e-04    1.1260677042e+00    8.1052981386e-01    8.1682690969e-02    0.0000000000e+00    9.9999999988e-01    0.0000000000e+00    7.1084949191e-04    7.9742577382e-05    8.1022095770e-01    8.1679941977e-02    3.9216046180e-02    0.0000000000e+00
  35.0100000    6.9646917700e-04    7.7084562566e-05   -2.1832724330e-04    8.6840584726e-04    1.1487410465e+00    8.1264255525e-01    8.2654017792e-02    0.0000000000e+00    9.9999999988e-01    0.0000000000e+00    7.2966780947e-04    8.0841427124e-05    8.1235069209e-01    8.2651311806e-02    4.0137057623e-02    0.0000000000e+00
  35.5100000    7.1453275484e-04    7.8200439816e-05   -2.1881211705e-04    9.0926996443e-04    1.1712214322e+00    8.1489916033e-01    8.3715999520e-02    0.0000000000e+00    9.9999999988e-01    0.0000000000e+00    7.4862931018e-04    8.2011553668e-05    8.1462314850e-01    8.3713357359e-02    4.1157066585e-02    0.0000000000e+00
  36.0100000    7.3278819075e-04    7.9317076305e-05   -2.1997575022e-04    9.4046614100e-04    1.1938917384e+00    8.1702315075e-01    8.4770838796e-02    0.0000000000e+00    9.9999999988e-01    0.0000000000e+00    7.6779076313e-04    8.3182345828e-05    8.1676162650e-01    8.4768641074e-02    4.2286449814e-02    0.0000000000e+00
  36.5100000    7.5126452357e-04    8.0378226147e-05   -2.2027951106e-04    9.6141063592e-04    1.2172615268e+00    8.1895617638e-01    8.5702355262e-02    0.0000000000e+00    9.9999999988e-01    0.0000000000e+00    7.8718238887e-04    8.4294646012e-05    8.1870775364e-01    8.5702961849e-02    4.3587595544e-02    0.0000000000e+00
  37.0100000    7.6994403677e-04    8.1529832867e-05   -2.2038207829e-04    9.7718872234e-04    1.2417374256e+00    8.2052353832e-01    8.6686809296e-02    0.0000000000e+00    9.9999999988e-01    0.0000000000e+00    8.0678464713e-04    8.5500318683e-05    8.2028646168e-01    8.6696619047e-02    4.4962833252e-02    0.0000000000e+00
  37.5100000    7.8888868949e-04    8.3049411225e-05   -2.2057828006e-04    1.0123029536e-03    1.2674813993e+00    8.2136172312e-01    8.8034706935e-02    0.0000000000e+00    9.9999999988e-01    0.0000000000e+00    8.2665785657e-04    8.7084452184e-05    8.2113261329e-01    8.8057126061e-02    4.6776395301e-02    0.0000000000e+00
  38.0100000    8.0827307054e-04    8.4427711104e-05   -2.2021816775e-04    1.0394203483e-03    1.2947858177e+00    8.2138205974e-01    8.9227416861e-02    0.0000000000e+00    9.9999999987e-01    0.0000000000e+00    8.4696963474e-04    8.8501118850e-05    8.2115298883e-01    8.9247079535e-02    4.8499106011e-02    0.0000000000e+00
  38.5100000    8.2813111022e-04    8.5718983125e-05   -2.1947513768e-04    1.0656940565e-03    1.3240764129e+00    8.2135178743e-01    9.0316461030e-02    0.0000000000e+00    9.9999999987e-01    0.0000000000e+00    8.6773455325e-04    8.9803821203e-05    8.2110963220e-01    9.0305350808e-02    5.0160787751e-02    0.0000000000e+00
  39.0100000    8.4843558509e-04    8.7202418980e-05   -2.1828957152e-04    1.1083012651e-03    1.3554276299e+00    8.2142469661e-01    9.1580076183e-02    0.0000000000e+00    9.9999999987e-01    0.0000000000e+00    8.8892947272e-04    9.1298169165e-05    8.2115893537e-01    9.1524149668e-02    5.1888955409e-02    0.0000000000e+00
  39.5100000    8.6914646304e-04    8.8865742464e-05   -2.1741581164e-04    1.1741379301e-03    1.3879573712e+00    8.2154895547e-01    9.3030758118e-02    0.0000000000e+00    9.9999999987e-01    0.0000000000e+00    9.1054869547e-04    9.2974880240e-05    8.2126029666e-01    9.2938646070e-02    5.3714567049e-02    0.0000000000e+00
  40.0100000    8.9021705337e-04    9.0911786630e-05   -2.1681372254e-04    1.2782595701e-03    1.4212646217e+00    8.2173520464e-01    9.4921680048e-02    0.0000000000e+00    9.9999999987e-01    0.0000000000e+00    9.3255813765e-04    9.5028307433e-05    8.2142862193e-01    9.4823247786e-02    5.5847032734e-02    0.0000000000e+00
  40.5100000    9.1171490384e-04    9.3427264274e-05   -2.1606664657e-04    1.4836149001e-03    1.4573469034e+00    8.2218961677e-01    9.7366054906e-02    0.0000000000e+00    9.9999999986e-01    0.0000000000e+00    9.5498444277e-04    9.7515842837e-05    8.2185813789e-01    9.7271838336e-02    5.7830824123e-02    0.0000000000e+00
  41.0100000    9.3379195223e-04    9.6254088560e-05   -2.1516113882e-04    1.5728152773e-03    1.5000893644e+00    8.2295380752e-01    1.0026888587e-01    0.0000000000e+00    9.9999999986e-01    0.0000000000e+00    9.7787473641e-04    1.0023198398e-04    8.2256169236e-01    1.0009358805e-01    5.9945054172e-02    0.0000000000e+00
  41.5100000    9.5669775787e-04    9.8977944145e-05   -2.1425602333e-04    2.0332636449e-03    1.5521589716e+00    8.2373444153e-01    1.0313958411e-01    0.0000000000e+00    9.9999999986e-01    0.0000000000e+00    1.0013783916e-03    1.0276554651e-04    8.2321923908e-01    1.0275644038e-01    6.5591302729e-02    0.0000000000e+00
  42.0100000    9.8040069702e-04    1.0178223056e-04   -2.1335613386e-04    2.1327119115e-03    1.6111067772e+00    8.2602158693e-01    1.0616148966e-01    0.0000000000e+00    9.9999999986e-01    0.0000000000e+00    1.0255403658e-03    1.0540975880e-04    8.2534907154e-01    1.0554641279e-01    7.0106889136e-02    0.0000000000e+00
  42.5100000    1.0045937075e-03    1.0489063740e-04   -2.1251850858e-04    1.9727288027e-03    1.6709663918e+00    8.2984661618e-01    1.0955445728e-01    0.0000000000e+00    9.9999999986e-01    0.0000000000e+00    1.0502800754e-03    1.0841430706e-04    8.2904778957e-01    1.0872821287e-01    7.3045025087e-02    0.0000000000e+00
  43.0100000    1.0290921536e-03    1.0883644285e-04   -2.1186745459e-04    1.9899095450e-03    1.7275562904e+00    8.3377671834e-01    1.1385318204e-01    0.0000000000e+00    9.9999999985e-01    0.0000000000e+00    1.0754856391e-03    1.1225914220e-04    8.3289643174e-01    1.1277751868e-01    7.8007898686e-02    0.0000000000e+00
  43.5100000    1.0541830319e-03    1.1280345416e-04   -2.1152245626e-04    1.9600810050e-03    1.7827921930e+00    8.3768586514e-01    1.1838830777e-01    0.0000000000e+00    9.9999999985e-01    0.0000000000e+00    1.1013256431e-03    1.1607379839e-04    8.3673488850e-01    1.1700349807e-01    8.3403262426e-02    0.0000000000e+00
  44.0100000    1.0799430283e-03    1.1627218211e-04   -2.1137021826e-04    1.8827412336e-03    1.8397615129e+00    8.4207733941e-01    1.2231332635e-01    0.0000000000e+00    9.9999999985e-01    0.0000000000e+00    1.1277576817e-03    1.1940551678e-04    8.4104213249e-01    1.2064284306e-01    8.6602897152e-02    0.0000000000e+00
  44.5100000    1.1064452980e-03    1.1945019043e-04   -2.1124152120e-04    1.8860463210e-03    1.8990826094e+00    8.4698520783e-01    1.2577254020e-01    0.0000000000e+00    9.9999999985e-01    0.0000000000e+00    1.1548123921e-03    1.2255195951e-04    8.4584638493e-01    1.2394535266e-01    8.8785990609e-02    0.0000000000e+00
  45.0100000    1.1336639842e-03    1.2263987327e-04   -2.1131600632e-04    1.9514776824e-03    1.9575639481e+00    8.5205436093e-01    1.2899472523e-01    0.0000000000e+00    9.9999999984e-01    0.0000000000e+00    1.1824626001e-03    1.2581594885e-04    8.5079485717e-01    1.2715542562e-01    9.1411379691e-02    0.0000000000e+00
  45.5100000    1.1615637588e-03    1.2606712985e-04   -2.1155271107e-04    2.1090399796e-03    2.0156397644e+00    8.5699888861e-01    1.3234119609e-01    0.0000000000e+00    9.9999999984e-01    0.0000000000e+00    1.2107153476e-03    1.2935976524e-04    8.5561194351e-01    1.3056638425e-01    9.4398566891e-02    0.0000000000e+00
  46.0100000    1.1901277901e-03    1.2962037927e-04   -2.1207931510e-04    2.2649928829e-03    2.0750573426e+00    8.6201813957e-01    1.3597916161e-01    0.0000000000e+00    9.9999999984e-01    0.0000000000e+00    1.2396266205e-03    1.3302344562e-04    8.6051408284e-01    1.3430334160e-01    9.6784733532e-02    0.0000000000e+00
  46.5100000    1.2192737709e-03    1.3345283978e-04   -2.1368551080e-04    2.3803697791e-03    2.1361795600e+00    8.6716385680e-01    1.4010575095e-01    0.0000000000e+00    9.9999999983e-01    0.0000000000e+00    1.2691887556e-03    1.3697291091e-04    8.6556744086e-01    1.3855006686e-01    1.0260342187e-01    0.0000000000e+00
  47.0100000    1.2490948093e-03    1.3697485658e-04   -2.1555863779e-04    2.5734271493e-03    2.1995146090e+00    8.7253857705e-01    1.4381790729e-01    0.0000000000e+00    9.9999999983e-01    0.0000000000e+00    1.2994995064e-03    1.4055667301e-04    8.7087457138e-01    1.4233895545e-01    1.0963317212e-01    0.0000000000e+00
  47.5100000    1.2796504832e-03    1.4047395409e-04   -2.1726178848e-04    2.6024440731e-03    2.2652622853e+00    8.7857378458e-01    1.4732568557e-01    0.0000000000e+00    9.9999999983e-01    0.0000000000e+00    1.3305284443e-03    1.4407526152e-04    8.7685717363e-01    1.4593841870e-01    1.1558096844e-01    0.0000000000e+00
  48.0100000    1.3108941783e-03    1.4408317491e-04   -2.1884320877e-04    2.5712967145e-03    2.3339348102e+00    8.8474534822e-01    1.5105525118e-01    0.0000000000e+00    9.9999999982e-01    0.0000000000e+00    1.3621711532e-03    1.4768674309e-04    8.8298018353e-01    1.4992351432e-01    1.2105359746e-01    0.0000000000e+00
  48.5100000    1.3427603469e-03    1.4783344420e-04   -2.2042597940e-04    2.5799133703e-03    2.4060304880e+00    8.9068427918e-01    1.5511948167e-01    0.0000000000e+00    9.9999999982e-01    0.0000000000e+00    1.3943410101e-03    1.5140649742e-04    8.8887075659e-01    1.5441975502e-01    1.2547270789e-01    0.0000000000e+00
  49.0100000    1.3752895133e-03    1.5178809545e-04   -2.2183608884e-04    2.6514523837e-03    2.4837513991e+00    8.9623108702e-01    1.5959716957e-01    0.0000000000e+00    9.9999999982e-01    0.0000000000e+00    1.4270251428e-03    1.5525779148e-04    8.9436246846e-01    1.5922627611e-01    1.2849632921e-01    0.0000000000e+00
  49.5100000    1.4085874213e-03    1.5601806946e-04   -2.2328900534e-04    2.7607091210e-03    2.5699559860e+00    9.0132256495e-01    1.6475399544e-01    0.0000000000e+00    9.9999999981e-01    0.0000000000e+00    1.4603093011e-03    1.5929998970e-04    8.9939000398e-01    1.6442989771e-01    1.3320888750e-01    0.0000000000e+00
  50.0100000    1.4425936443e-03    1.6049996968e-04   -2.2449894371e-04    2.8795357725e-03    2.6643669237e+00    9.0595887635e-01    1.7017806376e-01    0.0000000000e+00    9.9999999981e-01    0.0000000000e+00    1.4942910226e-03    1.6353381431e-04    9.0397122539e-01    1.6990487531e-01    1.3859476752e-01    0.0000000000e+00
  50.5100000    1.4770119383e-03    1.6547981258e-04   -2.2538158826e-04    2.9834825126e-03    2.7611797898e+00    9.1014306752e-01    1.7571930610e-01    0.0000000000e+00    9.9999999980e-01    0.0000000000e+00    1.5289363434e-03    1.6813056193e-04    9.0813396295e-01    1.7552561113e-01    1.4448746660e-01    0.0000000000e+00
  51.0100000    1.5118301503e-03    1.7133068403e-04   -2.2604627383e-04    3.1098171985e-03    2.8596113655e+00    9.1376417176e-01    1.8221401212e-01    0.0000000000e+00    9.9999999980e-01    0.0000000000e+00    1.5641427927e-03    1.7332456837e-04    9.1174850873e-01    1.8164697616e-01    1.5054766050e-01    0.0000000000e+00
  51.5100000    1.5474114937e-03    1.7734623618e-04   -2.2660770015e-04    3.2851570949e-03    2.9648865087e+00    9.1678037897e-01    1.8906972582e-01    0.0000000000e+00    9.9999999979e-01    0.0000000000e+00    1.5999505492e-03    1.7857507791e-04    9.1473547753e-01    1.8769689039e-01    1.5788306939e-01    0.0000000000e+00
  52.0100000    1.5835698268e-03    1.8301916089e-04   -2.2728703048e-04    3.4291914723e-03    3.0708163968e+00    9.1927984842e-01    1.9555298981e-01    0.0000000000e+00    9.9999999979e-01    0.0000000000e+00    1.6363427930e-03    1.8378107106e-04    9.1720137204e-01    1.9351052454e-01    1.6532134735e-01    0.0000000000e+00
  52.5100000    1.6198526753e-03    1.8846414440e-04   -2.2842172961e-04    3.5761313216e-03    3.1705907005e+00    9.2121125946e-01    2.0170406329e-01    0.0000000000e+00    9.9999999978e-01    0.0000000000e+00    1.6732345231e-03    1.8911057037e-04    9.1912524654e-01    1.9933838166e-01    1.7324180686e-01    0.0000000000e+00
  53.0100000    1.6563491477e-03    1.9395212166e-04   -2.2935689299e-04    3.7367638309e-03    3.2602485245e+00    9.2256753121e-01    2.0765326707e-01    0.0000000000e+00    9.9999999978e-01    0.0000000000e+00    1.7106383317e-03    1.9461613293e-04    9.2048799405e-01    2.0518752393e-01    1.8199025966e-01    0.0000000000e+00
  53.5100000    1.6933158163e-03    1.9966393719e-04   -2.3045241035e-04    3.9036587547e-03    3.3416344705e+00    9.2341424204e-01    2.1351085546e-01    0.0000000000e+00    9.9999999977e-01    0.0000000000e+00    1.7486450645e-03    2.0038293557e-04    9.2133956173e-01    2.1102459045e-01    1.9137462238e-01    0.0000000000e+00
  54.0100000    1.7308041206e-03    2.0564741692e-04   -2.3356392281e-04    4.0855779250e-03    3.4171338970e+00    9.2381833914e-01    2.1934341230e-01    0.0000000000e+00    9.9999999977e-01    0.0000000000e+00    1.7873248666e-03    2.0648607337e-04    9.2174865160e-01    2.1684152904e-01    2.0127607822e-01    0.0000000000e+00
  54.5100000    1.7688580560e-03    2.1194163013e-04   -2.3844629297e-04    4.2861942080e-03    3.4865001405e+00    9.2388573901e-01    2.2511836412e-01    0.0000000000e+00    9.9999999976e-01    0.0000000000e+00    1.8267049384e-03    2.1300350342e-04    9.2182160542e-01    2.2262835538e-01    2.1170104578e-01    0.0000000000e+00
  55.0100000    1.8074827684e-03    2.1873560477e-04   -2.4354910570e-04    4.4985652302e-03    3.5537534086e+00    9.2371487300e-01    2.3104520966e-01    0.0000000000e+00    9.9999999975e-01    0.0000000000e+00    1.8667395917e-03    2.2012293120e-04    9.2165508795e-01    2.2862138620e-01    2.2261670738e-01    0.0000000000e+00
  55.5100000    1.8465780615e-03    2.2625548352e-04   -2.4836992393e-04    4.7257248321e-03    3.6198928325e+00    9.2328719711e-01    2.3741924065e-01    0.0000000000e+00    9.9999999975e-01    0.0000000000e+00    1.9073142988e-03    2.2803039234e-04    9.2122918673e-01    2.3508995196e-01    2.3427508400e-01    0.0000000000e+00
  56.0100000    1.8860992425e-03    2.3433363097e-04   -2.5366910849e-04    4.9814195232e-03    3.6845046888e+00    9.2252645485e-01    2.4382964451e-01    0.0000000000e+00    9.9999999974e-01    0.0000000000e+00    1.9483724180e-03    2.3651757006e-04    9.2046506978e-01    2.4158053547e-01    2.4692675912e-01    0.0000000000e+00
  56.5100000    1.9260489953e-03    2.4284461409e-04   -2.5952231201e-04    5.2609537834e-03    3.7471866162e+00    9.2148105649e-01    2.4995996677e-01    0.0000000000e+00    9.9999999973e-01    0.0000000000e+00    1.9899120342e-03    2.4547425598e-04    9.1941210413e-01    2.4778163518e-01    2.6054164540e-01    0.0000000000e+00
  57.0100000    1.9664406863e-03    2.5167626276e-04   -2.6500496160e-04    5.5663387046e-03    3.8064348328e+00    9.2021909918e-01    2.5559396937e-01    0.0000000000e+00    9.9999999973e-01    0.0000000000e+00    2.0319503342e-03    2.5480013569e-04    9.1814038917e-01    2.5348112727e-01    2.7504851852e-01    0.0000000000e+00
  57.5100000    2.0072157949e-03    2.6102792611e-04   -2.7040307106e-04    5.9046485621e-03    3.8624796582e+00    9.1885758247e-01    2.6077738008e-01    0.0000000000e+00    9.9999999972e-01    0.0000000000e+00    2.0744352021e-03    2.6469923144e-04    9.1677033595e-01    2.5872483553e-01    2.9067553775e-01    0.0000000000e+00
  58.0100000    2.0482027052e-03    2.7107843818e-04   -2.7496120418e-04    6.2729334265e-03    3.9168167176e+00    9.1743013639e-01    2.6565736304e-01    0.0000000000e+00    9.9999999971e-01    0.0000000000e+00    2.1172223180e-03    2.7533842915e-04    9.1533870132e-01    2.6364492950e-01    3.0757992834e-01    0.0000000000e+00
  58.5100000    2.0891883071e-03    2.8190103453e-04   -2.7911130887e-04    6.6653910476e-03    3.9689308143e+00    9.1594191100e-01    2.7036501904e-01    0.0000000000e+00    9.9999999970e-01    0.0000000000e+00    2.1601331027e-03    2.8680564136e-04    9.1385361366e-01    2.6838487815e-01    3.2576292900e-01    0.0000000000e+00
  59.0100000    2.1299380484e-03    2.9359424294e-04   -2.8466858150e-04    7.0731205452e-03    4.0174280213e+00    9.1440983431e-01    2.7485907614e-01    0.0000000000e+00    9.9999999970e-01    0.0000000000e+00    2.2029343026e-03    2.9923888847e-04    9.1233293312e-01    2.7293075496e-01    3.4520309129e-01    0.0000000000e+00
  59.5100000    2.1701196951e-03    3.0637228948e-04   -2.8972914156e-04    7.4864741812e-03    4.0623089552e+00    9.1283844301e-01    2.7917198316e-01    0.0000000000e+00    9.9999999969e-01    0.0000000000e+00    2.2452541443e-03    3.1284582746e-04    9.1077932050e-01    2.7731361398e-01    3.6592338672e-01    0.0000000000e+00
  60.0100000    2.2093395591e-03    3.2022577192e-04   -2.9455242967e-04    7.9392892343e-03    4.1082282346e+00    9.1113794077e-01    2.8304867162e-01    0.0000000000e+00    9.9999999968e-01    0.0000000000e+00    2.2866377163e-03    3.2761033256e-04    9.0909803120e-01    2.8126381987e-01    3.8815587231e-01    0.0000000000e+00
  60.5100000    2.2472085611e-03    3.3486358993e-04   -2.9943741929e-04    8.4398426211e-03    4.1587153736e+00    9.0917841165e-01    2.8614631774e-01    0.0000000000e+00    9.9999999967e-01    0.0000000000e+00    2.3267010207e-03    3.4318520298e-04    9.0715823807e-01    2.8440163344e-01    4.1197438532e-01    0.0000000000e+00
  61.0100000    2.2833363060e-03    3.4999482292e-04   -3.0463913411e-04    8.9596455432e-03    4.2094160654e+00    9.0692397698e-01    2.8824898909e-01    0.0000000000e+00    9.9999999966e-01    0.0000000000e+00    2.3651057515e-03    3.5929455530e-04    9.0492849950e-01    2.8654165915e-01    4.3738571820e-01    0.0000000000e+00
  61.5100000    2.3173558566e-03    3.6583249699e-04   -3.1011554872e-04    9.5058682164e-03    4.2580692260e+00    9.0448212233e-01    2.8963777322e-01    0.0000000000e+00    9.9999999966e-01    0.0000000000e+00    2.4013938779e-03    3.7616447589e-04    9.0251365839e-01    2.8797265848e-01    4.6450987330e-01    0.0000000000e+00
  62.0100000    2.3487876351e-03    3.8271274718e-04   -3.1543121515e-04    1.0086306504e-02    4.3070227891e+00    9.0190863386e-01    2.9042646945e-01    0.0000000000e+00    9.9999999965e-01    0.0000000000e+00    2.4348860540e-03    3.9409432824e-04    8.9995839426e-01    2.8879410822e-01    4.9312113045e-01    0.0000000000e+00
  62.5100000    2.3769668626e-03    4.0072884648e-04   -3.2065815112e-04    1.0702952720e-02    4.3567711012e+00    8.9917872946e-01    2.9066256678e-01    0.0000000000e+00    9.9999999964e-01    0.0000000000e+00    2.4647445634e-03    4.1324588794e-04    8.9722731536e-01    2.8908636986e-01    5.2286892915e-01    0.0000000000e+00
  63.0100000    2.4010434903e-03    4.1999619167e-04   -3.2594292166e-04    1.1339661647e-02    4.4076263899e+00    8.9623753722e-01    2.9057332185e-01    0.0000000000e+00    9.9999999964e-01    0.0000000000e+00    2.4900134214e-03    4.3375969135e-04    8.9425920759e-01    2.8907936383e-01    5.5330432582e-01    0.0000000000e+00
  63.5100000    2.4200519192e-03    4.4060047441e-04   -3.3160723807e-04    1.1978611650e-02    4.4565725914e+00    8.9297562609e-01    2.9039826919e-01    0.0000000000e+00    9.9999999963e-01    0.0000000000e+00    2.5097227700e-03    4.5561549690e-04    8.9094461808e-01    2.8893965002e-01    5.8478472495e-01    0.0000000000e+00
  64.0100000    2.4328108327e-03    4.6243291897e-04   -3.3674457939e-04    1.2660540327e-02    4.4917416776e+00    8.8917257506e-01    2.8961712387e-01    0.0000000000e+00    9.9999999963e-01    0.0000000000e+00    2.5228995511e-03    4.7855239917e-04    8.8707741330e-01    2.8810659467e-01    6.1827938865e-01    0.0000000000e+00
  64.5100000    2.4383456402e-03    4.8484393797e-04   -3.4176686495e-04    1.3447108350e-02    4.5051875832e+00    8.8453807231e-01    2.8727220995e-01    0.0000000000e+00    9.9999999963e-01    0.0000000000e+00    2.5285628358e-03    5.0222234435e-04    8.8236496938e-01    2.8578621599e-01    6.5547490275e-01    0.0000000000e+00
  65.0100000    2.4364060185e-03    5.0698729132e-04   -3.4666829492e-04    1.4280820953e-02    4.5148645861e+00    8.7886843680e-01    2.8330394817e-01    0.0000000000e+00    9.9999999963e-01    0.0000000000e+00    2.5260787196e-03    5.2579867514e-04    8.7657117995e-01    2.8189841987e-01    6.9471097582e-01    0.0000000000e+00
  65.5100000    2.4262490889e-03    5.2888153316e-04   -3.5142897877e-04    1.5140899409e-02    4.5381915023e+00    8.7204812055e-01    2.7819613929e-01    0.0000000000e+00    9.9999999963e-01    0.0000000000e+00    2.5147972619e-03    5.4896469621e-04    8.6958523783e-01    2.7679239854e-01    7.3542128148e-01    0.0000000000e+00
  66.0100000    2.4062620235e-03    5.5056197940e-04   -3.5666376485e-04    1.6016354854e-02    4.5630846533e+00    8.6382072561e-01    2.7204267307e-01    0.0000000000e+00    9.9999999963e-01    0.0000000000e+00    2.4937987680e-03    5.7176591480e-04    8.6120988784e-01    2.7060878613e-01    7.7745472562e-01    0.0000000000e+00
  66.5100000    2.3754461563e-03    5.7176108311e-04   -3.6177799740e-04    1.6894168784e-02    4.5736718013e+00    8.5389357270e-01    2.6484055090e-01    0.0000000000e+00    9.9999999964e-01    0.0000000000e+00    2.4621562562e-03    5.9420138599e-04    8.5116679088e-01    2.6344991367e-01    8.2027597041e-01    0.0000000000e+00
  67.0100000    2.3339009221e-03    5.9220570558e-04   -3.6701255296e-04    1.7761015504e-02    4.5785178189e+00    8.4200652792e-01    2.5669453399e-01    0.0000000000e+00    9.9999999965e-01    0.0000000000e+00    2.4192735402e-03    6.1589449502e-04    8.3913541843e-01    2.5537472736e-01    8.6309982032e-01    0.0000000000e+00
  67.5100000    2.2815579008e-03    6.1147439998e-04   -3.7251507862e-04    1.8602406371e-02    4.5952695794e+00    8.2781594677e-01    2.4767172677e-01    0.0000000000e+00    9.9999999966e-01    0.0000000000e+00    2.3646916095e-03    6.3634545502e-04    8.2472683167e-01    2.4643170855e-01    9.0500459863e-01    0.0000000000e+00
  68.0100000    2.2180723601e-03    6.2906111998e-04   -3.7800556555e-04    1.9403561323e-02    4.6201887849e+00    8.1085765976e-01    2.3798599582e-01    0.0000000000e+00    9.9999999968e-01    0.0000000000e+00    2.2982117369e-03    6.5502068355e-04    8.0748135763e-01    2.3681612264e-01    9.4524243728e-01    0.0000000000e+00
  68.5100000    2.1435217396e-03    6.4433818143e-04   -3.8307153802e-04    2.0150184068e-02    4.6339226876e+00    7.9062053656e-01    2.2759356689e-01    0.0000000000e+00    9.9999999969e-01    0.0000000000e+00    2.2201987166e-03    6.7120922692e-04    7.8691354335e-01    2.2648131301e-01    9.8331326565e-01    0.0000000000e+00
  69.0100000    2.0589470253e-03    6.5646222751e-04   -3.8920422363e-04    2.0826981153e-02    4.6366659639e+00    7.6667934094e-01    2.1632691273e-01    0.0000000000e+00    9.9999999971e-01    0.0000000000e+00    2.1315322483e-03    6.8415473680e-04    7.6256833784e-01    2.1530018010e-01    1.0186450853e+00    0.0000000000e+00
  69.5100000    1.9662684169e-03    6.6488636611e-04   -3.9597702999e-04    2.1415982157e-02    4.6421445023e+00    7.3880282180e-01    2.0435121403e-01    0.0000000000e+00    9.9999999973e-01    0.0000000000e+00    2.0336710190e-03    6.9312775219e-04    7.3412118388e-01    2.0338344470e-01    1.0502868042e+00    0.0000000000e+00
  70.0100000    1.8671539645e-03    6.6923198838e-04   -4.0565680280e-04    2.1897236726e-02    4.6519952087e+00    7.0687205097e-01    1.9192985899e-01    0.0000000000e+00    9.9999999974e-01    0.0000000000e+00    1.9284867353e-03    6.9770508586e-04    7.0144742241e-01    1.9099176688e-01    1.0769246178e+00    0.0000000000e+00
  70.5100000    1.7630641081e-03    6.6927378874e-04   -4.1583929295e-04    2.2250369559e-02    4.6552653675e+00    6.7092202050e-01    1.7927497140e-01    0.0000000000e+00    9.9999999976e-01    0.0000000000e+00    1.8182364242e-03    6.9779901885e-04    6.6470974392e-01    1.7837850552e-01    1.0971645888e+00    0.0000000000e+00
  71.0100000    1.6565674188e-03    6.6509011210e-04   -4.2816182879e-04    2.2454965697e-02    4.6546826975e+00    6.3146689310e-01    1.6662971190e-01    0.0000000000e+00    9.9999999978e-01    0.0000000000e+00    1.7057534595e-03    6.9344743369e-04    6.2448842968e-01    1.6577371190e-01    1.1097167165e+00    0.0000000000e+00
  71.5100000    1.5511832713e-03    6.5697883352e-04   -4.4176474206e-04    2.2489886584e-02    4.6583638308e+00    5.8959910515e-01    1.5424771523e-01    0.0000000000e+00    9.9999999979e-01    0.0000000000e+00    1.5942872572e-03    6.8489811414e-04    5.8182596617e-01    1.5341644069e-01    1.1133793921e+00    0.0000000000e+00
  72.0100000    1.4500926965e-03    6.4548039936e-04   -4.5562383762e-04    2.2332531982e-02    4.6656422019e+00    5.4671664112e-01    1.4236386175e-01    0.0000000000e+00    9.9999999981e-01    0.0000000000e+00    1.4871017197e-03    6.7279102856e-04    5.3813711075e-01    1.4155795195e-01    1.1069793780e+00    0.0000000000e+00
  72.5100000    1.3558967956e-03    6.3154895603e-04   -4.6899830398e-04    2.1959292745e-02    4.6733597640e+00    5.0432928038e-01    1.3122700524e-01    0.0000000000e+00    9.9999999982e-01    0.0000000000e+00    1.3871983643e-03    6.5814040098e-04    4.9503468068e-01    1.3044820921e-01    1.0893777302e+00    0.0000000000e+00
  73.0100000    1.2709478189e-03    6.1644602160e-04   -4.8555267045e-04    2.1348909152e-02    4.6829743364e+00    4.6397605400e-01    1.2106419005e-01    0.0000000000e+00    9.9999999983e-01    0.0000000000e+00    1.2970257290e-03    6.4224560154e-04    4.5408349348e-01    1.2030902523e-01    1.0596051634e+00    0.0000000000e+00
  73.5100000    1.1970162945e-03    6.0152230838e-04   -5.0463444243e-04    2.0490461691e-02    4.6980457419e+00    4.2697355786e-01    1.1204896875e-01    0.0000000000e+00    9.9999999984e-01    0.0000000000e+00    1.2182361019e-03    6.2655237365e-04    4.1655618761e-01    1.1131877063e-01    1.0172012718e+00    0.0000000000e+00
  74.0100000    1.1347926882e-03    5.8804863312e-04   -5.2279217387e-04    1.9395188574e-02    4.7166951280e+00    3.9414515345e-01    1.0428315285e-01    0.0000000000e+00    9.9999999984e-01    0.0000000000e+00    1.1516101071e-03    6.1240447806e-04    3.8328709403e-01    1.0358009095e-01    9.6274623566e-01    0.0000000000e+00
  74.5100000    1.0839437147e-03    5.7701100054e-04   -5.4012040842e-04    1.8105979006e-02    4.7332222817e+00    3.6578356846e-01    9.7786329212e-02    0.0000000000e+00    9.9999999985e-01    0.0000000000e+00    1.0971098591e-03    6.0082368394e-04    3.5464178037e-01    9.7109863624e-02    8.9835449504e-01    0.0000000000e+00
  75.0100000    1.0436622453e-03    5.6896778284e-04   -5.6516097019e-04    1.6761041722e-02    4.7438077569e+00    3.4183486653e-01    9.2494946684e-02    0.0000000000e+00    9.9999999985e-01    0.0000000000e+00    1.0541248477e-03    5.9240936883e-04    3.3060970295e-01    9.1846414841e-02    8.2949371189e-01    0.0000000000e+00
  75.5100000    1.0130358111e-03    5.6408240819e-04   -5.8894372178e-04    1.5665852384e-02    4.7476713557e+00    3.2206275195e-01    8.8294905673e-02    0.0000000000e+00    9.9999999986e-01    0.0000000000e+00    1.0217636477e-03    5.8732967025e-04    3.1094488963e-01    8.7674825690e-02    7.7427451261e-01    0.0000000000e+00
  76.0100000    9.9108593677e-04    5.6221521417e-04   -6.1120568888e-04    1.4603349403e-02    4.7462739102e+00    3.0611848959e-01    8.5043012312e-02    0.0000000000e+00    9.9999999986e-01    0.0000000000e+00    9.9890830860e-04    5.8545096659e-04    2.9524568362e-01    8.4453477137e-02    7.2160616695e-01    0.0000000000e+00
  76.5100000    9.7671028809e-04    5.6304908709e-04   -6.4168326616e-04    1.3612793773e-02    4.7447800928e+00    2.9357182825e-01    8.2594066139e-02    0.0000000000e+00    9.9999999986e-01    0.0000000000e+00    9.8438568904e-04    5.8643275025e-04    2.8305373835e-01    8.2035910828e-02    6.7386766807e-01    0.0000000000e+00
  77.0100000    9.6837369554e-04    5.6616850050e-04   -6.8531379919e-04    1.2721026796e-02    4.7375296870e+00    2.8386582478e-01    8.0810015202e-02    0.0000000000e+00    9.9999999986e-01    0.0000000000e+00    9.7690564394e-04    5.8979805644e-04    2.7387550593e-01    8.0278623411e-02    6.3168802722e-01    0.0000000000e+00
  77.5100000    9.6452722275e-04    5.7106281403e-04   -7.4673221963e-04    1.1943654487e-02    4.7191147101e+00    2.7645796841e-01    7.9555975399e-02    0.0000000000e+00    9.9999999986e-01    0.0000000000e+00    9.7502378279e-04    5.9503376766e-04    2.6719534970e-01    7.9050171101e-02    5.9460688186e-01    0.0000000000e+00
  78.0100000    9.6475306919e-04    5.7712788020e-04   -8.0451759180e-04    1.1286812259e-02    4.6964673786e+00    2.7112631241e-01    7.8701841416e-02    0.0000000000e+00    9.9999999986e-01    0.0000000000e+00    9.7759380182e-04    6.0157154522e-04    2.6260078231e-01    7.8228784650e-02    5.6259752163e-01    0.0000000000e+00
  78.5100000    9.6858094319e-04    5.8390307798e-04   -8.5878772429e-04    1.0748540851e-02    4.6737027384e+00    2.6764270607e-01    7.8151476747e-02    0.0000000000e+00    9.9999999986e-01    0.0000000000e+00    9.8390478071e-04    6.0878965087e-04    2.5980945874e-01    7.7700879575e-02    5.3620139581e-01    0.0000000000e+00
  79.0100000    9.7438150998e-04    5.9099498404e-04   -9.0923542074e-04    1.0320250245e-02    4.6420948638e+00    2.6549707115e-01    7.7822236599e-02    0.0000000000e+00    9.9999999986e-01    0.0000000000e+00    9.9278893388e-04    6.1632343550e-04    2.5844445391e-01    7.7390687421e-02    5.1550998062e-01    0.0000000000e+00
  79.5100000    9.8157500769e-04    5.9815758873e-04   -9.5598966431e-04    9.9886895782e-03    4.6042222884e+00    2.6446811630e-01    7.7659139217e-02    0.0000000000e+00    9.9999999986e-01    0.0000000000e+00    1.0031249452e-03    6.2399229054e-04    2.5816125225e-01    7.7252657438e-02    4.9982059977e-01    0.0000000000e+00
  80.0100000    9.9073754010e-04    6.0525858865e-04   -9.9936488591e-04    9.7380538568e-03    4.5731415113e+00    2.6463229472e-01    7.7629490222e-02    0.0000000000e+00    9.9999999986e-01    0.0000000000e+00    1.0145382639e-03    6.3156788611e-04    2.5880999602e-01    7.7243179802e-02    4.8809120951e-01    0.0000000000e+00
  80.5100000    1.0012171979e-03    6.1216410547e-04   -1.0395827339e-03    9.5517333230e-03    4.5470798791e+00    2.6576403633e-01    7.7699061473e-02    0.0000000000e+00    9.9999999986e-01    0.0000000000e+00    1.0266426537e-03    6.3890592770e-04    2.6024497696e-01    7.7328140249e-02    4.7934798438e-01    0.0000000000e+00
  81.0100000    1.0120783873e-03    6.1877851807e-04   -1.0769012676e-03    9.4135718510e-03    4.5206333413e+00    2.6757977985e-01    7.7841330159e-02    0.0000000000e+00    9.9999999986e-01    0.0000000000e+00    1.0388836337e-03    6.4598191345e-04    2.6228818475e-01    7.7490064336e-02    4.7278316618e-01    0.0000000000e+00
  81.5100000    1.0232948415e-03    6.2510399569e-04   -1.1116517743e-03    9.3086808191e-03    4.4971909617e+00    2.7002682228e-01    7.8045969853e-02    0.0000000000e+00    9.9999999985e-01    0.0000000000e+00    1.0511506864e-03    6.5269430576e-04    2.6487073079e-01    7.7706460088e-02    4.6771640880e-01    0.0000000000e+00
  82.0100000    1.0344779334e-03    6.3108796763e-04   -1.1752695392e-03    9.2238465179e-03    4.4736745037e+00    2.7296966652e-01    7.8292939314e-02    0.0000000000e+00    9.9999999985e-01    0.0000000000e+00    1.0631740297e-03    6.5902621978e-04    2.6789142748e-01    7.7962166949e-02    4.6355362553e-01    0.0000000000e+00
  82.5100000    1.0456114122e-03    6.3667147919e-04   -1.2429113356e-03    9.1475996061e-03    4.4490653681e+00    2.7636379545e-01    7.8566014251e-02    0.0000000000e+00    9.9999999985e-01    0.0000000000e+00    1.0747930075e-03    6.6500778618e-04    2.7127378238e-01    7.8251516343e-02    4.5976798202e-01    0.0000000000e+00
  83.0100000    1.0568890822e-03    6.4184750963e-04   -1.3065479523e-03    9.0700960905e-03    4.4283220300e+00    2.8022157735e-01    7.8857449150e-02    0.0000000000e+00    9.9999999985e-01    0.0000000000e+00    1.0862554490e-03    6.7052271115e-04    2.7504175887e-01    7.8554208275e-02    4.5589343636e-01    0.0000000000e+00
  83.5100000    1.0673356803e-03    6.4663658378e-04   -1.3667389782e-03    8.9829601341e-03    4.4026590243e+00    2.8426532015e-01    7.9161071603e-02    0.0000000000e+00    9.9999999985e-01    0.0000000000e+00    1.0974367740e-03    6.7556220244e-04    2.7912765189e-01    7.8860871415e-02    4.5152325836e-01    0.0000000000e+00
  84.0100000    1.0764862598e-03    6.5103262196e-04   -1.4239760208e-03    8.8791058068e-03    4.3670337317e+00    2.8834847115e-01    7.9467805308e-02    0.0000000000e+00    9.9999999985e-01    0.0000000000e+00    1.1079671704e-03    6.8026457211e-04    2.8341382367e-01    7.9179042695e-02    4.4630746990e-01    0.0000000000e+00
  84.5100000    1.0853685922e-03    6.5506608118e-04   -1.4786966588e-03    8.7523983284e-03    4.3301620844e+00    2.9268797147e-01    7.9777089138e-02    0.0000000000e+00    9.9999999985e-01    0.0000000000e+00    1.1180776121e-03    6.8461238879e-04    2.8792119843e-01    7.9502380032e-02    4.3994023469e-01    0.0000000000e+00
  85.0100000    1.0940368797e-03    6.5879294329e-04   -1.5313054016e-03    8.5970147293e-03    4.2947002652e+00    2.9726711860e-01    8.0090108124e-02    0.0000000000e+00    9.9999999985e-01    0.0000000000e+00    1.1279589479e-03    6.8855326652e-04    2.9266556350e-01    7.9819635986e-02    4.3213014172e-01    0.0000000000e+00
  85.5100000    1.1019214664e-03    6.6220188547e-04   -1.5822042517e-03    8.4065869234e-03    4.2598192206e+00    3.0191446370e-01    8.0399863433e-02    0.0000000000e+00    9.9999999985e-01    0.0000000000e+00    1.1373211393e-03    6.9220600385e-04    2.9754901054e-01    8.0138632772e-02    4.2255807075e-01    0.0000000000e+00
  86.0100000    1.1093800527e-03    6.6537509323e-04   -1.6318304030e-03    8.1735139279e-03    4.2283361440e+00    3.0669568091e-01    8.0712536176e-02    0.0000000000e+00    9.9999999985e-01    0.0000000000e+00    1.1461667089e-03    6.9561076912e-04    3.0255017142e-01    8.0460270452e-02    4.1084268725e-01    0.0000000000e+00
  86.5100000    1.1167671475e-03    6.6835380238e-04   -1.6806750936e-03    7.8889350894e-03    4.1968165437e+00    3.1166943048e-01    8.1027938515e-02    0.0000000000e+00    9.9999999985e-01    0.0000000000e+00    1.1545934278e-03    6.9878014630e-04    3.0766244000e-01    8.0781020893e-02    3.9653887095e-01    0.0000000000e+00
  87.0100000    1.1240406529e-03    6.7115502834e-04   -1.7292472809e-03    7.5435459914e-03    4.1652415140e+00    3.1680229541e-01    8.1345312153e-02    0.0000000000e+00    9.9999999984e-01    0.0000000000e+00    1.1626256325e-03    7.0176824527e-04    3.1286797815e-01    8.1104205709e-02    3.7917865568e-01    0.0000000000e+00
  87.5100000    1.1311389084e-03    6.7382270808e-04   -1.7779838679e-03    7.1287527335e-03    4.1346844006e+00    3.2205857078e-01    8.1666213326e-02    0.0000000000e+00    9.9999999984e-01    0.0000000000e+00    1.1703251564e-03    7.0461465500e-04    3.1816101679e-01    8.1430637538e-02    3.5832951357e-01    0.0000000000e+00
  88.0100000    1.1379288206e-03    6.7640110928e-04   -1.8271736855e-03    6.6369630608e-03    4.1018534458e+00    3.2738037503e-01    8.1991632622e-02    0.0000000000e+00    9.9999999984e-01    0.0000000000e+00    1.1777451990e-03    7.0735897859e-04    3.2353055934e-01    8.1760601042e-02    3.3360945156e-01    0.0000000000e+00
  88.5100000    1.1442879023e-03    6.7892950142e-04   -1.8769811022e-03    6.0596936011e-03    4.0650169699e+00    3.3271052890e-01    8.2324339638e-02    0.0000000000e+00    9.9999999984e-01    0.0000000000e+00    1.1848852165e-03    7.1005318318e-04    3.2895145875e-01    8.2098068009e-02    3.0459218818e-01    0.0000000000e+00
  89.0100000    1.1503350518e-03    6.8143749500e-04   -1.9293015068e-03    5.5203662133e-03    4.0263342580e+00    3.3806143966e-01    8.2665407625e-02    0.0000000000e+00    9.9999999984e-01    0.0000000000e+00    1.1917999259e-03    7.1272831081e-04    3.3441983478e-01    8.2444118268e-02    2.7747924237e-01    0.0000000000e+00
  89.5100000    1.1561674464e-03    6.8395226034e-04   -1.9859630916e-03    5.3944653918e-03    3.9854593004e+00    3.4343268772e-01    8.3015873061e-02    0.0000000000e+00    9.9999999984e-01    0.0000000000e+00    1.1985447053e-03    7.1540259543e-04    3.3992442501e-01    8.2798676997e-02    2.7115043102e-01    0.0000000000e+00
