# time  Re(R=16)  Im(R=16)  Re(R=24)  Im(R=24)  Re(R=32)  Im(R=32)  Re(R=40)  Im(R=40)
0.0000000000000000e+00  6.0322259148315840e-05  -2.6406309767293666e-07  2.3979001105105406e-05  -3.1283721801004242e-08  9.7261859220237395e-06  -1.0425115860735415e-08  4.8554668994938039e-06  -4.5230932290733423e-09
4.0000000000000002e-01  6.9701316681039033e-05  -4.8649188865361967e-08  2.3801120110928197e-05  -3.0910226189535523e-08  9.7427270868762117e-06  -1.0381123434960403e-08  4.8701725257654067e-06  -4.5143429356439463e-09
8.0000000000000004e-01  7.5662284326018440e-05  1.1127146681934735e-07  2.3572083798370435e-05  -3.0475717734098124e-08  9.7572738847749143e-06  -1.0332209774522434e-08  4.8835701008064784e-06  -4.5048321821855984e-09
1.2000000000000000e+00  9.0504398778767995e-05  -2.7803842800132389e-07  2.3281432598384729e-05  -2.9970766193635777e-08  9.7640776264915216e-06  -1.0277839116382776e-08  4.8960150876101233e-06  -4.4944946952650983e-09
1.6000000000000001e+00  8.2871036616154214e-05  -1.0361479770371534e-07  2.2923320020432934e-05  -2.9383697697980308e-08  9.7648271800282748e-06  -1.0217410072378868e-08  4.9087493308099508e-06  -4.4832650513896192e-09
2.0000000000000000e+00  5.0981824845312053e-05  2.3958259199430777e-06  2.2487373708558738e-05  -2.8706705244981333e-08  9.7595795347164563e-06  -1.0150249637963112e-08  4.9192912393257398e-06  -4.4710651666942502e-09
2.3999999999999901e+00  1.5520653141991623e-05  1.9242362785062744e-06  2.1961327474081728e-05  -2.7898890478974879e-08  9.7463913544002342e-06  -1.0075594895363395e-08  4.9285703224265161e-06  -4.4578112930391225e-09
2.7999999999999798e+00  -1.2221297911146073e-05  -6.6707009606880919e-06  2.1333185741067008e-05  -2.6969809919160848e-08  9.7248550583168217e-06  -9.9925859841266796e-09  4.9373010126979865e-06  -4.4434136454228631e-09
3.1999999999999802e+00  -3.7388711671796379e-05  -1.1581107316174633e-05  2.0589826324442572e-05  -2.6151070363887809e-08  9.6942548291032542e-06  -9.9002497997131598e-09  4.9446186522298428e-06  -4.4277727299295489e-09
3.5999999999999699e+00  -6.9932598287254409e-05  -7.0049293038806802e-06  1.9710617659919670e-05  -2.4274183540610912e-08  9.6531306480377075e-06  -9.7974860303967495e-09  4.9501798434737535e-06  -4.4107745510808792e-09
3.9999999999999600e+00  -1.3183479540644925e-04  4.7236643308760516e-06  1.8671841454191601e-05  -2.2658250457767399e-08  9.6008367355213814e-06  -9.6830376211619173e-09  4.9542543257201596e-06  -4.3923002180309751e-09
4.3999999999999497e+00  -2.1549827853422512e-04  1.9418849439227869e-05  1.7451694013548937e-05  -2.3209875389746055e-08  9.5357286472240558e-06  -9.5554868800058269e-09  4.9567726624820980e-06  -4.3722127265236077e-09
4.7999999999999403e+00  -2.9954349427510548e-04  3.1721896304469890e-05  1.6030783503763249e-05  -2.1743266137285876e-08  9.4562681803295252e-06  -9.4132074642218491e-09  4.9573241926302438e-06  -4.3503655546192594e-09
5.1999999999999300e+00  -3.8566848855723843e-04  2.9793257447203873e-05  1.4430260415190850e-05  -1.4263805119808044e-08  9.3611178118183562e-06  -9.2543232152253032e-09  4.9558446560183063e-06  -4.3265943742458203e-09
5.5999999999999304e+00  -4.5371897319799071e-04  -5.9218832459971332e-06  1.2484655736808190e-05  -2.7192363989279924e-09  9.2480883956803173e-06  -9.0767746381479702e-09  4.9522195523461447e-06  -4.3007157177954164e-09
5.9999999999999201e+00  -4.6777200415935806e-04  -3.6840043153987307e-05  1.0068363953546482e-05  -9.7530038463391469e-09  9.1150436084026386e-06  -8.8781878025912810e-09  4.9461140090307603e-06  -4.2725260967376194e-09
6.3999999999999098e+00  -4.3485301331019953e-04  -4.7144683005057237e-06  7.4414159247449055e-06  -5.5691067457699180e-08  8.9597660755740809e-06  -8.6545634071056934e-09  4.9373414802041492e-06  -4.2418076283062950e-09
6.7999999999999003e+00  -3.9423197656701550e-04  4.6711483428730756e-05  4.4072180466656827e-06  -4.8908385252862764e-08  8.7793440313857194e-06  -8.4059309777589022e-09  4.9257097382500921e-06  -4.2083058031858293e-09
7.1999999999998900e+00  -3.6772102116053128e-04  4.3908712801710005e-05  6.5576759867391235e-07  1.2259125016801758e-07  8.5704778118306975e-06  -8.1318261900181738e-09  4.9109099465940074e-06  -4.1717440995248108e-09
7.5999999999998797e+00  -3.6038341345955163e-04  7.8217647724093498e-06  -2.9531851449490761e-06  1.4688864026604535e-07  8.3296567622854684e-06  -7.7891975858273467e-09  4.8925852970187490e-06  -4.1318133910953505e-09
7.9999999999998703e+00  -3.8092525780137568e-04  -1.1557072200719644e-05  -5.6205130599254248e-06  -3.7295070951787477e-07  8.0526273545318390e-06  -7.4385327061828314e-09  4.8704112090232878e-06  -4.0881691710086158e-09
8.3999999999998707e+00  -4.2771380289027144e-04  -1.9370935423195364e-05  -6.2953202449187553e-06  -7.4467613661301594e-07  7.7353705813633945e-06  -7.1759972813986701e-09  4.8440701714261569e-06  -4.0404251686836170e-09
8.7999999999998604e+00  -4.8713300478737113e-04  -2.9584322400842310e-05  -3.6816228687069925e-06  1.2562712379362825e-07  7.3712056288528651e-06  -6.5475878551377101e-09  4.8130930128413436e-06  -3.9881475854642775e-09
9.1999999999998501e+00  -5.6083026174133922e-04  -2.8807932168382259e-05  -3.8079298091942310e-07  1.7835373879948588e-06  6.9524309115193156e-06  -5.5994001421172024e-09  4.7769330510788432e-06  -3.9308497879616045e-09
9.5999999999998398e+00  -6.5515233507912806e-04  -1.5195636754294165e-05  -1.8239944346697851e-07  1.6202369242848532e-06  6.4769018387573185e-06  -5.7073856896075558e-09  4.7351328151711505e-06  -3.8680012862163427e-09
9.9999999999998295e+00  -7.4573948426342389e-04  -8.8140508657959983e-06  -5.7631470277468420e-06  -1.8038204687350850e-06  5.9351898339216839e-06  -6.5426111358348021e-09  4.6871481624712768e-06  -3.7989623738586634e-09
1.0399999999999800e+01  -7.8245862326049246e-04  -1.0856558983212195e-05  -2.6379248159222134e-05  -2.2409849953403612e-06  5.3119431849210152e-06  -4.4626949386747058e-09  4.6322194878115952e-06  -3.7229877021019030e-09
1.0799999999999800e+01  -7.2729405928630695e-04  1.1851224875008208e-06  -7.0418569886685804e-05  4.1535040980045938e-06  4.5892783787236401e-06  2.3066064903946909e-09  4.5696056765469344e-06  -3.6395923523203547e-09
1.1199999999999800e+01  -6.0032303789414685e-04  2.8336854922553362e-05  -1.2560076131898815e-04  2.2644099284490794e-06  3.7539740809313694e-06  3.8454123034651371e-09  4.4985584480950808e-06  -3.5478881000288215e-09
1.1599999999999801e+01  -4.6006421198337171e-04  4.3210913068604883e-05  -1.6756683571246862e-04  -1.4650621093082130e-05  2.8395654815845191e-06  -1.5234747519848739e-08  4.4180662845165582e-06  -3.4445004354226262e-09
1.1999999999999799e+01  -2.9016733737595945e-04  3.2404130642562710e-05  -1.9044386455807752e-04  -1.6899177514652051e-05  1.7983553664060427e-06  -3.0931062275928620e-08  4.3269990161385882e-06  -3.3318511930440742e-09
1.2399999999999800e+01  -1.8718487331432566e-05  5.9449773679524356e-06  -2.1265351892903037e-04  1.1622566259392547e-05  4.7361660441693957e-07  1.9599034024526243e-08  4.2242872881432002e-06  -3.2197007530144585e-09
1.2799999999999800e+01  2.8258905379997243e-04  -2.8932798541951226e-05  -2.5237454463943173e-04  3.3193674327627190e-05  -1.0361853309751487e-06  9.6726210767843224e-08  4.1086448936854030e-06  -3.0710976772932705e-09
1.3199999999999800e+01  4.1886933869938602e-04  -5.4211391935965006e-05  -3.1011677729579266e-04  1.9239611567309188e-05  -2.4908858884414378e-06  2.4389334465466907e-08  3.9782910396159385e-06  -2.8648992857432875e-09
1.3599999999999801e+01  3.6238883237592416e-04  -3.3616668450158572e-05  -3.7282859946802672e-04  -2.4999843803315519e-06  -3.9792100892469080e-06  -1.9270088940167826e-07  3.8314435392300625e-06  -2.7841888714804422e-09
1.3999999999999700e+01  2.8032414293620138e-04  1.1179051296803870e-05  -4.2242473188727325e-04  -5.6218938782809298e-06  -6.0839399771858542e-06  -2.0481466161754886e-07  3.6663690609377630e-06  -2.7748142711462329e-09
1.4399999999999700e+01  2.3677872018925918e-04  4.6956863617340029e-06  -4.4389969663584914e-04  -2.0396230415055321e-06  -9.9581807329272611e-06  3.4538811327052484e-07  3.4807494652018214e-06  -2.1640832655048318e-09
1.4799999999999701e+01  1.3715244321086181e-04  -3.6893104045336624e-05  -4.3749088950507009e-04  1.7646970437033819e-06  -1.4827187473377387e-05  1.1112633470070623e-06  3.2727883148732876e-06  -1.3469913102920388e-09
1.5199999999999701e+01  -6.2071037147730458e-05  -3.3058260744158098e-05  -4.2040522517313144e-04  1.7339025305229728e-05  -1.4728105288313036e-05  2.0108861691991449e-07  3.0391127369740636e-06  -2.3603179522937625e-09
1.5599999999999699e+01  -3.1128539480334677e-04  -9.9668882549803680e-06  -4.0414710481495619e-04  3.4769471524938336e-05  -5.7114118823463769e-06  -3.1429453874528865e-06  2.7715747747786541e-06  -4.1716144518405352e-09
1.5999999999999700e+01  -5.4374732543235969e-04  -2.7983598716759018e-06  -3.7600855971002447e-04  2.7815416993211442e-05  8.5726096881275131e-07  -3.3288637502636869e-06  2.4680722201643978e-06  -9.6912936747453800e-10
1.6399999999999800e+01  -6.4144985855929819e-04  3.7131484834498091e-05  -3.2811777282513619e-04  -3.5698476335095034e-07  -1.4485795378922724e-05  4.3157821439196689e-06  2.1389457453495546e-06  6.7239084054502559e-09
1.6799999999999802e+01  -3.8900789626715725e-04  5.9012945155359790e-05  -3.0358619509517472e-04  -2.2281586408776544e-05  -4.9975771895346721e-05  9.0403742351362526e-06  1.7725960040684073e-06  3.8538640991643199e-09
1.7199999999999900e+01  3.2491335147848588e-04  -1.8058096545002769e-05  -3.6422361982975783e-04  -2.8480372158633834e-05  -7.3196433040022686e-05  -1.3723363427788573e-06  1.3148517484702231e-06  -1.6731908901970165e-08
1.7600000000000001e+01  1.2294255853131282e-03  -5.6695746761819663e-05  -4.8798628893105902e-04  -2.7248870634128465e-05  -5.6099768786274786e-05  -1.2569874832590899e-05  7.8080319996993347e-07  -2.3498514503705316e-08
1.8000000000000000e+01  1.8759036931009021e-03  2.6011924028914371e-05  -5.6704234850764529e-04  -2.2122844702849781e-05  -1.3301817611743303e-05  -3.3239289880928612e-06  2.9120920318323598e-07  1.9281801870384150e-08
1.8400000000000102e+01  2.1278892615214989e-03  5.5794827698125094e-05  -5.5825842986151710e-04  -1.8948270521694911e-05  1.0574311150836620e-05  1.2698680301604197e-05  -2.8528920123997327e-07  6.8787037821063176e-08
1.8800000000000100e+01  2.1002556630332781e-03  -9.3282816858878003e-06  -5.4540067992525263e-04  -1.9261952074728247e-05  -1.0614257997283162e-05  7.9748412659452781e-06  -1.2394862955534184e-06  2.9148852776643581e-08
1.9200000000000198e+01  1.7771880829747185e-03  -2.4286350796313778e-05  -5.8240505160346806e-04  2.6196951073915272e-06  -6.3359602833429105e-05  -9.2248942803229559e-06  -2.0218757205133914e-06  -1.1942504064536543e-07
1.9600000000000300e+01  1.1422574714134008e-03  2.5890048995501196e-05  -5.8518646653486198e-04  4.7578035211716624e-05  -1.1930774993812435e-04  -1.2780649162181446e-05  -2.0718553693741004e-06  -2.2543988402175645e-07
2.0000000000000298e+01  4.5564574594053413e-04  4.0773941444388177e-05  -4.6547092093035948e-04  5.3652379130914591e-05  -1.6538816412198858e-04  -4.3866393216747815e-06  -3.4166395409617567e-06  1.2797738949554748e-07
2.0400000000000400e+01  7.1001700571560460e-05  -4.0664020022052310e-09  -2.5524660558363526e-04  4.8568764178459355e-06  -2.0807418398841450e-04  1.7045712982974970e-06  -7.8017502745579408e-06  9.8362970569785273e-07
2.0800000000000502e+01  1.0219323868233158e-04  -3.8999220111640053e-05  -3.0462310617055915e-05  -3.2053669698696461e-05  -2.5978657214557486e-04  9.0527590042201116e-06  -9.5440530264735273e-06  5.9717033239915086e-07
2.1200000000000500e+01  3.2946248825676633e-04  -4.2842781532752625e-05  1.7484965921764993e-04  -3.6031252291191981e-05  -3.1995643450661372e-04  1.9692651242516308e-05  -3.4861663354991673e-07  -2.3946880272353943e-06
2.1600000000000598e+01  3.7419467180164405e-04  -2.2961949474074032e-05  3.4356317377737472e-04  -2.7450894113837967e-05  -3.6386909661107256e-04  1.8155848519592251e-05  1.3011503005101546e-05  -3.5589820166847424e-06
2.2000000000000600e+01  3.3513170781033049e-05  -2.6280463470065033e-07  4.5820671653735084e-04  4.3218991101772802e-06  -3.6823045848203575e-04  1.0283304881429601e-06  7.2384614022303241e-06  2.5617432091266982e-06
2.2400000000000698e+01  -5.2636733911113969e-04  1.6432920521397817e-05  5.2878947456197099e-04  1.6673137040743582e-05  -3.5568587774779671e-04  -1.0265565743679630e-05  -2.8128424624343742e-05  8.7352269291064996e-06
2.2800000000000800e+01  -9.7229759252437159e-04  2.7657939344522105e-05  5.4120346726007880e-04  -4.7309604894027232e-05  -3.7588663146656635e-04  -1.8430951208331419e-06  -6.6438475641102218e-05  1.8620197467008499e-06
2.3200000000000799e+01  -1.1155373634654654e-03  3.0534904433965752e-05  3.7592587140892179e-04  -8.4380012435645072e-05  -4.2443857113984258e-04  1.7174689343892293e-05  -6.6927778931651037e-05  -1.1237311497627150e-05
2.3600000000000900e+01  -9.2681874072768095e-04  1.5602789975293077e-05  -4.6358395856013312e-05  -4.4603904993517178e-06  -4.3195264052740790e-04  3.1280259095354592e-05  -2.4520287323294540e-05  -9.2178326714177597e-06
2.4000000000000998e+01  -4.5426954791591808e-04  -1.7852847186569633e-05  -5.1285606732299517e-04  6.5712346316690925e-05  -3.6461840556828087e-04  2.5950109584526634e-05  1.9755021477523739e-05  6.5841893907406611e-06
2.4400000000001000e+01  1.4580288080896146e-04  -5.2116947158750906e-05  -6.3891979348489286e-04  3.1627445191973124e-05  -2.8212490466420056e-04  2.6868212749702933e-08  2.5543963368095308e-05  1.1864147021456397e-05
2.4800000000001098e+01  6.8924966248627641e-04  -6.3895956457474362e-05  -2.6832676860739501e-04  -1.3935646429295058e-05  -2.5842713358828723e-04  -1.6651602244608987e-05  -3.9054615011504925e-06  1.1224918311941657e-06
2.5200000000001101e+01  1.1183645726410413e-03  -4.2037073030895117e-05  4.4065470672753843e-04  -7.3854594285009942e-07  -2.9499796439638883e-04  -6.1725990319405551e-06  -3.4550155767808794e-05  -6.3334087419289127e-06
2.5600000000001199e+01  1.4647513432289934e-03  5.2977345302752271e-06  1.2509961396507605e-03  2.1392017341849986e-05  -3.5197081714892221e-04  -4.4394291676157343e-06  -4.3933192458342368e-05  -3.3052498522254553e-06
2.6000000000001300e+01  1.7292337798966149e-03  5.4418194261612371e-05  1.9566897225105481e-03  1.0816826003043090e-05  -4.1916419333167502e-04  -3.2293619262441589e-05  -3.9331943023830492e-05  -3.1613603422154706e-07
2.6400000000001299e+01  1.8902158071213734e-03  8.0586485451699541e-05  2.3560216603554750e-03  -5.4075601472355837e-06  -5.1095535266133764e-04  -5.2117091226765402e-05  -4.2357807071189103e-05  7.7594026289374787e-07
2.6800000000001400e+01  1.9556465454261714e-03  7.4810337425177328e-05  2.3184829199592652e-03  1.4252195445334951e-06  -6.1938355279200731e-04  -3.9137487162691916e-05  -6.3992348238116329e-05  4.5012763847530287e-06
2.7200000000001499e+01  1.9422029210417250e-03  4.7626353037582804e-05  1.8756344857924698e-03  2.1278274032764611e-05  -7.0009436618086586e-04  -8.6665955446497972e-07  -9.0143196303713811e-05  3.8398779740512000e-06
2.7600000000001501e+01  1.8384394162615678e-03  1.7277335472043330e-05  1.2070501097652135e-03  3.1150540661041868e-05  -6.8544553234944450e-04  4.8297439735069906e-05  -9.6119272358737349e-05  -6.5193637974082102e-06
2.8000000000001599e+01  1.6280532496345983e-03  -4.6538379427925027e-06  5.7049473622637766e-04  2.1391724215870862e-05  -5.1181994167863215e-04  5.7855219251656782e-05  -8.7893132425531526e-05  -1.3968158708213420e-05
2.8400000000001601e+01  1.3517702534838619e-03  -1.7475138381113634e-05  1.9832340969712451e-04  -2.3740345374814271e-06  -1.9111281118782287e-04  -6.3639172339085160e-07  -1.1380790758361462e-04  -6.2600342114977410e-06
2.8800000000001699e+01  1.0978022201237891e-03  -2.5611673906996649e-05  1.5504621058948017e-04  -2.6766270714096574e-05  1.3449024125919857e-04  -3.9294584025964980e-05  -2.0435055053732629e-04  1.1148262149896072e-05
2.9200000000001801e+01  8.9841065012220465e-04  -3.1842211552282898e-05  2.7136721134781583e-04  -3.8980347005127062e-05  3.0985592904996071e-04  4.5087843953674490e-06  -3.1185161303102826e-04  2.3622081840328187e-05
2.9600000000001799e+01  7.0950452425712330e-04  -3.5297643162779461e-05  2.6839929727427763e-04  -3.3653329699199587e-05  3.6007529005701059e-04  3.6793590538652970e-05  -3.5714567948206980e-04  1.7304998540253717e-05
3.0000000000001901e+01  5.2236935687335656e-04  -3.2896783175706116e-05  -5.8246913426871322e-06  -1.4747719675227704e-05  4.3381077451088855e-04  -1.4286911611261608e-05  -3.3451686760297696e-04  -6.3670079071464285e-06
3.0400000000001999e+01  3.9610631271431697e-04  -2.2524927799277351e-05  -4.5315040732968835e-04  8.4311131180280241e-06  5.4757328283748996e-04  -7.1658207874645825e-05  -3.1454566815325934e-04  -1.6687521231995395e-05
3.0800000000002001e+01  3.6327646779464958e-04  -6.5876454827225393e-06  -8.3368105621486595e-04  2.6693276429155577e-05  5.4498835821978992e-04  -5.9675677689045201e-05  -3.3900461697808533e-04  8.2639112231288298e-06
3.1200000000002099e+01  3.9702739792845450e-04  8.1814895260937012e-06  -9.6988277822401196e-04  3.2939712199560717e-05  3.2053900175490688e-04  -1.3076412512154191e-05  -3.7512529447458271e-04  3.5792903737275877e-05
3.1600000000002101e+01  4.7503063974004955e-04  1.5346747685142303e-05  -8.3181794677352231e-04  2.1826227651100408e-05  -4.1959755540012338e-05  1.0647057179863263e-05  -3.8640506355019531e-04  2.7155497293709731e-05
3.2000000000002203e+01  5.8427281224880711e-04  1.3295654081035835e-05  -4.7306014904397028e-04  -6.8574256162838877e-06  -3.4630426003530511e-04  1.2199463186426203e-05  -3.8321955216018483e-04  -7.3211125811654508e-07
3.2400000000002102e+01  6.3681477976411426e-04  6.0639507341700919e-06  3.0283727662737121e-05  -4.1659363154281639e-05  -4.0706876559193632e-04  1.5353016262592967e-05  -3.8359894193816166e-04  -1.0586057907542883e-05
3.2800000000002001e+01  4.7323319375405169e-04  -4.6252971294971919e-07  5.6828723626192821e-04  -6.1553821450270840e-05  -1.2023068495173114e-04  2.1000640388215670e-05  -3.7806135079806406e-04  6.1256629088276607e-06
3.3200000000001999e+01  2.6845259576707423e-05  -3.3767703344651881e-06  1.0217381260344673e-03  -5.1255377721633644e-05  4.9267559160508635e-04  1.8134495410309390e-05  -3.4943653604481174e-04  2.4904315802914070e-05
3.3600000000001899e+01  -5.5880182942799931e-04  -3.1167365703248139e-06  1.3485625321895591e-03  -1.3658365060783334e-05  1.2753032067196668e-03  6.7490813794822453e-06  -2.9689196285920391e-04  7.0000735255371101e-07
3.4000000000001798e+01  -1.0294909331933005e-03  -1.1944677736837615e-06  1.5927312140237657e-03  3.3949833567119920e-05  1.9873580201203076e-03  -2.9378541550333215e-06  -2.5473213088728856e-04  -6.7045450872385697e-05
3.4400000000001697e+01  -1.2008106255579261e-03  7.4267105946242477e-07  1.7891455549273810e-03  7.1224913926173857e-05  2.3892586417943572e-03  -2.1222249351279470e-06  -3.0677012703192132e-04  -9.2192620085755422e-05
3.4800000000001603e+01  -1.0331239313375647e-03  1.8353259122699519e-06  1.9053956891496996e-03  8.3765176618546172e-05  2.3341098303064395e-03  9.5327535113498983e-06  -5.0934616173266810e-04  -2.6109666492070908e-05
3.5200000000001602e+01  -6.1862384429526066e-04  2.2750621691054005e-06  1.8866710403996922e-03  6.9528986070592030e-05  1.8527752347818512e-03  2.3627439057990596e-05  -7.5693041498167755e-04  4.6516251622879135e-05
3.5600000000001501e+01  -1.3369697254749936e-04  1.6310710265319130e-06  1.7280792167634982e-03  3.9293827928479184e-05  1.1651683693225873e-03  2.8537008989737307e-05  -8.2615807640686989e-04  4.4834158062650518e-05
3.6000000000001400e+01  2.5914172209043443e-04  -8.6414512530775631e-07  1.4854362245058008e-03  8.0531633103829194e-06  5.6162619368617882e-04  1.7834429756299231e-05  -6.1255488450652831e-04  1.0212445429890106e-05
3.6400000000001299e+01  4.9633225314808880e-04  -4.1951231323703223e-06  1.2209814582225963e-03  -1.4936719638369373e-05  2.2974906237462729e-04  -4.5285983708791261e-06  -2.3559112585944342e-04  8.1255042356739932e-06
3.6800000000001198e+01  5.9759639445424134e-04  -6.3502024246185459e-06  9.5917703931767614e-04  -2.8455475591061685e-05  1.6365009609704378e-04  -2.6922214896199730e-05  1.1981949290709075e-04  2.3553683986385755e-05
3.7200000000001197e+01  6.0423419130498719e-04  -6.3085462792495119e-06  7.0450731200264339e-04  -3.5273707881727877e-05  2.0427436971793243e-04  -3.8027848693442096e-05  3.7335946453473314e-04  1.2265579000549288e-05
3.7600000000001103e+01  5.6916960681718831e-04  -4.1132175826521344e-06  4.7619000402340089e-04  -3.7664461149938620e-05  1.5936744755562320e-04  -3.2855382690957621e-05  5.3931700040746929e-04  -2.1765295476612964e-05
3.8000000000001002e+01  5.7154056508128986e-04  -7.8204425177039340e-07  2.9754890200697022e-04  -3.5495065148040904e-05  -7.3882240314430663e-05  -1.3734859014329647e-05  6.3241033733811569e-04  -4.4652690825566842e-05
3.8400000000000901e+01  6.6251327864984711e-04  1.9380889903019141e-06  1.6824753504242207e-04  -2.7474094433628846e-05  -4.4575460524745863e-04  1.1242956039389689e-05  6.2879131848886253e-04  -4.3481976726907083e-05
3.8800000000000800e+01  7.8801522213652454e-04  3.1355681719021078e-06  8.0016507748242608e-05  -1.4088664161038596e-05  -7.9197214091558459e-04  3.0930921519983114e-05  4.9378616590966087e-04  -2.9720321117939026e-05
3.9200000000000799e+01  8.4016959273307225e-04  3.2399794536771480e-06  5.0463701956295500e-05  8.5631946512599059e-07  -9.5148677923338775e-04  3.5439961055879603e-05  2.3159017474262789e-04  -1.5190288042819680e-05
3.9600000000000698e+01  7.7722626527245505e-04  2.3945238273275356e-06  1.0492658130615261e-04  1.1739505637227384e-05  -8.5876035528511651e-04  2.0575989052375832e-05  -8.1616599831245640e-05  -2.5870112108969009e-06
4.0000000000000597e+01  6.0481685603743060e-04  4.0813421576509403e-07  2.1662942073801119e-04  1.4763832484831495e-05  -5.4023493684618278e-04  -9.7581793331698254e-06  -3.1068221936554499e-04  8.9042725566927743e-06
4.0400000000000503e+01  2.8070478982375685e-04  -1.3716782133358498e-06  2.8429218066351248e-04  1.0878217115222134e-05  -7.0478043643229234e-05  -4.3571383940985430e-05  -3.1674667586260202e-04  1.8021689981087032e-05
4.0800000000000502e+01  -2.4638335404951006e-04  -1.6309949757165776e-06  1.8331536800196471e-04  4.6806664282277855e-06  4.4825490122646496e-04  -6.3855559299464087e-05  -1.7215238286455086e-05  2.1208473639529511e-05
4.1200000000000401e+01  -9.1398398898631683e-04  -1.9916613146609940e-06  -1.4730355285800506e-04  1.4766815285627277e-07  9.1178119105543944e-04  -5.6550117501162099e-05  5.7335273089005221e-04  1.6336459470629774e-05
4.1600000000000300e+01  -1.5323242554560234e-03  -3.8116675131942006e-06  -6.4365468486464786e-04  -1.7718965447078130e-06  1.2682371052246566e-03  -2.0716672650584148e-05  1.3232674810031227e-03  6.4268368823463355e-06
4.2000000000000199e+01  -1.9103629290067670e-03  -4.8612277976216655e-06  -1.1315195310409114e-03  -1.7415293340854060e-06  1.5352181244342421e-03  2.8781982036942143e-05  2.0032855209384023e-03  -1.0511493914648154e-06
4.2400000000000098e+01  -1.9874621952451813e-03  -3.9821710205129344e-06  -1.4234009518467204e-03  -3.2210478398900069e-07  1.7360890453016623e-03  7.0667577555459424e-05  2.3705192599392435e-03  3.7362448025623062e-07
4.2800000000000097e+01  -1.8321040318229607e-03  -3.4121653924717054e-06  -1.4267212801462648e-03  1.7026000349839473e-06  1.8419318273481208e-03  8.9323090133653361e-05  2.2893254057423434e-03  1.0646197476256953e-05
4.3200000000000003e+01  -1.5376020525188334e-03  -3.2563276642012009e-06  -1.1710867148418593e-03  2.9652649206296394e-06  1.8092611034645030e-03  8.0175827079501374e-05  1.8112945438561901e-03  2.2507911002547430e-05
4.3599999999999902e+01  -1.1787808369478157e-03  -1.0389493611523026e-06  -7.5612353994223040e-04  2.6277752889891771e-06  1.6477817563550173e-03  4.9848012719518135e-05  1.1544767480501502e-03  2.6324514547592780e-05
4.3999999999999801e+01  -8.5453578314289029e-04  2.4712976469963891e-06  -3.0355703663169050e-04  8.2955972526110932e-07  1.4101404689201942e-03  1.2879717209566398e-05  5.8416663713691094e-04  1.6683107213952068e-05
4.4399999999999700e+01  -6.7809402620520680e-04  4.0604681063437307e-06  5.9805685134518490e-05  -2.0723140854621308e-06  1.1368329374186288e-03  -1.6566166893753053e-05  2.6241842653505353e-04  -3.8041630898330368e-06
4.4799999999999699e+01  -6.9575348586637807e-04  3.3367174562441127e-06  2.4409667927153606e-04  -5.3784223102744936e-06  8.4848554194785688e-04  -3.2830362625140794e-05  1.7065721768540931e-04  -2.5631028706903010e-05
4.5199999999999598e+01  -8.6240733157168562e-04  1.9063572737511543e-06  2.5972722231730645e-04  -7.4746173573158541e-06  5.7239743827032074e-04  -3.8652552357082675e-05  1.6196168766657832e-04  -3.7653469973034983e-05
4.5599999999999497e+01  -1.1002776625203233e-03  2.4630566835302755e-07  2.0779472438063387e-04  -6.7599176190016787e-06  3.3896224907447171e-04  -3.8620065808954341e-05  8.4347194179133599e-05  -3.3327005110469856e-05
4.5999999999999403e+01  -1.3446956975631213e-03  -1.4932764685811497e-06  1.8285777835369416e-04  -3.1351645862218160e-06  1.5703527613817179e-04  -3.4581923471920366e-05  -1.3215438368023352e-04  -1.4013871278541762e-05
4.6399999999999302e+01  -1.5439352088026546e-03  -2.6011942656848668e-06  2.0617757832839303e-04  1.6950446323942862e-06  1.7051708406738486e-05  -2.6419674275506908e-05  -4.5917470268639119e-04  1.1951900865674611e-05
4.6799999999999301e+01  -1.6545399740122556e-03  -2.9078923612021430e-06  2.5645196500987370e-04  5.2196927922338780e-06  -8.0413514666325390e-05  -1.4844784246196381e-05  -7.8704349163834046e-04  3.2613045906037951e-05
4.7199999999999200e+01  -1.6465360505982167e-03  -2.8289411056876142e-06  3.1803553682151263e-04  5.9430733421701850e-06  -1.1244727472462964e-04  -2.4612729314110861e-06  -9.6472748626171749e-04  3.6995900220647403e-05
4.7599999999999099e+01  -1.5132847621622469e-03  -2.5217202335012508e-06  3.6590361615866727e-04  4.4982270181232034e-06  -5.9563635753342270e-05  7.3504867129512725e-06  -8.8355625364838135e-04  2.0665223920403733e-05
4.7999999999998998e+01  -1.2878955609596035e-03  -1.9067417852212502e-06  3.2814723068328512e-04  2.4087836586390740e-06  4.8124080733824677e-05  1.2089890793369148e-05  -5.5658041319270996e-04  -1.0803829570042849e-05
4.8399999999998897e+01  -1.0451305226137320e-03  -9.9586909010533402e-07  1.0850594962366745e-04  3.2851938540529746e-07  1.1175293513656151e-04  1.1284086530953085e-05  -9.8494314833729571e-05  -4.3858065006677686e-05
4.8799999999998903e+01  -8.6605540152201628e-04  -2.4289886762560758e-08  -3.3416228484729423e-04  -1.4798037095976351e-06  1.2934087750821903e-05  6.8800796186116272e-06  3.7823233082914559e-04  -6.3082764730753430e-05
4.9199999999998802e+01  -7.9268742362067438e-04  5.3796395907798378e-07  -9.3368808659591578e-04  -2.3025148169381237e-06  -2.9465173795864259e-04  2.2054867938246600e-06  8.2205799108985770e-04  -5.7437424394229692e-05
4.9599999999998701e+01  -8.1512739243265507e-04  3.6028536562127561e-07  -1.5463517882737558e-03  -2.2107653361986518e-06  -7.4059007890168907e-04  -4.1202434104707018e-07  1.2066820259445479e-03  -2.5231376594836786e-05
4.9999999999998600e+01  -8.8884095219528541e-04  -3.3619409344178763e-07  -2.0247241662214388e-03  -2.5326553728303166e-06  -1.1840942738844010e-03  -9.3859627052105319e-07  1.4951434464128464e-03  2.2997662561834987e-05
5.0399999999998499e+01  -9.5486703966899409e-04  -9.2854496080366223e-07  -2.2694140222823457e-03  -3.6209898849979330e-06  -1.4897084651559951e-03  -3.6961650406515078e-07  1.6678106938451454e-03  6.7553461163693911e-05
5.0799999999998498e+01  -9.5423802632317817e-04  -9.5297202886920805e-07  -2.2474998588594428e-03  -4.1343270029499024e-06  -1.5639072084090333e-03  8.1132382892670296e-07  1.7436611369866825e-03  9.0088490348057048e-05
5.1199999999998397e+01  -8.4520261326990575e-04  -5.5319242160274863e-07  -1.9985214791494350e-03  -3.3773903059395611e-06  -1.3725563222720416e-03  2.2101193169192861e-06  1.7371015783748714e-03  8.4018571784458832e-05
5.1599999999998303e+01  -6.2631757548375119e-04  -2.7319948350229659e-07  -1.6235824077267509e-03  -1.8372483747452669e-06  -9.7213206842570944e-04  2.7066124892977418e-06  1.6266098644142665e-03  5.5837675028556504e-05
5.1999999999998202e+01  -3.4456495119083823e-04  -2.5543905342745456e-07  -1.2473657068412690e-03  5.4661686340501077e-07  -5.0892741069992811e-04  1.2935483042635601e-06  1.4004393710932623e-03  1.8801484528578912e-05
5.2399999999998101e+01  -6.4409789636259943e-05  -9.2549955639509465e-08  -9.7281838926739075e-04  3.7052773427050826e-06  -1.4101709431484392e-04  -1.7806443059302347e-06  1.1017875618533426e-03  -1.3870921104571947e-05
5.2799999999998100e+01  1.7459577997874751e-04  2.0385698775167758e-07  -8.5374608059342197e-04  5.8242389014935954e-06  5.7498705598419005e-05  -5.2603799886779155e-06  7.9647470595333987e-04  -3.3972440545130608e-05
5.3199999999997999e+01  3.5725009096284363e-04  6.1996894889869476e-08  -8.8957234323976326e-04  5.2703514363620278e-06  1.1431402107217606e-04  -7.5805210680246235e-06  5.2075317026538609e-04  -4.0927735788971563e-05
5.3599999999997898e+01  4.6663861081937741e-04  -3.6430319324436794e-07  -1.0383418559179484e-03  2.9829942999960869e-06  9.8233124426930191e-05  -7.3103955345080728e-06  2.8078331500334540e-04  -3.9541208216477879e-05
5.3999999999997797e+01  4.9567070877351940e-04  -1.5234643948333988e-07  -1.2409434639117332e-03  8.1152941364336859e-07  6.3376058666960366e-05  -4.0547325763429602e-06  7.6937992670239206e-05  -3.4344560608495222e-05
5.4399999999997704e+01  4.7773187229858749e-04  6.6193951747420912e-07  -1.4397931603287049e-03  -8.4873327152026088e-07  4.5300984004836716e-05  8.1929557215257558e-07  -8.6215813519977972e-05  -2.6606500851497160e-05
5.4799999999997702e+01  4.6651066372270478e-04  9.1031828237158322e-07  -1.5832886623235569e-03  -2.2036990177588233e-06  7.2506364856152628e-05  4.9518983708168648e-06  -1.9236986605538917e-04  -1.6246013256510649e-05
5.5199999999997601e+01  4.8267717260095890e-04  3.5867859358113005e-07  -1.6289256312001378e-03  -2.8142106451951065e-06  1.4912270540407151e-04  6.5852005769343600e-06  -2.1278799027134925e-04  -4.6898190782142311e-06
5.5599999999997500e+01  5.0630935736368891e-04  -1.0144869755824589e-08  -1.5555783634006359e-03  -2.4573902830425901e-06  2.2730272201744651e-04  5.5298138872375200e-06  -1.4040454466990914e-04  5.0555450038948098e-06
5.5999999999997399e+01  5.2074843449151668e-04  -2.5912683826438517e-07  -1.3753046641887443e-03  -1.6469993910097348e-06  2.1597621225521757e-04  3.0256543468290190e-06  -3.0556546047310941e-05  1.0471832158034184e-05
5.6399999999997299e+01  5.4195474065802231e-04  -1.4288326688784584e-06  -1.1323547233611248e-03  -7.1683506035656824e-07  2.9819141340704305e-05  6.0225440278800716e-07  1.4714190822682515e-05  1.1056814927746722e-05
5.6799999999997297e+01  5.9932835605187190e-04  -2.9181174159580483e-06  -8.8871529485486523e-04  3.7575150587035729e-07  -3.6088184195258417e-04  -1.0700405797582426e-06  -8.9065495093104021e-05  8.1891746226299333e-06
5.7199999999997203e+01  6.9789389396973829e-04  -2.9558655684235266e-06  -7.0274422892962021e-04  1.3233613789873467e-06  -9.1027223543480094e-04  -2.0514688329536665e-06  -3.6503217318091551e-04  4.1222696589507608e-06
5.7599999999997102e+01  8.0769525934893099e-04  -1.5859928332328755e-06  -6.0943511835768625e-04  1.6098539187216000e-06  -1.5085174129882677e-03  -2.4175340691111696e-06  -7.7321815506040071e-04  9.0868275042276799e-07
5.7999999999997002e+01  8.9169987525582791e-04  -4.4220507473557332e-07  -6.0755407265949187e-04  1.2899605001364337e-06  -2.0162542023553602e-03  -2.4652244184502226e-06  -1.2167817579915778e-03  -5.1056075387842872e-07
5.8399999999997000e+01  9.3428564074020523e-04  -2.6653926490026477e-07  -6.5645117259889064e-04  8.4451959292478268e-07  -2.3127800429866207e-03  -2.9523417184963092e-06  -1.5548200324429200e-03  -4.4795873051590383e-07
5.8799999999996899e+01  9.2961756120915097e-04  -7.0350111405422867e-07  -6.9083873577329726e-04  4.3741898952654050e-07  -2.3408224064376693e-03  -3.9685469952873810e-06  -1.6559742548840348e-03  4.1641035541059279e-07
5.9199999999996798e+01  8.5407516872816765e-04  -1.3274252288635143e-06  -6.5422774951638478e-04  4.8301342417700640e-09  -2.1264524816989780e-03  -4.2373658093793050e-06  -1.4774837404056798e-03  1.6248812592186179e-06
5.9599999999996697e+01  6.8128878134186680e-04  -1.7488920339138771e-06  -5.2563651544123777e-04  -1.6222962949478267e-07  -1.7643234056259889e-03  -2.6992065790707160e-06  -1.0964185353349314e-03  2.3789378327918956e-06
5.9999999999996597e+01  4.2853021030623016e-04  -1.9181092234032550e-06  -3.1621012733023000e-04  2.8034423480748322e-07  -1.3764908640002344e-03  7.2968757180068235e-08  -6.5684730916115979e-04  1.4007620800046706e-06
6.0399999999996602e+01  1.6194850060442546e-04  -2.2651889440468016e-06  -5.1731752279671618e-05  9.6339770205050189e-07  -1.0664649286442800e-03  2.9137369522187250e-06  -2.8425612039279820e-04  -1.6931582193925651e-06
6.0799999999996501e+01  -5.2993613195141133e-05  -2.6484925975234306e-06  2.3161268413991745e-04  1.1905441659553817e-06  -8.9203214777868140e-04  5.1572534908388119e-06  -3.9593924907028406e-05  -5.4537745730431582e-06
6.1199999999996400e+01  -1.9119744543187053e-04  -2.1438693438661655e-06  4.8582293973700302e-04  1.0279308463214084e-06  -8.6413541115869111e-04  6.0145262888238685e-06  7.4351230841515994e-05  -7.7392615904010010e-06
6.1599999999996299e+01  -2.5998316302687952e-04  -4.3579413250704824e-07  6.6690460077848247e-04  1.0634703925448385e-06  -9.5845227227575722e-04  4.7131730136108635e-06  9.0330517060262605e-05  -7.3341911620998431e-06
6.1999999999996199e+01  -2.7250661465487756e-04  1.6914000728348745e-06  7.6085416554230495e-04  1.2576626738077694e-06  -1.1268579955977915e-03  1.9758063727988855e-06  6.0310079734552792e-05  -4.2729487995068424e-06
6.2399999999996197e+01  -2.3464468128638120e-04  3.3517499681246740e-06  7.9071313752507040e-04  1.1744425571868028e-06  -1.3102028133037355e-03  -3.9102628631010893e-07  3.8287291349689255e-05  3.9752540421842125e-07
6.2799999999996103e+01  -1.4586688427490460e-04  4.1544419578405938e-06  7.9434621200814371e-04  1.0458292392310855e-06  -1.4538278133934470e-03  -1.7128923519289902e-06  5.7291248989116974e-05  4.7431597897432099e-06
6.3199999999996002e+01  -6.8481644980423302e-06  3.9592677779202249e-06  7.9491470696069981e-04  1.3611933639336668e-06  -1.5182755111493767e-03  -2.5896560290127415e-06  1.1187632879204841e-04  6.8093341633309177e-06
6.3599999999995902e+01  1.7066800649821951e-04  2.7169264936112398e-06  7.9403891779882007e-04  1.7654254841429086e-06  -1.4819339433070409e-03  -3.0362189643285882e-06  1.5707411110603767e-04  6.0176324726426378e-06
6.3999999999995801e+01  3.6097004369492600e-04  5.7977211598029845e-07  7.9121671623257615e-04  1.4585271328732980e-06  -1.3421320223999740e-03  -2.4038908359400684e-06  1.2395808750530679e-04  3.4614633502973023e-06
6.4399999999995998e+01  5.3249253423489728e-04  -2.0027654628415268e-06  8.0014843424066999e-04  3.3008201078165136e-07  -1.1195897020095816e-03  -9.4985655412311005e-07  -5.3633528033232779e-05  7.8347466547127356e-07
6.4799999999996203e+01  6.5737970607433912e-04  -4.2856299428319681e-06  8.3785105837024887e-04  -9.8369096726257593e-07  -8.6200924795923881e-04  2.7811404701628649e-07  -4.0826980061588848e-04  -1.0290524452877352e-06
6.5199999999996507e+01  7.1429117538250879e-04  -5.4583163156783606e-06  9.0367790783691564e-04  -1.7655263702150719e-06  -6.3509205161136413e-04  9.4882231129818764e-07  -9.1426518039002002e-04  -1.9374316201457174e-06
6.5599999999996697e+01  6.8946203701219589e-04  -5.0958331667717239e-06  9.8054819703632208e-04  -1.6802886336543914e-06  -4.9378243213810927e-04  1.4773692827769700e-06  -1.4825785208420076e-03  -2.3512900014760506e-06
6.5999999999996902e+01  5.8204820299943079e-04  -3.4670228857646911e-06  1.0541427483847837e-03  -9.7955803540590225e-07  -4.5000539912684378e-04  1.8478039974694613e-06  -1.9844749993548280e-03  -2.6019498456262092e-06
6.6399999999997107e+01  4.0839328516213751e-04  -1.3863566111501792e-06  1.1183423882413961e-03  -2.4988056614987025e-07  -4.6821067215691708e-04  1.5979042518961922e-06  -2.2980574911234748e-03  -2.9481253713602215e-06
6.6799999999997297e+01  1.9757918369325123e-04  3.2706972732024515e-07  1.1608014960425475e-03  2.1037406650280832e-07  -4.9363411235366669e-04  8.2128225503506609e-07  -2.3556861797440504e-03  -3.6056277962685944e-06
6.7199999999997502e+01  -1.9343569490828160e-05  1.3522168482597635e-06  1.1546711892793972e-03  4.8862806279741366e-07  -4.8113749387966115e-04  2.0066609560331550e-07  -2.1682593538311533e-03  -4.1682050163183130e-06
6.7599999999997706e+01  -2.1773404937817502e-04  1.9037809212052852e-06  1.0719206944107495e-03  5.4637644863067530e-07  -4.0086400246558748e-04  3.5474997094784424e-08  -1.8160899568809025e-03  -3.4167629719331767e-06
6.7999999999997897e+01  -3.8114422818399544e-04  2.3407555725118085e-06  9.0531147884030747e-04  1.1127530757919308e-07  -2.3527967820758354e-04  3.4554234444428507e-08  -1.4143929813310598e-03  -6.7645529373447384e-07
6.8399999999998101e+01  -4.9989904428868366e-04  2.7488859548629107e-06  6.7902923791175783e-04  -8.3002777870891370e-07  1.1146505672636832e-05  1.0839912183343529e-07  -1.0724319024019557e-03  2.8770561359249115e-06
6.8799999999998306e+01  -5.7120624620319758e-04  2.8419661182307802e-06  4.3925818068092984e-04  -1.7808813922992252e-06  2.9977890912774282e-04  5.5472901424356598e-07  -8.6360270011905148e-04  5.2879811236570801e-06
6.9199999999998496e+01  -6.0072856687305785e-04  2.2554265599244538e-06  2.3118517012814146e-04  -2.0663754628063037e-06  5.6931279206448289e-04  1.3171322887124838e-06  -8.1271799089313568e-04  5.8403435039741783e-06
6.9599999999998701e+01  -6.0196331154435700e-04  9.7805892448520808e-07  8.0629832248379468e-05  -1.3224928567855500e-06  7.7048763103234642e-04  1.8009993433003293e-06  -8.9762807368058814e-04  4.9916372306949045e-06
6.9999999999998906e+01  -5.9167713261148341e-04  -5.1746582576076575e-07  -6.2973367259566009e-06  2.4903199229480201e-07  8.9161656153734768e-04  1.6468877430591830e-06  -1.0622792007964840e-03  3.0655896070926476e-06
7.0399999999999096e+01  -5.8401999821615759e-04  -1.6154690826261347e-06  -3.1994223751203416e-05  2.0141561441860058e-06  9.5088003384209046e-04  1.1825697673521292e-06  -1.2398682549273790e-03  3.8987331439177226e-07
7.0799999999999301e+01  -5.8727091542776742e-04  -2.0177820160975735e-06  -2.6200276355437476e-07  3.3565206428512674e-06  9.7023411649565172e-04  9.6604233585419767e-07  -1.3769494855629090e-03  -1.9717875042023929e-06
7.1199999999999505e+01  -6.0429068103199973e-04  -1.8540164991585419e-06  8.2795981511213650e-05  4.0306447468815245e-06  9.6295215171762934e-04  1.1686240323315631e-06  -1.4419652749368189e-03  -3.0351830225240049e-06
7.1599999999999696e+01  -6.3460860652043115e-04  -1.3977178228550643e-06  2.0690455176235946e-04  4.0606906778957033e-06  9.4130125851709756e-04  1.4460395191571124e-06  -1.4158306356920891e-03  -2.9594937473977358e-06
7.1999999999999901e+01  -6.7588799957245965e-04  -7.4603771404693023e-07  3.5829652306901261e-04  3.4163218980647161e-06  9.2326965995421996e-04  1.3001626195651991e-06  -1.2869936843276078e-03  -2.3658622025009230e-06
7.2400000000000105e+01  -7.2436962767282397e-04  2.2825299977684851e-07  5.2063591034343104e-04  1.9995316077307718e-06  9.2565796587997418e-04  5.8905452577937778e-07  -1.0675003404514898e-03  -1.3380697878325090e-06
7.2800000000000296e+01  -7.7517456731858534e-04  1.6742987182550994e-06  6.7470151106119476e-04  -5.0787287772916240e-09  9.5442798928593300e-04  -3.3913234822096081e-07  -8.0832294603873909e-04  8.6279688902275307e-08
7.3200000000000500e+01  -8.2308964375716427e-04  3.5526912844015669e-06  7.9798374772057105e-04  -1.9559577792395645e-06  1.0047090726947746e-03  -1.0340572862784397e-06  -5.8079191228564350e-04  1.2589090119709874e-06
7.3600000000000705e+01  -8.6360279712779930e-04  5.5997250483243918e-06  8.6674345345637001e-04  -3.1092428428844803e-06  1.0675772732629371e-03  -1.3197759285823275e-06  -4.3355447778079036e-04  1.6035438790656277e-06
7.4000000000000995e+01  -8.9360828454620447e-04  7.4488477003191929e-06  8.6254822153818535e-04  -3.1469191188713203e-06  1.1349273974307237e-03  -1.2589893617032830e-06  -3.6966220802416982e-04  1.3858396624932455e-06
7.4400000000001199e+01  -9.1149668130788676e-04  8.7817255252678203e-06  7.8075960890280601e-04  -2.3210658614139309e-06  1.1990028161494540e-03  -9.4945393022816700e-07  -3.6149871575079026e-04  1.1957640569781228e-06
7.4800000000001404e+01  -9.1678667618501570e-04  9.4150478961723108e-06  6.3395001702351876e-04  -1.1661377407612595e-06  1.2473499172004762e-03  -4.5760381710235133e-07  -3.7443970831057698e-04  1.1191044974474624e-06
7.5200000000001594e+01  -9.0965771423267975e-04  9.3004975736683578e-06  4.4644519734416771e-04  -1.4859771615073070e-07  1.2582055819431632e-03  1.2409735748151197e-07  -3.7174744797021644e-04  8.6315194328167319e-07
7.5600000000001799e+01  -8.9065643128441083e-04  8.4669963575434485e-06  2.4481649022217885e-04  5.0899639144319543e-07  1.2053259150087102e-03  5.8653503980694347e-07  -3.1170394174207699e-04  3.6375426960299348e-07
7.6000000000002004e+01  -8.6061709100953719e-04  6.9690131072044067e-06  5.1926172098420269e-05  8.5547076181513181e-07  1.0738616707033359e-03  6.0486998932731111e-07  -1.6106402272697245e-04  -7.3754206665445064e-08
7.6400000000002194e+01  -8.2064423868802099e-04  4.8871932584139927e-06  -1.1412162516163254e-04  1.1174251725085210e-06  8.7433685634625571e-04  -1.4291147805057577e-08  7.9300967922440606e-05  -9.9759742779795848e-08
7.6800000000002399e+01  -7.7199823837922291e-04  2.3576303289412675e-06  -2.4034704043372513e-04  1.4739322252490426e-06  6.4081987966037378e-04  -1.0128072263685716e-06  3.6596555303903221e-04  3.5662985836024766e-07
7.7200000000002603e+01  -7.1588266575473806e-04  -4.2657769596412546e-07  -3.2092814468486018e-04  1.8459482057256233e-06  4.1478256306045356e-04  -1.7466460983243032e-06  6.3691836839271845e-04  1.0169930098236740e-06
7.7600000000002794e+01  -6.5327125410657050e-04  -3.2510241498561920e-06  -3.5883599082678033e-04  1.9356494815968050e-06  2.2861892214200171e-04  -1.6840580660300496e-06  8.4742488211463638e-04  1.4715618250377776e-06
7.8000000000002998e+01  -5.8488608129366132e-04  -5.9137329071464688e-06  -3.6450925412943413e-04  1.5169987583153148e-06  1.0001508147903104e-04  -7.8826202222926812e-07  9.8562818912818415e-04  1.5359179307058069e-06
7.8400000000003203e+01  -5.1130463713145000e-04  -8.2360481583335853e-06  -3.5187181466752525e-04  6.8295428095304253e-07  3.6082766762385482e-05  5.9262550062429146e-07  1.0610280194425286e-03  1.3968712919112629e-06
7.8800000000003394e+01  -4.3308821566074814e-04  -1.0073364043856668e-05  -3.3408780007842051e-04  -2.0839444251502477e-07  3.7688780170143213e-05  2.0578978553209346e-06  1.0869430833875973e-03  1.3537295764916891e-06
7.9200000000003598e+01  -3.5085022231612817e-04  -1.1341451989364592e-05  -3.2098264872507587e-04  -8.1407591407581797e-07  9.8685448026839337e-05  3.2946732545043807e-06  1.0759905027139178e-03  1.4535245013199432e-06
7.9600000000003803e+01  -2.6525757141019230e-04  -1.2032360635178383e-05  -3.1836252188556475e-04  -1.0126072917401418e-06  2.0521406969323085e-04  4.0210514263702687e-06  1.0452629862518995e-03  1.4463192432549945e-06
8.0000000000003993e+01  -1.7700580354848566e-04  -1.2194720593095565e-05  -3.2834924512079272e-04  -8.6699109629223824e-07  3.4056569730323271e-04  3.9700866459155961e-06  1.0167976594110846e-03  1.0675064516134532e-06
8.0400000000004198e+01  -8.6810599542253738e-05  -1.1898708547386842e-05  -3.4992680482586765e-04  -4.5964624119910053e-07  4.9078184779454640e-04  3.0081787873321814e-06  1.0089453214950619e-03  3.2230684582893807e-07
8.0800000000004403e+01  4.5714745424803240e-06  -1.1223420792472834e-05  -3.7962617948871083e-04  1.9803273242357862e-07  6.4311517605363877e-04  1.2878219707461099e-06  1.0278499713037002e-03  -4.9279729627922833e-07
8.1200000000004593e+01  9.6321221336777670e-05  -1.0269961382858030e-05  -4.1263791207252985e-04  1.1279022216983617e-06  7.7966886409282124e-04  -7.1542201662185283e-07  1.0682919325252936e-03  -1.0405304624366933e-06
8.1600000000004798e+01  1.8757806978910311e-04  -9.1660277333915229e-06  -4.4422562636744459e-04  2.3109519542256216e-06  8.7608281252356821e-04  -2.3653055781395912e-06  1.1218077706352672e-03  -1.2094650026208268e-06
8.2000000000005002e+01  2.7750989581586810e-04  -8.0359419099050715e-06  -4.7078666704400451e-04  3.6593058968659235e-06  9.0905334292762027e-04  -3.1612757024272420e-06  1.1823159284905227e-03  -1.1135874761464295e-06
8.2400000000005207e+01  3.6537182732338533e-04  -6.9557313234798852e-06  -4.9004422538986153e-04  5.0305715960146338e-06  8.6649907183956529e-04  -2.9782101745255577e-06  1.2437804104278361e-03  -8.7182218159186655e-07
8.2800000000005497e+01  4.5047685919573230e-04  -5.9372705140876174e-06  -5.0054527299078473e-04  6.2465759136164119e-06  7.5252733864053100e-04  -2.0904804554339931e-06  1.2936528891020114e-03  -4.9892072564757607e-07
8.3200000000005701e+01  5.3207276901551096e-04  -4.9565150497818654e-06  -5.0113353522472865e-04  7.1084464187635723e-06  5.8487827824654196e-04  -9.8384295169003482e-07  1.3099539451058571e-03  -3.9539489087618036e-08
8.3600000000005906e+01  6.0922500455780544e-04  -3.9968857414374007e-06  -4.9090673597527925e-04  7.4281463418617590e-06  3.8799638288279409e-04  -9.3576378477876413e-08  1.2673338257999790e-03  3.0434545360012689e-07
8.4000000000006096e+01  6.8082905162949645e-04  -3.0698566381964435e-06  -4.6958885326886350e-04  7.0824952645329448e-06  1.8656079616318581e-04  3.8966443549873946e-07  1.1506017793088169e-03  2.8094628648920347e-07
8.4400000000006301e+01  7.4577034086269461e-04  -2.2038527689122646e-06  -4.3782158868614152e-04  6.0577608324245245e-06  2.1012902673549712e-06  5.6847940316069451e-07  9.6629947527700493e-04  -1.7886315727510388e-07
8.4800000000006506e+01  8.0310817431591638e-04  -1.4246252507804708e-06  -3.9698728250196449e-04  4.4459972117611519e-06  -1.4844313673801214e-04  7.1106443743872952e-07  7.4198272707830801e-04  -8.5731153951738675e-07
8.5200000000006696e+01  8.5213214209577473e-04  -7.5161833977865522e-07  -3.4869519690482631e-04  2.3983522442590508e-06  -2.5466738119689694e-04  1.0001731959975647e-06  5.1363118415663099e-04  -1.3682284535758474e-06
8.5600000000006901e+01  8.9226290520573914e-04  -2.0808904568552042e-07  -2.9441557447907522e-04  8.0024131076675171e-08  -3.1500117354712787e-04  1.3467918658612550e-06  3.1270185795680160e-04  -1.3927713369596428e-06
8.6000000000007105e+01  9.2291875290997514e-04  1.7660743769830911e-07  -2.3550802502692302e-04  -2.3449817230064157e-06  -3.3670408094670556e-04  1.4605035572472268e-06  1.6141870916897016e-04  -8.4498984252637704e-07
8.6400000000007296e+01  9.4349320252461286e-04  3.8249215001959340e-07  -1.7335730164393925e-04  -4.7139824668502328e-06  -3.3238374597373353e-04  1.1314846506695813e-06  7.3433935512892576e-05  1.4466212872871734e-07
8.6800000000007500e+01  9.5346755657743523e-04  4.1728220250515333e-07  -1.0917058954393059e-04  -6.8755549514275149e-06  -3.1524015730172660e-04  4.3914455873649241e-07  5.3424245684007083e-05  1.3528112384688640e-06
8.7200000000007705e+01  9.5254370442507375e-04  3.1748722503721912e-07  -4.3433145785752396e-05  -8.7079323467838124e-06  -2.9596510864039369e-04  -3.1806114092750916e-07  9.5633764483329042e-05  2.5305372787947084e-06
8.7600000000007896e+01  9.4066987110179095e-04  1.3131481054603868e-07  2.4402286943794397e-05  -1.0126947166544273e-05  -2.8200604301164195e-04  -8.5968687274608803e-07  1.8601648699643564e-04  3.3956819634409330e-06
8.8000000000008100e+01  9.1794967188319713e-04  -9.9240153387866346e-08  9.5382549157246589e-05  -1.1079727472718729e-05  -2.7791964460647801e-04  -1.0643383892212513e-06  3.0875702636636997e-04  3.6702763275792211e-06
8.8400000000008305e+01  8.8453869257442818e-04  -3.4269348761136737e-07  1.6979113211666055e-04  -1.1540036279890123e-05  -2.8558058597832176e-04  -9.2416286050492686e-07  4.5136709644290915e-04  3.1893276479781292e-06
8.8800000000008495e+01  8.4062682479769816e-04  -5.7181217609268456e-07  2.4616471734304482e-04  -1.1515063510266833e-05  -3.0416684868838105e-04  -4.4945953699786878e-07  6.0262647704379508e-04  1.9845424498705470e-06
8.9200000000008700e+01  7.8649782550164289e-04  -7.5974443164640433e-07  3.2167634113814482e-04  -1.1054232349816521e-05  -3.3049526025149352e-04  3.4264571070128263e-07  7.4577144579520880e-04  3.0238559746429096e-07
8.9600000000008905e+01  7.2257234544923095e-04  -8.8430083577827537e-07  3.9385979946634261e-04  -1.0245157954931511e-05  -3.5998589371455869e-04  1.3867625108437733e-06  8.5609309852669499e-04  -1.4228143746036795e-06
9.0000000000009095e+01  6.4937128644687006e-04  -9.3433680775878111e-07  4.6227511814406989e-04  -9.1938097667579895e-06  -3.8791820324780813e-04  2.5708023553385677e-06  9.0805128321483678e-04  -2.6771110686892329e-06
