# downsampled to dt=0.5 from the every-step stream
# time matter_min_NEC matter_min_WEC matter_min_SEC matter_min_DEC matter_integral_NEC_violation
   0.0100000   -2.1737572691e-04   -1.3266894738e-03   -1.3944830824e-03   -5.3657744337e-04    1.9093429477e-02
   0.5100000   -2.1835924314e-04   -1.3327819813e-03   -1.4006336382e-03   -5.3902420994e-04    1.9161350398e-02
   1.0100000   -2.2008950991e-04   -1.3431546180e-03   -1.4118766810e-03   -5.4325758681e-04    1.9214534012e-02
   1.5100000   -2.1898596959e-04   -1.3363951264e-03   -1.4038563769e-03   -5.4054010569e-04    1.9244615690e-02
   2.0100000   -2.1300849602e-04   -1.3004735568e-03   -1.3651787737e-03   -5.2589702307e-04    1.9250305675e-02
   2.5100000   -2.1193692714e-04   -1.2939210651e-03   -1.3588325732e-03   -5.2324368847e-04    1.9239401570e-02
   3.0100000   -2.1437640683e-04   -1.3085555200e-03   -1.3746002302e-03   -5.2921522832e-04    1.9234201093e-02
   3.5100000   -2.1537979913e-04   -1.3147613671e-03   -1.3811493084e-03   -5.3170663371e-04    1.9248887088e-02
   4.0100000   -2.1619151070e-04   -1.3196817105e-03   -1.3863798031e-03   -5.3370353725e-04    1.9284696149e-02
   4.5100000   -2.1673568108e-04   -1.3229185456e-03   -1.3899409651e-03   -5.3502972139e-04    1.9308672616e-02
   5.0100000   -2.1675136973e-04   -1.3230507857e-03   -1.3900443825e-03   -5.3507540423e-04    1.9325272349e-02
   5.5100000   -2.1696038883e-04   -1.3243762709e-03   -1.3913504471e-03   -5.3560152869e-04    1.9337575569e-02
   6.0100000   -2.1740230439e-04   -1.3270566278e-03   -1.3940538142e-03   -5.3669109683e-04    1.9347517054e-02
   6.5100000   -2.1734967725e-04   -1.3267257758e-03   -1.3935303405e-03   -5.3656219505e-04    1.9361508036e-02
   7.0100000   -2.1672785697e-04   -1.3229591400e-03   -1.3894235029e-03   -5.3503476940e-04    1.9381133433e-02
   7.5100000   -2.1601475850e-04   -1.3187401120e-03   -1.3849315043e-03   -5.3330110835e-04    1.9397462173e-02
   8.0100000   -2.1557185179e-04   -1.3160667375e-03   -1.3821472279e-03   -5.3221228551e-04    1.9407133661e-02
   8.5100000   -2.1552972080e-04   -1.3158273143e-03   -1.3819506541e-03   -5.3211038330e-04    1.9416458702e-02
   9.0100000   -2.1584396410e-04   -1.3177473549e-03   -1.3839912947e-03   -5.3288600524e-04    1.9426847458e-02
   9.5100000   -2.1629726318e-04   -1.3205056039e-03   -1.3868420216e-03   -5.3400403459e-04    1.9437180538e-02
  10.0100000   -2.1663081571e-04   -1.3225316149e-03   -1.3888622824e-03   -5.3482714474e-04    1.9448181397e-02
  10.5100000   -2.1668309596e-04   -1.3228477690e-03   -1.3890714708e-03   -5.3495743583e-04    1.9462489583e-02
  11.0100000   -2.1646054621e-04   -1.3214982980e-03   -1.3875664350e-03   -5.3441080887e-04    1.9480166396e-02
  11.5100000   -2.1612753327e-04   -1.3194846306e-03   -1.3854249256e-03   -5.3359222029e-04    1.9497848347e-02
  12.0100000   -2.1591174168e-04   -1.3181879620e-03   -1.3840864189e-03   -5.3306250878e-04    1.9513115564e-02
  12.5100000   -2.1597030761e-04   -1.3185577142e-03   -1.3845076615e-03   -5.3320858259e-04    1.9525870829e-02
  13.0100000   -2.1629759579e-04   -1.3205551776e-03   -1.3866032148e-03   -5.3401637227e-04    1.9536658071e-02
  13.5100000   -2.1672843634e-04   -1.3231760282e-03   -1.3892962546e-03   -5.3507908429e-04    1.9546860764e-02
  14.0100000   -2.1703358800e-04   -1.3250306847e-03   -1.3911404581e-03   -5.3583239072e-04    1.9559134251e-02
  14.5100000   -2.1705339123e-04   -1.3251543017e-03   -1.3911607732e-03   -5.3588331365e-04    1.9575340261e-02
  15.0100000   -2.1679261955e-04   -1.3235796786e-03   -1.3894303827e-03   -5.3524359461e-04    1.9594411449e-02
  15.5100000   -2.1641931036e-04   -1.3213274165e-03   -1.3870374845e-03   -5.3432686820e-04    1.9612910523e-02
  16.0100000   -2.1616668468e-04   -1.3198100012e-03   -1.3854519005e-03   -5.3370721791e-04    1.9628827720e-02
  16.5100000   -2.1619639532e-04   -1.3200039650e-03   -1.3856660529e-03   -5.3378246055e-04    1.9641866694e-02
  17.0100000   -2.1650445031e-04   -1.3218822005e-03   -1.3876195684e-03   -5.3454267619e-04    1.9652891114e-02
  17.5100000   -2.1692478852e-04   -1.3244375890e-03   -1.3902428531e-03   -5.3557922856e-04    1.9663839534e-02
  18.0100000   -2.1722794058e-04   -1.3262811571e-03   -1.3920910059e-03   -5.3632756560e-04    1.9677208768e-02
  18.5100000   -2.1725682673e-04   -1.3264637321e-03   -1.3921963426e-03   -5.3640118658e-04    1.9694321803e-02
  19.0100000   -2.1701920712e-04   -1.3250342777e-03   -1.3906357824e-03   -5.3581907188e-04    1.9713714415e-02
  19.5100000   -2.1668123028e-04   -1.3229994206e-03   -1.3884735177e-03   -5.3498992224e-04    1.9732365276e-02
  20.0100000   -2.1646625439e-04   -1.3217104765e-03   -1.3871151243e-03   -5.3446325311e-04    1.9748398533e-02
  20.5100000   -2.1652078740e-04   -1.3220527809e-03   -1.3874662417e-03   -5.3459953001e-04    1.9761630100e-02
  21.0100000   -2.1682832838e-04   -1.3239255122e-03   -1.3894013416e-03   -5.3535825597e-04    1.9773416249e-02
  21.5100000   -2.1722166595e-04   -1.3263167762e-03   -1.3918537269e-03   -5.3632826913e-04    1.9785792449e-02
  22.0100000   -2.1748490619e-04   -1.3279207298e-03   -1.3934645888e-03   -5.3697858904e-04    1.9800676131e-02
  22.5100000   -2.1748330529e-04   -1.3279225323e-03   -1.3933980575e-03   -5.3697763256e-04    1.9818474554e-02
  23.0100000   -2.1724254898e-04   -1.3264775776e-03   -1.3918316359e-03   -5.3638829697e-04    1.9837605975e-02
  23.5100000   -2.1693013785e-04   -1.3245988179e-03   -1.3898301152e-03   -5.3562237553e-04    1.9855698212e-02
  24.0100000   -2.1675184262e-04   -1.3235306892e-03   -1.3886894570e-03   -5.3518597474e-04    1.9871381879e-02
  24.5100000   -2.1682776169e-04   -1.3239998733e-03   -1.3891580029e-03   -5.3537465795e-04    1.9884909197e-02
  25.0100000   -2.1712294557e-04   -1.3257958211e-03   -1.3910049973e-03   -5.3610276926e-04    1.9897564199e-02
  25.5100000   -2.1747244247e-04   -1.3279217053e-03   -1.3931840298e-03   -5.3696489691e-04    1.9910933329e-02
  26.0100000   -2.1768336833e-04   -1.3292109448e-03   -1.3944788509e-03   -5.3748669230e-04    1.9926310526e-02
  26.5100000   -2.1765109710e-04   -1.3290296554e-03   -1.3942344202e-03   -5.3741054821e-04    1.9943740163e-02
  27.0100000   -2.1741926575e-04   -1.3276401442e-03   -1.3927318588e-03   -5.3684335563e-04    1.9961810223e-02
  27.5100000   -2.1714875912e-04   -1.3260143477e-03   -1.3909901631e-03   -5.3618050627e-04    1.9978822548e-02
  28.0100000   -2.1701728287e-04   -1.3252272507e-03   -1.3901318821e-03   -5.3585906616e-04    1.9994005017e-02
  28.5100000   -2.1711259266e-04   -1.3258112315e-03   -1.3907098822e-03   -5.3609517802e-04    2.0007714039e-02
  29.0100000   -2.1738361651e-04   -1.3274596199e-03   -1.3923995737e-03   -5.3676369864e-04    2.0021031794e-02
  29.5100000   -2.1767629042e-04   -1.3292419936e-03   -1.3942255703e-03   -5.3748606188e-04    2.0035087092e-02
  30.0100000   -2.1782946350e-04   -1.3301831248e-03   -1.3951675033e-03   -5.3786590143e-04    2.0050546399e-02
  30.5100000   -2.1777133068e-04   -1.3298463869e-03   -1.3947696139e-03   -5.3772620769e-04    2.0067190915e-02
  31.0100000   -2.1755852039e-04   -1.3285715924e-03   -1.3933889201e-03   -5.3720572273e-04    2.0083991871e-02
  31.5100000   -2.1733661825e-04   -1.3272379561e-03   -1.3919472019e-03   -5.3666218781e-04    2.0099935503e-02
  32.0100000   -2.1724930314e-04   -1.3267154405e-03   -1.3913569705e-03   -5.3644905892e-04    2.0114655408e-02
  32.5100000   -2.1735301101e-04   -1.3273481627e-03   -1.3919801461e-03   -5.3670558054e-04    2.0128570490e-02
  33.0100000   -2.1758779306e-04   -1.3287765013e-03   -1.3934405216e-03   -5.3728485802e-04    2.0142448039e-02
  33.5100000   -2.1781882126e-04   -1.3301862180e-03   -1.3948836200e-03   -5.3785559916e-04    2.0156872743e-02
  34.0100000   -2.1792020740e-04   -1.3308144811e-03   -1.3955069163e-03   -5.3810804969e-04    2.0172080469e-02
  34.5100000   -2.1784905917e-04   -1.3303985749e-03   -1.3950315801e-03   -5.3793620729e-04    2.0187805634e-02
  35.0100000   -2.1766623833e-04   -1.3293035266e-03   -1.3938386139e-03   -5.3748920084e-04    2.0203501283e-02
  35.5100000   -2.1749449224e-04   -1.3282708357e-03   -1.3927071977e-03   -5.3706866698e-04    2.0218669638e-02
  36.0100000   -2.1744245856e-04   -1.3279594263e-03   -1.3923330391e-03   -5.3694199584e-04    2.0233215586e-02
  36.5100000   -2.1754153644e-04   -1.3285627218e-03   -1.3929241433e-03   -5.3718694291e-04    2.0247448551e-02
  37.0100000   -2.1773212385e-04   -1.3297232632e-03   -1.3941077874e-03   -5.3765745549e-04    2.0261783359e-02
  37.5100000   -2.1790435675e-04   -1.3307771895e-03   -1.3951850158e-03   -5.3808353502e-04    2.0276406951e-02
  38.0100000   -2.1796590255e-04   -1.3311637936e-03   -1.3955613504e-03   -5.3823783655e-04    2.0291361468e-02
  38.5100000   -2.1789491878e-04   -1.3307472042e-03   -1.3950879586e-03   -5.3806607831e-04    2.0306619061e-02
  39.0100000   -2.1774784534e-04   -1.3298658966e-03   -1.3941177475e-03   -5.3770656323e-04    2.0322138847e-02
  39.5100000   -2.1762077907e-04   -1.3291008942e-03   -1.3932640628e-03   -5.3739550055e-04    2.0337602109e-02
  40.0100000   -2.1759073433e-04   -1.3289205886e-03   -1.3930261372e-03   -5.3732261457e-04    2.0352978167e-02
  40.5100000   -2.1767260530e-04   -1.3294188044e-03   -1.3935094707e-03   -5.3752509069e-04    2.0368398411e-02
  41.0100000   -2.1781538230e-04   -1.3302896015e-03   -1.3943947349e-03   -5.3787792248e-04    2.0383949598e-02
  41.5100000   -2.1793657223e-04   -1.3310338679e-03   -1.3951531807e-03   -5.3817829149e-04    2.0399557928e-02
  42.0100000   -2.1797198085e-04   -1.3312605235e-03   -1.3953656470e-03   -5.3826796711e-04    2.0415120472e-02
  42.5100000   -2.1791101030e-04   -1.3309017741e-03   -1.3949538793e-03   -5.3812034266e-04    2.0430758930e-02
  43.0100000   -2.1779829975e-04   -1.3302253455e-03   -1.3941979008e-03   -5.3784481269e-04    2.0446564912e-02
  43.5100000   -2.1770358284e-04   -1.3296535426e-03   -1.3935469262e-03   -5.3761287794e-04    2.0462586899e-02
  44.0100000   -2.1767991675e-04   -1.3295101993e-03   -1.3933502430e-03   -5.3755539946e-04    2.0478890370e-02
  44.5100000   -2.1773525333e-04   -1.3298468712e-03   -1.3936689565e-03   -5.3769243671e-04    2.0495312875e-02
  45.0100000   -2.1783214404e-04   -1.3304389242e-03   -1.3942673907e-03   -5.3793220952e-04    2.0511673851e-02
  45.5100000   -2.1791284123e-04   -1.3309362457e-03   -1.3947710949e-03   -5.3813264040e-04    2.0527792955e-02
  46.0100000   -2.1793311344e-04   -1.3310683404e-03   -1.3948864633e-03   -5.3818456214e-04    2.0543717310e-02
  46.5100000   -2.1788518547e-04   -1.3307849629e-03   -1.3945544376e-03   -5.3806838597e-04    2.0559635005e-02
  47.0100000   -2.1779847524e-04   -1.3302625611e-03   -1.3939612110e-03   -5.3785620743e-04    2.0575855777e-02
  47.5100000   -2.1772009737e-04   -1.3297871847e-03   -1.3934146877e-03   -5.3766400306e-04    2.0592519649e-02
  48.0100000   -2.1768774186e-04   -1.3295896591e-03   -1.3931667129e-03   -5.3758484357e-04    2.0609519233e-02
  48.5100000   -2.1771030954e-04   -1.3297266418e-03   -1.3932822868e-03   -5.3764102319e-04    2.0626523712e-02
  49.0100000   -2.1776584565e-04   -1.3300664262e-03   -1.3936212489e-03   -5.3777872941e-04    2.0643162409e-02
  49.5100000   -2.1781595058e-04   -1.3303755260e-03   -1.3939304451e-03   -5.3790338267e-04    2.0659224573e-02
  50.0100000   -2.1782732629e-04   -1.3304498385e-03   -1.3939865430e-03   -5.3793272966e-04    2.0674875921e-02
  50.5100000   -2.1778866426e-04   -1.3302184883e-03   -1.3937106982e-03   -5.3783861171e-04    2.0690532045e-02
  51.0100000   -2.1771480125e-04   -1.3297704418e-03   -1.3931991121e-03   -5.3765739528e-04    2.0706588675e-02
  51.5100000   -2.1763719809e-04   -1.3292972751e-03   -1.3926610165e-03   -5.3746661226e-04    2.0723206460e-02
  52.0100000   -2.1758661183e-04   -1.3289874560e-03   -1.3923025453e-03   -5.3734222808e-04    2.0740143341e-02
  52.5100000   -2.1757719109e-04   -1.3289286142e-03   -1.3922190519e-03   -5.3731932048e-04    2.0756956261e-02
  53.0100000   -2.1759988110e-04   -1.3290664628e-03   -1.3923501186e-03   -5.3737569170e-04    2.0773285854e-02
  53.5100000   -2.1762802970e-04   -1.3292385313e-03   -1.3925173570e-03   -5.3744562517e-04    2.0788960381e-02
  54.0100000   -2.1763194689e-04   -1.3292630938e-03   -1.3925227247e-03   -5.3745581390e-04    2.0804235838e-02
  54.5100000   -2.1759470695e-04   -1.3290360652e-03   -1.3922546132e-03   -5.3736440792e-04    2.0819599577e-02
  55.0100000   -2.1752088178e-04   -1.3285847844e-03   -1.3917455061e-03   -5.3718261836e-04    2.0835478257e-02
  55.5100000   -2.1743367276e-04   -1.3280507356e-03   -1.3911513130e-03   -5.3696766431e-04    2.0851925268e-02
  56.0100000   -2.1736216515e-04   -1.3276116716e-03   -1.3906649866e-03   -5.3679131901e-04    2.0868614834e-02
  56.5100000   -2.1732564356e-04   -1.3273856233e-03   -1.3904118763e-03   -5.3670118536e-04    2.0885004134e-02
  57.0100000   -2.1732321824e-04   -1.3273673663e-03   -1.3903823440e-03   -5.3669507675e-04    2.0900734104e-02
  57.5100000   -2.1733408901e-04   -1.3274300201e-03   -1.3904363515e-03   -5.3672167507e-04    2.0915761412e-02
  58.0100000   -2.1736760071e-04   -1.3274589750e-03   -1.3904596077e-03   -5.3676903248e-04    2.0930519446e-02
  58.5100000   -2.1743042935e-04   -1.3278610041e-03   -1.3908174685e-03   -5.3692847681e-04    2.0945569982e-02
  59.0100000   -2.1746014734e-04   -1.3280610659e-03   -1.3909638724e-03   -5.3700621027e-04    2.0961271202e-02
  59.5100000   -2.1747091889e-04   -1.3281462169e-03   -1.3909966906e-03   -5.3703723741e-04    2.0977496155e-02
  60.0100000   -2.1748684690e-04   -1.3282634170e-03   -1.3910721543e-03   -5.3708100616e-04    2.0993848980e-02
  60.5100000   -2.1752813318e-04   -1.3285351788e-03   -1.3913156496e-03   -5.3718727396e-04    2.1009901818e-02
  61.0100000   -2.1759959705e-04   -1.3289900752e-03   -1.3917511206e-03   -5.3736784699e-04    2.1025334261e-02
  61.5100000   -2.1768852932e-04   -1.3295501660e-03   -1.3922914951e-03   -5.3759134064e-04    2.1040290306e-02
  62.0100000   -2.1777234283e-04   -1.3300778527e-03   -1.3927907403e-03   -5.3780206439e-04    2.1055086874e-02
  62.5100000   -2.1783075880e-04   -1.3304501106e-03   -1.3931225126e-03   -5.3795006722e-04    2.1070155065e-02
  63.0100000   -2.1785613459e-04   -1.3306211813e-03   -1.3932442006e-03   -5.3801658669e-04    2.1085719567e-02
  63.5100000   -2.1785755939e-04   -1.3306470518e-03   -1.3932193260e-03   -5.3802410351e-04    2.1101663770e-02
  64.0100000   -2.1785678785e-04   -1.3306601546e-03   -1.3931881546e-03   -5.3802624904e-04    2.1117635539e-02
  64.5100000   -2.1787697689e-04   -1.3308006577e-03   -1.3932950038e-03   -5.3808000911e-04    2.1133254810e-02
  65.0100000   -2.1792931061e-04   -1.3311355901e-03   -1.3936053228e-03   -5.3821281552e-04    2.1148312937e-02
  65.5100000   -2.1800552319e-04   -1.3316141646e-03   -1.3940619089e-03   -5.3840423095e-04    2.1162921769e-02
  66.0100000   -2.1808203338e-04   -1.3320933005e-03   -1.3945139652e-03   -5.3859619480e-04    2.1177418023e-02
  66.5100000   -2.1813389753e-04   -1.3324221301e-03   -1.3948059532e-03   -5.3872735564e-04    2.1192217983e-02
  67.0100000   -2.1814975497e-04   -1.3325322409e-03   -1.3948703985e-03   -5.3876980485e-04    2.1207505854e-02
  67.5100000   -2.1813834582e-04   -1.3324769360e-03   -1.3947663788e-03   -5.3874509061e-04    2.1223167346e-02
  68.0100000   -2.1812304884e-04   -1.3323980246e-03   -1.3946428735e-03   -5.3871076768e-04    2.1238765221e-02
  68.5100000   -2.1812808533e-04   -1.3324421323e-03   -1.3946511682e-03   -5.3872642951e-04    2.1253904442e-02
  69.0100000   -2.1816431887e-04   -1.3326746924e-03   -1.3948565270e-03   -5.3881875886e-04    2.1268518639e-02
  69.5100000   -2.1822283312e-04   -1.3330413190e-03   -1.3951997828e-03   -5.3896576273e-04    2.1282789714e-02
  70.0100000   -2.1828039902e-04   -1.3334012437e-03   -1.3955333537e-03   -5.3911027424e-04    2.1297077840e-02
  70.5100000   -2.1831364568e-04   -1.3336131410e-03   -1.3957108207e-03   -5.3919482014e-04    2.1311712175e-02
  71.0100000   -2.1831298729e-04   -1.3336191525e-03   -1.3956739174e-03   -5.3919583935e-04    2.1326939363e-02
  71.5100000   -2.1828792992e-04   -1.3334767997e-03   -1.3954848144e-03   -5.3913671011e-04    2.1342844615e-02
  72.0100000   -2.1826123969e-04   -1.3333237985e-03   -1.3952883004e-03   -5.3907342518e-04    2.1358921515e-02
  72.5100000   -2.1825555278e-04   -1.3332972397e-03   -1.3952267891e-03   -5.3906168444e-04    2.1374818118e-02
  73.0100000   -2.1827963197e-04   -1.3334503867e-03   -1.3953539088e-03   -5.3912307564e-04    2.1390478241e-02
  73.5100000   -2.1832232501e-04   -1.3337158435e-03   -1.3955974103e-03   -5.3923017013e-04    2.1406079806e-02
  74.0100000   -2.1835894552e-04   -1.3339440099e-03   -1.3958004963e-03   -5.3932220400e-04    2.1421878766e-02
  74.5100000   -2.1836693097e-04   -1.3339980076e-03   -1.3958210162e-03   -5.3934363077e-04    2.1438180090e-02
  75.0100000   -2.1834031780e-04   -1.3338415748e-03   -1.3956224504e-03   -5.3927977261e-04    2.1455158360e-02
  75.5100000   -2.1829292853e-04   -1.3335584364e-03   -1.3952933677e-03   -5.3916465893e-04    2.1472439738e-02
  76.0100000   -2.1824874784e-04   -1.3332938926e-03   -1.3949861106e-03   -5.3905731071e-04    2.1489800830e-02
  76.5100000   -2.1822707214e-04   -1.3331647944e-03   -1.3948226896e-03   -5.3900518386e-04    2.1506961329e-02
  77.0100000   -2.1823206953e-04   -1.3331964041e-03   -1.3948288429e-03   -5.3901851052e-04    2.1523941872e-02
  77.5100000   -2.1825165635e-04   -1.3333157007e-03   -1.3949273216e-03   -5.3906757495e-04    2.1540827476e-02
  78.0100000   -2.1826480441e-04   -1.3333955445e-03   -1.3949845446e-03   -5.3910068624e-04    2.1557790890e-02
  78.5100000   -2.1825304204e-04   -1.3333240781e-03   -1.3948834623e-03   -5.3907242079e-04    2.1575050909e-02
  79.0100000   -2.1821051607e-04   -1.3330655360e-03   -1.3945870650e-03   -5.3896833837e-04    2.1592576301e-02
  79.5100000   -2.1814728781e-04   -1.3326804022e-03   -1.3941592249e-03   -5.3881312043e-04    2.1610210537e-02
  80.0100000   -2.1808368591e-04   -1.3322915829e-03   -1.3937291067e-03   -5.3865674740e-04    2.1627635913e-02
  80.5100000   -2.1803863991e-04   -1.3320139449e-03   -1.3934172288e-03   -5.3854582995e-04    2.1644703346e-02
  81.0100000   -2.1801853733e-04   -1.3318866685e-03   -1.3932644893e-03   -5.3849615495e-04    2.1661449037e-02
  81.5100000   -2.1801304432e-04   -1.3318475740e-03   -1.3932053910e-03   -5.3848233654e-04    2.1678051101e-02
  82.0100000   -2.1800085455e-04   -1.3317676641e-03   -1.3931045416e-03   -5.3845193196e-04    2.1694645804e-02
  82.5100000   -2.1796273412e-04   -1.3315301056e-03   -1.3928395237e-03   -5.3835756338e-04    2.1711314330e-02
  83.0100000   -2.1789392850e-04   -1.3311055863e-03   -1.3923796347e-03   -5.3818748900e-04    2.1728006521e-02
  83.5100000   -2.1780723713e-04   -1.3305712598e-03   -1.3918055612e-03   -5.3797319410e-04    2.1744625112e-02
  84.0100000   -2.1772414075e-04   -1.3300572454e-03   -1.3912535026e-03   -5.3776755652e-04    2.1761108073e-02
  84.5100000   -2.1766027582e-04   -1.3296586305e-03   -1.3908232857e-03   -5.3760908281e-04    2.1777582292e-02
  85.0100000   -2.1768322190e-04   -1.3296786516e-03   -1.3908424873e-03   -5.3764078685e-04    2.1793847314e-02
  85.5100000   -2.1777756708e-04   -1.3302767896e-03   -1.3914111024e-03   -5.3787884764e-04    2.1809862548e-02
  86.0100000   -2.1786830330e-04   -1.3308522759e-03   -1.3919557413e-03   -5.3810788859e-04    2.1825715180e-02
  86.5100000   -2.1793960872e-04   -1.3313091899e-03   -1.3923760765e-03   -5.3828897597e-04    2.1841517536e-02
  87.0100000   -2.1798700322e-04   -1.3316204158e-03   -1.3926442781e-03   -5.3841108778e-04    2.1857459088e-02
  87.5100000   -2.1801865243e-04   -1.3318353919e-03   -1.3928127709e-03   -5.3849429937e-04    2.1873552448e-02
  88.0100000   -2.1804936973e-04   -1.3320437049e-03   -1.3929758550e-03   -5.3857502313e-04    2.1889617505e-02
  88.5100000   -2.1809190785e-04   -1.3323224827e-03   -1.3932145017e-03   -5.3868461425e-04    2.1905437809e-02
  89.0100000   -2.1815043043e-04   -1.3326970510e-03   -1.3935551370e-03   -5.3883333969e-04    2.1920994463e-02
  89.5100000   -2.1821894857e-04   -1.3331314384e-03   -1.3939597402e-03   -5.3900651860e-04    2.1936324778e-02
  90.0100000   -2.1828492945e-04   -1.3335499507e-03   -1.3943485187e-03   -5.3917334984e-04    2.1951545144e-02
  90.5100000   -2.1833610985e-04   -1.3338781794e-03   -1.3946430265e-03   -5.3930363775e-04    2.1966669269e-02
  91.0100000   -2.1836708442e-04   -1.3340829549e-03   -1.3948083068e-03   -5.3938401592e-04    2.1981758982e-02
  91.5100000   -2.1838215157e-04   -1.3341899215e-03   -1.3948715793e-03   -5.3942500194e-04    2.1996761801e-02
  92.0100000   -2.1839272761e-04   -1.3342681905e-03   -1.3949061381e-03   -5.3945467843e-04    2.2011641549e-02
  92.5100000   -2.1841066816e-04   -1.3343899083e-03   -1.3949885198e-03   -5.3950226093e-04    2.2026404967e-02
  93.0100000   -2.1844123535e-04   -1.3345873881e-03   -1.3951529247e-03   -5.3958075659e-04    2.2041123163e-02
  93.5100000   -2.1847975505e-04   -1.3348325405e-03   -1.3953693458e-03   -5.3967869541e-04    2.2055746003e-02
  94.0100000   -2.1851411894e-04   -1.3350518842e-03   -1.3955596852e-03   -5.3976626440e-04    2.2070485033e-02
  94.5100000   -2.1853210299e-04   -1.3351709769e-03   -1.3956451588e-03   -5.3981332808e-04    2.2085467040e-02
  95.0100000   -2.1852936592e-04   -1.3351631275e-03   -1.3955979137e-03   -5.3980915096e-04    2.2100864045e-02
  95.5100000   -2.1851281620e-04   -1.3350700450e-03   -1.3954624664e-03   -5.3977072436e-04    2.2116473930e-02
  96.0100000   -2.1849642982e-04   -1.3349765747e-03   -1.3953285346e-03   -5.3973248010e-04    2.2132234446e-02
  96.5100000   -2.1849189452e-04   -1.3349538510e-03   -1.3952709956e-03   -5.3972322707e-04    2.2148316605e-02
  97.0100000   -2.1850077478e-04   -1.3350115653e-03   -1.3952999402e-03   -5.3974682259e-04    2.2164629239e-02
  97.5100000   -2.1851404790e-04   -1.3350950286e-03   -1.3953578849e-03   -5.3978102661e-04    2.2181473173e-02
  98.0100000   -2.1851895398e-04   -1.3351267776e-03   -1.3953634688e-03   -5.3979440118e-04    2.2198767915e-02
  98.5100000   -2.1850733805e-04   -1.3350572979e-03   -1.3952645379e-03   -5.3976687667e-04    2.2216344689e-02
  99.0100000   -2.1847934786e-04   -1.3348874701e-03   -1.3950617131e-03   -5.3969884097e-04    2.2234199745e-02
  99.5100000   -2.1844121745e-04   -1.3346550258e-03   -1.3947944191e-03   -5.3960564415e-04    2.2252307525e-02
 100.0100000   -2.1840054976e-04   -1.3344058888e-03   -1.3945110035e-03   -5.3950597303e-04    2.2270483782e-02
 100.5100000   -2.1836279959e-04   -1.3341729833e-03   -1.3942463929e-03   -5.3941322701e-04    2.2288757106e-02
 101.0100000   -2.1832982979e-04   -1.3339676800e-03   -1.3940128077e-03   -5.3933200430e-04    2.2306955091e-02
 101.5100000   -2.1829962429e-04   -1.3337780499e-03   -1.3937977385e-03   -5.3925738819e-04    2.2325000674e-02
 102.0100000   -2.1826697910e-04   -1.3335727687e-03   -1.3935681354e-03   -5.3917659383e-04    2.2342794303e-02
 102.5100000   -2.1822586920e-04   -1.3333151932e-03   -1.3932853696e-03   -5.3907475689e-04    2.2360393488e-02
 103.0100000   -2.1817296335e-04   -1.3329847498e-03   -1.3929277032e-03   -5.3894361533e-04    2.2377820734e-02
 103.5100000   -2.1810974927e-04   -1.3325901955e-03   -1.3925041387e-03   -5.3878680712e-04    2.2395311958e-02
 104.0100000   -2.1804109439e-04   -1.3321611303e-03   -1.3920456695e-03   -5.3861634776e-04    2.2412788518e-02
 104.5100000   -2.1797126610e-04   -1.3317237111e-03   -1.3915801310e-03   -5.3844278460e-04    2.2430182968e-02
 105.0100000   -2.1790102388e-04   -1.3312827067e-03   -1.3911133411e-03   -5.3826798766e-04    2.2447357260e-02
 105.5100000   -2.1793518904e-04   -1.3314082338e-03   -1.3912384522e-03   -5.3833449771e-04    2.2464281348e-02
 106.0100000   -2.1801562119e-04   -1.3319242648e-03   -1.3917161393e-03   -5.3853891247e-04    2.2480865939e-02
 106.5100000   -2.1808891136e-04   -1.3323958905e-03   -1.3921476219e-03   -5.3872555751e-04    2.2497140068e-02
 107.0100000   -2.1815308966e-04   -1.3328111418e-03   -1.3925199266e-03   -5.3888958224e-04    2.2513253789e-02
 107.5100000   -2.1820819131e-04   -1.3331699406e-03   -1.3928336145e-03   -5.3903101632e-04    2.2529310925e-02
 108.0100000   -2.1825637152e-04   -1.3334851032e-03   -1.3931036093e-03   -5.3915510995e-04    2.2545455994e-02
 108.5100000   -2.1830217503e-04   -1.3337843331e-03   -1.3933602118e-03   -5.3927306655e-04    2.2561391968e-02
 109.0100000   -2.1835116925e-04   -1.3341018232e-03   -1.3936393801e-03   -5.3939866123e-04    2.2577076878e-02
 109.5100000   -2.1840622398e-04   -1.3344552114e-03   -1.3939586268e-03   -5.3953899597e-04    2.2592593112e-02
 110.0100000   -2.1846409569e-04   -1.3348245980e-03   -1.3942958844e-03   -5.3968604260e-04    2.2607939231e-02
 110.5100000   -2.1851627879e-04   -1.3351579649e-03   -1.3945960330e-03   -5.3981878577e-04    2.2623102577e-02
 111.0100000   -2.1855469993e-04   -1.3354061503e-03   -1.3948077528e-03   -5.3991732348e-04    2.2638070531e-02
 111.5100000   -2.1857776653e-04   -1.3355596516e-03   -1.3949216670e-03   -5.3997778055e-04    2.2652805426e-02
 112.0100000   -2.1859128203e-04   -1.3356539066e-03   -1.3949753746e-03   -5.4001450606e-04    2.2667505146e-02
 112.5100000   -2.1860343388e-04   -1.3357386105e-03   -1.3950211900e-03   -5.4004766842e-04    2.2682327698e-02
 113.0100000   -2.1861857746e-04   -1.3358400399e-03   -1.3950868562e-03   -5.4008794590e-04    2.2697214182e-02
 113.5100000   -2.1863506589e-04   -1.3359481426e-03   -1.3951620779e-03   -5.4013123690e-04    2.2712507013e-02
 114.0100000   -2.1864790426e-04   -1.3360327565e-03   -1.3952153056e-03   -5.4016523959e-04    2.2728035119e-02
 114.5100000   -2.1865280405e-04   -1.3360680194e-03   -1.3952191396e-03   -5.4017942170e-04    2.2743767352e-02
 115.0100000   -2.1864827618e-04   -1.3360448082e-03   -1.3951635289e-03   -5.4017012861e-04    2.2760173861e-02
 115.5100000   -2.1863539088e-04   -1.3359692998e-03   -1.3950546656e-03   -5.4013997607e-04    2.2777111215e-02
 116.0100000   -2.1861678091e-04   -1.3358572268e-03   -1.3949092570e-03   -5.4009542449e-04    2.2794593422e-02
 116.5100000   -2.1859577319e-04   -1.3357288541e-03   -1.3947491704e-03   -5.4004467010e-04    2.2812299351e-02
 117.0100000   -2.1857516047e-04   -1.3356014319e-03   -1.3945930756e-03   -5.3999461070e-04    2.2830205411e-02
 117.5100000   -2.1855538637e-04   -1.3354778611e-03   -1.3944440951e-03   -5.3994634414e-04    2.2848333485e-02
 118.0100000   -2.1853340991e-04   -1.3353396050e-03   -1.3942822873e-03   -5.3989236114e-04    2.2866412173e-02
 118.5100000   -2.1850383825e-04   -1.3351536876e-03   -1.3940723396e-03   -5.3981936012e-04    2.2884537772e-02
 119.0100000   -2.1846205417e-04   -1.3348919541e-03   -1.3937842563e-03   -5.3971597882e-04    2.2902756225e-02
 119.5100000   -2.1840698188e-04   -1.3345479689e-03   -1.3934113941e-03   -5.3957959959e-04    2.2921062604e-02
 120.0100000   -2.1834138427e-04   -1.3341386593e-03   -1.3929721946e-03   -5.3941704392e-04    2.2939592910e-02
 120.5100000   -2.1826992811e-04   -1.3336923667e-03   -1.3924972899e-03   -5.3923978640e-04    2.2958071969e-02
 121.0100000   -2.1819688516e-04   -1.3332348934e-03   -1.3920142357e-03   -5.3905831560e-04    2.2976390640e-02
 121.5100000   -2.1812463681e-04   -1.3327805858e-03   -1.3915377456e-03   -5.3887848515e-04    2.2994530190e-02
 122.0100000   -2.1805277737e-04   -1.3323269830e-03   -1.3910643646e-03   -5.3869930553e-04    2.3012298656e-02
 122.5100000   -2.1805063686e-04   -1.3322441898e-03   -1.3909839072e-03   -5.3867884123e-04    2.3029762366e-02
 123.0100000   -2.1814194459e-04   -1.3328278743e-03   -1.3915263808e-03   -5.3891056519e-04    2.3046967718e-02
 123.5100000   -2.1822297665e-04   -1.3333476524e-03   -1.3920036406e-03   -5.3911667511e-04    2.3063931574e-02
 124.0100000   -2.1829104492e-04   -1.3337872781e-03   -1.3923993048e-03   -5.3929056181e-04    2.3080717834e-02
 124.5100000   -2.1834889103e-04   -1.3341633411e-03   -1.3927310881e-03   -5.3943898756e-04    2.3097418568e-02
 125.0100000   -2.1840290362e-04   -1.3345144962e-03   -1.3930394794e-03   -5.3957768178e-04    2.3114026669e-02
 125.5100000   -2.1845843575e-04   -1.3348731545e-03   -1.3933581750e-03   -5.3971981300e-04    2.3130311604e-02
 126.0100000   -2.1851598636e-04   -1.3352423432e-03   -1.3936900036e-03   -5.3986659725e-04    2.3146150680e-02
 126.5100000   -2.1857103626e-04   -1.3355946531e-03   -1.3940060487e-03   -5.4000690024e-04    2.3161621613e-02
 127.0100000   -2.1861734272e-04   -1.3358921840e-03   -1.3942667131e-03   -5.4012534690e-04    2.3176755790e-02
 127.5100000   -2.1865121623e-04   -1.3361125161e-03   -1.3944488722e-03   -5.4021284542e-04    2.3191668689e-02
 128.0100000   -2.1867393804e-04   -1.3362634104e-03   -1.3945609978e-03   -5.4027253944e-04    2.3206540585e-02
 128.5100000   -2.1869076794e-04   -1.3363767756e-03   -1.3946365808e-03   -5.4031737576e-04    2.3221542198e-02
 129.0100000   -2.1870721784e-04   -1.3364860254e-03   -1.3947104348e-03   -5.4036094040e-04    2.3236486705e-02
 129.5100000   -2.1872520632e-04   -1.3366027586e-03   -1.3947945338e-03   -5.4040798247e-04    2.3251963833e-02
 130.0100000   -2.1874181699e-04   -1.3367092854e-03   -1.3948703945e-03   -5.4045132907e-04    2.3267918031e-02
 130.5100000   -2.1875134498e-04   -1.3367710778e-03   -1.3949020898e-03   -5.4047690436e-04    2.3284069968e-02
 131.0100000   -2.1874888193e-04   -1.3367584581e-03   -1.3948588251e-03   -5.4047257174e-04    2.3300779959e-02
 131.5100000   -2.1873298975e-04   -1.3366627060e-03   -1.3947317176e-03   -5.4043476039e-04    2.3318129613e-02
 132.0100000   -2.1870619335e-04   -1.3364990107e-03   -1.3945367902e-03   -5.4036970794e-04    2.3335932894e-02
 132.5100000   -2.1867345191e-04   -1.3362972964e-03   -1.3943052087e-03   -5.4028967969e-04    2.3353967080e-02
 133.0100000   -2.1863941370e-04   -1.3360857033e-03   -1.3940659819e-03   -5.4020615847e-04    2.3372174787e-02
 133.5100000   -2.1860563915e-04   -1.3358737618e-03   -1.3938286836e-03   -5.4012296972e-04    2.3390426768e-02
 134.0100000   -2.1856944203e-04   -1.3356452623e-03   -1.3935764033e-03   -5.4003344273e-04    2.3408744067e-02
 134.5100000   -2.1852554783e-04   -1.3353682245e-03   -1.3932761663e-03   -5.3992454790e-04    2.3427136927e-02
 135.0100000   -2.1846976064e-04   -1.3350171559e-03   -1.3929017234e-03   -5.3978596619e-04    2.3445511565e-02
 135.5100000   -2.1840184063e-04   -1.3345905705e-03   -1.3924514501e-03   -5.3961715923e-04    2.3464089639e-02
 136.0100000   -2.1832520222e-04   -1.3341091714e-03   -1.3919465880e-03   -5.3942657244e-04    2.3482703131e-02
 136.5100000   -2.1824386774e-04   -1.3335973331e-03   -1.3914124040e-03   -5.3922409678e-04    2.3501506027e-02
 137.0100000   -2.1815950567e-04   -1.3330651322e-03   -1.3908596938e-03   -5.3901379140e-04    2.3520025726e-02
 137.5100000   -2.1815727582e-04   -1.3329987065e-03   -1.3907926899e-03   -5.3899647947e-04    2.3538197919e-02
 138.0100000   -2.1824734586e-04   -1.3335761719e-03   -1.3913270879e-03   -5.3922546697e-04    2.3555845412e-02
 138.5100000   -2.1833192687e-04   -1.3341183104e-03   -1.3918268321e-03   -5.3944058720e-04    2.3573194674e-02
 139.0100000   -2.1840956037e-04   -1.3346163282e-03   -1.3922825284e-03   -5.3963826842e-04    2.3590298562e-02
 139.5100000   -2.1847867341e-04   -1.3350606479e-03   -1.3926842530e-03   -5.3981461707e-04    2.3607219759e-02
 140.0100000   -2.1853839268e-04   -1.3354458886e-03   -1.3930267227e-03   -5.3996744509e-04    2.3623926321e-02
 140.5100000   -2.1858963858e-04   -1.3357776029e-03   -1.3933161096e-03   -5.4009900040e-04    2.3640346789e-02
 141.0100000   -2.1863505381e-04   -1.3360718662e-03   -1.3935693991e-03   -5.4021580274e-04    2.3656192897e-02
 141.5100000   -2.1867728366e-04   -1.3363447631e-03   -1.3938033625e-03   -5.4032438706e-04    2.3671619811e-02
 142.0100000   -2.1871690424e-04   -1.3365997480e-03   -1.3940214789e-03   -5.4042617429e-04    2.3686632760e-02
 142.5100000   -2.1875185555e-04   -1.3368242430e-03   -1.3942105624e-03   -5.4051607128e-04    2.3701593442e-02
 143.0100000   -2.1877893283e-04   -1.3369987874e-03   -1.3943504245e-03   -5.4058616356e-04    2.3716689841e-02
 143.5100000   -2.1879607164e-04   -1.3371109397e-03   -1.3944283419e-03   -5.4063136242e-04    2.3731984970e-02
 144.0100000   -2.1880358115e-04   -1.3371626711e-03   -1.3944465953e-03   -5.4065243939e-04    2.3748387224e-02
 144.5100000   -2.1880351350e-04   -1.3371664141e-03   -1.3944181764e-03   -5.4065445362e-04    2.3765155862e-02
 145.0100000   -2.1879791013e-04   -1.3371344034e-03   -1.3943556828e-03   -5.4064242224e-04    2.3782440433e-02
 145.5100000   -2.1878741756e-04   -1.3370704078e-03   -1.3942629114e-03   -5.4061792405e-04    2.3800188429e-02
 146.0100000   -2.1877123968e-04   -1.3369695924e-03   -1.3941349171e-03   -5.4057900108e-04    2.3818542279e-02
 146.5100000   -2.1874812464e-04   -1.3368245179e-03   -1.3939642166e-03   -5.4052258784e-04    2.3837044346e-02
 147.0100000   -2.1871719583e-04   -1.3366300298e-03   -1.3937456015e-03   -5.4044653422e-04    2.3855585557e-02
 147.5100000   -2.1867781827e-04   -1.3363822796e-03   -1.3934749045e-03   -5.4034925938e-04    2.3874139305e-02
 148.0100000   -2.1862902887e-04   -1.3360752501e-03   -1.3931454772e-03   -5.4022836152e-04    2.3893014435e-02
 148.5100000   -2.1856979220e-04   -1.3357024502e-03   -1.3927502828e-03   -5.4008127730e-04    2.3911918157e-02
 149.0100000   -2.1850032488e-04   -1.3352651143e-03   -1.3922906834e-03   -5.3990855677e-04    2.3930476669e-02
 149.5100000   -2.1842296866e-04   -1.3347775425e-03   -1.3917819613e-03   -5.3971599715e-04    2.3949016609e-02
 150.0100000   -2.1834093936e-04   -1.3342594128e-03   -1.3912450376e-03   -5.3951153479e-04    2.3967727979e-02
 150.5100000   -2.1825546009e-04   -1.3337182485e-03   -1.3906879039e-03   -5.3929817273e-04    2.3986578997e-02
 151.0100000   -2.1826815383e-04   -1.3337566818e-03   -1.3907241938e-03   -5.3932048839e-04    2.4005073000e-02
 151.5100000   -2.1836308997e-04   -1.3343644798e-03   -1.3912865828e-03   -5.3956184038e-04    2.4023252093e-02
 152.0100000   -2.1844727146e-04   -1.3349043740e-03   -1.3917802662e-03   -5.3977624334e-04    2.4040906752e-02
 152.5100000   -2.1852001355e-04   -1.3353723841e-03   -1.3922019061e-03   -5.3996200937e-04    2.4058379931e-02
 153.0100000   -2.1858362782e-04   -1.3357827792e-03   -1.3925672489e-03   -5.4012485045e-04    2.4075442407e-02
 153.5100000   -2.1864191804e-04   -1.3361587165e-03   -1.3929007756e-03   -5.4027415311e-04    2.4092255143e-02
 154.0100000   -2.1869749963e-04   -1.3365159116e-03   -1.3932185268e-03   -5.4041635796e-04    2.4108626804e-02
 154.5100000   -2.1874982428e-04   -1.3368508105e-03   -1.3935161651e-03   -5.4055009367e-04    2.4124488207e-02
 155.0100000   -2.1879534676e-04   -1.3371418174e-03   -1.3937708336e-03   -5.4066660420e-04    2.4139921158e-02
 155.5100000   -2.1882983162e-04   -1.3373633490e-03   -1.3939560733e-03   -5.4075544783e-04    2.4155018435e-02
 156.0100000   -2.1885122569e-04   -1.3375031197e-03   -1.3940596116e-03   -5.4081157575e-04    2.4170359643e-02
 156.5100000   -2.1886098069e-04   -1.3375699804e-03   -1.3940910837e-03   -5.4083857847e-04    2.4186178842e-02
 157.0100000   -2.1886284967e-04   -1.3375865794e-03   -1.3940741370e-03   -5.4084570706e-04    2.4203219341e-02
 157.5100000   -2.1886018078e-04   -1.3375730725e-03   -1.3940295750e-03   -5.4084120230e-04    2.4220294356e-02
 158.0100000   -2.1885379336e-04   -1.3375343858e-03   -1.3939623688e-03   -5.4082706903e-04    2.4237998899e-02
 158.5100000   -2.1884176157e-04   -1.3374589243e-03   -1.3938604722e-03   -5.4079855232e-04    2.4256468205e-02
 159.0100000   -2.1882083584e-04   -1.3373270895e-03   -1.3937036331e-03   -5.4074764277e-04    2.4275411220e-02
 159.5100000   -2.1878833774e-04   -1.3371226608e-03   -1.3934750782e-03   -5.4066774187e-04    2.4294476832e-02
 160.0100000   -2.1874351739e-04   -1.3368410073e-03   -1.3931699540e-03   -5.4055700267e-04    2.4313536467e-02
 160.5100000   -2.1868784551e-04   -1.3364909281e-03   -1.3927972711e-03   -5.4041905058e-04    2.4332666927e-02
 161.0100000   -2.1862409522e-04   -1.3360891700e-03   -1.3923743347e-03   -5.4026072375e-04    2.4351710902e-02
 161.5100000   -2.1855458345e-04   -1.3356497988e-03   -1.3919158208e-03   -5.4008773692e-04    2.4370436880e-02
 162.0100000   -2.1847958966e-04   -1.3351745839e-03   -1.3914237828e-03   -5.3990077599e-04    2.4388873116e-02
 162.5100000   -2.1839708852e-04   -1.3346513145e-03   -1.3908857411e-03   -5.3969483547e-04    2.4407637148e-02
 163.0100000   -2.1830406619e-04   -1.3340617261e-03   -1.3902827074e-03   -5.3946247256e-04    2.4426386276e-02
 163.5100000   -2.1837934731e-04   -1.3345085083e-03   -1.3907122806e-03   -5.3964447464e-04    2.4445196404e-02
 164.0100000   -2.1846992176e-04   -1.3350894986e-03   -1.3912454316e-03   -5.3987516866e-04    2.4463581649e-02
 164.5100000   -2.1855031552e-04   -1.3356059562e-03   -1.3917147927e-03   -5.4008030793e-04    2.4481676243e-02
 165.0100000   -2.1862341988e-04   -1.3360754736e-03   -1.3921390901e-03   -5.4026701621e-04    2.4499483197e-02
 165.5100000   -2.1869110527e-04   -1.3365094569e-03   -1.3925304931e-03   -5.4043988076e-04    2.4516885918e-02
 166.0100000   -2.1875325959e-04   -1.3369072224e-03   -1.3928883109e-03   -5.4059859476e-04    2.4533903725e-02
 166.5100000   -2.1880812779e-04   -1.3372580480e-03   -1.3932011627e-03   -5.4073881535e-04    2.4550424514e-02
 167.0100000   -2.1885346114e-04   -1.3375482078e-03   -1.3934545062e-03   -5.4085500822e-04    2.4566448872e-02
 167.5100000   -2.1888779386e-04   -1.3377687845e-03   -1.3936389886e-03   -5.4094358650e-04    2.4581866189e-02
 168.0100000   -2.1891122913e-04   -1.3379204432e-03   -1.3937554858e-03   -5.4100482608e-04    2.4597576265e-02
 168.5100000   -2.1892526156e-04   -1.3380123015e-03   -1.3938138107e-03   -5.4104240938e-04    2.4614334650e-02
 169.0100000   -2.1893162571e-04   -1.3380548949e-03   -1.3938251909e-03   -5.4106058583e-04    2.4632026908e-02
 169.5100000   -2.1893090307e-04   -1.3380517213e-03   -1.3937933406e-03   -5.4106075486e-04    2.4649858415e-02
 170.0100000   -2.1892199277e-04   -1.3379960563e-03   -1.3937111675e-03   -5.4104018300e-04    2.4668342608e-02
 170.5100000   -2.1890296902e-04   -1.3378761803e-03   -1.3935663392e-03   -5.4099413003e-04    2.4687749185e-02
 171.0100000   -2.1887263500e-04   -1.3376848162e-03   -1.3933512173e-03   -5.4091967386e-04    2.4707345824e-02
 171.5100000   -2.1883137210e-04   -1.3374242861e-03   -1.3930682484e-03   -5.4081778387e-04    2.4727084611e-02
 172.0100000   -2.1878047519e-04   -1.3371024734e-03   -1.3927257149e-03   -5.4069165852e-04    2.4746629315e-02
 172.5100000   -2.1872060880e-04   -1.3367234321e-03   -1.3923279129e-03   -5.4054291063e-04    2.4765990986e-02
 173.0100000   -2.1865093733e-04   -1.3362820746e-03   -1.3918695946e-03   -5.4036943993e-04    2.4785088532e-02
 173.5100000   -2.1856986619e-04   -1.3357686623e-03   -1.3913406163e-03   -5.4016729435e-04    2.4803636273e-02
 174.0100000   -2.1847667354e-04   -1.3351787460e-03   -1.3907362709e-03   -5.3993471476e-04    2.4822203479e-02
 174.5100000   -2.1837252221e-04   -1.3345179997e-03   -1.3900623635e-03   -5.3967406128e-04    2.4840673888e-02
 175.0100000   -2.1847186531e-04   -1.3351289365e-03   -1.3906464953e-03   -5.3991905136e-04    2.4859200873e-02
 175.5100000   -2.1856439974e-04   -1.3357218130e-03   -1.3911916008e-03   -5.4015476625e-04    2.4877862169e-02
 176.0100000   -2.1865011822e-04   -1.3362703564e-03   -1.3916947678e-03   -5.4037313583e-04    2.4896275121e-02
 176.5100000   -2.1872676438e-04   -1.3367608313e-03   -1.3921416836e-03   -5.4056855901e-04    2.4914256429e-02
 177.0100000   -2.1879183345e-04   -1.3371779677e-03   -1.3925163298e-03   -5.4073485398e-04    2.4931717116e-02
 177.5100000   -2.1884465274e-04   -1.3375176312e-03   -1.3928143252e-03   -5.4087038592e-04    2.4948582777e-02
 178.0100000   -2.1888670621e-04   -1.3377888283e-03   -1.3930451809e-03   -5.4097884212e-04    2.4965009589e-02
 178.5100000   -2.1892022436e-04   -1.3380051528e-03   -1.3932234020e-03   -5.4106573225e-04    2.4980810349e-02
 179.0100000   -2.1894651638e-04   -1.3381746269e-03   -1.3933577066e-03   -5.4113427159e-04    2.4996726001e-02
 179.5100000   -2.1896527024e-04   -1.3382953956e-03   -1.3934462853e-03   -5.4118366577e-04    2.5013343359e-02
 180.0100000   -2.1897486884e-04   -1.3383576087e-03   -1.3934786845e-03   -5.4120990433e-04    2.5031333879e-02
 180.5100000   -2.1897320236e-04   -1.3383483679e-03   -1.3934411481e-03   -5.4120777511e-04    2.5049501218e-02
 181.0100000   -2.1895873541e-04   -1.3382582662e-03   -1.3933237192e-03   -5.4117350134e-04    2.5068310689e-02
 181.5100000   -2.1893165041e-04   -1.3380883801e-03   -1.3931276551e-03   -5.4110755643e-04    2.5088213631e-02
 182.0100000   -2.1889427847e-04   -1.3378528867e-03   -1.3928680313e-03   -5.4101570938e-04    2.5108650532e-02
 182.5100000   -2.1884984145e-04   -1.3375713917e-03   -1.3925655224e-03   -5.4090590350e-04    2.5128944575e-02
 183.0100000   -2.1879983011e-04   -1.3372529811e-03   -1.3922296743e-03   -5.4078178608e-04    2.5148940265e-02
 183.5100000   -2.1874215116e-04   -1.3368849619e-03   -1.3918472170e-03   -5.4063815664e-04    2.5168610384e-02
 184.0100000   -2.1867216006e-04   -1.3364391236e-03   -1.3913886557e-03   -5.4046354211e-04    2.5187992811e-02
 184.5100000   -2.1858616413e-04   -1.3358929904e-03   -1.3908304068e-03   -5.4024885222e-04    2.5206828291e-02
 185.0100000   -2.1848432142e-04   -1.3352474319e-03   -1.3901731436e-03   -5.3999451892e-04    2.5225520231e-02
 185.5100000   -2.1851076253e-04   -1.3353960261e-03   -1.3903059154e-03   -5.4005591192e-04    2.5244051418e-02
 186.0100000   -2.1860793483e-04   -1.3360185767e-03   -1.3908786047e-03   -5.4030351816e-04    2.5262757480e-02
 186.5100000   -2.1870000060e-04   -1.3366068679e-03   -1.3914207522e-03   -5.4053794991e-04    2.5281661132e-02
 187.0100000   -2.1878625901e-04   -1.3371567023e-03   -1.3919281172e-03   -5.4075742913e-04    2.5300344149e-02
 187.5100000   -2.1886229406e-04   -1.3376412425e-03   -1.3923725307e-03   -5.4095103440e-04    2.5318487952e-02
 188.0100000   -2.1892387905e-04   -1.3380346812e-03   -1.3927266022e-03   -5.4110835624e-04    2.5335828045e-02
 188.5100000   -2.1897024830e-04   -1.3383322137e-03   -1.3929849079e-03   -5.4122755768e-04    2.5352627210e-02
 189.0100000   -2.1900402784e-04   -1.3385497743e-03   -1.3931641810e-03   -5.4131516208e-04    2.5368980651e-02
 189.5100000   -2.1902854347e-04   -1.3387077233e-03   -1.3932863846e-03   -5.4137937215e-04    2.5385433265e-02
 190.0100000   -2.1904529392e-04   -1.3388153562e-03   -1.3933620587e-03   -5.4142383175e-04    2.5402926876e-02
 190.5100000   -2.1905340530e-04   -1.3388674026e-03   -1.3933859759e-03   -5.4144631854e-04    2.5421600789e-02
 191.0100000   -2.1905066260e-04   -1.3388502526e-03   -1.3933434075e-03   -5.4144134065e-04    2.5440415714e-02
 191.5100000   -2.1903479989e-04   -1.3387499422e-03   -1.3932189441e-03   -5.4140334178e-04    2.5459985827e-02
 192.0100000   -2.1900441708e-04   -1.3385579050e-03   -1.3930032607e-03   -5.4132893590e-04    2.5480570732e-02
 192.5100000   -2.1895956102e-04   -1.3382745448e-03   -1.3926971761e-03   -5.4121828679e-04    2.5501275680e-02
 193.0100000   -2.1890177305e-04   -1.3379093989e-03   -1.3923114609e-03   -5.4107518826e-04    2.5521826037e-02
 193.5100000   -2.1883818724e-04   -1.3375007154e-03   -1.3918854878e-03   -5.4091564832e-04    2.5541902370e-02
 194.0100000   -2.1876558586e-04   -1.3370376157e-03   -1.3914085808e-03   -5.4073357392e-04    2.5561702503e-02
 194.5100000   -2.1868165918e-04   -1.3365023588e-03   -1.3908621763e-03   -5.4052297188e-04    2.5580813323e-02
 195.0100000   -2.1858428668e-04   -1.3358819216e-03   -1.3902320655e-03   -5.4027862083e-04    2.5599447463e-02
 195.5100000   -2.1855487985e-04   -1.3356960082e-03   -1.3900348366e-03   -5.4020577465e-04    2.5617626384e-02
 196.0100000   -2.1865337435e-04   -1.3363272559e-03   -1.3906139112e-03   -5.4045691636e-04    2.5635984374e-02
 196.5100000   -2.1874100787e-04   -1.3368890722e-03   -1.3911262523e-03   -5.4068067978e-04    2.5654554430e-02
 197.0100000   -2.1882082427e-04   -1.3374069856e-03   -1.3915981545e-03   -5.4088543865e-04    2.5673321030e-02
 197.5100000   -2.1889893967e-04   -1.3379022924e-03   -1.3920508612e-03   -5.4108313895e-04    2.5691408276e-02
 198.0100000   -2.1896652498e-04   -1.3383301002e-03   -1.3924386742e-03   -5.4125428645e-04    2.5708694607e-02
 198.5100000   -2.1902075895e-04   -1.3386731898e-03   -1.3927434928e-03   -5.4139190641e-04    2.5725513909e-02
 199.0100000   -2.1906113341e-04   -1.3389284037e-03   -1.3929619856e-03   -5.4149469127e-04    2.5742218684e-02
 199.5100000   -2.1908992787e-04   -1.3391095968e-03   -1.3931087784e-03   -5.4156820524e-04    2.5759127938e-02
 200.0100000   -2.1910996947e-04   -1.3392340570e-03   -1.3932023171e-03   -5.4161939587e-04    2.5777691649e-02
