# time  total_activity  peak_activity  rms_radius  confined_frac  bary_x  bary_y  bary_z  r_conf  total_activity_proper  rms_radius_proper  confined_frac_proper  rms_radius_canon  confined_frac_canon  rms_radius_phantom  confined_frac_phantom  canon_mass_frac  min_chi
0.0000000000000000e+00  3.2978228463732663e+01  3.8872041361707008e-02  6.4845874428222290e+00  3.1504765960284692e-01  3.1857620056876506e+01  3.2000001728539672e+01  3.2000000355190920e+01  4.7999999999999998e+00  3.2972042960116497e+01  6.4834223565365781e+00  3.1526868385499957e-01  5.0452964643413143e+00  5.5927753949034498e-01  5.1622871117199249e+00  5.3103181641412911e-01  4.8197716661048395e-01  9.8211980712792613e-01
4.0000000000000002e-01  3.2985676972321976e+01  3.8853537707082331e-02  6.4845599102825826e+00  3.1505302465351248e-01  3.1856802501957468e+01  3.2000001600421065e+01  3.2000000473269708e+01  4.7999999999999998e+00  3.2979285146747543e+01  6.4834101643792286e+00  3.1527370220173223e-01  5.0456169565182645e+00  5.5907092390701263e-01  5.1620095087685769e+00  5.3102593994745217e-01  4.8186135219003190e-01  9.8207773760309369e-01
8.0000000000000004e-01  3.2993495240806737e+01  3.8865649486505199e-02  6.4845269391702915e+00  3.1506642337079582e-01  3.1854707515835212e+01  3.2000001126065762e+01  3.2000000618052631e+01  4.7999999999999998e+00  3.2986680250981337e+01  6.4834004320274898e+00  3.1562538701164272e-01  5.0464831555960101e+00  5.5879310597067966e-01  5.1613519068815563e+00  5.3119053915065284e-01  4.8156293946282636e-01  9.8195384225855709e-01
1.2000000000000000e+00  3.3000913648893615e+01  3.8910161479007596e-02  6.4845327757877786e+00  3.1507661460230107e-01  3.1852126782098608e+01  3.2000000313512992e+01  3.2000000676641349e+01  4.7999999999999998e+00  3.2993605402149107e+01  6.4834260325264967e+00  3.1563918611838598e-01  5.0475632001675628e+00  5.5854222168864276e-01  5.1606637413857781e+00  5.3138809516775787e-01  4.8119260366361288e-01  9.8175323961262817e-01
1.6000000000000001e+00  3.3008249192809622e+01  3.8974136884086810e-02  6.4845703024448795e+00  3.1558981747718828e-01  3.1849843117577276e+01  3.1999999434605353e+01  3.2000000823322672e+01  4.7999999999999998e+00  3.3000475115517105e+01  6.4834757355827524e+00  3.1564836742036312e-01  5.0484912307220373e+00  5.5840329595107241e-01  5.1602007424916732e+00  5.3147087654008818e-01  4.8086084767815784e-01  9.8150487067570658e-01
2.0000000000000000e+00  3.3016097267272755e+01  3.9034543996309817e-02  6.4846079824215535e+00  3.1498055697080946e-01  3.1848249364990636e+01  3.1999998756966573e+01  3.2000001267143908e+01  4.7999999999999998e+00  3.3007927685702896e+01  6.4835187675848953e+00  3.1565628046644623e-01  5.0491209599965305e+00  5.5840380845494686e-01  5.1599854261062763e+00  5.3137237839471962e-01  4.8062535012651381e-01  9.8123147248069753e-01
2.3999999999999901e+00  3.3024499692212373e+01  3.9072180281470262e-02  6.4846294405853424e+00  3.1498705451915127e-01  3.1847298981766023e+01  3.1999998690604517e+01  3.2000002380286212e+01  4.7999999999999998e+00  3.3015988429608790e+01  6.4835449385275448e+00  3.1566589113997812e-01  5.0496100295469546e+00  5.5850404435496770e-01  5.1598352821872853e+00  5.3113509318018925e-01  4.8048359403285817e-01  9.8077727366461676e-01
2.7999999999999798e+00  3.3032974983174782e+01  3.9083345589847614e-02  6.4846498606876590e+00  3.1499576158974629e-01  3.1846768416565094e+01  3.1999999959257824e+01  3.2000004841130590e+01  4.7999999999999998e+00  3.3024132711021579e+01  6.4835774864202342e+00  3.1567248227548483e-01  5.0502878989190361e+00  5.5862103884257297e-01  5.1595071413088247e+00  5.3085882803574647e-01  4.8040769419453722e-01  9.8025285579443600e-01
3.1999999999999802e+00  3.3041131796263258e+01  3.9078540526350583e-02  6.4847030961481078e+00  3.1499803261972059e-01  3.1846550723584492e+01  3.2000002951440237e+01  3.2000008989056120e+01  4.7999999999999998e+00  3.3031939160481592e+01  6.4836548350254164e+00  3.1566551486828809e-01  5.0514356101081219e+00  5.5867455368497498e-01  5.1588396891498691e+00  5.3062520861410578e-01  4.8038338452545898e-01  9.7971406415904028e-01
3.5999999999999699e+00  3.3049276901409797e+01  3.9071696381187265e-02  6.4848119864229519e+00  3.1498572580126238e-01  3.1846721212512850e+01  3.2000007300835428e+01  3.2000014432722963e+01  4.7999999999999998e+00  3.3039717577931150e+01  6.4837986233583367e+00  3.1530332159841556e-01  5.0531399595874786e+00  5.5863115442598998e-01  5.1578050695815776e+00  5.3045712864894945e-01  4.8041762528232329e-01  9.7905456169109562e-01
3.9999999999999600e+00  3.3058443459408437e+01  3.9071138716466947e-02  6.4849694504861066e+00  3.1495887032986308e-01  3.1847347871831722e+01  3.2000012291482122e+01  3.2000020467860075e+01  4.7999999999999998e+00  3.3048520095540979e+01  6.4839976329814633e+00  3.1525969521477798e-01  5.0552975567175187e+00  5.5851798501739292e-01  5.1564785732735112e+00  5.3032414069920575e-01  4.8051146327790961e-01  9.7845757246206833e-01
4.3999999999999497e+00  3.3069721819916140e+01  3.9077524475960329e-02  6.4851535808487553e+00  3.1492477048349132e-01  3.1848240672325364e+01  3.2000017442079766e+01  3.2000026637167679e+01  4.7999999999999998e+00  3.3059432756256626e+01  6.4842279480162057e+00  3.1551546415404352e-01  5.0577241711066163e+00  5.5839818340127689e-01  5.1550043844548892e+00  5.3016898041141669e-01  4.8062595085211307e-01  9.7831454454174516e-01
4.7999999999999403e+00  3.3083535083237805e+01  3.9086945421307848e-02  6.4853598059066400e+00  3.1489009065665702e-01  3.1848897633723674e+01  3.2000022957524479e+01  3.2000033141519644e+01  4.7999999999999998e+00  3.3072835839362128e+01  6.4844869797767890e+00  3.1546908499844212e-01  5.0602423791552082e+00  5.5833298396918907e-01  5.1536042771534945e+00  5.2993236231748697e-01  4.8067707757991401e-01  9.7860291000199884e-01
5.1999999999999300e+00  3.3099536465934001e+01  3.9095591495696906e-02  6.4856177329135098e+00  3.1485361831364983e-01  3.1848737337676521e+01  3.2000029944804183e+01  3.2000041036942370e+01  4.7999999999999998e+00  3.3088330492914920e+01  6.4848068562237682e+00  3.1542535862131205e-01  5.0626722097145764e+00  5.5836050876759979e-01  5.1526057988879872e+00  5.2956770351101334e-01  4.8057152142076048e-01  9.7906141750164544e-01
5.5999999999999304e+00  3.3117099421894615e+01  3.9103105785945461e-02  6.4859845471105801e+00  3.1480607930172466e-01  3.1847444354775256e+01  3.2000040313101898e+01  3.2000052151639089e+01  4.7999999999999998e+00  3.3105275296160926e+01  6.4852426106948666e+00  3.1537435779206158e-01  5.0647896582544112e+00  5.5849460860418298e-01  5.1524234857852234e+00  5.2904820781991513e-01  4.8025825428444230e-01  9.7949066571565901e-01
5.9999999999999201e+00  3.3135994738924865e+01  3.9112976735823708e-02  6.4865244227478849e+00  3.1473882169645756e-01  3.1845170420556030e+01  3.2000056687804019e+01  3.2000069037959278e+01  4.7999999999999998e+00  3.3123486718550296e+01  6.4858498683694039e+00  3.1499894379478005e-01  5.0663542660659697e+00  5.5873022375665771e-01  5.1534541668068927e+00  5.2837227930196162e-01  4.7975892175559748e-01  9.7982279780564097e-01
6.3999999999999098e+00  3.3156615712870533e+01  3.9129203631269038e-02  6.4873035979862763e+00  3.1429097837033187e-01  3.1842459043101915e+01  3.2000082477072539e+01  3.2000095074356651e+01  4.7999999999999998e+00  3.3143445493621840e+01  6.4866838669623963e+00  3.1491052875678283e-01  5.0672497988026839e+00  5.5904131317585437e-01  5.1559412512993177e+00  5.2756596561743485e-01  4.7915732037857733e-01  9.8008133279735266e-01
6.7999999999999003e+00  3.3179614680715190e+01  3.9151748555192697e-02  6.4884108502232172e+00  3.1418730666791400e-01  3.1839969509170036e+01  3.2000121790642716e+01  3.2000134400930840e+01  4.7999999999999998e+00  3.3165889781870845e+01  6.4878263640367058e+00  3.1513941134474888e-01  5.0676562579099746e+00  5.5937457914523769e-01  5.1599036403774230e+00  5.2797681465864466e-01  4.7855786052864080e-01  9.8023745605925583e-01
7.1999999999998900e+00  3.3205383934992909e+01  3.9175740289237190e-02  6.4899882409854452e+00  3.1406932948316246e-01  3.1838209653437943e+01  3.2000179199108707e+01  3.2000191670340804e+01  4.7999999999999998e+00  3.3191262441961129e+01  6.4894196884095159e+00  3.1501946318974822e-01  5.0681058876961043e+00  5.5965505197637022e-01  5.1652042335415773e+00  5.2813563505767869e-01  4.7804212036508265e-01  9.8033839452494997e-01
7.5999999999998797e+00  3.3233945067809032e+01  3.9195411108936970e-02  6.4922495727223755e+00  3.1392922407684160e-01  3.1837432688768804e+01  3.2000259587993753e+01  3.2000271878519328e+01  4.7999999999999998e+00  3.3219595893490080e+01  6.4916830359066751e+00  3.1487514245281106e-01  5.0693414467129525e+00  5.5981160533366492e-01  5.1717535540102322e+00  5.2851340488137610e-01  4.7764653255096090e-01  9.8038188287377748e-01
7.9999999999998703e+00  3.3265295722589215e+01  3.9208447529463786e-02  6.4954714479060440e+00  3.1375461132897853e-01  3.1837673381369008e+01  3.2000367785215069e+01  3.2000379975543687e+01  4.7999999999999998e+00  3.3250874499374120e+01  6.4948988703374519e+00  3.1469443733926927e-01  5.0720291751745030e+00  5.5980972055823408e-01  5.1797304588750412e+00  5.2911712649936016e-01  4.7736336799498491e-01  9.8036435400701616e-01
8.3999999999998707e+00  3.3299569171134422e+01  3.9216812675367141e-02  6.4999349559854425e+00  3.1353917816939392e-01  3.1838769886180241e+01  3.2000506429205188e+01  3.2000518679168472e+01  4.7999999999999998e+00  3.3285205658049769e+01  6.4993521691203622e+00  3.1447243121632262e-01  5.0764721188652802e+00  5.5966814839131451e-01  5.1895685127122402e+00  5.2887771844378439e-01  4.7715478553923341e-01  9.8028445172513434e-01
8.7999999999998604e+00  3.3336807536855886e+01  3.9224600420339990e-02  6.5058241566094193e+00  3.1328917335658435e-01  3.1840352253994993e+01  3.2000671825521032e+01  3.2000684219901466e+01  4.7999999999999998e+00  3.3322595836502060e+01  6.5052297306297744e+00  3.1413338069234514e-01  5.0825098403997702e+00  5.5944638561028359e-01  5.2016878705168956e+00  5.2799130621956347e-01  4.7696778484115160e-01  9.8014882792106006e-01
9.1999999999998501e+00  3.3376822212501779e+01  3.9235430848956240e-02  6.5131698473897890e+00  3.1301752345969469e-01  3.1841945457508512e+01  3.2000853034260281e+01  3.2000865436679661e+01  4.7999999999999998e+00  3.3362815451266670e+01  6.5125656021029377e+00  3.1360723211105063e-01  5.0896953242267271e+00  5.5921042300086210e-01  5.2163597058290279e+00  5.2729206768333547e-01  4.7674250589029160e-01  9.7996730643509733e-01
9.5999999999998398e+00  3.3419035926082259e+01  3.9250817955995429e-02  6.5218815738084723e+00  3.1265160693406813e-01  3.1843137524016562e+01  3.2001040121690210e+01  3.2001052211558708e+01  4.7999999999999998e+00  3.3405245118816765e+01  6.5212736754161229e+00  3.1330950444579003e-01  5.0976056642750169e+00  5.5900043543239641e-01  5.2336696522574258e+00  5.2593432046211686e-01  4.7642477731622535e-01  9.7974480707630984e-01
9.9999999999998295e+00  3.3462466239591727e+01  3.9270103514113433e-02  6.5318554028089668e+00  3.1270962378553274e-01  3.1843700290982458e+01  3.2001231223914573e+01  3.2001242681311453e+01  4.7999999999999998e+00  3.3448865316886469e+01  6.5312542830008891e+00  3.1309116030596396e-01  5.1060605134214931e+00  5.5881878613867531e-01  5.2535163438769823e+00  5.2465163509548085e-01  4.7598618977051560e-01  9.7947830127043722e-01
1.0399999999999800e+01  3.3505930525771710e+01  3.9291573296651540e-02  6.5430260991096825e+00  3.1242116325931668e-01  3.1843656786851160e+01  3.2001424463561655e+01  3.2001435086329820e+01  4.7999999999999998e+00  3.3492470817714462e+01  6.5424442063453236e+00  3.1287003802814806e-01  5.1151380249598404e+00  5.5885110658371973e-01  5.2755765628061946e+00  5.2344792900166104e-01  4.7544122454342658e-01  9.7915830445487984e-01
1.0799999999999800e+01  3.3548338955169669e+01  3.9313570766775052e-02  6.5552626109332630e+00  3.1196818511398705e-01  3.1843305509844452e+01  3.2001611078606473e+01  3.2001620758278023e+01  4.7999999999999998e+00  3.3534971286624959e+01  6.5547105275225750e+00  3.1249236850338646e-01  5.1250728237124310e+00  5.5991239797529102e-01  5.2991634483088195e+00  5.2319965015438430e-01  4.7484938610630123e-01  9.7873231114320858e-01
1.1199999999999800e+01  3.3589153174315051e+01  3.9335057702536078e-02  6.5682851065189114e+00  3.1170697737620312e-01  3.1843131457720943e+01  3.2001785152089163e+01  3.2001793846970230e+01  4.7999999999999998e+00  3.3575847568636760e+01  6.5677679528567090e+00  3.1229413865965100e-01  5.1362387315691516e+00  5.6028281175445882e-01  5.3232296584981720e+00  5.2270527458143756e-01  4.7429683116110916e-01  9.7820778589700530e-01
1.1599999999999801e+01  3.3629087018838398e+01  3.9355890217090933e-02  6.5818392805357657e+00  3.1163746324917119e-01  3.1843558529086810e+01  3.2001959240814067e+01  3.2001967057954182e+01  4.7999999999999998e+00  3.3615834988354308e+01  6.5813557524540940e+00  3.1195064239407555e-01  5.1494695397261934e+00  5.6013693523615105e-01  5.3467166561101580e+00  5.2190247677830659e-01  4.7386922087782091e-01  9.7761177003122512e-01
1.1999999999999799e+01  3.3670946034860933e+01  3.9376731976734601e-02  6.5961363312774308e+00  3.1139523703031957e-01  3.1844756520380628e+01  3.2002188684452648e+01  3.2002196259157138e+01  4.7999999999999998e+00  3.3657750666766063e+01  6.5956804263528586e+00  3.1202117048382783e-01  5.1668982485328732e+00  5.5960167826845919e-01  5.3689734748867304e+00  5.2122387176632534e-01  4.7363976443711481e-01  9.7694641597095400e-01
1.2399999999999800e+01  3.3717350841122737e+01  3.9398234453196401e-02  6.6122374100010504e+00  3.1124489856776122e-01  3.1847372293657177e+01  3.2002551631705273e+01  3.2002560632793923e+01  4.7999999999999998e+00  3.3704268498465943e+01  6.6117941665604683e+00  3.1205118169010376e-01  5.1909812850257602e+00  5.5881061847652991e-01  5.3899224404322608e+00  5.2063868241976197e-01  4.7363320157320482e-01  9.7621020223620514e-01
1.2799999999999800e+01  3.3765892764948717e+01  3.9419979302592126e-02  6.6304736514936478e+00  3.1092589402861509e-01  3.1851669943470807e+01  3.2002847493013661e+01  3.2002857380190854e+01  4.7999999999999998e+00  3.3753020123966380e+01  6.6300221048529151e+00  3.1162747176136485e-01  5.2209197646225771e+00  5.5807962878155626e-01  5.4099705537215286e+00  5.2009897754798229e-01  4.7376463546480047e-01  9.7542796575872637e-01
1.3199999999999800e+01  3.3811290372984644e+01  3.9440376467907642e-02  6.6496663911015990e+00  3.1091780731882418e-01  3.1856605254683529e+01  3.2003063993093633e+01  3.2003073829590377e+01  4.7999999999999998e+00  3.3798732322725229e+01  6.6491915304814260e+00  3.1198552799912110e-01  5.2530556262551134e+00  5.5742268057166378e-01  5.4297724302597734e+00  5.1924087250282414e-01  4.7389154091763164e-01  9.7460611692891685e-01
1.3599999999999801e+01  3.3851753035885636e+01  3.9457872133745658e-02  6.6691754430820627e+00  3.1051658732275877e-01  3.1861523339278211e+01  3.2003244545003980e+01  3.2003253744037899e+01  4.7999999999999998e+00  3.3839623572028884e+01  6.6686669319503711e+00  3.1100982575796382e-01  5.2852902231005405e+00  5.5759491779940851e-01  5.4499571859343776e+00  5.1813858548244862e-01  4.7392929561866259e-01  9.7375094691634734e-01
1.3999999999999700e+01  3.3887554187629966e+01  3.9472372376787343e-02  6.6887513478448000e+00  3.1003403938369151e-01  3.1866146568182245e+01  3.2003413478103020e+01  3.2003421657947698e+01  4.7999999999999998e+00  3.3875966136761107e+01  6.6882019633146763e+00  3.0932454206992044e-01  5.3167552720367768e+00  5.5798794977067834e-01  5.4709386249917822e+00  5.1690908635298949e-01  4.7384164911266974e-01  9.7286380649907256e-01
1.4399999999999700e+01  3.3919762800888897e+01  3.9485480667596995e-02  6.7083978781468296e+00  3.0977056338232445e-01  3.1870438331120450e+01  3.2003590310725443e+01  3.2003597350650750e+01  4.7999999999999998e+00  3.3908808689861772e+01  6.7078025916691377e+00  3.0690199271241136e-01  5.3475430368874504e+00  5.5856043335828975e-01  5.4928582181053818e+00  5.1640652020336819e-01  4.7362935110023713e-01  9.7194234772554322e-01
1.4799999999999701e+01  3.3949514490784246e+01  3.9499236715761041e-02  6.7283230964942069e+00  3.0967379138471962e-01  3.1874531885097138e+01  3.2003787608325560e+01  3.2003793675056166e+01  4.7999999999999998e+00  3.3939254793921222e+01  6.7276776341860343e+00  3.0672243724033582e-01  5.3784580901371317e+00  5.5922209577171078e-01  5.5156164809670827e+00  5.1631781400627230e-01  4.7332086620691949e-01  9.7098367391148444e-01
1.5199999999999701e+01  3.3977633562528347e+01  3.9514456272599363e-02  6.7488208419402547e+00  3.0900390992268661e-01  3.1878652723061222e+01  3.2004004257649370e+01  3.2004009690837904e+01  4.7999999999999998e+00  3.3968104972896569e+01  6.7481195476707327e+00  3.0655331806372010e-01  5.4105311863508154e+00  5.5908124341226839e-01  5.5389387703938731e+00  5.1563246977391197e-01  4.7295997755996971e-01  9.6998561745525236e-01
1.5599999999999699e+01  3.4004553893953371e+01  3.9530146710221731e-02  6.7700884195067124e+00  3.0867708656282122e-01  3.1883010109437681e+01  3.2004226665610794e+01  3.2004231749742381e+01  4.7999999999999998e+00  3.3995795447630904e+01  6.7693224929544460e+00  3.0639120368926864e-01  5.4444297473676153e+00  5.5850557947326473e-01  5.5624913793108179e+00  5.1455674225067183e-01  4.7258881006689141e-01  9.6894503089395956e-01
1.5999999999999700e+01  3.4030499225680742e+01  3.9544387171276507e-02  6.7921304638560365e+00  3.0932712232961990e-01  3.1887694961556768e+01  3.2004439591425061e+01  3.2004444385224815e+01  4.7999999999999998e+00  3.4022580154006675e+01  6.7912879054744240e+00  3.0695041905584503e-01  5.4801547580152956e+00  5.5831971527364055e-01  5.5860512416833803e+00  5.1360262570392046e-01  4.7223140589952534e-01  9.6785718495711615e-01
1.6399999999999800e+01  3.4055686115161009e+01  3.9555711759228659e-02  6.8148329793267326e+00  3.0980349653819372e-01  3.1892636082443691e+01  3.2004634566980130e+01  3.2004638877784672e+01  4.7999999999999998e+00  3.4048717710419936e+01  6.8139006442829402e+00  3.0904948116234815e-01  5.5171827223573011e+00  5.5775330831551539e-01  5.6096610428969766e+00  5.1337648209795272e-01  4.7188353514011150e-01  9.6671899248428850e-01
1.6799999999999802e+01  3.4080439881475847e+01  3.9563766899462963e-02  6.8381105362885739e+00  3.0995828066540609e-01  3.1897616495853281e+01  3.2004812931827573e+01  3.2004816384673994e+01  4.7999999999999998e+00  3.4074566350083536e+01  6.8370775026381345e+00  3.1005710596942349e-01  5.5547993202124237e+00  5.5747942192082001e-01  5.6337373370292525e+00  5.1279376028488921e-01  4.7151076968962313e-01  9.6553037316693224e-01
1.7199999999999900e+01  3.4105451028575366e+01  3.9568899298543285e-02  6.8620393630216778e+00  3.0985059487443334e-01  3.1902350291512295e+01  3.2004989161993031e+01  3.2004991332184879e+01  4.7999999999999998e+00  3.4100830756053526e+01  6.8608997113384511e+00  3.1009716937344750e-01  5.5923906721145311e+00  5.5743338132702858e-01  5.6591644723581815e+00  5.1177649237786615e-01  4.7105599921183849e-01  9.6426224507925418e-01
1.7600000000000001e+01  3.4132103634043148e+01  3.9571379030458216e-02  6.8869344782275208e+00  3.0973000323454059e-01  3.1906592757557430e+01  3.2005190330912271e+01  3.2005190880725181e+01  4.7999999999999998e+00  3.4128896505989715e+01  6.8856877916973236e+00  3.0971526660917986e-01  5.6296221020287174e+00  5.5795051876538693e-01  5.6872879899328268e+00  5.1096750956236558e-01  4.7045600292572587e-01  9.6295762532863982e-01
1.8000000000000000e+01  3.4162286222720255e+01  3.9571114393568821e-02  6.9132869509916457e+00  3.0948812671152187e-01  3.1910189082633742e+01  3.2005436477415920e+01  3.2005435161090375e+01  4.7999999999999998e+00  3.4160652734748851e+01  6.9119370657551888e+00  3.0932984384086631e-01  5.6664960346524902e+00  5.5861899981519514e-01  5.7195249303625753e+00  5.0863893312131214e-01  4.6966399711669493e-01  9.6162282678278832e-01
1.8400000000000102e+01  3.4197911534169336e+01  3.9567958372137516e-02  6.9416409973223692e+00  3.0938730001622017e-01  3.1913079827534695e+01  3.2005726665328297e+01  3.2005723253594809e+01  4.7999999999999998e+00  3.4198019065588255e+01  6.9401941779353082e+00  3.0889441361258885e-01  5.7033119866844535e+00  5.6004729984804102e-01  5.7569427405417244e+00  5.0807850543250299e-01  4.6866362990914673e-01  9.6026155764512733e-01
1.8800000000000100e+01  3.4239579249242873e+01  3.9562015605493203e-02  6.9723781233880890e+00  3.0914099466117589e-01  3.1915312001499554e+01  3.2006041605068397e+01  3.2006035966017819e+01  4.7999999999999998e+00  3.4241601642026140e+01  6.9708408501486003e+00  3.0879596814744270e-01  5.7405594416110084e+00  5.6063517864559487e-01  5.7997351426985739e+00  5.0728792174713044e-01  4.6748016846195917e-01  9.5887396283762094e-01
1.9200000000000198e+01  3.4284827856923684e+01  3.9553439814785672e-02  7.0052731911892270e+00  3.0887094942024457e-01  3.1917175534257378e+01  3.2006349508094608e+01  3.2006341702768552e+01  4.7999999999999998e+00  3.4288943187851864e+01  7.0036470751658406e+00  3.0896903500543660e-01  5.7787802622804918e+00  5.6104833469227156e-01  5.8464223660472738e+00  5.0449327986110870e-01  4.6619050392739320e-01  9.5745666530714579e-01
1.9600000000000300e+01  3.4330633945826442e+01  3.9541857778355831e-02  7.0398038462880184e+00  3.0843680551657560e-01  3.1919190832133854e+01  3.2006637082092020e+01  3.2006627165836534e+01  4.7999999999999998e+00  3.4337039421213369e+01  7.0380804678981521e+00  3.0887101028436520e-01  5.8184093657603118e+00  5.6154132662412348e-01  5.8951682527456111e+00  5.0286204352041253e-01  4.6487821713570437e-01  9.5600416047242853e-01
2.0000000000000298e+01  3.4375623332665057e+01  3.9526049049869033e-02  7.0756727172361202e+00  3.0801091037954381e-01  3.1921818748205652e+01  3.2006907749921325e+01  3.2006895672517551e+01  4.7999999999999998e+00  3.4384555664423502e+01  7.0738333800605302e+00  3.0878215697747124e-01  5.8596959537758737e+00  5.6060048485252456e-01  5.9450084217483870e+00  5.0177108206328902e-01  4.6360068378130670e-01  9.5451125223780942e-01
2.0400000000000400e+01  3.4419925587824991e+01  3.9504340656955621e-02  7.1128196931836714e+00  3.0792373446223381e-01  3.1925404712202507e+01  3.2007171474068855e+01  3.2007157057606534e+01  4.7999999999999998e+00  3.4431678799969006e+01  7.1108359646215176e+00  3.0840746853279322e-01  5.9027313974237217e+00  5.6078734101862759e-01  5.9957303774364634e+00  5.0036970258775759e-01  4.6239195634592828e-01  9.5297536547762451e-01
2.0800000000000502e+01  3.4464417483735922e+01  3.9475528837049238e-02  7.1512629294066503e+00  3.0725923052666687e-01  3.1930229717351732e+01  3.2007440361001741e+01  3.2007423296777908e+01  4.7999999999999998e+00  3.4479348549225335e+01  7.1490965949730425e+00  3.0808055346178803e-01  5.9475219634815986e+00  5.6135778167723960e-01  6.0474281465231998e+00  4.9803917472365777e-01  4.6127017531818443e-01  9.5139746417991378e-01
2.1200000000000500e+01  3.4509936071004390e+01  3.9439653955528467e-02  7.1910201016406248e+00  3.0682606288992470e-01  3.1936485435045547e+01  3.2007723288214237e+01  3.2007703158343233e+01  4.7999999999999998e+00  3.4528448482800158e+01  7.1886247159099437e+00  3.0693467941120361e-01  5.9940676339163641e+00  5.6237779886974004e-01  6.1002070718100194e+00  4.9746698109192994e-01  4.6023949251035051e-01  9.4978125326907126e-01
2.1600000000000598e+01  3.4556728409224334e+01  3.9433944371936626e-02  7.2320899214790302e+00  3.0687281491717305e-01  3.1944214130537343e+01  3.2008022050406645e+01  3.2007998375306165e+01  4.7999999999999998e+00  3.4579235974472653e+01  7.2294148486819276e+00  3.0673050781520439e-01  6.0424148601718750e+00  5.6199393832155820e-01  6.1540490005825141e+00  4.9651793745374906e-01  4.5928929117203476e-01  9.4813149041340616e-01
2.2000000000000600e+01  3.4604398794070292e+01  3.9515080707954758e-02  7.2744336785675028e+00  3.0645643541058992e-01  3.1953308685725197e+01  3.2008333450889388e+01  3.2008305746015004e+01  4.7999999999999998e+00  3.4631286306328420e+01  7.2714286583878351e+00  3.0678837892514715e-01  6.0926621548514381e+00  5.6180383857582517e-01  6.2087930604143091e+00  4.9536371790461087e-01  4.5839811682687959e-01  9.4645250375247669e-01
2.2400000000000698e+01  3.4652530034566659e+01  3.9592563132075209e-02  7.3180491798851657e+00  3.0658404669383094e-01  3.1963587808177650e+01  3.2008655702446781e+01  3.2008623525274452e+01  4.7999999999999998e+00  3.4684129439930544e+01  7.3146665620194042e+00  3.0615628924230043e-01  6.1450715975200643e+00  5.6214400005131815e-01  6.2642463648594182e+00  4.9493683380829406e-01  4.5754724167523675e-01  9.4474732022490293e-01
2.2800000000000800e+01  3.4702030382423082e+01  3.9666179289176387e-02  7.3631666856255764e+00  3.0570614591811779e-01  3.1974931225548449e+01  3.2008996805961580e+01  3.2008959765766207e+01  4.7999999999999998e+00  3.4738617547053394e+01  7.3593591691030582e+00  3.0555494699364233e-01  6.2006119293082236e+00  5.6212873811130881e-01  6.3202428276347868e+00  4.9291670272806304e-01  4.5674589599304322e-01  9.4301708823243124e-01
2.3200000000000799e+01  3.4754697265404317e+01  3.9736149145531877e-02  7.4102576406113485e+00  3.0310804053869600e-01  3.1987499943585345e+01  3.2009356706089108e+01  3.2009315187366290e+01  4.7999999999999998e+00  3.4796549122029788e+01  7.4059709295517049e+00  3.0590510625186956e-01  6.2607692948467371e+00  5.6192536986919295e-01  6.3765972356299150e+00  4.9113342550590139e-01  4.5602801001027415e-01  9.4126053744353977e-01
2.3600000000000900e+01  3.4808101450422697e+01  3.9802883699933900e-02  7.4590647091762152e+00  3.0183913085783448e-01  3.2001277750531493e+01  3.2009693583977935e+01  3.2009648008173883e+01  4.7999999999999998e+00  3.4855546662219183e+01  7.4542421474277480e+00  3.0583276449003083e-01  6.3247948185915117e+00  5.6003963831634418e-01  6.4331759166789411e+00  4.9004899241066102e-01  4.5537200780922316e-01  9.3947382348089281e-01
2.4000000000000998e+01  3.4858936761610444e+01  3.9866474924326128e-02  7.5090138000445892e+00  3.0345325777687643e-01  3.2016089301303708e+01  3.2010015127056342e+01  3.2009965480472914e+01  4.7999999999999998e+00  3.4912372513678832e+01  7.5036000174551418e+00  3.0468513740545400e-01  6.3912227745480870e+00  5.6049183761223398e-01  6.4899345712925287e+00  4.8880165567000011e-01  4.5475030037250219e-01  9.3765135961927282e-01
2.4400000000001000e+01  3.4905338470607788e+01  3.9926265140651979e-02  7.5597157924605352e+00  3.0524240685751663e-01  3.2031929047628786e+01  3.2010329214190989e+01  3.2010275432548532e+01  4.7999999999999998e+00  3.4965242176360931e+01  7.5536517383344135e+00  3.0517197780563116e-01  6.4591059344908848e+00  5.5944741418079991e-01  6.5468591240392495e+00  4.8849869088046938e-01  4.5416044572688369e-01  9.3578770214136386e-01
2.4800000000001098e+01  3.4946488434384804e+01  3.9981290148280973e-02  7.6109369797938102e+00  3.0450200980367464e-01  3.2048907010681418e+01  3.2010640332681000e+01  3.2010582335249460e+01  4.7999999999999998e+00  3.5013420213143640e+01  7.6041560844877267e+00  3.0459493208796479e-01  6.5279259654133810e+00  5.5963459428880291e-01  6.6039433394293310e+00  4.8719845513762272e-01  4.5361132046597591e-01  9.3387970113620544e-01
2.5200000000001101e+01  3.4982575873813943e+01  4.0029839609289616e-02  7.6626534403556743e+00  3.0454114775887087e-01  3.2067135762386677e+01  3.2010953374275161e+01  3.2010891101416341e+01  4.7999999999999998e+00  3.5057171982560703e+01  7.6550804657390614e+00  3.0535025651124059e-01  6.5976397381140064e+00  5.5854328758439042e-01  6.6612296148005887e+00  4.8657452870333073e-01  4.5311423576537785e-01  9.3192777481858402e-01
2.5600000000001199e+01  3.5014614485452171e+01  4.0070117695157378e-02  7.7149948133183690e+00  3.0497941277743779e-01  3.2086620974612572e+01  3.2011275943115905e+01  3.2011209418357936e+01  4.7999999999999998e+00  3.5097570676895863e+01  7.7065479842383464e+00  3.0546890014096800e-01  6.6684582769828884e+00  5.5973136127397716e-01  6.7188665573049118e+00  4.8628464948284494e-01  4.5267550250907185e-01  9.2993566533566074e-01
2.6000000000001300e+01  3.5043919995291297e+01  4.0101368350508204e-02  7.7680811906430955e+00  3.0446288237094332e-01  3.2107263994576520e+01  3.2011615643520678e+01  3.2011545000294646e+01  4.7999999999999998e+00  3.5135964017439406e+01  7.7586754335408790e+00  3.0568143593908148e-01  6.7404847912384556e+00  5.5933239846875482e-01  6.7770953370831455e+00  4.8565043971921679e-01  4.5229127256683194e-01  9.2790895167185672e-01
2.6400000000001299e+01  3.5071503489392470e+01  4.0123426371532947e-02  7.8219678635176946e+00  3.0436257679020629e-01  3.2128946733375209e+01  3.2011973994928105e+01  3.2011899428344897e+01  4.7999999999999998e+00  3.5173361117134220e+01  7.8115167652749493e+00  3.0618940993054061e-01  6.8138105397433844e+00  5.5911295910960757e-01  6.8360382170968315e+00  4.8373982906032581e-01  4.5194861338333658e-01  9.2585315850169103e-01
2.6800000000001400e+01  3.5097716314330654e+01  4.0136268695105781e-02  7.8767526868763209e+00  3.0418536507968824e-01  3.2151535161547116e+01  3.2012347588242640e+01  3.2012269314012400e+01  4.7999999999999998e+00  3.5210082912542774e+01  7.8651703824899117e+00  3.0655952324294788e-01  6.8887371706798302e+00  5.5924220218727927e-01  6.8956529226066783e+00  4.8313041703274173e-01  4.5162959256768220e-01  9.2377218797641547e-01
2.7200000000001499e+01  3.5122211006826134e+01  4.0139505939590467e-02  7.9326109851295890e+00  3.0340056454637093e-01  3.2174846141219540e+01  3.2012732772719275e+01  3.2012651001564834e+01  4.7999999999999998e+00  3.5245743291488267e+01  7.9198143596399113e+00  3.0692814916241051e-01  6.9655261289030959e+00  5.5884922977636320e-01  6.9559917793783859e+00  4.8189006771969800e-01  4.5131326249848930e-01  9.2166737065562909e-01
2.7600000000001501e+01  3.5143987106432355e+01  4.0132112746102330e-02  7.9895302781179618e+00  3.0364793610573199e-01  3.2198695610092336e+01  3.2013124219891978e+01  3.2013039107969988e+01  4.7999999999999998e+00  3.5279321888235813e+01  7.9754393436435453e+00  3.0643601619423200e-01  7.0438879441630391e+00  5.5917933232483408e-01  7.0171710329752557e+00  4.8203900339460548e-01  4.5097711115775796e-01  9.1953716006610442e-01
2.8000000000001599e+01  3.5161580037384709e+01  4.0112487244463570e-02  8.0470936874871946e+00  3.0317288601650788e-01  3.2223015968632957e+01  3.2013513823458588e+01  3.2013425384786487e+01  4.7999999999999998e+00  3.5309372326356339e+01  8.0316281733777348e+00  3.0589268575155859e-01  7.1231650788564771e+00  5.5992680572425624e-01  7.0788714801504211e+00  4.8150306859103448e-01  4.5060238739060915e-01  9.1737745608332588e-01
2.8400000000001601e+01  3.5173731270142206e+01  4.0078714343683791e-02  8.1048836249254670e+00  3.0409464416494569e-01  3.2247838058522056e+01  3.2013900359226653e+01  3.2013808431594633e+01  4.7999999999999998e+00  3.5334694773279054e+01  8.0879588109287699e+00  3.0560503768198227e-01  7.2029261034925849e+00  5.5968992398326789e-01  7.1406294670070629e+00  4.8144311184263361e-01  4.5017735510778095e-01  9.1518252220794494e-01
2.8800000000001699e+01  3.5180122904172919e+01  4.0028849412368762e-02  8.1629520273118725e+00  3.0341963284084494e-01  3.2273199086615001e+01  3.2014294075319192e+01  3.2014198339349122e+01  4.7999999999999998e+00  3.5355057505169846e+01  8.1444763116415277e+00  3.0780711130889404e-01  7.2830870975353870e+00  5.5886811078409637e-01  7.2026009633469279e+00  4.8237734288140360e-01  4.4969502129819083e-01  9.1294635058087659e-01
2.9200000000001801e+01  3.5181442942398625e+01  4.0138499046762935e-02  8.2215705992320949e+00  3.0440067506271046e-01  3.2299139917337172e+01  3.2014708957507537e+01  3.2014608994697220e+01  4.7999999999999998e+00  3.5371241642472356e+01  8.2014441020032134e+00  3.0867958806058160e-01  7.3634716469315720e+00  5.5949618623283015e-01  7.2654604259442719e+00  4.8272140636720384e-01  4.4915033255089126e-01  9.1066418319628806e-01
2.9600000000001799e+01  3.5178688587451148e+01  4.0270861354062729e-02  8.2805515986228801e+00  3.0430074193680334e-01  3.2325796494685704e+01  3.2015147513979826e+01  3.2015043001120894e+01  4.7999999999999998e+00  3.5384326206771966e+01  8.2586640770432052e+00  3.0879632805370449e-01  7.4438105359192113e+00  5.5477354038050508e-01  7.3291982867780812e+00  4.8187789052593266e-01  4.4854524657977174e-01  9.0833377279383920e-01
3.0000000000001901e+01  3.5172790725080318e+01  4.0392717562366440e-02  8.3394601707482341e+00  3.0544453687269990e-01  3.2353322751907442e+01  3.2015596444761819e+01  3.2015487298565830e+01  4.7999999999999998e+00  3.5395303069153414e+01  8.3156910316725750e+00  3.0919674335604069e-01  7.5241842551554301e+00  5.5495133214011683e-01  7.3931377271400764e+00  4.8083400254842590e-01  4.4789123741753584e-01  9.0595592255583879e-01
3.0400000000001999e+01  3.5165111192163742e+01  4.0500872052681283e-02  8.3984410323979919e+00  3.0607338894317765e-01  3.2381763361047007e+01  3.2016052170169488e+01  3.2015938439120013e+01  4.7999999999999998e+00  3.5405573649121550e+01  8.3726611325771181e+00  3.0878838010868953e-01  7.6051364772330032e+00  5.6034835624084267e-01  7.4572495352711741e+00  4.8091619784596457e-01  4.4719879335178475e-01  9.0353401917432175e-01
3.0800000000002001e+01  3.5157135221997876e+01  4.0592364909217915e-02  8.4580991246822439e+00  3.0722691812597519e-01  3.2411109975309088e+01  3.2016507042509453e+01  3.2016388727287740e+01  4.7999999999999998e+00  3.5416646078985863e+01  8.4301708234167467e+00  3.0986648665319172e-01  7.6870871702844310e+00  5.6117422070188705e-01  7.5222402762453902e+00  4.8045493477975998e-01  4.4647151892398362e-01  9.0107270116829519e-01
3.1200000000002099e+01  3.5149374769376536e+01  4.0665625245668691e-02  8.5184563536850355e+00  3.0666109555019133e-01  3.2441398033582892e+01  3.2016937437352965e+01  3.2016814390979768e+01  4.7999999999999998e+00  3.5429045074831734e+01  8.4882341336167819e+00  3.1035077715676107e-01  7.7698691097930457e+00  5.6260204160153104e-01  7.5880273705047063e+00  4.7999403053913831e-01  4.4570953370446437e-01  8.9857622093926492e-01
3.1600000000002101e+01  3.5141186762587026e+01  4.0720280744727805e-02  8.5788749176866634e+00  3.0750064434441776e-01  3.2472621545465088e+01  3.2017330052409143e+01  3.2017202114749317e+01  4.7999999999999998e+00  3.5442137605589011e+01  8.5462100840154775e+00  3.1030577053921798e-01  7.8529367099777136e+00  5.6323621189846373e-01  7.6537231118199820e+00  4.7838274282329091e-01  4.4490874958684651e-01  8.9604713515412771e-01
3.2000000000002203e+01  3.5131843865510618e+01  4.0753261303221974e-02  8.6391736651929474e+00  3.0631532620230933e-01  3.2504606912130704e+01  3.2017696808014200e+01  3.2017563961924466e+01  4.7999999999999998e+00  3.5455213102454969e+01  8.6039193255194935e+00  3.1211035830016759e-01  7.9359574089269129e+00  5.6210843212796713e-01  7.7193340639080574e+00  4.7745244854801000e-01  4.4405608236616501e-01  8.9348566955897402e-01
3.2400000000002102e+01  3.5121304299917348e+01  4.0763500832716085e-02  8.6999824070301806e+00  3.0810342821624215e-01  3.2537164294140240e+01  3.2018055589845062e+01  3.2017917803413539e+01  4.7999999999999998e+00  3.5468265266103643e+01  8.6619908656546638e+00  3.1328153691720784e-01  8.0189427160682065e+00  5.6306449509645740e-01  7.7861270998593302e+00  4.7689227694730624e-01  4.4313193132731221e-01  8.9088973173088759e-01
3.2800000000002001e+01  3.5109757118848449e+01  4.0749825830497348e-02  8.7615694492580296e+00  3.0867327850654064e-01  3.2570343610313188e+01  3.2018414494281821e+01  3.2018271455816844e+01  4.7999999999999998e+00  3.5481547100409585e+01  8.7206845129830697e+00  3.1433031222527946e-01  8.1017429216721357e+00  5.6332768865134009e-01  7.8546822594359940e+00  4.7696523809218433e-01  4.4212188902008159e-01  8.8825536397710025e-01
3.3200000000001999e+01  3.5096743878147024e+01  4.0710808892885815e-02  8.8230541346001967e+00  3.0911180519938641e-01  3.2604459427196637e+01  3.2018797460432282e+01  3.2018648592477334e+01  4.7999999999999998e+00  3.5494692120165737e+01  8.7791051975141254e+00  3.1491645197091417e-01  8.1837422884107234e+00  5.6456725497171700e-01  7.9238108015884317e+00  4.7750786011998098e-01  4.4102861177406683e-01  8.8557748262330238e-01
3.3600000000001899e+01  3.5081468480290482e+01  4.0688208365359843e-02  8.8835538636151625e+00  3.0944249008513663e-01  3.2639804925847244e+01  3.2019212261920529e+01  3.2019057223935896e+01  4.7999999999999998e+00  3.5507012040161463e+01  8.8363542045251737e+00  3.1614257384799599e-01  8.2645080125908486e+00  5.6498806612672547e-01  7.9923483874221501e+00  4.7630115208735929e-01  4.3987378160555030e-01  8.8285085779474537e-01
3.4000000000001798e+01  3.5064153020561974e+01  4.0877132406833307e-02  8.9435206391403863e+00  3.0934108157298534e-01  3.2676503666176799e+01  3.2019662270977655e+01  3.2019501284790252e+01  4.7999999999999998e+00  3.5518829442773551e+01  8.8928648221111892e+00  3.1619667659063988e-01  8.3447003488776232e+00  5.6553530199895841e-01  8.0607712332598336e+00  4.7429290118429379e-01  4.3868998489370631e-01  8.8007123870975945e-01
3.4400000000001697e+01  3.5045586868423754e+01  4.1044881253517670e-02  9.0038355415265379e+00  3.0997449382794562e-01  3.2714586302122406e+01  3.2020127464231344e+01  3.2019960735890102e+01  4.7999999999999998e+00  3.5530999304483231e+01  8.9494994038197859e+00  3.1776456565089056e-01  8.4255595353907911e+00  5.6677907742222811e-01  8.1296499152096633e+00  4.7416215126154504e-01  4.3751798573462680e-01  8.7723632635595483e-01
3.4800000000001603e+01  3.5025989048541902e+01  4.1187545659163730e-02  9.0639289630478750e+00  3.1050482475566510e-01  3.2754179838220615e+01  3.2020556177198472e+01  3.2020383232227978e+01  4.7999999999999998e+00  3.5543789822407099e+01  9.0056760716506048e+00  3.1936854885727733e-01  8.5072687619644043e+00  5.6870762545353237e-01  8.1974990341101268e+00  4.7462346216063944e-01  4.3639776462963070e-01  8.7434617889646760e-01
3.5200000000001602e+01  3.5005181397171896e+01  4.1301046956505272e-02  9.1224064436951373e+00  3.1165763415104192e-01  3.2795440489360814e+01  3.2020921242031541e+01  3.2020741435692663e+01  4.7999999999999998e+00  3.5557077870441965e+01  9.0599948216423307e+00  3.1986177998132415e-01  8.5886866460039126e+00  5.6965116970004093e-01  8.2624079909881445e+00  4.7306598249114246e-01  4.3535445216039553e-01  8.7140280994647723e-01
3.5600000000001501e+01  3.4983665414107655e+01  4.1384345455261387e-02  9.1790741997482410e+00  3.1251681643248375e-01  3.2838457918125030e+01  3.2021248437407444e+01  3.2021061939492647e+01  4.7999999999999998e+00  3.5571437563603396e+01  9.1122515383103728e+00  3.2107355609579291e-01  8.6689050395977869e+00  5.7117275388021926e-01  8.3246841374852814e+00  4.7121119117092136e-01  4.3439453230667679e-01  8.6840912188389163e-01
3.6000000000001400e+01  3.4962777207132319e+01  4.1434728430730053e-02  9.2353905557322076e+00  3.1410125819099877e-01  3.2883352998315793e+01  3.2021576259232546e+01  3.2021384026186944e+01  4.7999999999999998e+00  3.5588293723687329e+01  9.1638790064486528e+00  3.2185708912084143e-01  8.7486184996803544e+00  5.7174594584824856e-01  8.3864827598971825e+00  4.7177272407236981e-01  4.3351972751054507e-01  8.6536761406021157e-01
3.6400000000001299e+01  3.4942918884178638e+01  4.1449096742750269e-02  9.2924298128427498e+00  3.1464798889342382e-01  3.2930328510927268e+01  3.2021891813939263e+01  3.2021694107476556e+01  4.7999999999999998e+00  3.5608142280718205e+01  9.2159220725116953e+00  3.2383098749677025e-01  8.8290502753898341e+00  5.7325425352848314e-01  8.4486690418745134e+00  4.7209170504709674e-01  4.3273873686175585e-01  8.6227932071259406e-01
3.6800000000001198e+01  3.4921171821536547e+01  4.1426861714227048e-02  9.3490755066372717e+00  3.1560697326341908e-01  3.2979344824015698e+01  3.2022162555659733e+01  3.2021957522217136e+01  4.7999999999999998e+00  3.5628160995233003e+01  9.2672593328135591e+00  3.2554105143298068e-01  8.9094263263545983e+00  5.7245621243859923e-01  8.5097019099234430e+00  4.7159064424907288e-01  4.3204129793552754e-01  8.5914323349092492e-01
3.7200000000001197e+01  3.4893149195661906e+01  4.1440089642470194e-02  9.4034601037824501e+00  3.1667880440019147e-01  3.3030121111369340e+01  3.2022363859424992e+01  3.2022149814914037e+01  4.7999999999999998e+00  3.5644060330496522e+01  9.3160349741981356e+00  3.2776923888298637e-01  8.9872894797837546e+00  5.7117180908621068e-01  8.5682604839401133e+00  4.7122196142430472e-01  4.3139410275231765e-01  8.5595627041089473e-01
3.7600000000001103e+01  3.4856740268203055e+01  4.1672668319174662e-02  9.4553222591316057e+00  3.1810938006505224e-01  3.3082575045275192e+01  3.2022526884421083e+01  3.2022303443832044e+01  4.7999999999999998e+00  3.5653824467197552e+01  9.3619790757535117e+00  3.2893041238593618e-01  9.0612668014077187e+00  5.6965080372997812e-01  8.6251608832174700e+00  4.7103476964954560e-01  4.3077492724981820e-01  8.5271378561841837e-01
3.8000000000001002e+01  3.4812004361573329e+01  4.1867573174316580e-02  9.5058768564537459e+00  3.1858040770524565e-01  3.3136699331862381e+01  3.2022704124594604e+01  3.2022471705349297e+01  4.7999999999999998e+00  3.5657610462669233e+01  9.4062788593632849e+00  3.3059987403720342e-01  9.1326760953360182e+00  5.7500449083606164e-01  8.6816782548181219e+00  4.7124955715434258e-01  4.3018740805873829e-01  8.4934850733735345e-01
3.8400000000000901e+01  3.4759507243827414e+01  4.2023102810628460e-02  9.5559642525799138e+00  3.1937777779198501e-01  3.3192401677442234e+01  3.2022904269741275e+01  3.2022662873548406e+01  4.7999999999999998e+00  3.5656088000650293e+01  9.4497506926164885e+00  3.3364337508691266e-01  9.2040326767166896e+00  5.7622816984170022e-01  8.7373227229997052e+00  4.7027367237131384e-01  4.2965710739150759e-01  8.4586790774884757e-01
3.8800000000000800e+01  3.4699416021421925e+01  4.2138389235958744e-02  9.6050906851614783e+00  3.2055316704753950e-01  3.3249551208599449e+01  3.2023101137397354e+01  3.2022850071726012e+01  4.7999999999999998e+00  3.5649534216105344e+01  9.4918922983540277e+00  3.3503013017884342e-01  9.2758974079382490e+00  5.7575838791967782e-01  8.7907607579471989e+00  4.7161276381702288e-01  4.2920431206373866e-01  8.4230902540189301e-01
3.9200000000000799e+01  3.4631821090078134e+01  4.2214434896058174e-02  9.6521577858829275e+00  3.2239579067683294e-01  3.3308287105692756e+01  3.2023265157079067e+01  3.2023003731274123e+01  4.7999999999999998e+00  3.5638154659050393e+01  9.5315962835605799e+00  3.3693561318335807e-01  9.3465170902364445e+00  5.7601103351501048e-01  8.8414409111732208e+00  4.7238508767902865e-01  4.2883218714172383e-01  8.3867033534851776e-01
3.9600000000000698e+01  3.4557123592080643e+01  4.2245712809597713e-02  9.6965227972122641e+00  3.2522034059173022e-01  3.3369010469096885e+01  3.2023384866718246e+01  3.2023112849710671e+01  4.7999999999999998e+00  3.5622471372618776e+01  9.5681977034510108e+00  3.3855028518987274e-01  9.4140929477546731e+00  5.7639158931065992e-01  8.8895646067545044e+00  4.7259874918873651e-01  4.2853825925026617e-01  8.3495162839257719e-01
4.0000000000000597e+01  3.4475973963353624e+01  4.2231834526245765e-02  9.7384720183307394e+00  3.2624735108705943e-01  3.3431894022762620e+01  3.2023479993577865e+01  3.2023197553655173e+01  4.7999999999999998e+00  3.5603264855275349e+01  9.6019559989999710e+00  3.4160108180825888e-01  9.4787565702454835e+00  5.7623387529483372e-01  8.9353601188810856e+00  4.7387793233767594e-01  4.2832584301559845e-01  8.3115304881796814e-01
4.0400000000000503e+01  3.4388833304378224e+01  4.2437942754520078e-02  9.7787517523887537e+00  3.2803652390978461e-01  3.3496696762576356e+01  3.2023572872059873e+01  3.2023279930861321e+01  4.7999999999999998e+00  3.5581138985017262e+01  9.6335961068458129e+00  3.4594114378869756e-01  9.5420033643911992e+00  5.7686063333152693e-01  8.9789165526352495e+00  4.7539819106527537e-01  4.2819811500678018e-01  8.2727444111642823e-01
4.0800000000000502e+01  3.4295624934334008e+01  4.2689815107365831e-02  9.8178977562939345e+00  3.3047456719488810e-01  3.3563169314504798e+01  3.2023658604220543e+01  3.2023354553054006e+01  4.7999999999999998e+00  3.5556169686229211e+01  9.6636321227511068e+00  3.4857483314767068e-01  9.6044551065014492e+00  5.7696600961048450e-01  9.0208568694330751e+00  4.7606528724453312e-01  4.2814375807408106e-01  8.2331527194451226e-01
4.1200000000000401e+01  3.4195601499053794e+01  4.2888200578106717e-02  9.8559890310292211e+00  3.3321347485752489e-01  3.3631510010113452e+01  3.2023713006796484e+01  3.2023396825257223e+01  4.7999999999999998e+00  3.5527762993496125e+01  9.6921087271579989e+00  3.5172151614920621e-01  9.6648499577160329e+00  5.7857806187137528e-01  9.0624834303555062e+00  4.7801250772920978e-01  4.2813677990875054e-01  8.1927479938444592e-01
4.1600000000000300e+01  3.4087199504188462e+01  4.3035886139402520e-02  9.8924152044718845e+00  3.3449188613779818e-01  3.3702068938099728e+01  3.2023711186867203e+01  3.2023381628845151e+01  4.7999999999999998e+00  3.5494498271322904e+01  9.7183858860709940e+00  3.5514571740131956e-01  9.7211999674447682e+00  5.7970215639382738e-01  9.1042280921041154e+00  4.7889321825123626e-01  4.2815335400369475e-01  8.1515196274406987e-01
4.2000000000000199e+01  3.3968585044924247e+01  4.3135782054331752e-02  9.9262367046681632e+00  3.3678295038864831e-01  3.3774744742243101e+01  3.2023648623759705e+01  3.2023304710817605e+01  4.7999999999999998e+00  3.5454664591397560e+01  9.7415194497718858e+00  3.5816269009028834e-01  9.7727721015133167e+00  5.8110308316522896e-01  9.1448408264790970e+00  4.8052118535613364e-01  4.2818568031964588e-01  8.1094483806932027e-01
4.2400000000000098e+01  3.3838885143591583e+01  4.3185888514937994e-02  9.9573399166336856e+00  3.4032338425332320e-01  3.3849049236570281e+01  3.2023558581416161e+01  3.2023199971822891e+01  4.7999999999999998e+00  3.5407490990607528e+01  9.7613936197672651e+00  3.6114518349619712e-01  9.8209042607098347e+00  5.8136878798180336e-01  9.1831310414743168e+00  4.8263832319341726e-01  4.2823849617180038e-01  8.0665005758732600e-01
4.2800000000000097e+01  3.3698595004124769e+01  4.3226364701060671e-02  9.9867216206320748e+00  3.4366205843287922e-01  3.3924664367078783e+01  3.2023487625908857e+01  3.2023114438767806e+01  4.7999999999999998e+00  3.5353562940198422e+01  9.7789746044924364e+00  3.6655918928782366e-01  9.8675886739202010e+00  5.8257689513274979e-01  9.2195962781499574e+00  4.8276461104625706e-01  4.2831695840575912e-01  8.0226277151511916e-01
4.3200000000000003e+01  3.3548839641065804e+01  4.3522680164547189e-02  1.0015561222063566e+01  3.4594492482112205e-01  3.4001781367352400e+01  3.2023443240001782e+01  3.2023055522403567e+01  4.7999999999999998e+00  3.5294098867933677e+01  9.7953842401523428e+00  3.7125243434398120e-01  9.9139466205685078e+00  5.8182181418402523e-01  9.2556748757461573e+00  4.8609320107087878e-01  4.2842415375159398e-01  7.9777736416770784e-01
4.3599999999999902e+01  3.3390205492138442e+01  4.3756688483643877e-02  1.0044004424468168e+01  3.5022880758126912e-01  3.4080768450338581e+01  3.2023384553973969e+01  3.2022981923709466e+01  4.7999999999999998e+00  3.5229797054025411e+01  9.8107227185222730e+00  3.7448046197208507e-01  9.9598888163210937e+00  5.8570432277717821e-01  9.2916321651652094e+00  4.8774659233741979e-01  4.2856690263675012e-01  7.9318857519384267e-01
4.3999999999999801e+01  3.3222347060777039e+01  4.3930287652735545e-02  1.0070814527669537e+01  3.5254060362610934e-01  3.4161714123913626e+01  3.2023271624482504e+01  3.2022853426681721e+01  4.7999999999999998e+00  3.5160450591755975e+01  9.8237517278406781e+00  3.8083024897997741e-01  1.0004260693529840e+01  5.8780874776559044e-01  9.3259003238910481e+00  4.8948994587785294e-01  4.2875553575447023e-01  7.8849242402734965e-01
4.4399999999999700e+01  3.3045030867457747e+01  4.4050065036666655e-02  1.0094678830209698e+01  3.5557879692065186e-01  3.4244456431180843e+01  3.2023103769110044e+01  3.2022669414129901e+01  4.7999999999999998e+00  3.5085990748236540e+01  9.8331746906313047e+00  3.8441709889581277e-01  1.0045933061787734e+01  5.8821806464286519e-01  9.3568577457550131e+00  4.9290651016432718e-01  4.2899691252322764e-01  7.8368654930920623e-01
4.4799999999999699e+01  3.2859476004213903e+01  4.4115445889894980e-02  1.0116075701005235e+01  3.5994047255950018e-01  3.4328905234175828e+01  3.2022918340309879e+01  3.2022467574420062e+01  4.7999999999999998e+00  3.5007819395233838e+01  9.8394399754637991e+00  3.8965242393510824e-01  1.0085158672344608e+01  5.8826099909421703e-01  9.3852509342528929e+00  4.9553383428346115e-01  4.2928773082713573e-01  7.7876995993426090e-01
4.5199999999999598e+01  3.2667919574721040e+01  4.4265392087270844e-02  1.0136890262642527e+01  3.6518843797556183e-01  3.4415350787839991e+01  3.2022753372010236e+01  3.2022286158793023e+01  4.7999999999999998e+00  3.4928360197510358e+01  9.8443438188476300e+00  3.9546204269379315e-01  1.0123075832832816e+01  5.9020254922104975e-01  9.4137973036891847e+00  4.9765699296077565e-01  4.2961621228171049e-01  7.7374237863955142e-01
4.5599999999999497e+01  3.2471132646646964e+01  4.4542723394920478e-02  1.0157815815250395e+01  3.6815682399441957e-01  3.4504195175958664e+01  3.2022598084641487e+01  3.2022114015914447e+01  4.7999999999999998e+00  3.4848559248015128e+01  9.8485101277649232e+00  4.0206797912080205e-01  1.0160036133448077e+01  5.9184674612518884e-01  9.4436009831997385e+00  5.0120846813973985e-01  4.2997670701248936e-01  7.6860330568459045e-01
4.5999999999999403e+01  3.2267556432114176e+01  4.4750287332984674e-02  1.0177631823654512e+01  3.7377475682331585e-01  3.4595466036387066e+01  3.2022394471605097e+01  3.2021892561245139e+01  4.7999999999999998e+00  3.4767007467836137e+01  9.8507167012841776e+00  4.0663281176296168e-01  1.0194932781959306e+01  5.9379907971212720e-01  9.4732847195881611e+00  5.0376022043233348e-01  4.3037416786240423e-01  7.6335090965154695e-01
4.6399999999999302e+01  3.2046962148971716e+01  4.4902430206441274e-02  1.0196594317472218e+01  3.7767186590446766e-01  3.4687581879570416e+01  3.2022119246628023e+01  3.2021598218378237e+01  4.7999999999999998e+00  3.4669069723223032e+01  9.8516696532825208e+00  4.1354292965800976e-01  1.0230091911019652e+01  5.9473970561760581e-01  9.5015733931208288e+00  5.0681171351494614e-01  4.3061862358318265e-01  7.5716488247662816e-01
4.6799999999999301e+01  3.1826289088715814e+01  4.5010589042061511e-02  1.0212933954852979e+01  3.8231624066014946e-01  3.4782489685484876e+01  3.2021796602841036e+01  3.2021256621833956e+01  4.7999999999999998e+00  3.4580811412616441e+01  9.8486790769482706e+00  4.1980907144176921e-01  1.0258632685260721e+01  5.9774287649623825e-01  9.5299173589740285e+00  5.0990883029722056e-01  4.3112136538233614e-01  7.5155249180087191e-01
4.7199999999999200e+01  3.1587495787114378e+01  4.5228278249076742e-02  1.0229624865769763e+01  3.8694789081714331e-01  3.4879312619912902e+01  3.2021471013442813e+01  3.2020912364295967e+01  4.7999999999999998e+00  3.4479816242911909e+01  9.8449011404802498e+00  4.2601945890853926e-01  1.0285676988452547e+01  5.9910112589233699e-01  9.5594393007431737e+00  5.1176316153305235e-01  4.3180802421330244e-01  7.4580272504897149e-01
4.7599999999999099e+01  3.1347179692447373e+01  4.5393533244642750e-02  1.0243331703449119e+01  3.9280553498447496e-01  3.4977538417616586e+01  3.2021121521298063e+01  3.2020544506668358e+01  4.7999999999999998e+00  3.4382613408387371e+01  9.8373667082537803e+00  4.3281697971149719e-01  1.0312320958271467e+01  6.0100011761944228e-01  9.5845739690411325e+00  5.1605877703379832e-01  4.3247275277455788e-01  7.3990632208507257e-01
4.7999999999998998e+01  3.1097308264700562e+01  4.5542637130394997e-02  1.0255575603114158e+01  3.9798152549519450e-01  3.5077225740054367e+01  3.2020768136254404e+01  3.2020173026376000e+01  4.7999999999999998e+00  3.4281248109826301e+01  9.8273932659872951e+00  4.3991827520119942e-01  1.0338012747286635e+01  6.0360096977304289e-01  9.6080713609358277e+00  5.1978407655718917e-01  4.3323578049918632e-01  7.3385917489214059e-01
4.8399999999998897e+01  3.0835409095440191e+01  4.5722227670406332e-02  1.0267826477821682e+01  4.0380153626538684e-01  3.5177068384894945e+01  3.2020423925171656e+01  3.2019811375233317e+01  4.7999999999999998e+00  3.4173737708179353e+01  9.8162577299738523e+00  4.4852867410566227e-01  1.0363478590101115e+01  6.0561086383594365e-01  9.6323066236179713e+00  5.2299677944599332e-01  4.3402542451460696e-01  7.2764523154479510e-01
4.8799999999998903e+01  3.0568908662424036e+01  4.5875588098350829e-02  1.0281122565078729e+01  4.0973648579995309e-01  3.5279772630893454e+01  3.2020091740822174e+01  3.2019461988583288e+01  4.7999999999999998e+00  3.4066519980374615e+01  9.8051009779850506e+00  4.5656807292767559e-01  1.0387751000246421e+01  6.0772103185529125e-01  9.6584597014517488e+00  5.2719659967986476e-01  4.3499967571333714e-01  7.2124985758009130e-01
4.9199999999998802e+01  3.0293949017905749e+01  4.6050413040939112e-02  1.0295083579499410e+01  4.1618698375542851e-01  3.5384736796188143e+01  3.2019751081330703e+01  3.2019103756689717e+01  4.7999999999999998e+00  3.3956341695209204e+01  9.7933817748340086e+00  4.6510961714649202e-01  1.0412231750739672e+01  6.1043511282819485e-01  9.6852424883469972e+00  5.3079270984486870e-01  4.3611457369183348e-01  7.1466322472284094e-01
4.9599999999998701e+01  3.0009037931000627e+01  4.6279738240961765e-02  1.0308074582856610e+01  4.2289946691851160e-01  3.5491562562665464e+01  3.2019370217336558e+01  3.2018704738802256e+01  4.7999999999999998e+00  3.3841791676076994e+01  9.7795058517886666e+00  4.7366372585203759e-01  1.0435369219471713e+01  6.1172568506094949e-01  9.7112004246623478e+00  5.3561069286887386e-01  4.3738749320101183e-01  7.0785323988656323e-01
4.9999999999998600e+01  2.9713407066499379e+01  4.6498418407885198e-02  1.0319254748614361e+01  4.3030039548845544e-01  3.5599521753643586e+01  3.2018961867752601e+01  3.2018277782201949e+01  4.7999999999999998e+00  3.3722165021718169e+01  9.7626571621193641e+00  4.8190399338487910e-01  1.0454718749968173e+01  6.1308583024380492e-01  9.7368710013187378e+00  5.4018242055671006e-01  4.3882008122044108e-01  7.0083080360793870e-01
5.0399999999998499e+01  2.9407218907059061e+01  4.6725108802968249e-02  1.0330182702027209e+01  4.3696206366955415e-01  3.5708606467676610e+01  3.2018562196551521e+01  3.2017859200589278e+01  4.7999999999999998e+00  3.3597632972967560e+01  9.7442531074173662e+00  4.9153220001475734e-01  1.0470921169785260e+01  6.1488520576192884e-01  9.7643805535096426e+00  5.4591053599264783e-01  4.4041271610813959e-01  6.9359554505904120e-01
5.0799999999998498e+01  2.9090537689542117e+01  4.6951777558766374e-02  1.0343247635488577e+01  4.4541181028944987e-01  3.5819321893617115e+01  3.2018184260568432e+01  3.2017462099189160e+01  4.7999999999999998e+00  3.3468173575858444e+01  9.7264484178717652e+00  5.0189538091876329e-01  1.0487202253211425e+01  6.1738393782757439e-01  9.7953544992261961e+00  5.5087507524973256e-01  4.4217305154429010e-01  6.8600738922305637e-01
5.1199999999998397e+01  2.8762034873836310e+01  4.7179790654291585e-02  1.0358502368483052e+01  4.5363460848218767e-01  3.5931673726761758e+01  3.2017785172555250e+01  3.2017043685611995e+01  4.7999999999999998e+00  3.3332267059294352e+01  9.7092082101102051e+00  5.1230200952706362e-01  1.0504397376942704e+01  6.1981478864808237e-01  9.8294031231373786e+00  5.5588158645921393e-01  4.4410650598642015e-01  6.7811240460983391e-01
5.1599999999998303e+01  2.8425805851460581e+01  4.7455852941210380e-02  1.0373069353708662e+01  4.6193355990676405e-01  3.6045347367721050e+01  3.2017101866556956e+01  3.2016421055349504e+01  4.7999999999999998e+00  3.3195781430705097e+01  9.6896818877672075e+00  5.2324930073765230e-01  1.0518824693862774e+01  6.2288598004748652e-01  9.8643554772773783e+00  5.6266951562178502e-01  4.4624727615470205e-01  6.6990011062017041e-01
5.1999999999998202e+01  2.8071273688381631e+01  4.7716489373217499e-02  1.0387064396646990e+01  4.7159872664614999e-01  3.6159380117909123e+01  3.2016849505855383e+01  3.2016024463964762e+01  4.7999999999999998e+00  3.3045204857878360e+01  9.6680729638796006e+00  5.3331487404599465e-01  1.0529758366632413e+01  6.2633669214565135e-01  9.9008744942135483e+00  5.6827273242965881e-01  4.4856906912730354e-01  6.6141870385731760e-01
5.2399999999998101e+01  2.7702225909788378e+01  4.8011942300214952e-02  1.0400504934057416e+01  4.8166003443100425e-01  3.6273332404584210e+01  3.2016280499021235e+01  3.2015432630813208e+01  4.7999999999999998e+00  3.2883832472054628e+01  9.6444647774935355e+00  5.4623887422625261e-01  1.0538405625350991e+01  6.2831282265954924e-01  9.9378650409893083e+00  5.7603545273720569e-01  4.5101216199658883e-01  6.5271112395837783e-01
5.2799999999998100e+01  2.7312735016189475e+01  4.8337557175330378e-02  1.0417345092245617e+01  4.9156824426595536e-01  3.6388480067578492e+01  3.2015766170760472e+01  3.2014889645611134e+01  4.7999999999999998e+00  3.2705246823414782e+01  9.6222200610886048e+00  5.5766398002194906e-01  1.0548721951645085e+01  6.3073431504218125e-01  9.9793442858257766e+00  5.8319196441122700e-01  4.5368906959623700e-01  6.4373904052057795e-01
5.3199999999997999e+01  2.6912698403954327e+01  4.8533696763228551e-02  1.0437818654764889e+01  5.0086214939743900e-01  3.6504697034316628e+01  3.2015272896638642e+01  3.2014379450728768e+01  4.7999999999999998e+00  3.2520577383184232e+01  9.6015073526155330e+00  5.6983541367331192e-01  1.0561712534545789e+01  6.3341051779519375e-01  1.0025362819407798e+01  5.8964272352000346e-01  4.5659706079509593e-01  6.3443831154806152e-01
5.3599999999997898e+01  2.6494996477168851e+01  4.8679975803657044e-02  1.0462109507902607e+01  5.1213859868837897e-01  3.6620604303105623e+01  3.2014760205350434e+01  3.2013841431459056e+01  4.7999999999999998e+00  3.2320917269216324e+01  9.5823715256428752e+00  5.8216023855372501e-01  1.0576401067577937e+01  6.3593807194470597e-01  1.0077282698071530e+01  5.9721738952975267e-01  4.5965146332424767e-01  6.2480054019421893e-01
5.3999999999997797e+01  2.6062210432250222e+01  4.8877843211978397e-02  1.0487207710275182e+01  5.2286781706476748e-01  3.6736364616065579e+01  3.2014190936101656e+01  3.2013249534781501e+01  4.7999999999999998e+00  3.2109120945885849e+01  9.5620015572657202e+00  5.9511219123171588e-01  1.0587434415311268e+01  6.3879882150574807e-01  1.0133464775709879e+01  6.0474697330868965e-01  4.6290661178996406e-01  6.1483849420790504e-01
5.4399999999997704e+01  2.5614506689191959e+01  4.9244621611817398e-02  1.0512866266571372e+01  5.3450510860234335e-01  3.6852052803965641e+01  3.2013551436925837e+01  3.2012589262383258e+01  4.7999999999999998e+00  3.1884930269370681e+01  9.5400947494288815e+00  6.0800672516883680e-01  1.0596480059512873e+01  6.4169036163401849e-01  1.0191792053418409e+01  6.1256955304238514e-01  4.6638284961045778e-01  6.0454645491440240e-01
5.4799999999997702e+01  2.5153520099201597e+01  4.9730434612861307e-02  1.0542065217693363e+01  5.4600569462306459e-01  3.6967593653983265e+01  3.2012852497837727e+01  3.2011871185546894e+01  4.7999999999999998e+00  3.1649555337541443e+01  9.5192374464019345e+00  6.2112034255124893e-01  1.0609672253476685e+01  6.4458489692867216e-01  1.0253049543622353e+01  6.2044752508571832e-01  4.7009421838241494e-01  5.9390200063482212e-01
5.5199999999997601e+01  2.4680503739668659e+01  5.0209724047880155e-02  1.0576812721270239e+01  5.5807073717327715e-01  3.7082472649714781e+01  3.2012133587790139e+01  3.2011136253238114e+01  4.7999999999999998e+00  3.1403834459301169e+01  9.5011007330970845e+00  6.3522042060679251e-01  1.0627721399028577e+01  6.4745439230367485e-01  1.0320908790890256e+01  6.2885420608767983e-01  4.7403003328742888e-01  5.8288451565083310e-01
5.5599999999997500e+01  2.4195675318972384e+01  5.0615930243846821e-02  1.0615303453393022e+01  5.7003772684930165e-01  3.7196441889607073e+01  3.2011437221348025e+01  3.2010426697216907e+01  4.7999999999999998e+00  3.1147527008658074e+01  9.4839540736534875e+00  6.4873982970526656e-01  1.0644931298050301e+01  6.5035854589869269e-01  1.0396812160448885e+01  6.3694483135209545e-01  4.7817717814599120e-01  5.7149029001404839e-01
5.5999999999997399e+01  2.3699886205577400e+01  5.0973548803639121e-02  1.0655558597259187e+01  5.8241670736689866e-01  3.7309718927962138e+01  3.2010719452812701e+01  3.2009697732150876e+01  4.7999999999999998e+00  3.0880914352418415e+01  9.4659720011406847e+00  6.6258727886652602e-01  1.0657911740661863e+01  6.5353060762641735e-01  1.0479639272686576e+01  6.4476228402973201e-01  4.8253330316479276e-01  5.5934996603943699e-01
5.6399999999997299e+01  2.3195373628040763e+01  5.1359854773731894e-02  1.0699479455241093e+01  5.9497172580118052e-01  3.7421963269574015e+01  3.2009933729832092e+01  3.2008903186876090e+01  4.7999999999999998e+00  3.0605568402773187e+01  9.4487795453208694e+00  6.7669349477974028e-01  1.0671106873847803e+01  6.5692009002949114e-01  1.0569157882064346e+01  6.5310406565963786e-01  4.8710203262637941e-01  5.4669143754601446e-01
5.6799999999997297e+01  2.2684172555904730e+01  5.1824575147324012e-02  1.0750063720878050e+01  6.0661288851262085e-01  3.7532540985659423e+01  3.2009084941409888e+01  3.2008042944379227e+01  4.7999999999999998e+00  3.0322807651659271e+01  9.4349103194819079e+00  6.9007516840032856e-01  1.0690323829614556e+01  6.6045285066258941e-01  1.0666474319445012e+01  6.6082224844578408e-01  4.9188000374021867e-01  5.3356336414693617e-01
5.7199999999997203e+01  2.2165879533987987e+01  5.2297529533851542e-02  1.0805991647996203e+01  6.1872959139605344e-01  3.7641319149400161e+01  3.2008203880483599e+01  3.2007143624630601e+01  4.7999999999999998e+00  3.0031486850260208e+01  9.4230637746178996e+00  7.0418593727013712e-01  1.0713210572499669e+01  6.6355422788849761e-01  1.0771481439637336e+01  6.6826871106720787e-01  4.9686101832169732e-01  5.1995485009375242e-01
5.7599999999997102e+01  2.1639553053538929e+01  5.2792454977413902e-02  1.0865542943698713e+01  6.2945781332410700e-01  3.7747762321207482e+01  3.2007335687099946e+01  3.2006253029457767e+01  4.7999999999999998e+00  2.9729958637934153e+01  9.4115961522242166e+00  7.1680859848118594e-01  1.0734600324006458e+01  6.6709690807201882e-01  1.0885462747466914e+01  6.7581652321677288e-01  5.0204012570511114e-01  5.0586233445368267e-01
5.7999999999997002e+01  2.1105832537778195e+01  5.3325328956864371e-02  1.0930489845252191e+01  6.4042787460569506e-01  3.7851103929956054e+01  3.2006491794212202e+01  3.2005386242569628e+01  4.7999999999999998e+00  2.9418191080624258e+01  9.4018795109136093e+00  7.2943223336003882e-01  1.0755328560040383e+01  6.7070424599827694e-01  1.1011089220664656e+01  6.8251709890845591e-01  5.0740341354127005e-01  4.9127967498142017e-01
5.8399999999997000e+01  2.0566290043032005e+01  5.3907823889063983e-02  1.1002519400612329e+01  6.5065743414402033e-01  3.7951448334844720e+01  3.2005570814181219e+01  3.2004449255328900e+01  4.7999999999999998e+00  2.9097109293965680e+01  9.3951973269992486e+00  7.4126085044035872e-01  1.0781705403579288e+01  6.7433812928427073e-01  1.1146008297909392e+01  6.8902648836145652e-01  5.1293775346979853e-01  4.7619783179997943e-01
5.8799999999996899e+01  2.0021757149025838e+01  5.4545740201600974e-02  1.1080102425526691e+01  6.6031165919515800e-01  3.8048928425676657e+01  3.2004491269663298e+01  3.2003364614708346e+01  4.7999999999999998e+00  2.8766955164987014e+01  9.3900985189729376e+00  7.5221643110390446e-01  1.0815495165068180e+01  6.7777988436296899e-01  1.1285850043591157e+01  6.9516050999008061e-01  5.1862489075638041e-01  4.6061243188277745e-01
5.9199999999996798e+01  1.9472382995611039e+01  5.5241522850604435e-02  1.1161721187985668e+01  6.6881218821367527e-01  3.8142435380998506e+01  3.2003313428323381e+01  3.2002195787341897e+01  4.7999999999999998e+00  2.8427381497957235e+01  9.3851374956000235e+00  7.6312631587700863e-01  1.0851177699312339e+01  6.8125111907835179e-01  1.1433148186031959e+01  7.0040915891352795e-01  5.2442359015290418e-01  4.4452748956673832e-01
5.9599999999996697e+01  1.8920045908240770e+01  5.5999142026639678e-02  1.1250879498887311e+01  6.7597480198517579e-01  3.8230726377371788e+01  3.2002135634966891e+01  3.2001039353110350e+01  4.7999999999999998e+00  2.8079847379255249e+01  9.3830684709447763e+00  7.7292413340477772e-01  1.0887772825401761e+01  6.8460920177982088e-01  1.1596055513876465e+01  7.0493992334500177e-01  5.3028519285366427e-01  4.2795682928974915e-01
5.9999999999996597e+01  1.8366887478731442e+01  5.6827010615174978e-02  1.1349574728961329e+01  6.8293999020094598e-01  3.8314036800843802e+01  3.2000922692386595e+01  3.1999855968598993e+01  4.7999999999999998e+00  2.7726137582779835e+01  9.3853557545769295e+00  7.8163031107605863e-01  1.0930205023546200e+01  6.8793573760732341e-01  1.1773766224316246e+01  7.0840205624638519e-01  5.3619780516576021e-01  4.1077237118951554e-01
6.0009999999996602e+01  1.8353056932153827e+01  5.6848698701103290e-02  1.1352152601844622e+01  6.8299660254349914e-01  3.8316063134890264e+01  3.2000891613876476e+01  3.1999825660798685e+01  4.7999999999999998e+00  2.7717222087779415e+01  9.3854571649409486e+00  7.8183262177922619e-01  1.0931372699740939e+01  6.8802318482329905e-01  1.1778343195699062e+01  7.0841974007653674e-01  5.3634623758419975e-01  4.1031586798291320e-01
