# downsampled to dt=0.5 from the every-step stream
# time min_lapse min_chi max_abs_K min_lapse_x min_lapse_y min_lapse_z max_ah_r min_theta_plus r_at_min_theta_plus min_phi max_phi min_Pi max_Pi pump_work
   0.0100000    9.9051270414e-01    9.8716186068e-01    6.3951374988e-06    3.6000000000e+01    3.2000000000e+01    3.2000000000e+01    0.0000000000e+00    6.3624263413e-02    3.1406221882e+01    8.9502643926e-20    1.9555721915e-02   -1.1120613679e-04    5.9132255791e-18    0.0000000000e+00
   0.5100000    9.9051111625e-01    9.8716409259e-01    3.9263194934e-05    3.5750000000e+01    3.2000000000e+01    3.2000000000e+01    0.0000000000e+00    6.3807473207e-02    3.1321875799e+01    1.2420586422e-19    1.8166822304e-02   -5.5864896364e-03    3.1920513374e-13    0.0000000000e+00
   1.0100000    9.9050516025e-01    9.8716508705e-01    5.3179174299e-05    3.5750000000e+01    3.2000000000e+01    3.2000000000e+01    0.0000000000e+00    6.3808305383e-02    3.1321875799e+01    1.7287206155e-19    1.4186917675e-02   -1.0376035289e-02    9.8800720119e-17    0.0000000000e+00
   1.5100000    9.9047344386e-01    9.8717647952e-01    5.5939712140e-05    3.5750000000e+01    3.2000000000e+01    3.2000000000e+01    0.0000000000e+00    6.3805097499e-02    3.1321875799e+01    2.4087970518e-19    8.2054947706e-03   -1.3508423540e-02    8.6368323086e-17    0.0000000000e+00
   2.0100000    9.9048134676e-01    9.8718050886e-01    6.0980407391e-05    3.5750000000e+01    3.2000000000e+01    3.2000000000e+01    0.0000000000e+00    6.3801969882e-02    3.1321875799e+01    3.3508052427e-19    1.1578266045e-03   -1.4660893251e-02    2.8750753325e-17    0.0000000000e+00
   2.5100000    9.9049924084e-01    9.8719786497e-01    5.0041429550e-05    3.5750000000e+01    3.2000000000e+01    3.2000000000e+01    0.0000000000e+00    6.3800426935e-02    3.1321875799e+01   -6.0051183074e-03    1.6132152957e-10   -1.3939619838e-02    6.6239800199e-18    0.0000000000e+00
   3.0100000    9.9052119551e-01    9.8719052253e-01    1.2611618431e-04    3.5750000000e+01    3.2000000000e+01    3.2000000000e+01    0.0000000000e+00    6.3800448048e-02    3.1321875799e+01   -1.2375993177e-02    1.4207414113e-10   -1.1420172259e-02    5.6148540381e-18    0.0000000000e+00
   3.5100000    9.9066268575e-01    9.8711032721e-01    1.3680147618e-04    3.5750000000e+01    3.2000000000e+01    3.2000000000e+01    0.0000000000e+00    6.3801407719e-02    3.1321875799e+01   -1.7079289939e-02    1.0542549767e-10   -7.2278991643e-03    5.1857337288e-18    0.0000000000e+00
   4.0100000    9.9062992596e-01    9.8714796052e-01    1.2936341662e-04    3.5750000000e+01    3.2000000000e+01    3.2000000000e+01    0.0000000000e+00    6.3802656296e-02    3.1321875799e+01   -1.9399392720e-02    5.4413132745e-11   -1.9168548978e-03    1.8472211851e-16    0.0000000000e+00
   4.5100000    9.9048435533e-01    9.8723061084e-01    6.4349146630e-05    3.5750000000e+01    3.2000000000e+01    3.2000000000e+01    0.0000000000e+00    6.3803770600e-02    3.1321875799e+01   -1.8998844878e-02    5.5214009579e-12   -1.2772915400e-10    3.6145381703e-03    0.0000000000e+00
   5.0100000    9.9047390500e-01    9.8722865177e-01    6.4207889908e-05    3.5750000000e+01    3.2000000000e+01    3.2000000000e+01    0.0000000000e+00    6.3804580647e-02    3.1321875799e+01   -1.5967365980e-02    2.7995586606e-13   -1.2151488820e-10    8.5818369145e-03    0.0000000000e+00
   5.5100000    9.9049823798e-01    9.8721614225e-01    4.0021404907e-05    3.5750000000e+01    3.2000000000e+01    3.2000000000e+01    0.0000000000e+00    6.3805092616e-02    3.1321875799e+01   -1.0736304774e-02    1.8563500917e-14   -9.7077670246e-11    1.2371520582e-02    0.0000000000e+00
   6.0100000    9.9049680597e-01    9.8721937413e-01    2.9449784347e-05    3.5750000000e+01    3.2000000000e+01    3.2000000000e+01    0.0000000000e+00    6.3805393599e-02    3.1321875799e+01   -4.0195822201e-03    8.1847624286e-15   -5.7037445746e-11    1.4471054426e-02    0.0000000000e+00
   6.5100000    9.9049277959e-01    9.8722236963e-01    3.1946121479e-05    3.5750000000e+01    3.2000000000e+01    3.2000000000e+01    0.0000000000e+00    6.3805580262e-02    3.1321875799e+01   -1.8534764787e-10    3.2588812069e-03   -8.7789868840e-12    1.4570049469e-02    0.0000000000e+00
   7.0100000    9.9049000739e-01    9.8722474675e-01    3.3425118477e-05    3.5750000000e+01    3.2000000000e+01    3.2000000000e+01    0.0000000000e+00    6.3805723778e-02    3.1321875799e+01   -1.8127225208e-10    1.0089778448e-02   -3.1615854329e-13    1.2644021514e-02    0.0000000000e+00
   7.5100000    9.9048797554e-01    9.8722732985e-01    3.6327554063e-05    3.5750000000e+01    3.2000000000e+01    3.2000000000e+01    0.0000000000e+00    6.3805864387e-02    3.1321875799e+01   -1.5222341457e-10    1.5523305770e-02   -1.2751426603e-14    8.9601342250e-03    0.0000000000e+00
   8.0100000    9.9048867194e-01    9.8722936125e-01    4.1044967380e-05    3.5750000000e+01    3.2000000000e+01    3.2000000000e+01    0.0000000000e+00    6.3806017589e-02    3.1321875799e+01   -1.0145053132e-10    1.8805243287e-02   -2.8947203512e-08    4.0361365974e-03    0.0000000000e+00
   8.5100000    9.9049327349e-01    9.8723102723e-01    4.5835065631e-05    3.5750000000e+01    3.2000000000e+01    3.2000000000e+01    0.0000000000e+00    6.3806180961e-02    3.1321875799e+01   -3.5482492871e-11    1.9483489414e-02   -1.4377689493e-03    2.4999065555e-06    0.0000000000e+00
   9.0100000    9.9050062220e-01    9.8723320540e-01    4.8173092012e-05    3.5750000000e+01    3.2000000000e+01    3.2000000000e+01    0.0000000000e+00    6.3806343636e-02    3.1321875799e+01   -2.5233254564e-12    1.7469662314e-02   -6.7006406018e-03    2.9189418512e-08    0.0000000000e+00
   9.5100000    9.9050761386e-01    9.8723645843e-01    4.6949273658e-05    3.5750000000e+01    3.2000000000e+01    3.2000000000e+01    0.0000000000e+00    6.3806496712e-02    3.1321875799e+01   -1.7485419699e-13    1.3047077978e-02   -1.1031683519e-02    1.2426048894e-10    0.0000000000e+00
  10.0100000    9.9051104821e-01    9.8724054483e-01    4.3056782097e-05    3.5750000000e+01    3.2000000000e+01    3.2000000000e+01    0.0000000000e+00    6.3806636384e-02    3.1321875799e+01   -1.2979104579e-14    6.8265800756e-03   -1.3845582319e-02    8.2955234822e-11    0.0000000000e+00
  10.5100000    9.9050934331e-01    9.8724461140e-01    3.8777381843e-05    3.5750000000e+01    3.2000000000e+01    3.2000000000e+01    0.0000000000e+00    6.3806760905e-02    3.1321875799e+01   -3.3780692634e-04    1.5004761018e-06   -1.4759382668e-02    3.7129133524e-08    0.0000000000e+00
  11.0100000    9.9050343601e-01    9.8724766266e-01    3.6706881338e-05    3.5750000000e+01    3.2000000000e+01    3.2000000000e+01    0.0000000000e+00    6.3806869566e-02    3.1321875799e+01   -7.4610512839e-03    2.6630378089e-08   -1.3638951099e-02    4.0334039080e-07    0.0000000000e+00
  11.5100000    9.9049642185e-01    9.8724910356e-01    3.8341826403e-05    3.5750000000e+01    3.2000000000e+01    3.2000000000e+01    0.0000000000e+00    6.3806964167e-02    3.1321875799e+01   -1.3558238186e-02    1.7646531251e-10   -1.0626983835e-02    1.1085131141e-06    0.0000000000e+00
  12.0100000    9.9049192340e-01    9.8724911817e-01    4.3125735074e-05    3.5750000000e+01    3.2000000000e+01    3.2000000000e+01    0.0000000000e+00    6.3807048196e-02    3.1321875799e+01   -1.7782309000e-02    1.2919983068e-10   -6.1377122186e-03    1.5263895193e-06    0.0000000000e+00
  12.5100000    9.9049207106e-01    9.8724861636e-01    4.8718528359e-05    3.5750000000e+01    3.2000000000e+01    3.2000000000e+01    0.0000000000e+00    6.3807124158e-02    3.1321875799e+01   -1.9547481950e-02    1.7082310682e-08   -8.0221252405e-04    1.8636847824e-06    0.0000000000e+00
  13.0100000    9.9049632828e-01    9.8724873696e-01    5.2350690985e-05    3.5750000000e+01    3.2000000000e+01    3.2000000000e+01    0.0000000000e+00    6.3807192886e-02    3.1321875799e+01   -1.8613747282e-02    1.1603406758e-07   -2.1251218959e-06    4.6315955175e-03    0.0000000000e+00
  13.5100000    9.9050185295e-01    9.8725020463e-01    5.2410100834e-05    3.5750000000e+01    3.1750000000e+01    3.2000000000e+01    0.0000000000e+00    6.3657373300e-02    3.1397415823e+01   -1.5116308456e-02    4.1799851213e-07   -1.7599418045e-06    9.4156443011e-03    0.0000000000e+00
  14.0100000    9.9050516706e-01    9.8725292360e-01    4.9344067050e-05    3.5750000000e+01    3.2250000000e+01    3.2250000000e+01    0.0000000000e+00    6.3503915709e-02    3.1472774538e+01   -9.5399899485e-03    6.0474564145e-07   -1.6078246594e-06    1.2903149466e-02    0.0000000000e+00
  14.5100000    9.9050416193e-01    9.8725604426e-01    4.5367663889e-05    3.5750000000e+01    3.1750000000e+01    3.1750000000e+01    0.0000000000e+00    6.3503961948e-02    3.1472774538e+01   -2.6500238501e-03    6.8317904505e-07   -1.5489580647e-06    1.4623027220e-02    0.0000000000e+00
  15.0100000    9.9049927706e-01    9.8725846369e-01    4.3167547586e-05    3.6250000000e+01    3.1750000000e+01    3.1750000000e+01    0.0000000000e+00    6.4249519223e-02    3.1104731514e+01   -9.3020846200e-07    4.6088509579e-03   -1.5104766620e-06    1.4334487973e-02    0.0000000000e+00
  15.5100000    9.9049322860e-01    9.8725946121e-01    4.4377006598e-05    3.5750000000e+01    3.2250000000e+01    3.2250000000e+01    0.0000000000e+00    6.3504052763e-02    3.1472774538e+01   -7.7037641427e-07    1.1236818298e-02   -1.4711131679e-06    1.2066114220e-02    0.0000000000e+00
  16.0100000    9.9048937626e-01    9.8725910296e-01    4.8568177338e-05    3.5750000000e+01    3.2250000000e+01    3.2250000000e+01    0.0000000000e+00    6.3504118130e-02    3.1472774538e+01   -6.9648182354e-07    1.6316731360e-02   -1.4523149178e-06    8.1265085526e-03    0.0000000000e+00
  16.5100000    9.9048977178e-01    9.8725821240e-01    5.3547972554e-05    3.5750000000e+01    3.1750000000e+01    3.1750000000e+01    0.0000000000e+00    6.3504133875e-02    3.1472774538e+01   -6.6887708547e-07    1.9146080289e-02   -1.4296430254e-06    3.0672769138e-03    0.0000000000e+00
  17.0100000    9.9049378357e-01    9.8725792254e-01    5.6632505150e-05    3.6250000000e+01    3.1750000000e+01    3.2250000000e+01    0.0000000000e+00    6.4249539295e-02    3.1104731514e+01   -6.5327328725e-07    1.9338043338e-02   -2.4033065759e-03    1.7353528849e-06    0.0000000000e+00
  17.5100000    9.9049893204e-01    9.8725896467e-01    5.6645397287e-05    3.6250000000e+01    3.2250000000e+01    3.2250000000e+01    0.0000000000e+00    6.4250055927e-02    3.1104731514e+01   -6.4308362178e-07    1.6872312262e-02   -7.5316892662e-03    1.6544873047e-06    0.0000000000e+00
  18.0100000    9.9050212258e-01    9.8726104821e-01    5.4343607983e-05    3.5750000000e+01    3.2250000000e+01    3.1750000000e+01    0.0000000000e+00    6.3504906358e-02    3.1472774538e+01   -6.3895301421e-07    1.2091352978e-02   -1.1623660269e-02    1.5668076234e-06    0.0000000000e+00
  18.5100000    9.9050180741e-01    9.8726307463e-01    5.0883576669e-05    3.5750000000e+01    3.1750000000e+01    3.1750000000e+01    0.0000000000e+00    6.3505474133e-02    3.1472774538e+01   -6.1324518783e-07    5.6500900689e-03   -1.4126957592e-02    1.4690709206e-06    0.0000000000e+00
  19.0100000    9.9049839088e-01    9.8726464585e-01    4.8585261631e-05    3.5750000000e+01    3.1750000000e+01    3.2250000000e+01    0.0000000000e+00    6.3505073609e-02    3.1472774538e+01   -1.5706646309e-03    7.6112895990e-07   -1.4695884341e-02    1.3758789624e-06    0.0000000000e+00
  19.5100000    9.9049198149e-01    9.8726522841e-01    4.7731496487e-05    3.6250000000e+01    3.2250000000e+01    3.2250000000e+01    0.0000000000e+00    6.4249697176e-02    3.1104731514e+01   -8.5795763603e-03    7.2551890484e-07   -1.3242119664e-02    1.2860758960e-06    0.0000000000e+00
  20.0100000    9.9048498726e-01    9.8726572330e-01    4.8958046904e-05    3.6250000000e+01    3.2250000000e+01    3.2250000000e+01    0.0000000000e+00    6.4249862010e-02    3.1104731514e+01   -1.4410108622e-02    7.0302830933e-07   -9.9602067143e-03    1.1982375816e-06    0.0000000000e+00
  20.5100000    9.9048143188e-01    9.8726610579e-01    5.4105093718e-05    3.6250000000e+01    3.1750000000e+01    3.1750000000e+01    0.0000000000e+00    6.4250118912e-02    3.1104731514e+01   -1.8258054094e-02    6.7125405898e-07   -5.3078671077e-03    1.1274835587e-06    0.0000000000e+00
  21.0100000    9.9048389299e-01    9.8726582304e-01    6.0676328995e-05    3.6250000000e+01    3.1750000000e+01    3.1750000000e+01    0.0000000000e+00    6.4250213732e-02    3.1104731514e+01   -1.9596589047e-02    6.3059991967e-07   -1.0762948195e-04    8.8002129325e-05    0.0000000000e+00
  21.5100000    9.9049107430e-01    9.8726434437e-01    6.4749046562e-05    3.5750000000e+01    3.1750000000e+01    3.2250000000e+01    0.0000000000e+00    6.3504695104e-02    3.1472774538e+01   -1.8247382635e-02    5.8984533195e-07   -1.2277772182e-06    5.4171112125e-03    0.0000000000e+00
  22.0100000    9.9049828921e-01    9.8726280584e-01    6.3401716216e-05    3.5750000000e+01    3.2250000000e+01    3.2250000000e+01    0.0000000000e+00    6.3504817033e-02    3.1472774538e+01   -1.4399300722e-02    5.4976667933e-07   -1.1878535345e-06    1.0023671262e-02    0.0000000000e+00
  22.5100000    9.9050195468e-01    9.8726253749e-01    5.8139340460e-05    3.5750000000e+01    3.2250000000e+01    3.2250000000e+01    0.0000000000e+00    6.3505021042e-02    3.1472774538e+01   -8.5788835886e-03    5.1232158182e-07   -1.1667108352e-06    1.3262546959e-02    0.0000000000e+00
  23.0100000    9.9050124918e-01    9.8726309688e-01    5.4398733095e-05    3.5750000000e+01    3.2250000000e+01    3.2250000000e+01    0.0000000000e+00    6.3505026373e-02    3.1472774538e+01   -1.5803536093e-03    4.9261312104e-07   -1.1231543965e-06    1.4690050778e-02    0.0000000000e+00
  23.5100000    9.9049959699e-01    9.8726278527e-01    5.6300450236e-05    3.5750000000e+01    3.2250000000e+01    3.2250000000e+01    0.0000000000e+00    6.3504701852e-02    3.1472774538e+01   -5.7059952394e-07    5.6383495488e-03   -1.0624379390e-06    1.4102366331e-02    0.0000000000e+00
  24.0100000    9.9050178451e-01    9.8726005647e-01    6.2371453899e-05    3.5750000000e+01    3.2250000000e+01    3.2250000000e+01    0.0000000000e+00    6.3504354155e-02    3.1472774538e+01   -5.4641719938e-07    1.2085093364e-02   -1.0027667809e-06    1.1574481192e-02    0.0000000000e+00
  24.5100000    9.9051005411e-01    9.8725525399e-01    6.8960512212e-05    3.5750000000e+01    3.1750000000e+01    3.1750000000e+01    0.0000000000e+00    6.3504343141e-02    3.1472774538e+01   -5.2836943420e-07    1.6873370660e-02   -9.4278230054e-07    7.4574189046e-03    0.0000000000e+00
  25.0100000    9.9052334877e-01    9.8724997970e-01    7.2890807179e-05    3.5750000000e+01    3.1750000000e+01    3.1750000000e+01    0.0000000000e+00    6.3504841568e-02    3.1472774538e+01   -5.2112364117e-07    1.9347907202e-02   -8.8407709957e-07    2.3251569604e-03    0.0000000000e+00
  25.5100000    9.9053857358e-01    9.8724580413e-01    7.2960845556e-05    3.5750000000e+01    3.1750000000e+01    3.1750000000e+01    0.0000000000e+00    6.3505627483e-02    3.1472774538e+01   -5.0307010139e-07    1.9174222775e-02   -3.1154481300e-03    9.4661252446e-07    0.0000000000e+00
  26.0100000    9.9055205800e-01    9.8724293874e-01    7.0402430600e-05    3.5750000000e+01    3.1750000000e+01    3.2250000000e+01    0.0000000000e+00    6.3505930864e-02    3.1472774538e+01   -4.8308192480e-07    1.6379822691e-02   -8.1255208350e-03    9.1623308678e-07    0.0000000000e+00
  26.5100000    9.9056205973e-01    9.8724076406e-01    6.6955829087e-05    3.5750000000e+01    3.1750000000e+01    3.2250000000e+01    0.0000000000e+00    6.3505371151e-02    3.1472774538e+01   -4.4798648815e-07    1.1346800135e-02   -1.2028460004e-02    8.8847769269e-07    0.0000000000e+00
  27.0100000    9.9056897656e-01    9.8723830070e-01    6.4829726760e-05    3.5750000000e+01    3.1750000000e+01    3.2250000000e+01    0.0000000000e+00    6.3504663934e-02    3.1472774538e+01   -4.1994815166e-07    4.7606236752e-03   -1.4292271729e-02    8.8060143070e-07    0.0000000000e+00
  27.5100000    9.9057461502e-01    9.8723494894e-01    6.5031644876e-05    3.5750000000e+01    3.1750000000e+01    3.1750000000e+01    0.0000000000e+00    6.3504529428e-02    3.1472774538e+01   -2.4796318356e-03    4.5966719957e-07   -1.4601353648e-02    8.4953125869e-07    0.0000000000e+00
  28.0100000    9.9058114637e-01    9.8723077752e-01    6.7091878493e-05    3.5750000000e+01    3.1750000000e+01    3.1750000000e+01    0.0000000000e+00    6.3504741928e-02    3.1472774538e+01   -9.3819144585e-03    4.3710874062e-07   -1.2907991427e-02    8.5183635997e-07    0.0000000000e+00
  28.5100000    9.9058973559e-01    9.8722640681e-01    6.9549453709e-05    3.6250000000e+01    3.2250000000e+01    3.1750000000e+01    0.0000000000e+00    6.4250403576e-02    3.1104731514e+01   -1.4999809703e-02    4.2582807321e-07   -9.4462917713e-03    8.9045085238e-07    0.0000000000e+00
  29.0100000    9.9059986233e-01    9.8722262947e-01    7.0888005475e-05    3.6250000000e+01    3.1750000000e+01    3.1750000000e+01    0.0000000000e+00    6.4250329349e-02    3.1104731514e+01   -1.8565395409e-02    4.4717108487e-07   -4.6976863007e-03    7.9785591240e-07    0.0000000000e+00
  29.5100000    9.9061026833e-01    9.8721986940e-01    7.0453515659e-05    3.6250000000e+01    3.1750000000e+01    3.1750000000e+01    0.0000000000e+00    6.4250277605e-02    3.1104731514e+01   -1.9594817951e-02    4.4258721828e-07   -7.2796638069e-07    6.9546248781e-04    0.0000000000e+00
  30.0100000    9.9061943601e-01    9.8721794669e-01    6.8663638459e-05    3.6250000000e+01    3.1750000000e+01    3.1750000000e+01    0.0000000000e+00    6.4250246386e-02    3.1104731514e+01   -1.7951062174e-02    4.0792567532e-07   -8.4263752726e-07    5.9674868306e-03    0.0000000000e+00
  30.5100000    9.9062620058e-01    9.8721634319e-01    6.6130397450e-05    3.6250000000e+01    3.1750000000e+01    3.1750000000e+01    0.0000000000e+00    6.4250228963e-02    3.1104731514e+01   -1.3859169758e-02    3.8658495847e-07   -7.7424357762e-07    1.0438461952e-02    0.0000000000e+00
  31.0100000    9.9063021427e-01    9.8721458365e-01    6.3899614370e-05    3.6250000000e+01    3.1750000000e+01    3.1750000000e+01    0.0000000000e+00    6.4250221320e-02    3.1104731514e+01   -7.8755530924e-03    3.7620308175e-07   -7.0467138152e-07    1.3489879910e-02    0.0000000000e+00
  31.5100000    9.9063232962e-01    9.8721239611e-01    6.3271307519e-05    3.6250000000e+01    3.1750000000e+01    3.1750000000e+01    0.0000000000e+00    6.4250218197e-02    3.1104731514e+01   -8.1511157336e-04    3.4865181994e-07   -6.7036352530e-07    1.4701529207e-02    0.0000000000e+00
  32.0100000    9.9063428090e-01    9.8720980176e-01    6.4216036442e-05    3.6250000000e+01    3.1750000000e+01    3.1750000000e+01    0.0000000000e+00    6.4250212810e-02    3.1104731514e+01   -3.8163325457e-07    6.3578592695e-03   -6.7936040116e-07    1.3903242317e-02    0.0000000000e+00
  32.5100000    9.9063747637e-01    9.8720720757e-01    6.5724118460e-05    3.6250000000e+01    3.1750000000e+01    3.1750000000e+01    0.0000000000e+00    6.4250195532e-02    3.1104731514e+01   -3.7919365181e-07    1.2662462047e-02   -6.3940891708e-07    1.1204829600e-02    0.0000000000e+00
  33.0100000    9.9064191691e-01    9.8720522655e-01    6.6646751907e-05    3.6250000000e+01    3.1750000000e+01    3.1750000000e+01    0.0000000000e+00    6.4250156977e-02    3.1104731514e+01   -3.8062006743e-07    1.7238390727e-02   -6.5734959036e-07    6.9807577734e-03    0.0000000000e+00
  33.5100000    9.9064622897e-01    9.8720423227e-01    6.5856896868e-05    3.6250000000e+01    3.1750000000e+01    3.2250000000e+01    0.0000000000e+00    6.4250097246e-02    3.1104731514e+01   -4.0856186569e-07    1.9464184874e-02   -6.9646884973e-07    1.8121789738e-03    0.0000000000e+00
  34.0100000    9.9064876936e-01    9.8720414177e-01    6.3629193661e-05    3.6250000000e+01    3.1750000000e+01    3.2250000000e+01    0.0000000000e+00    6.4250030209e-02    3.1104731514e+01   -3.8820683316e-07    1.9039851135e-02   -3.5977988150e-03    5.4115666169e-07    0.0000000000e+00
  34.5100000    9.9064853039e-01    9.8720456091e-01    6.1038488745e-05    3.6250000000e+01    3.1750000000e+01    3.2250000000e+01    0.0000000000e+00    6.4249970862e-02    3.1104731514e+01   -3.5360977798e-07    1.6024549575e-02   -8.5179284950e-03    6.6738237994e-07    0.0000000000e+00
  35.0100000    9.9064559879e-01    9.8720501499e-01    5.8909684887e-05    3.6250000000e+01    3.1750000000e+01    3.1750000000e+01    0.0000000000e+00    6.4249925149e-02    3.1104731514e+01   -3.5896911013e-07    1.0827751905e-02   -1.2281968183e-02    6.4291483115e-07    0.0000000000e+00
  35.5100000    9.9064107892e-01    9.8720515700e-01    5.8239452799e-05    3.6250000000e+01    3.1750000000e+01    3.1750000000e+01    0.0000000000e+00    6.4249889009e-02    3.1104731514e+01   -3.5669470937e-07    4.1555133922e-03   -1.4375642100e-02    6.1685113009e-07    0.0000000000e+00
  36.0100000    9.9063666304e-01    9.8720481577e-01    5.9330827571e-05    3.6250000000e+01    3.1750000000e+01    3.1750000000e+01    0.0000000000e+00    6.4249855867e-02    3.1104731514e+01   -3.0835750048e-03    3.1674844003e-07   -1.4509942067e-02    5.9383448385e-07    0.0000000000e+00
  36.5100000    9.9063366892e-01    9.8720410709e-01    6.1315873203e-05    3.6250000000e+01    3.1750000000e+01    3.1750000000e+01    0.0000000000e+00    6.4249818214e-02    3.1104731514e+01   -9.9024647388e-03    3.1864723841e-07   -1.2666219467e-02    5.6159976079e-07    0.0000000000e+00
  37.0100000    9.9063233899e-01    9.8720342133e-01    6.2922651313e-05    3.6250000000e+01    3.2250000000e+01    3.1750000000e+01    0.0000000000e+00    6.4249776598e-02    3.1104731514e+01   -1.5372492412e-02    3.4421717394e-07   -9.1000733568e-03    5.3838829966e-07    0.0000000000e+00
  37.5100000    9.9063171167e-01    9.8720318974e-01    6.3241287624e-05    3.5750000000e+01    3.2250000000e+01    3.2250000000e+01    0.0000000000e+00    6.3504190030e-02    3.1472774538e+01   -1.8751225409e-02    3.4338841002e-07   -4.3018723198e-03    5.0633119023e-07    0.0000000000e+00
  38.0100000    9.9063054930e-01    9.8720355096e-01    6.2235900472e-05    3.5750000000e+01    3.1750000000e+01    3.2250000000e+01    0.0000000000e+00    6.3504103590e-02    3.1472774538e+01   -1.9582255691e-02    3.4533445056e-07   -4.9984540457e-07    1.0798418344e-03    0.0000000000e+00
  38.5100000    9.9062799044e-01    9.8720421061e-01    6.0817702429e-05    3.5750000000e+01    3.1750000000e+01    3.2250000000e+01    0.0000000000e+00    6.3504013064e-02    3.1472774538e+01   -1.7754528920e-02    3.3574862267e-07   -4.8231889921e-07    6.3050145107e-03    0.0000000000e+00
  39.0100000    9.9062405985e-01    9.8720465715e-01    5.9927497823e-05    3.5750000000e+01    3.2250000000e+01    3.2250000000e+01    0.0000000000e+00    6.3503934850e-02    3.1472774538e+01   -1.3516039632e-02    3.2383719867e-07   -5.3662811891e-07    1.0680557855e-02    0.0000000000e+00
  39.5100000    9.9061937660e-01    9.8720454656e-01    5.9893536229e-05    3.6250000000e+01    3.2250000000e+01    3.2250000000e+01    0.0000000000e+00    6.4249418868e-02    3.1104731514e+01   -7.4412456442e-03    2.8327344512e-07   -5.5409240986e-07    1.3607571801e-02    0.0000000000e+00
  40.0100000    9.9061491398e-01    9.8720391769e-01    6.0745651961e-05    3.6250000000e+01    3.2250000000e+01    3.2250000000e+01    0.0000000000e+00    6.4249374700e-02    3.1104731514e+01   -3.5496985447e-04    2.8635721143e-07   -5.0880781609e-07    1.4685454012e-02    0.0000000000e+00
  40.5100000    9.9061141172e-01    9.8720311213e-01    6.2182010694e-05    3.5750000000e+01    3.2250000000e+01    3.2250000000e+01    0.0000000000e+00    6.3503797748e-02    3.1472774538e+01   -3.1163725915e-07    6.7793558622e-03   -4.8403183838e-07    1.3766560100e-02    0.0000000000e+00
  41.0100000    9.9060918834e-01    9.8720240395e-01    6.3549623289e-05    3.5750000000e+01    3.2250000000e+01    3.2250000000e+01    0.0000000000e+00    6.3503752759e-02    3.1472774538e+01   -2.8098111299e-07    1.2992186973e-02   -4.8041972821e-07    1.0978806266e-02    0.0000000000e+00
  41.5100000    9.9060800947e-01    9.8720196053e-01    6.4339724978e-05    3.5750000000e+01    3.2250000000e+01    3.2250000000e+01    0.0000000000e+00    6.3503677047e-02    3.1472774538e+01   -2.6795584861e-07    1.7441333966e-02   -4.6762466861e-07    6.7055507567e-03    0.0000000000e+00
  42.0100000    9.9060702605e-01    9.8720183710e-01    6.4164271084e-05    3.5750000000e+01    3.2250000000e+01    3.2250000000e+01    0.0000000000e+00    6.3503566694e-02    3.1472774538e+01   -2.8880878011e-07    1.9525828508e-02   -3.9924602088e-07    1.5285140971e-03    0.0000000000e+00
  42.5100000    9.9060521601e-01    9.8720193489e-01    6.3165759610e-05    3.6250000000e+01    3.2250000000e+01    3.2250000000e+01    0.0000000000e+00    6.4248929503e-02    3.1104731514e+01   -2.8994818299e-07    1.8965240094e-02   -3.8529516055e-03    3.5464537416e-07    0.0000000000e+00
  43.0100000    9.9060219498e-01    9.8720196473e-01    6.2242384401e-05    3.6250000000e+01    3.2250000000e+01    3.2250000000e+01    0.0000000000e+00    6.4248837930e-02    3.1104731514e+01   -2.8625327824e-07    1.5835918137e-02   -8.7133820328e-03    4.2959900721e-07    0.0000000000e+00
  43.5100000    9.9059843769e-01    9.8720157475e-01    6.2125692565e-05    3.5750000000e+01    3.2250000000e+01    3.2250000000e+01    0.0000000000e+00    6.3503246283e-02    3.1472774538e+01   -2.7655269373e-07    1.0560968793e-02   -1.2395309526e-02    4.1580872059e-07    0.0000000000e+00
  44.0100000    9.9059482197e-01    9.8720065116e-01    6.2833495459e-05    3.5750000000e+01    3.2250000000e+01    3.2250000000e+01    0.0000000000e+00    6.3503205984e-02    3.1472774538e+01   -2.7007889742e-07    3.8545898138e-03   -1.4397686989e-02    4.5555942808e-07    0.0000000000e+00
  44.5100000    9.9059211964e-01    9.8719941885e-01    6.4105755048e-05    3.5750000000e+01    3.2250000000e+01    3.2250000000e+01    0.0000000000e+00    6.3503175470e-02    3.1472774538e+01   -3.3739389039e-03    2.5133072099e-07   -1.4447439259e-02    4.6067586962e-07    0.0000000000e+00
  45.0100000    9.9059048061e-01    9.8719827269e-01    6.5288422654e-05    3.6250000000e+01    3.2250000000e+01    3.2250000000e+01    0.0000000000e+00    6.4248651794e-02    3.1104731514e+01   -1.0144505545e-02    2.8163132261e-07   -1.2539713312e-02    4.3246684600e-07    0.0000000000e+00
  45.5100000    9.9058970273e-01    9.8719743559e-01    6.6121718849e-05    3.6250000000e+01    3.2250000000e+01    3.2250000000e+01    0.0000000000e+00    6.4248588887e-02    3.1104731514e+01   -1.5540818141e-02    2.7386764588e-07   -8.9373960951e-03    3.6947416907e-07    0.0000000000e+00
  46.0100000    9.9058936592e-01    9.8719683284e-01    6.6439323781e-05    3.5750000000e+01    3.2250000000e+01    3.2250000000e+01    0.0000000000e+00    6.3503013979e-02    3.1472774538e+01   -1.8834660080e-02    2.4961350349e-07   -4.1310561301e-03    3.9300847981e-07    0.0000000000e+00
  46.5100000    9.9058876355e-01    9.8719625280e-01    6.6014067623e-05    3.5750000000e+01    3.2250000000e+01    3.2250000000e+01    0.0000000000e+00    6.3502974615e-02    3.1472774538e+01   -1.9582791752e-02    2.1911847897e-07   -3.7252151267e-07    1.2332229523e-03    0.0000000000e+00
  47.0100000    9.9058734748e-01    9.8719557045e-01    6.5030601787e-05    3.5750000000e+01    3.2250000000e+01    3.2250000000e+01    0.0000000000e+00    6.3502960191e-02    3.1472774538e+01   -1.7684949005e-02    2.4309440300e-07   -3.4166097374e-07    6.4253906402e-03    0.0000000000e+00
  47.5100000    9.9058485741e-01    9.8719477239e-01    6.4185130958e-05    3.5750000000e+01    3.2250000000e+01    3.2250000000e+01    0.0000000000e+00    6.3502970327e-02    3.1472774538e+01   -1.3397115738e-02    2.4513834573e-07   -3.1203781326e-07    1.0753733727e-02    0.0000000000e+00
  48.0100000    9.9058172984e-01    9.8719381200e-01    6.4158828436e-05    3.5750000000e+01    3.2250000000e+01    3.2250000000e+01    0.0000000000e+00    6.3502997960e-02    3.1472774538e+01   -7.2982510772e-03    2.4014704397e-07   -3.3961065616e-07    1.3628972314e-02    0.0000000000e+00
  48.5100000    9.9057897364e-01    9.8719262544e-01    6.5223015957e-05    3.5750000000e+01    3.2250000000e+01    3.2250000000e+01    0.0000000000e+00    6.3503030651e-02    3.1472774538e+01   -2.1992934324e-04    2.0671031053e-07   -3.5718018069e-07    1.4660499018e-02    0.0000000000e+00
  49.0100000    9.9057746907e-01    9.8719124367e-01    6.6823051985e-05    3.5750000000e+01    3.2250000000e+01    3.1750000000e+01    0.0000000000e+00    6.3503059995e-02    3.1472774538e+01   -1.8502273162e-07    6.8999214532e-03   -3.8873884991e-07    1.3709821330e-02    0.0000000000e+00
  49.5100000    9.9057726669e-01    9.8718987953e-01    6.7995003748e-05    3.5750000000e+01    3.2250000000e+01    3.2250000000e+01    0.0000000000e+00    6.3503077331e-02    3.1472774538e+01   -2.2282275092e-07    1.3079938940e-02   -3.4167888586e-07    1.0909367748e-02    0.0000000000e+00
  50.0100000    9.9057750672e-01    9.8718880376e-01    6.8026378415e-05    3.5750000000e+01    3.2250000000e+01    3.2250000000e+01    0.0000000000e+00    6.3503094880e-02    3.1472774538e+01   -2.4837003488e-07    1.7494148728e-02   -3.0600236005e-07    6.6408870194e-03    0.0000000000e+00
  50.5100000    9.9057704465e-01    9.8718810490e-01    6.6949606593e-05    3.5750000000e+01    3.2250000000e+01    3.2250000000e+01    0.0000000000e+00    6.3503116317e-02    3.1472774538e+01   -2.1812212926e-07    1.9549089629e-02   -3.0814781140e-07    1.4804573798e-03    0.0000000000e+00
  51.0100000    9.9057527214e-01    9.8718757735e-01    6.5741156418e-05    3.5750000000e+01    3.2250000000e+01    3.2250000000e+01    0.0000000000e+00    6.3503146091e-02    3.1472774538e+01   -2.0351355622e-07    1.8968812598e-02   -3.8787361738e-03    3.4201193550e-07    0.0000000000e+00
  51.5100000    9.9057257521e-01    9.8718679812e-01    6.5433578658e-05    3.5750000000e+01    3.2250000000e+01    3.2250000000e+01    0.0000000000e+00    6.3503189062e-02    3.1472774538e+01   -1.8756236101e-07    1.5831383965e-02   -8.7161675429e-03    3.0486814192e-07    0.0000000000e+00
  52.0100000    9.9057002120e-01    9.8718542802e-01    6.6260999338e-05    3.5750000000e+01    3.2250000000e+01    3.2250000000e+01    0.0000000000e+00    6.3503247877e-02    3.1472774538e+01   -1.7930079899e-07    1.0559305026e-02   -1.2378947739e-02    3.0690707851e-07    0.0000000000e+00
  52.5100000    9.9056836131e-01    9.8718357362e-01    6.7480684302e-05    3.6250000000e+01    3.2250000000e+01    3.2250000000e+01    0.0000000000e+00    6.4248894183e-02    3.1104731514e+01   -1.8135184215e-07    3.8636949250e-03   -1.4371254976e-02    3.1964067951e-07    0.0000000000e+00
  53.0100000    9.9056743442e-01    9.8718179082e-01    6.8180848877e-05    3.6250000000e+01    3.2250000000e+01    3.2250000000e+01    0.0000000000e+00    6.4248960362e-02    3.1104731514e+01   -3.3518495357e-03    2.1863964541e-07   -1.4424680140e-02    3.0267485333e-07    0.0000000000e+00
  53.5100000    9.9056684481e-01    9.8718054145e-01    6.8281740879e-05    3.6250000000e+01    3.2250000000e+01    3.2250000000e+01    0.0000000000e+00    6.4249013961e-02    3.1104731514e+01   -1.0114505970e-02    1.9788839237e-07   -1.2535363298e-02    2.8705930701e-07    0.0000000000e+00
  54.0100000    9.9056635191e-01    9.8717975504e-01    6.8436802295e-05    3.6250000000e+01    3.2250000000e+01    3.2250000000e+01    0.0000000000e+00    6.4249053070e-02    3.1104731514e+01   -1.5514477302e-02    2.0175640585e-07   -8.9616563115e-03    2.7590276695e-07    0.0000000000e+00
  54.5100000    9.9056559850e-01    9.8717899405e-01    6.8319363197e-05    3.5750000000e+01    3.2250000000e+01    3.2250000000e+01    0.0000000000e+00    6.3503516060e-02    3.1472774538e+01   -1.8826744875e-02    2.0099789796e-07   -4.1857407553e-03    2.8530254258e-07    0.0000000000e+00
  55.0100000    9.9056440278e-01    9.8717793658e-01    6.7801752679e-05    3.5750000000e+01    3.2250000000e+01    3.2250000000e+01    0.0000000000e+00    6.3503557587e-02    3.1472774538e+01   -1.9607000934e-02    1.9358115794e-07   -3.1860431360e-07    1.1581132734e-03    0.0000000000e+00
  55.5100000    9.9056281406e-01    9.8717655610e-01    6.7514455791e-05    3.5750000000e+01    3.2250000000e+01    3.2250000000e+01    0.0000000000e+00    6.3503608121e-02    3.1472774538e+01   -1.7750429885e-02    1.6730543085e-07   -3.0791189747e-07    6.3350154660e-03    0.0000000000e+00
  56.0100000    9.9056095980e-01    9.8717494179e-01    6.7547035637e-05    3.5750000000e+01    3.2250000000e+01    3.2250000000e+01    0.0000000000e+00    6.3503664544e-02    3.1472774538e+01   -1.3506376440e-02    1.5510221474e-07   -2.9879564004e-07    1.0666666963e-02    0.0000000000e+00
  56.5100000    9.9055914380e-01    9.8717326944e-01    6.7906720685e-05    3.6250000000e+01    3.2250000000e+01    3.2250000000e+01    0.0000000000e+00    6.4249294649e-02    3.1104731514e+01   -7.4458999336e-03    1.6509143797e-07   -2.9169074285e-07    1.3562372841e-02    0.0000000000e+00
  57.0100000    9.9055763100e-01    9.8717178449e-01    6.8332167188e-05    3.6250000000e+01    3.2250000000e+01    3.2250000000e+01    0.0000000000e+00    6.4249331465e-02    3.1104731514e+01   -3.8500179519e-04    1.5446881722e-07   -2.9057371661e-07    1.4632373919e-02    0.0000000000e+00
  57.5100000    9.9055640572e-01    9.8717060748e-01    6.8747229190e-05    3.6250000000e+01    3.2250000000e+01    3.2250000000e+01    0.0000000000e+00    6.4249354371e-02    3.1104731514e+01   -1.9490059357e-07    6.7263661339e-03   -2.7487299851e-07    1.3735453987e-02    0.0000000000e+00
  58.0100000    9.9055554512e-01    9.8716956548e-01    6.9271871104e-05    3.6250000000e+01    3.2250000000e+01    3.2250000000e+01    0.0000000000e+00    6.4249369071e-02    3.1104731514e+01   -1.8106619101e-07    1.2933149924e-02   -2.4177594261e-07    1.0995882010e-02    0.0000000000e+00
  58.5100000    9.9055507592e-01    9.8716836935e-01    6.9726760740e-05    3.5750000000e+01    3.2250000000e+01    3.2250000000e+01    0.0000000000e+00    6.3503817373e-02    3.1472774538e+01   -1.9131361980e-07    1.7403334754e-02   -2.3751504813e-07    6.7833943526e-03    0.0000000000e+00
  59.0100000    9.9055452138e-01    9.8716689167e-01    6.9588740174e-05    3.5750000000e+01    3.2250000000e+01    3.2250000000e+01    0.0000000000e+00    6.3503838719e-02    3.1472774538e+01   -1.6922905789e-07    1.9538219102e-02   -2.4412137083e-07    1.6624259935e-03    0.0000000000e+00
  59.5100000    9.9055363600e-01    9.8716519572e-01    6.9108082321e-05    3.5750000000e+01    3.2250000000e+01    3.2250000000e+01    0.0000000000e+00    6.3503870663e-02    3.1472774538e+01   -1.5384901598e-07    1.9051714974e-02   -3.6817176619e-03    2.8039528346e-07    0.0000000000e+00
  60.0100000    9.9055221651e-01    9.8716345910e-01    6.8700753452e-05    3.6250000000e+01    3.2250000000e+01    3.2250000000e+01    0.0000000000e+00    6.4249483685e-02    3.1104731514e+01   -1.3552971422e-07    1.6008947130e-02   -8.5320568108e-03    2.6153731301e-07    0.0000000000e+00
  60.5100000    9.9055003150e-01    9.8716195471e-01    6.8273704868e-05    3.6250000000e+01    3.2250000000e+01    3.2250000000e+01    0.0000000000e+00    6.4249517358e-02    3.1104731514e+01   -1.3701497527e-07    1.0818400005e-02   -1.2236480660e-02    2.4861790824e-07    0.0000000000e+00
  61.0100000    9.9054779113e-01    9.8716087415e-01    6.8425299590e-05    3.6250000000e+01    3.2250000000e+01    3.2250000000e+01    0.0000000000e+00    6.4249536449e-02    3.1104731514e+01   -1.6594269835e-07    4.1773497916e-03   -1.4297390513e-02    2.5297501108e-07    0.0000000000e+00
  61.5100000    9.9054565114e-01    9.8716002357e-01    6.9025500739e-05    3.5750000000e+01    3.2250000000e+01    3.2250000000e+01    0.0000000000e+00    6.3503962572e-02    3.1472774538e+01   -3.0226477843e-03    1.7026697108e-07   -1.4440252988e-02    2.3723072619e-07    0.0000000000e+00
  62.0100000    9.9054418783e-01    9.8715889837e-01    6.9980507303e-05    3.5750000000e+01    3.2250000000e+01    3.2250000000e+01    0.0000000000e+00    6.3503970044e-02    3.1472774538e+01   -9.8164403694e-03    1.5552541233e-07   -1.2649306474e-02    2.2571832192e-07    0.0000000000e+00
  62.5100000    9.9054391774e-01    9.8715721540e-01    7.1077210461e-05    3.5750000000e+01    3.2250000000e+01    3.2250000000e+01    0.0000000000e+00    6.3503976779e-02    3.1472774538e+01   -1.5294892638e-02    1.6049904602e-07   -9.1668045863e-03    2.1986068532e-07    0.0000000000e+00
  63.0100000    9.9054377453e-01    9.8715523370e-01    7.0997087249e-05    3.6250000000e+01    3.2250000000e+01    3.2250000000e+01    0.0000000000e+00    6.4249561403e-02    3.1104731514e+01   -1.8725542686e-02    1.4305907163e-07   -4.4589024244e-03    2.7734683994e-07    0.0000000000e+00
  63.5100000    9.9054306766e-01    9.8715346671e-01    6.9857738950e-05    3.6250000000e+01    3.2250000000e+01    3.2250000000e+01    0.0000000000e+00    6.4249575638e-02    3.1104731514e+01   -1.9649670593e-02    1.4298803423e-07   -2.3049595394e-07    8.5973425698e-04    0.0000000000e+00
  64.0100000    9.9054112698e-01    9.8715222154e-01    6.8542306449e-05    3.6250000000e+01    3.1750000000e+01    3.2250000000e+01    0.0000000000e+00    6.4249584374e-02    3.1104731514e+01   -1.7943603365e-02    1.1665033740e-07   -2.0864296790e-07    6.0366154428e-03    0.0000000000e+00
  64.5100000    9.9053789746e-01    9.8715143700e-01    6.7761245564e-05    3.6250000000e+01    3.2250000000e+01    3.2250000000e+01    0.0000000000e+00    6.4249603633e-02    3.1104731514e+01   -1.3835972304e-02    1.4807466971e-07   -2.2984143656e-07    1.0418676681e-02    0.0000000000e+00
  65.0100000    9.9053425906e-01    9.8715073755e-01    6.8315952828e-05    3.6250000000e+01    3.2250000000e+01    3.2250000000e+01    0.0000000000e+00    6.4249614752e-02    3.1104731514e+01   -7.8774175920e-03    1.9746525138e-07   -2.2615152756e-07    1.3404395593e-02    0.0000000000e+00
  65.5100000    9.9053153697e-01    9.8714956893e-01    6.9899318410e-05    3.5750000000e+01    3.2250000000e+01    3.2250000000e+01    0.0000000000e+00    6.3504042179e-02    3.1472774538e+01   -8.6617872653e-04    2.0142194800e-07   -2.5361747397e-07    1.4595507503e-02    0.0000000000e+00
  66.0100000    9.9053034735e-01    9.8714796545e-01    7.1160449835e-05    3.5750000000e+01    3.2250000000e+01    3.2250000000e+01    0.0000000000e+00    6.3504046829e-02    3.1472774538e+01   -1.3090802795e-07    6.2597849137e-03   -2.2181844945e-07    1.3835658193e-02    0.0000000000e+00
  66.5100000    9.9052997301e-01    9.8714631993e-01    7.1251244384e-05    3.5750000000e+01    3.2250000000e+01    3.2250000000e+01    0.0000000000e+00    6.3504046933e-02    3.1472774538e+01   -1.2701381428e-07    1.2548546771e-02   -2.5625379262e-07    1.1228934612e-02    0.0000000000e+00
  67.0100000    9.9052902425e-01    9.8714500032e-01    7.0368431721e-05    3.5750000000e+01    3.2250000000e+01    3.2250000000e+01    0.0000000000e+00    6.3504045258e-02    3.1472774538e+01   -1.2729831058e-07    1.7160932792e-02   -2.7161204767e-07    7.1241891199e-03    0.0000000000e+00
  67.5100000    9.9052698175e-01    9.8714383215e-01    6.9839038641e-05    3.5750000000e+01    3.2250000000e+01    3.2250000000e+01    0.0000000000e+00    6.3504045620e-02    3.1472774538e+01   -1.1622293487e-07    1.9481557901e-02   -2.6032146815e-07    2.0688394877e-03    0.0000000000e+00
  68.0100000    9.9052455595e-01    9.8714234779e-01    7.0011603613e-05    3.5750000000e+01    3.2250000000e+01    3.1750000000e+01    0.0000000000e+00    6.3504050973e-02    3.1472774538e+01   -1.5233932751e-07    1.9200729003e-02   -3.2625436062e-03    2.0001738017e-07    0.0000000000e+00
  68.5100000    9.9052259321e-01    9.8714061825e-01    7.0516645783e-05    3.5750000000e+01    3.2250000000e+01    3.1750000000e+01    0.0000000000e+00    6.3504061049e-02    3.1472774538e+01   -1.7622439075e-07    1.6356215475e-02   -8.1572790045e-03    1.7788048909e-07    0.0000000000e+00
  69.0100000    9.9052128151e-01    9.8713879647e-01    7.1182315551e-05    3.5750000000e+01    3.2250000000e+01    3.1750000000e+01    0.0000000000e+00    6.3504071830e-02    3.1472774538e+01   -1.8307675279e-07    1.1328561018e-02   -1.1961097942e-02    2.0926506336e-07    0.0000000000e+00
  69.5100000    9.9052055797e-01    9.8713692025e-01    7.1932362388e-05    3.5750000000e+01    3.1750000000e+01    3.1750000000e+01    0.0000000000e+00    6.3504075552e-02    3.1472774538e+01   -1.8282085436e-07    4.7899012190e-03   -1.4166754202e-02    2.4432729363e-07    0.0000000000e+00
  70.0100000    9.9052043489e-01    9.8713499046e-01    7.2844557738e-05    3.5750000000e+01    3.1750000000e+01    3.2250000000e+01    0.0000000000e+00    6.3504074434e-02    3.1472774538e+01   -2.3867095248e-03    1.2592661851e-07   -1.4482184865e-02    2.5243749535e-07    0.0000000000e+00
  70.5100000    9.9052075636e-01    9.8713303090e-01    7.3088228699e-05    3.5750000000e+01    3.1750000000e+01    3.2250000000e+01    0.0000000000e+00    6.3504068358e-02    3.1472774538e+01   -9.2442716639e-03    1.3935238754e-07   -1.2867930525e-02    2.4475007958e-07    0.0000000000e+00
  71.0100000    9.9052078194e-01    9.8713120817e-01    7.2383728789e-05    3.5750000000e+01    3.1750000000e+01    3.2250000000e+01    0.0000000000e+00    6.3504060223e-02    3.1472774538e+01   -1.4869490195e-02    1.7166803589e-07   -9.5405170401e-03    2.4429101688e-07    0.0000000000e+00
  71.5100000    9.9052004919e-01    9.8712955174e-01    7.1714289518e-05    3.5750000000e+01    3.1750000000e+01    3.1750000000e+01    0.0000000000e+00    6.3504054321e-02    3.1472774538e+01   -1.8513474552e-02    1.8159491467e-07   -4.9431163487e-03    2.3290802546e-07    0.0000000000e+00
  72.0100000    9.9051904234e-01    9.8712771616e-01    7.1867554930e-05    3.5750000000e+01    3.1750000000e+01    3.1750000000e+01    0.0000000000e+00    6.3504052859e-02    3.1472774538e+01   -1.9691117928e-02    1.7316495864e-07   -2.5132273065e-07    3.3883167195e-04    0.0000000000e+00
  72.5100000    9.9051831681e-01    9.8712555662e-01    7.2308530737e-05    3.5750000000e+01    3.1750000000e+01    3.1750000000e+01    0.0000000000e+00    6.3504056148e-02    3.1472774538e+01   -1.8245815221e-02    1.6504013112e-07   -2.5264675655e-07    5.5253593996e-03    0.0000000000e+00
  73.0100000    9.9051778987e-01    9.8712342532e-01    7.2481234812e-05    3.5750000000e+01    3.1750000000e+01    3.1750000000e+01    0.0000000000e+00    6.3504060818e-02    3.1472774538e+01   -1.4370692561e-02    1.6811433327e-07   -2.6524563718e-07    1.0000761751e-02    0.0000000000e+00
  73.5100000    9.9051720321e-01    9.8712153776e-01    7.2594204779e-05    3.5750000000e+01    3.1750000000e+01    3.2250000000e+01    0.0000000000e+00    6.3504061726e-02    3.1472774538e+01   -8.5827884871e-03    1.5199309308e-07   -2.3991569038e-07    1.3142580484e-02    0.0000000000e+00
  74.0100000    9.9051694788e-01    9.8711962736e-01    7.3369587538e-05    3.5750000000e+01    3.2250000000e+01    3.2250000000e+01    0.0000000000e+00    6.3504062485e-02    3.1472774538e+01   -1.6534665159e-03    1.4457518592e-07   -2.3667148427e-07    1.4534075089e-02    0.0000000000e+00
  74.5100000    9.9051742676e-01    9.8711739026e-01    7.4313147603e-05    3.6250000000e+01    3.2250000000e+01    3.2250000000e+01    0.0000000000e+00    6.4249645221e-02    3.1104731514e+01   -1.8182911225e-07    5.4950213541e-03   -2.1333093509e-07    1.3992471205e-02    0.0000000000e+00
  75.0100000    9.9051874409e-01    9.8711490286e-01    7.4982530630e-05    3.5750000000e+01    3.2250000000e+01    3.2250000000e+01    0.0000000000e+00    6.3504050434e-02    3.1472774538e+01   -1.7532685396e-07    1.1912319212e-02   -2.2099398610e-07    1.1591580295e-02    0.0000000000e+00
  75.5100000    9.9051963039e-01    9.8711247133e-01    7.4221483568e-05    3.5750000000e+01    3.2250000000e+01    3.2250000000e+01    0.0000000000e+00    6.3504043322e-02    3.1472774538e+01   -1.7634371351e-07    1.6745890912e-02   -2.1068601370e-07    7.6510424181e-03    0.0000000000e+00
  76.0100000    9.9051955460e-01    9.8711047579e-01    7.2860915433e-05    3.5750000000e+01    3.2250000000e+01    3.2250000000e+01    0.0000000000e+00    6.3504036132e-02    3.1472774538e+01   -1.6482717854e-07    1.9353699242e-02   -1.8633611283e-07    2.6943444306e-03    0.0000000000e+00
  76.5100000    9.9051857582e-01    9.8710867705e-01    7.2331383435e-05    3.5750000000e+01    3.2250000000e+01    3.2250000000e+01    0.0000000000e+00    6.3504031042e-02    3.1472774538e+01   -1.5387965231e-07    1.9389475952e-02   -2.6196957915e-03    2.3227481975e-07    0.0000000000e+00
  77.0100000    9.9051688727e-01    9.8710688278e-01    7.2593635532e-05    3.6250000000e+01    3.2250000000e+01    3.2250000000e+01    0.0000000000e+00    6.4249632385e-02    3.1104731514e+01   -1.5369185937e-07    1.6849024322e-02   -7.5840174286e-03    2.3885391680e-07    0.0000000000e+00
  77.5100000    9.9051617276e-01    9.8710484905e-01    7.3705765850e-05    3.6250000000e+01    3.2250000000e+01    3.2250000000e+01    0.0000000000e+00    6.4249629311e-02    3.1104731514e+01   -1.3334731924e-07    1.2070826782e-02   -1.1538765081e-02    2.0990301487e-07    0.0000000000e+00
  78.0100000    9.9051663064e-01    9.8710253108e-01    7.4630843847e-05    3.6250000000e+01    3.2250000000e+01    3.2250000000e+01    0.0000000000e+00    6.4249624037e-02    3.1104731514e+01   -1.1915130421e-07    5.6905208598e-03   -1.3959621573e-02    1.9929257427e-07    0.0000000000e+00
  78.5100000    9.9051750090e-01    9.8710014300e-01    7.4729063872e-05    3.6250000000e+01    3.2250000000e+01    3.2250000000e+01    0.0000000000e+00    6.4249618085e-02    3.1104731514e+01   -1.4443655189e-03    1.7974391157e-07   -1.4527337193e-02    1.9980602973e-07    0.0000000000e+00
  79.0100000    9.9051795495e-01    9.8709800274e-01    7.4065621595e-05    3.6250000000e+01    3.2250000000e+01    3.2250000000e+01    0.0000000000e+00    6.4249609650e-02    3.1104731514e+01   -8.3870141916e-03    1.5987984823e-07   -1.3168541447e-02    1.7680898212e-07    0.0000000000e+00
  79.5100000    9.9051756983e-01    9.8709621836e-01    7.3202565226e-05    3.6250000000e+01    3.2250000000e+01    3.2250000000e+01    0.0000000000e+00    6.4249597629e-02    3.1104731514e+01   -1.4217069086e-02    1.5968411429e-07   -1.0064317515e-02    1.6779255645e-07    0.0000000000e+00
  80.0100000    9.9051634968e-01    9.8709462575e-01    7.2556697586e-05    3.6250000000e+01    3.2250000000e+01    3.2250000000e+01    0.0000000000e+00    6.4249586796e-02    3.1104731514e+01   -1.8161793370e-02    1.3795404594e-07   -5.6262768573e-03    1.7746893073e-07    0.0000000000e+00
  80.5100000    9.9051449867e-01    9.8709296742e-01    7.2390986388e-05    3.5750000000e+01    3.2250000000e+01    3.1750000000e+01    0.0000000000e+00    6.3503984524e-02    3.1472774538e+01   -1.9698414384e-02    1.3481080892e-07   -4.6808741650e-04    2.3593079638e-07    0.0000000000e+00
  81.0100000    9.9051295931e-01    9.8709100756e-01    7.3198176026e-05    3.5750000000e+01    3.2250000000e+01    3.1750000000e+01    0.0000000000e+00    6.3503989988e-02    3.1472774538e+01   -1.8623660109e-02    1.2800680348e-07   -2.0720043280e-07    4.7979107156e-03    0.0000000000e+00
  81.5100000    9.9051214676e-01    9.8708863428e-01    7.4499400820e-05    3.6250000000e+01    3.2250000000e+01    3.2250000000e+01    0.0000000000e+00    6.4249596827e-02    3.1104731514e+01   -1.5080847900e-02    1.2145878793e-07   -1.9569592993e-07    9.4006960752e-03    0.0000000000e+00
  82.0100000    9.9051235561e-01    9.8708607689e-01    7.5157109455e-05    3.6250000000e+01    3.2250000000e+01    3.2250000000e+01    0.0000000000e+00    6.4249593961e-02    3.1104731514e+01   -9.5405485456e-03    1.0962326216e-07   -1.8456549899e-07    1.2755888566e-02    0.0000000000e+00
  82.5100000    9.9051290064e-01    9.8708386167e-01    7.4854117637e-05    3.6250000000e+01    3.2250000000e+01    3.2250000000e+01    0.0000000000e+00    6.4249579940e-02    3.1104731514e+01   -2.7374805733e-03    1.4255058714e-07   -1.7123795811e-07    1.4420763368e-02    0.0000000000e+00
  83.0100000    9.9051241464e-01    9.8708235651e-01    7.3482088916e-05    3.5750000000e+01    3.2250000000e+01    3.2250000000e+01    0.0000000000e+00    6.3503972742e-02    3.1472774538e+01   -1.4264866300e-07    4.4273918691e-03   -1.7932353866e-07    1.4176965466e-02    0.0000000000e+00
  83.5100000    9.9051033585e-01    9.8708122931e-01    7.2302919625e-05    3.5750000000e+01    3.2250000000e+01    3.2250000000e+01    0.0000000000e+00    6.3503955097e-02    3.1472774538e+01   -1.3311862579e-07    1.1006040754e-02   -1.6535056851e-07    1.2058044265e-02    0.0000000000e+00
  84.0100000    9.9050796383e-01    9.8707982698e-01    7.2533680563e-05    3.5750000000e+01    3.2250000000e+01    3.2250000000e+01    0.0000000000e+00    6.3503941625e-02    3.1472774538e+01   -1.3322545751e-07    1.6128429181e-02   -1.6070942659e-07    8.3445677223e-03    0.0000000000e+00
  84.5100000    9.9050606696e-01    9.8707792320e-01    7.3213910335e-05    3.5750000000e+01    3.2250000000e+01    3.2250000000e+01    0.0000000000e+00    6.3503936327e-02    3.1472774538e+01   -1.1798660351e-07    1.9117173521e-02   -1.8826391545e-07    3.5278135715e-03    0.0000000000e+00
  85.0100000    9.9050460226e-01    9.8707579523e-01    7.3681291917e-05    3.6250000000e+01    3.2250000000e+01    3.2250000000e+01    0.0000000000e+00    6.4249541292e-02    3.1104731514e+01   -1.2253561138e-07    1.9577313886e-02   -1.7544695740e-03    1.6793763019e-07    0.0000000000e+00
  85.5100000    9.9050347334e-01    9.8707377034e-01    7.3934510573e-05    3.5750000000e+01    3.2250000000e+01    3.2250000000e+01    0.0000000000e+00    6.3503942716e-02    3.1472774538e+01   -1.1931432369e-07    1.7448797037e-02   -6.8025577170e-03    1.7471801403e-07    0.0000000000e+00
  86.0100000    9.9050236132e-01    9.8707194191e-01    7.3974016620e-05    3.5750000000e+01    3.2250000000e+01    3.2250000000e+01    0.0000000000e+00    6.3503939606e-02    3.1472774538e+01   -1.1029348846e-07    1.3014222926e-02   -1.0949031331e-02    1.5615059401e-07    0.0000000000e+00
  86.5100000    9.9050126489e-01    9.8707025860e-01    7.3988062000e-05    3.5750000000e+01    3.2250000000e+01    3.2250000000e+01    0.0000000000e+00    6.3503923762e-02    3.1472774538e+01   -1.5221738289e-07    6.8607390540e-03   -1.3647193302e-02    1.6323274368e-07    0.0000000000e+00
  87.0100000    9.9050001598e-01    9.8706865739e-01    7.3811885973e-05    3.5750000000e+01    3.2250000000e+01    3.2250000000e+01    0.0000000000e+00    6.3503897245e-02    3.1472774538e+01   -1.9833765420e-04    1.3056389343e-07   -1.4542723668e-02    1.5274637401e-07    0.0000000000e+00
  87.5100000    9.9049844981e-01    9.8706706552e-01    7.3535226847e-05    3.5750000000e+01    3.2250000000e+01    3.2250000000e+01    0.0000000000e+00    6.3503869893e-02    3.1472774538e+01   -7.2308274641e-03    1.1907412421e-07   -1.3518862367e-02    1.6129703334e-07    0.0000000000e+00
  88.0100000    9.9049657034e-01    9.8706539702e-01    7.3365255561e-05    3.6250000000e+01    3.2250000000e+01    3.2250000000e+01    0.0000000000e+00    6.4249447373e-02    3.1104731514e+01   -1.3308770175e-02    1.2529746155e-07   -1.0711156535e-02    1.8888244957e-07    0.0000000000e+00
  88.5100000    9.9049456128e-01    9.8706360581e-01    7.3421535597e-05    3.5750000000e+01    3.2250000000e+01    3.2250000000e+01    0.0000000000e+00    6.3503846994e-02    3.1472774538e+01   -1.7630142133e-02    1.2640831656e-07   -6.4902391432e-03    2.3636909574e-07    0.0000000000e+00
  89.0100000    9.9049263954e-01    9.8706171539e-01    7.3692222341e-05    3.5750000000e+01    3.2250000000e+01    3.2250000000e+01    0.0000000000e+00    6.3503845021e-02    3.1472774538e+01   -1.9624919293e-02    1.1190328210e-07   -1.4137832559e-03    2.3161301198e-07    0.0000000000e+00
  89.5100000    9.9049096866e-01    9.8705979451e-01    7.4026084373e-05    3.5750000000e+01    3.2250000000e+01    3.2250000000e+01    0.0000000000e+00    6.3503837658e-02    3.1472774538e+01   -1.9030576606e-02    1.5204760267e-07   -1.4664956845e-07    3.8473484721e-03    0.0000000000e+00
  90.0100000    9.9048953938e-01    9.8705792884e-01    7.4244804165e-05    3.5750000000e+01    3.2250000000e+01    3.2250000000e+01    0.0000000000e+00    6.3503824117e-02    3.1472774538e+01   -1.5926610768e-02    1.8675347429e-07   -1.4908208599e-07    8.5986278672e-03    0.0000000000e+00
  90.5100000    9.9048812955e-01    9.8705620216e-01    7.4167462775e-05    3.5750000000e+01    3.2250000000e+01    3.2250000000e+01    0.0000000000e+00    6.3503807785e-02    3.1472774538e+01   -1.0723435982e-02    1.7463769669e-07   -1.6961186159e-07    1.2214431745e-02    0.0000000000e+00
  91.0100000    9.9048638638e-01    9.8705464930e-01    7.3816927269e-05    3.6250000000e+01    3.2250000000e+01    3.2250000000e+01    0.0000000000e+00    6.4249384463e-02    3.1104731514e+01   -4.1075694515e-03    1.5593120535e-07   -1.9295049255e-07    1.4219839090e-02    0.0000000000e+00
  91.5100000    9.9048419704e-01    9.8705319253e-01    7.3488425702e-05    3.6250000000e+01    3.2250000000e+01    3.2250000000e+01    0.0000000000e+00    6.4249361202e-02    3.1104731514e+01   -1.2691176463e-07    3.0491483367e-03   -2.1633946186e-07    1.4352092385e-02    0.0000000000e+00
  92.0100000    9.9048177850e-01    9.8705165330e-01    7.3499533748e-05    3.6250000000e+01    3.2250000000e+01    3.2250000000e+01    0.0000000000e+00    6.4249348228e-02    3.1104731514e+01   -1.1330905505e-07    9.8040385030e-03   -2.2011256664e-07    1.2594478028e-02    0.0000000000e+00
  92.5100000    9.9047950516e-01    9.8704989014e-01    7.3883504533e-05    3.6250000000e+01    3.2250000000e+01    3.2250000000e+01    0.0000000000e+00    6.4249346754e-02    3.1104731514e+01   -1.4576749660e-07    1.5267773172e-02   -2.0748099528e-07    9.1788106541e-03    0.0000000000e+00
  93.0100000    9.9047759084e-01    9.8704795166e-01    7.4298655652e-05    3.6250000000e+01    3.2250000000e+01    3.2250000000e+01    0.0000000000e+00    6.4249347750e-02    3.1104731514e+01   -1.4383014045e-07    1.8721162224e-02   -1.8071780817e-07    4.5554997250e-03    0.0000000000e+00
  93.5100000    9.9047581089e-01    9.8704605828e-01    7.4415092445e-05    3.5750000000e+01    3.2250000000e+01    3.2250000000e+01    0.0000000000e+00    6.3503736495e-02    3.1472774538e+01   -1.4784930661e-07    1.9710176441e-02   -6.8683858506e-04    1.8778944714e-07    0.0000000000e+00
  94.0100000    9.9047388345e-01    9.8704439385e-01    7.4234028958e-05    3.5750000000e+01    3.2250000000e+01    3.2250000000e+01    0.0000000000e+00    6.3503730562e-02    3.1472774538e+01   -1.5741554975e-07    1.8105655395e-02   -5.7971431122e-03    1.7522946804e-07    0.0000000000e+00
  94.5100000    9.9047177422e-01    9.8704292710e-01    7.4064640993e-05    3.5750000000e+01    3.2250000000e+01    3.2250000000e+01    0.0000000000e+00    6.3503723435e-02    3.1472774538e+01   -1.4440995826e-07    1.4119872628e-02   -1.0163716653e-02    1.9444588681e-07    0.0000000000e+00
  95.0100000    9.9046964851e-01    9.8704146749e-01    7.4206063215e-05    3.5750000000e+01    3.2250000000e+01    3.2250000000e+01    0.0000000000e+00    6.3503715971e-02    3.1472774538e+01   -1.3937846972e-07    8.2779527349e-03   -1.3192517386e-02    2.0049127339e-07    0.0000000000e+00
  95.5100000    9.9046762567e-01    9.8703987426e-01    7.4363959787e-05    3.5750000000e+01    3.2250000000e+01    3.2250000000e+01    0.0000000000e+00    6.3503705791e-02    3.1472774538e+01   -1.3181175484e-07    1.3483545923e-03   -1.4486944683e-02    2.0940212003e-07    0.0000000000e+00
  96.0100000    9.9046561893e-01    9.8703815562e-01    7.4373474098e-05    3.5750000000e+01    3.2250000000e+01    3.2250000000e+01    0.0000000000e+00    6.3503694779e-02    3.1472774538e+01   -5.7582033817e-03    1.6571292909e-07   -1.3877966076e-02    1.9110288626e-07    0.0000000000e+00
  96.5100000    9.9046352261e-01    9.8703636873e-01    7.4428774817e-05    3.5750000000e+01    3.2250000000e+01    3.2250000000e+01    0.0000000000e+00    6.3503690861e-02    3.1472774538e+01   -1.2108079759e-02    1.8183693802e-07   -1.1446086226e-02    1.8586738192e-07    0.0000000000e+00
  97.0100000    9.9046144741e-01    9.8703451043e-01    7.4664907004e-05    3.5750000000e+01    3.2250000000e+01    3.2250000000e+01    0.0000000000e+00    6.3503698987e-02    3.1472774538e+01   -1.6867297632e-02    1.6354149421e-07   -7.5112759274e-03    1.6847825597e-07    0.0000000000e+00
  97.5100000    9.9045961493e-01    9.8703257197e-01    7.5005358017e-05    3.5750000000e+01    3.2250000000e+01    3.2250000000e+01    0.0000000000e+00    6.3503714177e-02    3.1472774538e+01   -1.9411187260e-02    1.5035789704e-07   -2.5913108529e-03    1.6816905577e-07    0.0000000000e+00
  98.0100000    9.9045802023e-01    9.8703065421e-01    7.5129440709e-05    3.5750000000e+01    3.2250000000e+01    3.2250000000e+01    0.0000000000e+00    6.3503725751e-02    3.1472774538e+01   -1.9406554587e-02    1.4997192365e-07   -2.0607971436e-07    2.6668218107e-03    0.0000000000e+00
  98.5100000    9.9045634507e-01    9.8702892247e-01    7.4910395545e-05    3.5750000000e+01    3.2250000000e+01    3.2250000000e+01    0.0000000000e+00    6.3503726553e-02    3.1472774538e+01   -1.6855150923e-02    1.3302938430e-07   -1.8337924111e-07    7.5724768650e-03    0.0000000000e+00
  99.0100000    9.9045430042e-01    9.8702740631e-01    7.4588679858e-05    3.5750000000e+01    3.2250000000e+01    3.2250000000e+01    0.0000000000e+00    6.3503717952e-02    3.1472774538e+01   -1.2092798226e-02    1.4366142512e-07   -1.8355512479e-07    1.1483085753e-02    0.0000000000e+00
  99.5100000    9.9045199074e-01    9.8702590205e-01    7.4568972519e-05    3.5750000000e+01    3.2250000000e+01    3.2250000000e+01    0.0000000000e+00    6.3503708205e-02    3.1472774538e+01   -5.7447809441e-03    1.4501916913e-07   -1.9316905396e-07    1.3887027547e-02    0.0000000000e+00
 100.0100000    9.9044981879e-01    9.8702414845e-01    7.4964455876e-05    3.5750000000e+01    3.2250000000e+01    3.2250000000e+01    0.0000000000e+00    6.3503706214e-02    3.1472774538e+01   -1.4323505496e-07    1.3563141082e-03   -1.7478776026e-07    1.4470074194e-02    0.0000000000e+00
 100.5100000    9.9044801243e-01    9.8702210780e-01    7.5457946759e-05    3.5750000000e+01    3.2250000000e+01    3.2250000000e+01    0.0000000000e+00    6.3503714984e-02    3.1472774538e+01   -1.4961775428e-07    8.2793486484e-03   -1.6964249093e-07    1.3156346600e-02    0.0000000000e+00
 101.0100000    9.9044634718e-01    9.8702002340e-01    7.5456654196e-05    3.5750000000e+01    3.2250000000e+01    3.2250000000e+01    0.0000000000e+00    6.3503730135e-02    3.1472774538e+01   -1.4598322428e-07    1.4117079458e-02   -1.8223928153e-07    1.0118688084e-02    0.0000000000e+00
 101.5100000    9.9044442916e-01    9.8701816115e-01    7.5027098303e-05    3.5750000000e+01    3.2250000000e+01    3.2250000000e+01    0.0000000000e+00    6.3503744133e-02    3.1472774538e+01   -1.4061077078e-07    1.8104744796e-02   -1.5641672558e-07    5.7562207234e-03    0.0000000000e+00
 102.0100000    9.9044221595e-01    9.8701651607e-01    7.4934064322e-05    3.5750000000e+01    3.2250000000e+01    3.2250000000e+01    0.0000000000e+00    6.3503751303e-02    3.1472774538e+01   -1.4521585308e-07    1.9720615218e-02   -1.5329841768e-07    6.4158702143e-04    0.0000000000e+00
 102.5100000    9.9044012003e-01    9.8701482856e-01    7.5362376962e-05    3.5750000000e+01    3.2250000000e+01    3.2250000000e+01    0.0000000000e+00    6.3503750483e-02    3.1472774538e+01   -1.5391928232e-07    1.8754091280e-02   -4.5548391331e-03    1.7127894683e-07    0.0000000000e+00
 103.0100000    9.9043851420e-01    9.8701290327e-01    7.5930077882e-05    3.5750000000e+01    3.2250000000e+01    3.2250000000e+01    0.0000000000e+00    6.3503746305e-02    3.1472774538e+01   -1.3926828793e-07    1.5332780681e-02   -9.1530743161e-03    1.7140225798e-07    0.0000000000e+00
 103.5100000    9.9043721828e-01    9.8701085027e-01    7.6155726408e-05    3.5750000000e+01    3.2250000000e+01    3.2250000000e+01    0.0000000000e+00    6.3503747625e-02    3.1472774538e+01   -1.4414847546e-07    9.9052690894e-03   -1.2552351260e-02    1.6932818228e-07    0.0000000000e+00
 104.0100000    9.9043564201e-01    9.8700894143e-01    7.5779840993e-05    3.5750000000e+01    3.2250000000e+01    3.2250000000e+01    0.0000000000e+00    6.3503760212e-02    3.1472774538e+01   -1.3263524094e-07    3.1821510637e-03   -1.4308946264e-02    1.6618668968e-07    0.0000000000e+00
 104.5100000    9.9043348211e-01    9.8700724769e-01    7.5247322094e-05    3.5750000000e+01    3.2250000000e+01    3.2250000000e+01    0.0000000000e+00    6.3503779514e-02    3.1472774538e+01   -3.9569549326e-03    1.4689181997e-07   -1.4193876629e-02    1.7450629215e-07    0.0000000000e+00
 105.0100000    9.9043113588e-01    9.8700552062e-01    7.5342074180e-05    3.5750000000e+01    3.2250000000e+01    3.2250000000e+01    0.0000000000e+00    6.3503794389e-02    3.1472774538e+01   -1.0578289952e-02    1.4625682499e-07   -1.2222921712e-02    1.7339503719e-07    0.0000000000e+00
 105.5100000    9.9042927703e-01    9.8700349323e-01    7.6109675902e-05    3.5750000000e+01    3.2250000000e+01    3.2250000000e+01    0.0000000000e+00    6.3503799395e-02    3.1472774538e+01   -1.5816362625e-02    1.4540473387e-07   -8.6547477969e-03    1.6921943156e-07    0.0000000000e+00
 106.0100000    9.9042807038e-01    9.8700123328e-01    7.6635181482e-05    3.5750000000e+01    3.2250000000e+01    3.2250000000e+01    0.0000000000e+00    6.3503799658e-02    3.1472774538e+01   -1.8986967001e-02    1.3895926967e-07   -3.9568953558e-03    1.5395327763e-07    0.0000000000e+00
 106.5100000    9.9042683085e-01    9.8699908968e-01    7.6449352146e-05    3.6250000000e+01    3.2250000000e+01    3.2250000000e+01    0.0000000000e+00    6.4249419581e-02    3.1104731514e+01   -1.9676644485e-02    1.4854305679e-07   -1.6388285154e-07    1.2668072686e-03    0.0000000000e+00
 107.0100000    9.9042530355e-01    9.8699728207e-01    7.6047958533e-05    3.6250000000e+01    3.2250000000e+01    3.2250000000e+01    0.0000000000e+00    6.4249427154e-02    3.1104731514e+01   -1.7796329704e-02    1.2972491292e-07   -1.5579019189e-07    6.3026714530e-03    0.0000000000e+00
 107.5100000    9.9042344139e-01    9.8699564292e-01    7.6028461715e-05    3.5750000000e+01    3.2250000000e+01    3.2250000000e+01    0.0000000000e+00    6.3503816663e-02    3.1472774538e+01   -1.3592507835e-02    1.3206533079e-07   -1.6016294314e-07    1.0524825623e-02    0.0000000000e+00
 108.0100000    9.9042153422e-01    9.8699382610e-01    7.6480864014e-05    3.5750000000e+01    3.2250000000e+01    3.2250000000e+01    0.0000000000e+00    6.3503823961e-02    3.1472774538e+01   -7.6146610270e-03    1.6139882577e-07   -1.6049682078e-07    1.3372185659e-02    0.0000000000e+00
 108.5100000    9.9042006375e-01    9.8699170111e-01    7.6885538954e-05    3.5750000000e+01    3.2250000000e+01    3.2250000000e+01    0.0000000000e+00    6.3503832130e-02    3.1472774538e+01   -6.4337742830e-04    1.5606972528e-07   -1.3772059555e-07    1.4474033966e-02    0.0000000000e+00
 109.0100000    9.9041886396e-01    9.8698944177e-01    7.6890195961e-05    3.5750000000e+01    3.2250000000e+01    3.2250000000e+01    0.0000000000e+00    6.3503840786e-02    3.1472774538e+01   -1.5188353447e-07    6.4115481671e-03   -1.6413336115e-07    1.3687444902e-02    0.0000000000e+00
 109.5100000    9.9041761231e-01    9.8698724845e-01    7.6754629700e-05    3.5750000000e+01    3.2250000000e+01    3.2250000000e+01    0.0000000000e+00    6.3503848194e-02    3.1472774538e+01   -1.4952000474e-07    1.2629827249e-02   -1.7729657467e-07    1.1115899282e-02    0.0000000000e+00
 110.0100000    9.9041631136e-01    9.8698511394e-01    7.6871482746e-05    3.5750000000e+01    3.2250000000e+01    3.2250000000e+01    0.0000000000e+00    6.3503854324e-02    3.1472774538e+01   -1.2623685772e-07    1.7200759878e-02   -1.7468968314e-07    7.0957591087e-03    0.0000000000e+00
 110.5100000    9.9041520466e-01    9.8698293307e-01    7.7196695470e-05    3.5750000000e+01    3.2250000000e+01    3.2250000000e+01    0.0000000000e+00    6.3503861159e-02    3.1472774538e+01   -1.4353916700e-07    1.9528978368e-02   -1.8035220398e-07    2.1522035264e-03    0.0000000000e+00
 111.0100000    9.9041428156e-01    9.8698075273e-01    7.7374420645e-05    3.5750000000e+01    3.2250000000e+01    3.2250000000e+01    0.0000000000e+00    6.3503869490e-02    3.1472774538e+01   -1.6127608088e-07    1.9311939975e-02   -3.0698198006e-03    1.7495077445e-07    0.0000000000e+00
 111.5100000    9.9041311393e-01    9.8697877101e-01    7.6946634439e-05    3.5750000000e+01    3.2250000000e+01    3.2250000000e+01    0.0000000000e+00    6.3503877144e-02    3.1472774538e+01   -1.3427801062e-07    1.6578976768e-02   -7.8897067508e-03    1.5230769377e-07    0.0000000000e+00
 112.0100000    9.9041130775e-01    9.8697706566e-01    7.6207409421e-05    3.5750000000e+01    3.2250000000e+01    3.2250000000e+01    0.0000000000e+00    6.3503881456e-02    3.1472774538e+01   -1.3002813629e-07    1.1686948455e-02   -1.1680792799e-02    1.6755645968e-07    0.0000000000e+00
 112.5100000    9.9040900212e-01    9.8697542897e-01    7.6030868036e-05    3.5750000000e+01    3.2250000000e+01    3.2250000000e+01    0.0000000000e+00    6.3503882659e-02    3.1472774538e+01   -1.4164425163e-07    5.2734110873e-03   -1.3950358944e-02    1.8226253321e-07    0.0000000000e+00
 113.0100000    9.9040676911e-01    9.8697355616e-01    7.6446038885e-05    3.5750000000e+01    3.2250000000e+01    3.2250000000e+01    0.0000000000e+00    6.3503883572e-02    3.1472774538e+01   -1.8264356253e-03    1.2929155261e-07   -1.4403618621e-02    1.5970765868e-07    0.0000000000e+00
 113.5100000    9.9040494854e-01    9.8697136686e-01    7.7051629799e-05    3.6250000000e+01    3.2250000000e+01    3.2250000000e+01    0.0000000000e+00    6.4249506334e-02    3.1104731514e+01   -8.6882129426e-03    1.6280344981e-07   -1.2982140345e-02    1.6091968221e-07    0.0000000000e+00
 114.0100000    9.9040369561e-01    9.8696907534e-01    7.7482979319e-05    3.6250000000e+01    3.2250000000e+01    3.2250000000e+01    0.0000000000e+00    6.4249508915e-02    3.1104731514e+01   -1.4419093228e-02    1.7072745596e-07   -9.8719295866e-03    1.6191538932e-07    0.0000000000e+00
 114.5100000    9.9040237986e-01    9.8696695594e-01    7.7370037163e-05    3.5750000000e+01    3.2250000000e+01    3.2250000000e+01    0.0000000000e+00    6.3503891351e-02    3.1472774538e+01   -1.8273898997e-02    1.3168213504e-07   -5.4790064725e-03    1.6325001164e-07    0.0000000000e+00
 115.0100000    9.9040073000e-01    9.8696509953e-01    7.6943650309e-05    3.5750000000e+01    3.2250000000e+01    3.2250000000e+01    0.0000000000e+00    6.3503891835e-02    3.1472774538e+01   -1.9752149823e-02    1.3027540571e-07   -4.0677147155e-04    1.7111916997e-07    0.0000000000e+00
 115.5100000    9.9039874951e-01    9.8696339225e-01    7.6642311078e-05    3.5750000000e+01    3.2250000000e+01    3.2250000000e+01    0.0000000000e+00    6.3503891560e-02    3.1472774538e+01   -1.8662682650e-02    1.5299417290e-07   -2.0671032105e-07    4.7744994773e-03    0.0000000000e+00
 116.0100000    9.9039663270e-01    9.8696165142e-01    7.6655702968e-05    3.5750000000e+01    3.2250000000e+01    3.2250000000e+01    0.0000000000e+00    6.3503890767e-02    3.1472774538e+01   -1.5147992759e-02    1.5961346058e-07   -1.5659622232e-07    9.3026259074e-03    0.0000000000e+00
 116.5100000    9.9039460315e-01    9.8695975154e-01    7.6870962788e-05    3.5750000000e+01    3.2250000000e+01    3.2250000000e+01    0.0000000000e+00    6.3503889055e-02    3.1472774538e+01   -9.6654161572e-03    1.5407641724e-07   -1.7694626172e-07    1.2621163066e-02    0.0000000000e+00
 117.0100000    9.9039276881e-01    9.8695768851e-01    7.7109006815e-05    3.5750000000e+01    3.2250000000e+01    3.2250000000e+01    0.0000000000e+00    6.3503886736e-02    3.1472774538e+01   -2.9276204101e-03    1.3416735622e-07   -1.7852150497e-07    1.4299642025e-02    0.0000000000e+00
 117.5100000    9.9039103679e-01    9.8695558539e-01    7.7204021569e-05    3.5750000000e+01    3.2250000000e+01    3.2250000000e+01    0.0000000000e+00    6.3503884934e-02    3.1472774538e+01   -1.4142599318e-07    4.1900466323e-03   -1.8623756543e-07    1.4120793810e-02    0.0000000000e+00
 118.0100000    9.9038919487e-01    9.8695359918e-01    7.7067184513e-05    3.5750000000e+01    3.2250000000e+01    3.2250000000e+01    0.0000000000e+00    6.3503884094e-02    3.1472774538e+01   -1.4683997351e-07    1.0763207574e-02   -1.8094556682e-07    1.2108859774e-02    0.0000000000e+00
 118.5100000    9.9038717562e-01    9.8695175807e-01    7.7002965254e-05    3.5750000000e+01    3.2250000000e+01    3.2250000000e+01    0.0000000000e+00    6.3503883355e-02    3.1472774538e+01   -1.5496025940e-07    1.5938942407e-02   -1.6476225206e-07    8.5262922808e-03    0.0000000000e+00
 119.0100000    9.9038521395e-01    9.8694990844e-01    7.7288353222e-05    3.5750000000e+01    3.2250000000e+01    3.2250000000e+01    0.0000000000e+00    6.3503881870e-02    3.1472774538e+01   -1.6764711264e-07    1.9046213843e-02   -1.7051769597e-07    3.8391501633e-03    0.0000000000e+00
 119.5100000    9.9038361794e-01    9.8694788065e-01    7.7768003291e-05    3.5750000000e+01    3.2250000000e+01    3.2250000000e+01    0.0000000000e+00    6.3503880019e-02    3.1472774538e+01   -1.5298598055e-07    1.9682848328e-02   -1.3543455195e-03    1.6282025133e-07    0.0000000000e+00
