# downsampled to dt=0.5 from the every-step stream
# time L2_Ham L2_Mom min_rho_req max_rho_req integral_neg_rho L2_Ham_rel L2_Mom_rel pump_force_L2 governor pump_fi_L2 L2_Ham_amr L2_Mom_amr L2_Ham_amr_rel L2_Mom_amr_rel Linf_Ham_amr L2_Ham_amr_ref
   0.0100000    7.4326804960e-04    1.8091182117e-07   -2.2390084454e-04    1.7234092737e-04    4.4442794204e-01    9.6632631465e-01    4.5104491092e-01    0.0000000000e+00    9.9999999988e-01    0.0000000000e+00    1.8132711841e-06    1.9922551342e-07    8.3159118810e-03    4.5091549143e-01    1.1026970100e-04    0.0000000000e+00
   0.5100000    3.8901506199e-04    4.1077302837e-06   -5.8035195638e-05    1.3033780579e-04    2.8902000668e-01    8.9137197993e-01    7.1765569963e-01    0.0000000000e+00    9.9999999990e-01    0.0000000000e+00    2.4909624337e-05    3.5415183530e-06    1.1356345162e-01    6.6869705972e-01    2.7596052854e-04    0.0000000000e+00
   1.0100000    2.3724204154e-04    6.2522617772e-06   -6.7189583488e-05    1.2979873923e-04    1.8310816891e-01    7.6811084880e-01    7.5964335925e-01    0.0000000000e+00    9.9999999991e-01    0.0000000000e+00    3.8205893440e-05    5.3698562091e-06    1.7272209970e-01    7.3170838430e-01    4.1480940683e-04    0.0000000000e+00
   1.5100000    1.8226798859e-04    7.0473032541e-06   -6.9389702053e-05    1.2836435696e-04    1.4989470212e-01    6.7772536240e-01    7.5331170808e-01    0.0000000000e+00    9.9999999992e-01    0.0000000000e+00    4.0983261797e-05    5.9915597783e-06    1.8487647217e-01    7.3554124663e-01    3.7453449179e-04    0.0000000000e+00
   2.0100000    1.4209857399e-04    6.6404210412e-06   -5.2203822645e-05    1.2608673805e-04    1.2343916604e-01    5.8353169471e-01    7.3517319856e-01    0.0000000000e+00    9.9999999992e-01    0.0000000000e+00    3.5612538257e-05    5.6160327657e-06    1.6132586645e-01    7.1527065887e-01    2.7892963116e-04    0.0000000000e+00
   2.5100000    1.0362004074e-04    5.6196757144e-06   -4.5445083038e-05    1.2639166371e-04    9.7477019649e-02    4.6417755525e-01    7.3606635750e-01    0.0000000000e+00    9.9999999992e-01    0.0000000000e+00    2.7550166799e-05    4.7430704214e-06    1.2547816522e-01    7.0922135496e-01    2.3708769036e-04    0.0000000000e+00
   3.0100000    7.4468752490e-05    4.5507778351e-06   -3.8120423932e-05    1.2685280802e-04    7.1839035808e-02    3.5254849861e-01    7.4079128147e-01    0.0000000000e+00    9.9999999992e-01    0.0000000000e+00    2.1126426047e-05    3.8355244487e-06    9.6563602927e-02    7.0912710284e-01    1.7095963792e-04    0.0000000000e+00
   3.5100000    5.7828094482e-05    3.7268128237e-06   -2.9891768173e-05    1.2844477978e-04    5.8685212558e-02    2.8084877719e-01    7.3416619267e-01    0.0000000000e+00    9.9999999992e-01    0.0000000000e+00    1.7767457795e-05    3.1279347974e-06    8.1342090368e-02    7.0308999157e-01    1.4327598606e-04    0.0000000000e+00
   4.0100000    4.9337868336e-05    3.1558332150e-06   -1.9888363504e-05    1.2733133223e-04    5.2489038134e-02    2.4225459894e-01    7.4529921789e-01    0.0000000000e+00    9.9999999992e-01    0.0000000000e+00    1.6245973263e-05    2.6293590918e-06    7.4425406687e-02    7.3029744511e-01    1.7064782151e-04    0.0000000000e+00
   4.5100000    4.3333555458e-05    2.7111967780e-06   -1.6290173064e-05    1.2707251306e-04    4.8378604133e-02    2.1420391239e-01    7.2900889276e-01    0.0000000000e+00    9.9999999992e-01    0.0000000000e+00    1.5015873545e-05    2.2406753774e-06    6.8814371246e-02    7.0824227045e-01    1.6977427870e-04    0.0000000000e+00
   5.0100000    3.7348883273e-05    2.3067741801e-06   -1.3421706577e-05    1.2706233024e-04    4.3736363534e-02    1.8570502446e-01    6.7279638732e-01    0.0000000000e+00    9.9999999992e-01    0.0000000000e+00    1.3546541131e-05    1.8939927344e-06    6.2103069493e-02    6.2181372825e-01    1.4718389898e-04    0.0000000000e+00
   5.5100000    3.1237541840e-05    1.9303178118e-06   -1.0950213001e-05    1.2634431794e-04    3.8553066793e-02    1.5612825462e-01    6.6131499569e-01    0.0000000000e+00    9.9999999992e-01    0.0000000000e+00    1.1935866253e-05    1.5806976151e-06    5.4742242864e-02    6.0385179531e-01    1.7389505107e-04    0.0000000000e+00
   6.0100000    2.5542177229e-05    1.5917067523e-06   -9.4716846882e-06    1.2639120423e-04    3.3513572954e-02    1.2818569423e-01    6.0020533752e-01    0.0000000000e+00    9.9999999993e-01    0.0000000000e+00    1.0379286642e-05    1.3045611223e-06    4.7622342922e-02    5.2441001104e-01    1.7807955483e-04    0.0000000000e+00
   6.5100000    2.0775224084e-05    1.3057952110e-06   -8.3301087817e-06    1.2638485955e-04    2.9253952277e-02    1.0456850081e-01    5.3666141803e-01    0.0000000000e+00    9.9999999993e-01    0.0000000000e+00    9.0438131009e-06    1.0767910227e-06    4.1512283618e-02    4.5378650878e-01    1.8615353608e-04    0.0000000000e+00
   7.0100000    1.7195616626e-05    1.0811775845e-06   -7.3964115690e-06    1.2626383929e-04    2.6018981727e-02    8.6718792533e-02    4.9409436782e-01    0.0000000000e+00    9.9999999993e-01    0.0000000000e+00    8.0056761957e-06    9.0506154401e-07    3.6761726497e-02    4.1430033988e-01    1.9507400520e-04    0.0000000000e+00
   7.5100000    1.4783238706e-05    9.0832021341e-07   -6.5716145546e-06    1.2612896357e-04    2.3731997748e-02    7.4637896817e-02    4.3833870219e-01    0.0000000000e+00    9.9999999993e-01    0.0000000000e+00    7.2487305644e-06    7.7610826127e-07    3.3295143488e-02    3.6597111469e-01    2.0058100967e-04    0.0000000000e+00
   8.0100000    1.3313150024e-05    7.7834171167e-07   -5.6802145029e-06    1.2590114079e-04    2.2179865221e-02    6.7257280512e-02    3.8715296976e-01    0.0000000000e+00    9.9999999993e-01    0.0000000000e+00    6.7257540369e-06    6.8142283372e-07    3.0898220451e-02    3.2496869285e-01    2.0675939943e-04    0.0000000000e+00
   8.5100000    1.2468312674e-05    6.8336046817e-07   -4.8224292849e-06    1.2561728006e-04    2.1177436103e-02    6.3009672315e-02    3.4644820446e-01    0.0000000000e+00    9.9999999993e-01    0.0000000000e+00    6.3675663209e-06    6.1481110521e-07    2.9255520838e-02    2.9486256945e-01    2.1294342567e-04    0.0000000000e+00
   9.0100000    1.1967121632e-05    6.1210157651e-07   -4.0269012441e-06    1.2535262169e-04    2.0524311910e-02    6.0486397686e-02    3.1896595396e-01    0.0000000000e+00    9.9999999993e-01    0.0000000000e+00    6.1104743148e-06    5.6502619419e-07    2.8075308594e-02    2.7617766453e-01    2.1853151230e-04    0.0000000000e+00
   9.5100000    1.1626205118e-05    5.5653066761e-07   -3.3201155522e-06    1.2516720231e-04    2.0084379633e-02    5.8767213083e-02    2.9899965623e-01    0.0000000000e+00    9.9999999993e-01    0.0000000000e+00    5.9124030796e-06    5.2489770728e-07    2.7164955607e-02    2.6298776631e-01    2.2380661598e-04    0.0000000000e+00
  10.0100000    1.1350782084e-05    5.1204077621e-07   -2.7407685535e-06    1.2509185314e-04    1.9747383662e-02    5.7376744365e-02    2.7936268216e-01    0.0000000000e+00    9.9999999993e-01    0.0000000000e+00    5.7476055689e-06    4.9131686525e-07    2.6406969291e-02    2.4877109875e-01    2.2914795647e-04    0.0000000000e+00
  10.5100000    1.1102435438e-05    4.7547703639e-07   -2.3147085394e-06    1.2511274216e-04    1.9465295804e-02    5.6122764311e-02    2.6325511234e-01    0.0000000000e+00    9.9999999993e-01    0.0000000000e+00    5.6021860423e-06    4.6243455717e-07    2.5738094160e-02    2.3676992699e-01    2.3461451529e-04    0.0000000000e+00
  11.0100000    1.0871225934e-05    4.4475810624e-07   -2.2115108089e-06    1.2516637546e-04    1.9204230025e-02    5.4955442979e-02    2.5044020915e-01    0.0000000000e+00    9.9999999993e-01    0.0000000000e+00    5.4698637383e-06    4.3714517325e-07    2.5129580686e-02    2.2703817424e-01    2.3999781624e-04    0.0000000000e+00
  11.5100000    1.0658245214e-05    4.1854265967e-07   -2.1906841989e-06    1.2516949531e-04    1.8952595024e-02    5.3879599997e-02    2.3945331238e-01    0.0000000000e+00    9.9999999993e-01    0.0000000000e+00    5.3484336248e-06    4.1477736207e-07    2.4570972159e-02    2.1841832906e-01    2.4503567927e-04    0.0000000000e+00
  12.0100000    1.0466604874e-05    3.9605340630e-07   -2.1745238975e-06    1.2506751244e-04    1.8713377554e-02    5.2909955911e-02    2.2388881760e-01    0.0000000000e+00    9.9999999993e-01    0.0000000000e+00    5.2374271947e-06    3.9503738946e-07    2.4059660601e-02    2.0506752858e-01    2.4953503263e-04    0.0000000000e+00
  12.5100000    1.0297888038e-05    3.7661554525e-07   -2.1616540020e-06    1.2486566428e-04    1.8491004330e-02    5.2054027650e-02    2.1212390410e-01    0.0000000000e+00    9.9999999993e-01    0.0000000000e+00    5.1367761714e-06    3.7757390730e-07    2.3595109093e-02    1.9496188813e-01    2.5347855953e-04    0.0000000000e+00
  13.0100000    1.0151686044e-05    3.5961252693e-07   -2.1511030507e-06    1.2462564301e-04    1.8289578724e-02    5.1310237714e-02    2.0561249404e-01    0.0000000000e+00    9.9999999993e-01    0.0000000000e+00    5.0463524490e-06    3.6199976369e-07    2.3176940869e-02    1.8956327425e-01    2.5705355699e-04    0.0000000000e+00
  13.5100000    1.0026243155e-05    3.4459904767e-07   -2.1418036027e-06    1.2443056507e-04    1.8111947258e-02    5.0670992648e-02    1.9770218041e-01    0.0000000000e+00    9.9999999993e-01    0.0000000000e+00    4.9659124149e-06    3.4805732662e-07    2.2804599340e-02    1.8270901203e-01    2.6055420819e-04    0.0000000000e+00
  14.0100000    9.9190607067e-06    3.3132852117e-07   -2.1323505170e-06    1.2433761247e-04    1.7957239630e-02    5.0125041263e-02    1.9179217467e-01    0.0000000000e+00    9.9999999993e-01    0.0000000000e+00    4.8949714644e-06    3.3563761230e-07    2.2476455199e-02    1.7764535606e-01    2.6422126110e-04    0.0000000000e+00
  14.5100000    9.8274241303e-06    3.1973174357e-07   -2.1226976760e-06    1.2434562754e-04    1.7821038067e-02    4.9659353372e-02    1.8859818642e-01    0.0000000000e+00    9.9999999993e-01    0.0000000000e+00    4.8326616427e-06    3.2477374905e-07    2.2188803545e-02    1.7514591921e-01    2.6811584499e-04    0.0000000000e+00
  15.0100000    9.7489758073e-06    3.0964752140e-07   -2.1147397696e-06    1.2439663233e-04    1.7700236926e-02    4.9261617532e-02    1.8410011081e-01    0.0000000000e+00    9.9999999993e-01    0.0000000000e+00    4.7779648184e-06    3.1531967254e-07    2.1936766365e-02    1.7137198078e-01    2.7208904626e-04    0.0000000000e+00
  15.5100000    9.6818206088e-06    3.0091060019e-07   -2.1093330649e-06    1.2441029804e-04    1.7593757272e-02    4.8921009056e-02    1.7871393152e-01    0.0000000000e+00    9.9999999993e-01    0.0000000000e+00    4.7301617183e-06    3.0703175404e-07    2.1716466414e-02    1.6667391610e-01    2.7586157768e-04    0.0000000000e+00
  16.0100000    9.6241164635e-06    2.9319929307e-07   -2.1048217304e-06    1.2433051466e-04    1.7500148941e-02    4.8626843505e-02    1.7352769445e-01    0.0000000000e+00    9.9999999993e-01    0.0000000000e+00    4.6889225539e-06    2.9969708009e-07    2.1525765829e-02    1.6218985103e-01    2.7919316762e-04    0.0000000000e+00
  16.5100000    9.5739514493e-06    2.8647956271e-07   -2.1003884564e-06    1.2415736368e-04    1.7416340987e-02    4.8368738592e-02    1.6886440861e-01    0.0000000000e+00    9.9999999993e-01    0.0000000000e+00    4.6537168390e-06    2.9323821001e-07    2.1361901852e-02    1.5805944237e-01    2.8204529835e-04    0.0000000000e+00
  17.0100000    9.5300706731e-06    2.8084171814e-07   -2.0981617086e-06    1.2394621854e-04    1.7339938618e-02    4.8140681256e-02    1.6612504634e-01    0.0000000000e+00    9.9999999993e-01    0.0000000000e+00    4.6232977868e-06    2.8776298285e-07    2.1219293823e-02    1.5572167109e-01    2.8458774711e-04    0.0000000000e+00
  17.5100000    9.4925166903e-06    2.7578742616e-07   -2.0995681132e-06    1.2377512480e-04    1.7270963898e-02    4.7944041862e-02    1.6484472962e-01    0.0000000000e+00    9.9999999993e-01    0.0000000000e+00    4.5963247840e-06    2.8290462054e-07    2.1092302307e-02    1.5491411291e-01    2.8709240950e-04    0.0000000000e+00
  18.0100000    9.4618667829e-06    2.7128616189e-07   -2.1016681307e-06    1.2369874766e-04    1.7210037450e-02    4.7783015951e-02    1.6413504099e-01    0.0000000000e+00    9.9999999993e-01    0.0000000000e+00    4.5724231705e-06    2.7822146994e-07    2.0979774837e-02    1.5435463912e-01    2.8979209175e-04    0.0000000000e+00
  18.5100000    9.4375017947e-06    2.6761607855e-07   -2.0998322155e-06    1.2371649689e-04    1.7157458650e-02    4.7655125829e-02    1.6387683519e-01    0.0000000000e+00    9.9999999993e-01    0.0000000000e+00    4.5522117033e-06    2.7396223047e-07    2.0884828276e-02    1.5412921253e-01    2.9275605547e-04    0.0000000000e+00
  19.0100000    9.4170011590e-06    2.6456185826e-07   -2.0930579403e-06    1.2377550090e-04    1.7111197757e-02    4.7547820207e-02    1.6330522065e-01    0.0000000000e+00    9.9999999993e-01    0.0000000000e+00    4.5361414565e-06    2.7029172785e-07    2.0809369494e-02    1.5364763730e-01    2.9589263398e-04    0.0000000000e+00
  19.5100000    9.3981427347e-06    2.6256164442e-07   -2.0846905307e-06    1.2380088913e-04    1.7067783499e-02    4.7448811624e-02    1.6344212024e-01    0.0000000000e+00    9.9999999993e-01    0.0000000000e+00    4.5235828447e-06    2.6747542645e-07    2.0750027888e-02    1.5350898283e-01    2.9887394889e-04    0.0000000000e+00
  20.0100000    9.3813569116e-06    2.6138379759e-07   -2.0780532768e-06    1.2374239362e-04    1.7025531560e-02    4.7359112108e-02    1.6371478458e-01    0.0000000000e+00    9.9999999993e-01    0.0000000000e+00    4.5134732579e-06    2.6546749864e-07    2.0701422371e-02    1.5347957150e-01    3.0147651831e-04    0.0000000000e+00
  20.5100000    9.3690076869e-06    2.6019406890e-07   -2.0738769326e-06    1.2359865058e-04    1.6986079877e-02    4.7290073817e-02    1.6290612275e-01    0.0000000000e+00    9.9999999993e-01    0.0000000000e+00    4.5052863907e-06    2.6351749912e-07    2.0660896494e-02    1.5239902652e-01    3.0358734053e-04    0.0000000000e+00
  21.0100000    9.3626205052e-06    2.5922269536e-07   -2.0724182795e-06    1.2341762701e-04    1.6952008973e-02    4.7249717666e-02    1.6423933183e-01    0.0000000000e+00    9.9999999993e-01    0.0000000000e+00    4.4990026054e-06    2.6160047795e-07    2.0628510200e-02    1.5319031458e-01    3.0542900394e-04    0.0000000000e+00
  21.5100000    9.3614831486e-06    2.5820588610e-07   -2.0749683378e-06    1.2326784784e-04    1.6924695828e-02    4.7235476257e-02    1.6244865050e-01    0.0000000000e+00    9.9999999993e-01    0.0000000000e+00    4.4947170983e-06    2.5978546900e-07    2.0605148050e-02    1.5113915349e-01    3.0738084409e-04    0.0000000000e+00
  22.0100000    9.3634465283e-06    2.5713981764e-07   -2.0835859505e-06    1.2319744606e-04    1.6901478079e-02    4.7237630894e-02    1.5859278519e-01    0.0000000000e+00    9.9999999993e-01    0.0000000000e+00    4.4922475092e-06    2.5793321212e-07    2.0590455996e-02    1.4710954465e-01    3.0956812267e-04    0.0000000000e+00
  22.5100000    9.3666082471e-06    2.5658015656e-07   -2.0986992780e-06    1.2321128882e-04    1.6882935574e-02    4.7247137021e-02    1.6896015669e-01    0.0000000000e+00    9.9999999993e-01    0.0000000000e+00    4.4912709386e-06    2.5622028464e-07    2.0583184673e-02    1.5653471355e-01    3.1199700970e-04    0.0000000000e+00
  23.0100000    9.3700093351e-06    2.5612380628e-07   -2.1149910050e-06    1.2326382131e-04    1.6866153837e-02    4.7258823917e-02    1.7798576364e-01    0.0000000000e+00    9.9999999993e-01    0.0000000000e+00    4.4919255330e-06    2.5485406728e-07    2.0583813752e-02    1.6506563086e-01    3.1443646288e-04    0.0000000000e+00
  23.5100000    9.3734634090e-06    2.5518271062e-07   -2.1259233992e-06    1.2328928922e-04    1.6849405341e-02    4.7270768944e-02    1.7069811109e-01    0.0000000000e+00    9.9999999993e-01    0.0000000000e+00    4.4949275606e-06    2.5340063843e-07    2.0595191253e-02    1.5789435790e-01    3.1675454972e-04    0.0000000000e+00
  24.0100000    9.3776341665e-06    2.5442429146e-07   -2.1298959905e-06    1.2324143708e-04    1.6832489920e-02    4.7285296250e-02    1.6698189541e-01    0.0000000000e+00    9.9999999993e-01    0.0000000000e+00    4.5002735027e-06    2.5200602647e-07    2.0616853991e-02    1.5396929719e-01    3.1885461700e-04    0.0000000000e+00
  24.5100000    9.3841170875e-06    2.5405745594e-07   -2.1312286352e-06    1.2311837579e-04    1.6815462821e-02    4.7309972790e-02    1.6726406367e-01    0.0000000000e+00    9.9999999993e-01    0.0000000000e+00    4.5064214696e-06    2.5082930164e-07    2.0641537032e-02    1.5398051518e-01    3.2062967177e-04    0.0000000000e+00
  25.0100000    9.3942845306e-06    2.5413929211e-07   -2.1335219059e-06    1.2296344119e-04    1.6802103429e-02    4.7352020710e-02    1.6805616085e-01    0.0000000000e+00    9.9999999993e-01    0.0000000000e+00    4.5116912994e-06    2.4977749482e-07    2.0661688726e-02    1.5425965895e-01    3.2219200834e-04    0.0000000000e+00
  25.5100000    9.4078379857e-06    2.5459873566e-07   -2.1452069236e-06    1.2283472915e-04    1.6795222218e-02    4.7410807384e-02    1.7122347701e-01    0.0000000000e+00    9.9999999993e-01    0.0000000000e+00    4.5167015360e-06    2.4902148941e-07    2.0680526391e-02    1.5665985185e-01    3.2372286663e-04    0.0000000000e+00
  26.0100000    9.4222985923e-06    2.5489586503e-07   -2.1581011232e-06    1.2277385048e-04    1.6793764103e-02    4.7474766713e-02    1.7531385232e-01    0.0000000000e+00    9.9999999993e-01    0.0000000000e+00    4.5235571900e-06    2.4818017197e-07    2.0708078799e-02    1.6025198192e-01    3.2544104983e-04    0.0000000000e+00
  26.5100000    9.4345732350e-06    2.5449097054e-07   -2.1684598170e-06    1.2278249626e-04    1.6793247387e-02    4.7528765683e-02    1.7884622237e-01    0.0000000000e+00    9.9999999993e-01    0.0000000000e+00    4.5327363726e-06    2.4698875072e-07    2.0746710770e-02    1.6344248931e-01    3.2739689526e-04    0.0000000000e+00
  27.0100000    9.4439449558e-06    2.5481380032e-07   -2.1817439706e-06    1.2282362118e-04    1.6789955436e-02    4.7568920303e-02    1.8193714592e-01    0.0000000000e+00    9.9999999993e-01    0.0000000000e+00    4.5427996479e-06    2.4594481277e-07    2.0789707987e-02    1.6561427336e-01    3.2946539021e-04    0.0000000000e+00
  27.5100000    9.4531261415e-06    2.5486926319e-07   -2.1966110032e-06    1.2284413574e-04    1.6784612456e-02    4.7608077517e-02    1.8373872609e-01    0.0000000000e+00    9.9999999993e-01    0.0000000000e+00    4.5531387067e-06    2.4518940036e-07    2.0833941582e-02    1.6678932880e-01    3.3145526333e-04    0.0000000000e+00
  28.0100000    9.4653533336e-06    2.5483411047e-07   -2.2091239162e-06    1.2280565062e-04    1.6781453019e-02    4.7661682259e-02    1.8527313433e-01    0.0000000000e+00    9.9999999993e-01    0.0000000000e+00    4.5644000263e-06    2.4443449084e-07    2.0882009146e-02    1.6765040806e-01    3.3319630527e-04    0.0000000000e+00
  28.5100000    9.4814847536e-06    2.5531553086e-07   -2.2188188947e-06    1.2270533045e-04    1.6782825637e-02    4.7733657956e-02    1.8673323980e-01    0.0000000000e+00    9.9999999993e-01    0.0000000000e+00    4.5765039796e-06    2.4413873096e-07    2.0933376455e-02    1.6839895931e-01    3.3465538313e-04    0.0000000000e+00
  29.0100000    9.4997079820e-06    2.5561077177e-07   -2.2263616583e-06    1.2257549713e-04    1.6787838680e-02    4.7815143889e-02    1.8820307619e-01    0.0000000000e+00    9.9999999993e-01    0.0000000000e+00    4.5885105110e-06    2.4423417561e-07    2.0983853761e-02    1.6963942815e-01    3.3595320444e-04    0.0000000000e+00
  29.5100000    9.5174371406e-06    2.5491166633e-07   -2.2319628755e-06    1.2246385081e-04    1.6794103003e-02    4.7893867351e-02    1.9097292051e-01    0.0000000000e+00    9.9999999993e-01    0.0000000000e+00    4.6003981217e-06    2.4356499813e-07    2.1033657656e-02    1.7209203251e-01    3.3726998795e-04    0.0000000000e+00
  30.0100000    9.5330889197e-06    2.5514726105e-07   -2.2375480687e-06    1.2240608897e-04    1.6799842667e-02    4.7962636537e-02    1.9520964986e-01    0.0000000000e+00    9.9999999993e-01    0.0000000000e+00    4.6129661357e-06    2.4210231595e-07    2.1086772542e-02    1.7484120239e-01    3.3873124187e-04    0.0000000000e+00
  30.5100000    9.5470581511e-06    2.5457075258e-07   -2.2408649530e-06    1.2240611127e-04    1.6805127817e-02    4.8023799078e-02    1.9802508682e-01    0.0000000000e+00    9.9999999993e-01    0.0000000000e+00    4.6267412368e-06    2.4146373178e-07    2.1145761790e-02    1.7738221550e-01    3.4036299199e-04    0.0000000000e+00
  31.0100000    9.5608655562e-06    2.5317095729e-07   -2.2415402801e-06    1.2243528723e-04    1.6810699728e-02    4.8084776615e-02    1.9938112876e-01    0.0000000000e+00    9.9999999993e-01    0.0000000000e+00    4.6418314955e-06    2.4141079310e-07    2.1211023078e-02    1.7935167350e-01    3.4209624098e-04    0.0000000000e+00
  31.5100000    9.5754582409e-06    2.5229758982e-07   -2.2406158430e-06    1.2245068509e-04    1.6818409926e-02    4.8149696703e-02    2.0173723862e-01    0.0000000000e+00    9.9999999993e-01    0.0000000000e+00    4.6577287259e-06    2.4047987506e-07    2.1279957561e-02    1.8120276167e-01    3.4378770655e-04    0.0000000000e+00
  32.0100000    9.5901408889e-06    2.5229548261e-07   -2.2405585260e-06    1.2241996478e-04    1.6827360388e-02    4.8214413104e-02    2.0209809238e-01    0.0000000000e+00    9.9999999993e-01    0.0000000000e+00    4.6732921937e-06    2.3941047627e-07    2.1347063713e-02    1.8056119567e-01    3.4529332450e-04    0.0000000000e+00
  32.5100000    9.6037147606e-06    2.5133581103e-07   -2.2415891255e-06    1.2233829328e-04    1.6836100117e-02    4.8272589395e-02    2.0115825054e-01    0.0000000000e+00    9.9999999993e-01    0.0000000000e+00    4.6882255994e-06    2.3900952314e-07    2.1410844011e-02    1.7985150496e-01    3.4656697022e-04    0.0000000000e+00
  33.0100000    9.6155487071e-06    2.5022904212e-07   -2.2415242807e-06    1.2222936621e-04    1.6844919704e-02    4.8321230584e-02    2.0141342037e-01    0.0000000000e+00    9.9999999993e-01    0.0000000000e+00    4.7031954665e-06    2.3885826274e-07    2.1474413692e-02    1.8043301104e-01    3.4770175984e-04    0.0000000000e+00
  33.5100000    9.6260073423e-06    2.4853764563e-07   -2.2392019122e-06    1.2213107140e-04    1.6854291209e-02    4.8362711773e-02    2.0339830228e-01    0.0000000000e+00    9.9999999993e-01    0.0000000000e+00    4.7191847904e-06    2.3765454775e-07    2.1542497388e-02    1.8224073414e-01    3.4883956042e-04    0.0000000000e+00
  34.0100000    9.6355073041e-06    2.4757298599e-07   -2.2349554306e-06    1.2207383905e-04    1.6865297348e-02    4.8399728004e-02    2.0491196255e-01    0.0000000000e+00    9.9999999993e-01    0.0000000000e+00    4.7355156266e-06    2.3629469837e-07    2.1612268048e-02    1.8319058087e-01    3.5009447590e-04    0.0000000000e+00
  34.5100000    9.6447827812e-06    2.4552734505e-07   -2.2287693696e-06    1.2206404740e-04    1.6877131764e-02    4.8436289015e-02    2.0559094970e-01    0.0000000000e+00    9.9999999993e-01    0.0000000000e+00    4.7516185148e-06    2.3567566266e-07    2.1681275779e-02    1.8455254405e-01    3.5148908165e-04    0.0000000000e+00
  35.0100000    9.6541938257e-06    2.4440270003e-07   -2.2220398449e-06    1.2208176552e-04    1.6890133992e-02    4.8474088757e-02    2.0793278633e-01    0.0000000000e+00    9.9999999993e-01    0.0000000000e+00    4.7679121675e-06    2.3493705999e-07    2.1751383162e-02    1.8669174237e-01    3.5296994068e-04    0.0000000000e+00
  35.5100000    9.6636443384e-06    2.4242791811e-07   -2.2164894033e-06    1.2209314842e-04    1.6904070574e-02    4.8512188035e-02    2.0754608392e-01    0.0000000000e+00    9.9999999993e-01    0.0000000000e+00    4.7851063819e-06    2.3421942694e-07    2.1825621357e-02    1.8690607994e-01    3.5442185739e-04    0.0000000000e+00
  36.0100000    9.6725141376e-06    2.4082936024e-07   -2.2120713516e-06    1.2206970009e-04    1.6918476006e-02    4.8546951219e-02    2.0510346643e-01    0.0000000000e+00    9.9999999993e-01    0.0000000000e+00    4.8030674750e-06    2.3343175914e-07    2.1903139423e-02    1.8489766316e-01    3.5574088976e-04    0.0000000000e+00
  36.5100000    9.6804491351e-06    2.3983612793e-07   -2.2091840028e-06    1.2200360242e-04    1.6932506401e-02    4.8576296998e-02    2.0296184729e-01    0.0000000000e+00    9.9999999993e-01    0.0000000000e+00    4.8207107904e-06    2.3311649633e-07    2.1978850042e-02    1.8318798843e-01    3.5689133683e-04    0.0000000000e+00
  37.0100000    9.6876959995e-06    2.3796798151e-07   -2.2075500122e-06    1.2191100401e-04    1.6945564287e-02    4.8601529410e-02    2.0154524763e-01    0.0000000000e+00    9.9999999993e-01    0.0000000000e+00    4.8380211715e-06    2.3289369129e-07    2.2052712520e-02    1.8270234372e-01    3.5791892570e-04    0.0000000000e+00
  37.5100000    9.6942885058e-06    2.3674134934e-07   -2.2063271854e-06    1.2182209319e-04    1.6959323779e-02    4.8623212746e-02    2.0122784474e-01    0.0000000000e+00    9.9999999993e-01    0.0000000000e+00    4.8557017300e-06    2.3231065626e-07    2.2128107125e-02    1.8262330538e-01    3.5892738777e-04    0.0000000000e+00
  38.0100000    9.7002405169e-06    2.3510806123e-07   -2.2052600832e-06    1.2176394584e-04    1.6972512076e-02    4.8641912861e-02    2.0176364947e-01    0.0000000000e+00    9.9999999993e-01    0.0000000000e+00    4.8737567796e-06    2.3152252006e-07    2.2205277271e-02    1.8361810914e-01    3.6000374974e-04    0.0000000000e+00
  38.5100000    9.7057299453e-06    2.3365368517e-07   -2.2048447973e-06    1.2174568621e-04    1.6985501028e-02    4.8658843318e-02    2.0230730212e-01    0.0000000000e+00    9.9999999993e-01    0.0000000000e+00    4.8920295811e-06    2.3112519087e-07    2.2283656676e-02    1.8469040554e-01    3.6119176242e-04    0.0000000000e+00
  39.0100000    9.7110950415e-06    2.3208321531e-07   -2.2046196461e-06    1.2175413856e-04    1.6998685882e-02    4.8675678130e-02    2.0178399429e-01    0.0000000000e+00    9.9999999993e-01    0.0000000000e+00    4.9103758460e-06    2.3088610786e-07    2.2362581610e-02    1.8504669619e-01    3.6246815257e-04    0.0000000000e+00
  39.5100000    9.7162684259e-06    2.3072275929e-07   -2.2042696975e-06    1.2176219781e-04    1.7012117591e-02    4.8691749612e-02    2.0185194578e-01    0.0000000000e+00    9.9999999993e-01    0.0000000000e+00    4.9290215463e-06    2.3008992189e-07    2.2442929665e-02    1.8540697596e-01    3.6375945709e-04    0.0000000000e+00
  40.0100000    9.7207297533e-06    2.2997291618e-07   -2.2028154412e-06    1.2174448527e-04    1.7024820559e-02    4.8704009034e-02    2.0014647545e-01    0.0000000000e+00    9.9999999993e-01    0.0000000000e+00    4.9476825645e-06    2.2954884420e-07    2.2523200444e-02    1.8392469446e-01    3.6495969042e-04    0.0000000000e+00
  40.5100000    9.7244145072e-06    2.2848834249e-07   -2.2003880763e-06    1.2169094878e-04    1.7036901805e-02    4.8711815311e-02    1.9836593164e-01    0.0000000000e+00    9.9999999993e-01    0.0000000000e+00    4.9665126149e-06    2.3012033427e-07    2.2603942843e-02    1.8346085149e-01    3.6600260179e-04    0.0000000000e+00
  41.0100000    9.7276322563e-06    2.2772116209e-07   -2.1983887585e-06    1.2161142143e-04    1.7048561367e-02    4.8716690424e-02    1.9698091424e-01    0.0000000000e+00    9.9999999993e-01    0.0000000000e+00    4.9854111679e-06    2.2992502946e-07    2.2684683768e-02    1.8249490450e-01    3.6691850398e-04    0.0000000000e+00
  41.5100000    9.7307860927e-06    2.2687485145e-07   -2.1962550200e-06    1.2152964425e-04    1.7062922124e-02    4.8720924236e-02    1.9568163427e-01    0.0000000000e+00    9.9999999993e-01    0.0000000000e+00    5.0037642864e-06    2.2929319750e-07    2.2762757362e-02    1.8169351566e-01    3.6780627412e-04    0.0000000000e+00
  42.0100000    9.7336913142e-06    2.2585283147e-07   -2.1928785666e-06    1.2147017195e-04    1.7080193803e-02    4.8724018479e-02    1.9444282340e-01    0.0000000000e+00    9.9999999993e-01    0.0000000000e+00    5.0219553305e-06    2.2883925224e-07    2.2840105633e-02    1.8217925800e-01    3.6875708663e-04    0.0000000000e+00
  42.5100000    9.7353674120e-06    2.2451820030e-07   -2.1894085846e-06    1.2144489143e-04    1.7093227602e-02    4.8721416068e-02    1.9371669032e-01    0.0000000000e+00    9.9999999993e-01    0.0000000000e+00    5.0409012281e-06    2.2806818434e-07    2.2921055708e-02    1.8380504621e-01    3.6980664847e-04    0.0000000000e+00
  43.0100000    9.7350437899e-06    2.2390566858e-07   -2.1906259844e-06    1.2144653579e-04    1.7093935861e-02    4.8709337237e-02    1.9702430281e-01    0.0000000000e+00    9.9999999993e-01    0.0000000000e+00    5.0608569864e-06    2.2744019777e-07    2.3006795750e-02    1.8798990099e-01    3.7092892364e-04    0.0000000000e+00
  43.5100000    9.7348803065e-06    2.2534354863e-07   -2.2005036621e-06    1.2145305851e-04    1.7083640254e-02    4.8698323636e-02    2.0050558517e-01    0.0000000000e+00    9.9999999993e-01    0.0000000000e+00    5.0809591363e-06    2.2858279637e-07    2.3093287314e-02    1.9185825424e-01    3.7206632364e-04    0.0000000000e+00
  44.0100000    9.7402017848e-06    2.2671016376e-07   -2.2151801212e-06    1.2144038863e-04    1.7077087504e-02    4.8714536578e-02    2.0011702634e-01    0.0000000000e+00    9.9999999993e-01    0.0000000000e+00    5.1004815777e-06    2.3113503788e-07    2.3177039863e-02    1.9234775446e-01    3.7314667069e-04    0.0000000000e+00
  44.5100000    9.7541685154e-06    2.2866068167e-07   -2.2237115029e-06    1.2139604761e-04    1.7097033128e-02    4.8773383497e-02    2.0687526150e-01    0.0000000000e+00    9.9999999993e-01    0.0000000000e+00    5.1193638512e-06    2.3318993513e-07    2.3257617649e-02    1.9703032702e-01    3.7411304068e-04    0.0000000000e+00
  45.0100000    9.7725893617e-06    2.3097830924e-07   -2.2176064970e-06    1.2132575882e-04    1.7149842093e-02    4.8853845055e-02    2.1465909764e-01    0.0000000000e+00    9.9999999993e-01    0.0000000000e+00    5.1381714854e-06    2.3451284419e-07    2.3337546405e-02    2.0514440355e-01    3.7496695200e-04    0.0000000000e+00
  45.5100000    9.7848543867e-06    2.3082333178e-07   -2.1998769366e-06    1.2124961577e-04    1.7209833916e-02    4.8903213118e-02    2.0948464278e-01    0.0000000000e+00    9.9999999993e-01    0.0000000000e+00    5.1579183999e-06    2.3387823103e-07    2.3421526225e-02    2.0505442591e-01    3.7576139840e-04    0.0000000000e+00
  46.0100000    9.7818770510e-06    2.3055434855e-07   -2.1816785281e-06    1.2119046567e-04    1.7239385584e-02    4.8876600502e-02    2.0743469432e-01    0.0000000000e+00    9.9999999993e-01    0.0000000000e+00    5.1783885333e-06    2.3261607887e-07    2.3508756923e-02    2.0279566728e-01    3.7658554488e-04    0.0000000000e+00
  46.5100000    9.7650231207e-06    2.3394027753e-07   -2.1720301032e-06    1.2116122229e-04    1.7224287181e-02    4.8781207965e-02    2.1721680757e-01    0.0000000000e+00    9.9999999993e-01    0.0000000000e+00    5.1988352983e-06    2.3357531938e-07    2.3596014471e-02    2.0621573801e-01    3.7750788529e-04    0.0000000000e+00
  47.0100000    9.7454602891e-06    2.3652382319e-07   -2.1728288142e-06    1.2115802466e-04    1.7188131024e-02    4.8672829051e-02    2.2700670535e-01    0.0000000000e+00    9.9999999993e-01    0.0000000000e+00    5.2190540204e-06    2.3465080178e-07    2.3682424392e-02    2.1089638199e-01    3.7852005456e-04    0.0000000000e+00
  47.5100000    9.7341970536e-06    2.3371908391e-07   -2.1807180621e-06    1.2116275918e-04    1.7160785533e-02    4.8606124044e-02    2.2906027451e-01    0.0000000000e+00    9.9999999993e-01    0.0000000000e+00    5.2385476880e-06    2.3331588492e-07    2.3765645922e-02    2.1242910919e-01    3.7955838085e-04    0.0000000000e+00
  48.0100000    9.7342836730e-06    2.2893336283e-07   -2.1899498487e-06    1.2115335540e-04    1.7155193324e-02    4.8595889456e-02    2.2619051948e-01    0.0000000000e+00    9.9999999993e-01    0.0000000000e+00    5.2569370583e-06    2.3138511042e-07    2.3843782583e-02    2.1102338617e-01    3.8054021417e-04    0.0000000000e+00
  48.5100000    9.7404718663e-06    2.2662389690e-07   -2.1934677568e-06    1.2111614132e-04    1.7174178762e-02    4.8615613337e-02    2.2406271409e-01    0.0000000000e+00    9.9999999993e-01    0.0000000000e+00    5.2751774247e-06    2.3048247804e-07    2.3920998217e-02    2.0957118580e-01    3.8141529854e-04    0.0000000000e+00
  49.0100000    9.7440101977e-06    2.2608685165e-07   -2.1842493995e-06    1.2105344762e-04    1.7208649264e-02    4.8621587888e-02    2.2166704244e-01    0.0000000000e+00    9.9999999993e-01    0.0000000000e+00    5.2944708995e-06    2.2989423923e-07    2.4002678289e-02    2.0709198167e-01    3.8219535820e-04    0.0000000000e+00
  49.5100000    9.7385348387e-06    2.2490107076e-07   -2.1615330482e-06    1.2098218071e-04    1.7240095786e-02    4.8582320084e-02    2.1899153607e-01    0.0000000000e+00    9.9999999993e-01    0.0000000000e+00    5.3149233411e-06    2.2881378642e-07    2.4089380275e-02    2.0459016304e-01    3.8293335761e-04    0.0000000000e+00
  50.0100000    9.7231168896e-06    2.2293467088e-07   -2.1353897943e-06    1.2092404784e-04    1.7254136115e-02    4.8493579822e-02    2.1816990422e-01    0.0000000000e+00    9.9999999993e-01    0.0000000000e+00    5.3356138577e-06    2.2749842981e-07    2.4177106797e-02    2.0434073347e-01    3.8368900628e-04    0.0000000000e+00
  50.5100000    9.7015837058e-06    2.2065264238e-07   -2.1235641769e-06    1.2089292292e-04    1.7249561018e-02    4.8374777486e-02    2.1775488840e-01    0.0000000000e+00    9.9999999993e-01    0.0000000000e+00    5.3556339876e-06    2.2660934371e-07    2.4261912689e-02    2.0511059790e-01    3.8450584287e-04    0.0000000000e+00
  51.0100000    9.6793228170e-06    2.1844482609e-07   -2.1242609646e-06    1.2088688332e-04    1.7233608317e-02    4.8252847644e-02    2.1769972383e-01    0.0000000000e+00    9.9999999993e-01    0.0000000000e+00    5.3749449605e-06    2.2605635403e-07    2.4343687747e-02    2.0645439920e-01    3.8540566666e-04    0.0000000000e+00
  51.5100000    9.6602345368e-06    2.1689192741e-07   -2.1386790231e-06    1.2088987478e-04    1.7214696041e-02    4.8147029309e-02    2.1628305730e-01    0.0000000000e+00    9.9999999993e-01    0.0000000000e+00    5.3938523003e-06    2.2563424984e-07    2.4423740691e-02    2.0609566084e-01    3.8635068624e-04    0.0000000000e+00
  52.0100000    9.6459596036e-06    2.1568775314e-07   -2.1454426065e-06    1.2088155167e-04    1.7199387941e-02    4.8065133869e-02    2.1366717766e-01    0.0000000000e+00    9.9999999993e-01    0.0000000000e+00    5.4126614000e-06    2.2548327417e-07    2.4503285568e-02    2.0447683582e-01    3.8726195514e-04    0.0000000000e+00
  52.5100000    9.6364017826e-06    2.1512382829e-07   -2.1342006836e-06    1.2084873097e-04    1.7190388484e-02    4.8006348203e-02    2.1253274783e-01    0.0000000000e+00    9.9999999993e-01    0.0000000000e+00    5.4316281016e-06    2.2552723481e-07    2.4583315768e-02    2.0386999931e-01    3.8807880210e-04    0.0000000000e+00
  53.0100000    9.6306535019e-06    2.1487461242e-07   -2.1109275395e-06    1.2079224636e-04    1.7187728696e-02    4.7966024854e-02    2.1089113849e-01    0.0000000000e+00    9.9999999993e-01    0.0000000000e+00    5.4508068558e-06    2.2569383584e-07    2.4664011802e-02    2.0259964775e-01    3.8879641137e-04    0.0000000000e+00
  53.5100000    9.6276038947e-06    2.1443230076e-07   -2.0922039156e-06    1.2072633951e-04    1.7189565855e-02    4.7938775842e-02    2.1018422585e-01    0.0000000000e+00    9.9999999993e-01    0.0000000000e+00    5.4702828873e-06    2.2582371727e-07    2.4745829720e-02    2.0239233494e-01    3.8947900067e-04    0.0000000000e+00
  54.0100000    9.6262545305e-06    2.1436979988e-07   -2.0861813881e-06    1.2067067509e-04    1.7194040922e-02    4.7919956010e-02    2.1093529191e-01    0.0000000000e+00    9.9999999993e-01    0.0000000000e+00    5.4899254365e-06    2.2596725154e-07    2.4828343371e-02    2.0332161205e-01    3.9016329818e-04    0.0000000000e+00
  54.5100000    9.6261471253e-06    2.1407738522e-07   -2.0947759544e-06    1.2063870400e-04    1.7199721421e-02    4.7907593635e-02    2.1130866377e-01    0.0000000000e+00    9.9999999993e-01    0.0000000000e+00    5.5096507361e-06    2.2624495134e-07    2.4911335087e-02    2.0417222298e-01    3.9090364193e-04    0.0000000000e+00
  55.0100000    9.6270214138e-06    2.1392790323e-07   -2.1094629820e-06    1.2062969568e-04    1.7205181758e-02    4.7900509726e-02    2.1244722395e-01    0.0000000000e+00    9.9999999993e-01    0.0000000000e+00    5.5295261652e-06    2.2640089685e-07    2.4995172023e-02    2.0554931098e-01    3.9171923032e-04    0.0000000000e+00
  55.5100000    9.6287079710e-06    2.1409543540e-07   -2.1217236423e-06    1.2062986740e-04    1.7210136137e-02    4.7897726881e-02    2.1229761702e-01    0.0000000000e+00    9.9999999993e-01    0.0000000000e+00    5.5493876081e-06    2.2665125762e-07    2.5079044902e-02    2.0548669781e-01    3.9259017842e-04    0.0000000000e+00
  56.0100000    9.6312801850e-06    2.1409366807e-07   -2.1282160041e-06    1.2062127462e-04    1.7214668530e-02    4.7899310713e-02    2.1187443036e-01    0.0000000000e+00    9.9999999993e-01    0.0000000000e+00    5.5692473441e-06    2.2711915792e-07    2.5162855061e-02    2.0544964587e-01    3.9343583401e-04    0.0000000000e+00
  56.5100000    9.6347756019e-06    2.1439007946e-07   -2.1301861996e-06    1.2059170252e-04    1.7218975877e-02    4.7905158984e-02    2.1183467975e-01    0.0000000000e+00    9.9999999993e-01    0.0000000000e+00    5.5891353165e-06    2.2754075005e-07    2.5246586887e-02    2.0550323450e-01    3.9418508852e-04    0.0000000000e+00
  57.0100000    9.6392033385e-06    2.1452811062e-07   -2.1305689866e-06    1.2054071070e-04    1.7223073680e-02    4.7915201733e-02    2.1108975791e-01    0.0000000000e+00    9.9999999993e-01    0.0000000000e+00    5.6089917430e-06    2.2791069451e-07    2.5329909692e-02    2.0497030796e-01    3.9485225295e-04    0.0000000000e+00
  57.5100000    9.6445293334e-06    2.1465482968e-07   -2.1312210786e-06    1.2048035971e-04    1.7227750212e-02    4.7929390556e-02    2.1063960886e-01    0.0000000000e+00    9.9999999993e-01    0.0000000000e+00    5.6288382785e-06    2.2823032867e-07    2.5412985064e-02    2.0470278361e-01    3.9548856241e-04    0.0000000000e+00
  58.0100000    9.6507674137e-06    2.1480140178e-07   -2.1322632092e-06    1.2042786445e-04    1.7232000360e-02    4.7948074256e-02    2.1029941228e-01    0.0000000000e+00    9.9999999993e-01    0.0000000000e+00    5.6486809033e-06    2.2855470266e-07    2.5495989717e-02    2.0452398075e-01    3.9613112880e-04    0.0000000000e+00
  58.5100000    9.6580027386e-06    2.1473726053e-07   -2.1343290711e-06    1.2039537671e-04    1.7237165658e-02    4.7971943032e-02    2.1066027170e-01    0.0000000000e+00    9.9999999993e-01    0.0000000000e+00    5.6685990339e-06    2.2881772024e-07    2.5579426845e-02    2.0514354984e-01    3.9681195310e-04    0.0000000000e+00
  59.0100000    9.6662643437e-06    2.1485096259e-07   -2.1383944666e-06    1.2038285771e-04    1.7242633004e-02    4.8001238183e-02    2.1158553608e-01    0.0000000000e+00    9.9999999993e-01    0.0000000000e+00    5.6885727487e-06    2.2899065956e-07    2.5663261715e-02    2.0609061400e-01    3.9756240453e-04    0.0000000000e+00
  59.5100000    9.6756027151e-06    2.1487666160e-07   -2.1430981143e-06    1.2037915695e-04    1.7248341753e-02    4.8036090471e-02    2.1185259949e-01    0.0000000000e+00    9.9999999993e-01    0.0000000000e+00    5.7085723957e-06    2.2924905053e-07    2.5747299996e-02    2.0655091012e-01    3.9835843283e-04    0.0000000000e+00
  60.0100000    9.6859650742e-06    2.1489202111e-07   -2.1432568171e-06    1.2036908165e-04    1.7254283823e-02    4.8075978784e-02    2.1162952569e-01    0.0000000000e+00    9.9999999993e-01    0.0000000000e+00    5.7287189171e-06    2.2951418100e-07    2.5831949882e-02    2.0657269754e-01    3.9912661244e-04    0.0000000000e+00
  60.5100000    9.6970621522e-06    2.1501966450e-07   -2.1348175012e-06    1.2034158519e-04    1.7261706167e-02    4.8119221965e-02    2.1203291902e-01    0.0000000000e+00    9.9999999993e-01    0.0000000000e+00    5.7490174433e-06    2.2970814281e-07    2.5917101593e-02    2.0710156987e-01    3.9982638820e-04    0.0000000000e+00
  61.0100000    9.7085185439e-06    2.1495855110e-07   -2.1228791538e-06    1.2029575760e-04    1.7269807172e-02    4.8163861637e-02    2.1112369360e-01    0.0000000000e+00    9.9999999993e-01    0.0000000000e+00    5.7692764649e-06    2.2987506669e-07    2.6001838311e-02    2.0644010067e-01    4.0045636592e-04    0.0000000000e+00
  61.5100000    9.7201069823e-06    2.1494089215e-07   -2.1215095812e-06    1.2024110083e-04    1.7278152386e-02    4.8208874227e-02    2.1010318999e-01    0.0000000000e+00    9.9999999993e-01    0.0000000000e+00    5.7891720811e-06    2.2997069831e-07    2.6084755875e-02    2.0550760242e-01    4.0105805096e-04    0.0000000000e+00
  62.0100000    9.7319909845e-06    2.1489282490e-07   -2.1315585047e-06    1.2019208407e-04    1.7287063423e-02    4.8255307335e-02    2.1014419928e-01    0.0000000000e+00    9.9999999993e-01    0.0000000000e+00    5.8084993196e-06    2.3001249657e-07    2.6165061898e-02    2.0559918027e-01    4.0166069760e-04    0.0000000000e+00
  62.5100000    9.7445313956e-06    2.1474311115e-07   -2.1518879637e-06    1.2015960355e-04    1.7296297485e-02    4.8305176874e-02    2.1020003820e-01    0.0000000000e+00    9.9999999993e-01    0.0000000000e+00    5.8274939290e-06    2.2993811495e-07    2.6243945826e-02    2.0569526556e-01    4.0229465552e-04    0.0000000000e+00
  63.0100000    9.7578863741e-06    2.1462192631e-07   -2.1668165451e-06    1.2014417449e-04    1.7306791666e-02    4.8359354423e-02    2.0984903531e-01    0.0000000000e+00    9.9999999993e-01    0.0000000000e+00    5.8465913578e-06    2.2979979966e-07    2.6323418939e-02    2.0533666167e-01    4.0297898116e-04    0.0000000000e+00
  63.5100000    9.7719183975e-06    2.1450676996e-07   -2.1690904830e-06    1.2013661897e-04    1.7318768817e-02    4.8417065519e-02    2.1004134166e-01    0.0000000000e+00    9.9999999993e-01    0.0000000000e+00    5.8661022385e-06    2.2974877465e-07    2.6404829076e-02    2.0561416904e-01    4.0370922969e-04    0.0000000000e+00
  64.0100000    9.7863660089e-06    2.1452069782e-07   -2.1619145873e-06    1.2012443831e-04    1.7332257006e-02    4.8476804714e-02    2.1222768860e-01    0.0000000000e+00    9.9999999993e-01    0.0000000000e+00    5.8860077143e-06    2.2982676667e-07    2.6487975336e-02    2.0784485774e-01    4.0443338589e-04    0.0000000000e+00
  64.5100000    9.8011631659e-06    2.1448474123e-07   -2.1526104658e-06    1.2009822713e-04    1.7346539587e-02    4.8538038443e-02    2.1206343980e-01    0.0000000000e+00    9.9999999993e-01    0.0000000000e+00    5.9060775583e-06    2.3001102387e-07    2.6571708534e-02    2.0787554993e-01    4.0509222598e-04    0.0000000000e+00
  65.0100000    9.8163914705e-06    2.1446632028e-07   -2.1461927008e-06    1.2005653522e-04    1.7360409170e-02    4.8601080491e-02    2.0997424468e-01    0.0000000000e+00    9.9999999993e-01    0.0000000000e+00    5.9261056787e-06    2.3016030959e-07    2.6655052857e-02    2.0596011842e-01    4.0568333706e-04    0.0000000000e+00
  65.5100000    9.8321594369e-06    2.1436743972e-07   -2.1452507428e-06    1.2000671155e-04    1.7373889901e-02    4.8666533449e-02    2.1061042635e-01    0.0000000000e+00    9.9999999993e-01    0.0000000000e+00    5.9459452879e-06    2.3026759740e-07    2.6737385644e-02    2.0680017048e-01    4.0622972291e-04    0.0000000000e+00
  66.0100000    9.8484590354e-06    2.1401463391e-07   -2.1516277781e-06    1.1996068235e-04    1.7388434409e-02    4.8734529761e-02    2.1150492349e-01    0.0000000000e+00    9.9999999993e-01    0.0000000000e+00    5.9656435484e-06    2.3022016946e-07    2.6819014842e-02    2.0800159555e-01    4.0677570689e-04    0.0000000000e+00
  66.5100000    9.8649841312e-06    2.1380376491e-07   -2.1643568124e-06    1.1992712584e-04    1.7403014428e-02    4.8803735841e-02    2.0830141177e-01    0.0000000000e+00    9.9999999993e-01    0.0000000000e+00    5.9852075073e-06    2.2995312215e-07    2.6900071540e-02    2.0478555854e-01    4.0737294345e-04    0.0000000000e+00
  67.0100000    9.8814315178e-06    2.1370075338e-07   -2.1765915890e-06    1.1990772557e-04    1.7418741135e-02    4.8872746875e-02    2.0671364115e-01    0.0000000000e+00    9.9999999993e-01    0.0000000000e+00    6.0045942956e-06    2.2972776015e-07    2.6980415031e-02    2.0309744150e-01    4.0804732861e-04    0.0000000000e+00
  67.5100000    9.8976200693e-06    2.1376006092e-07   -2.1787582346e-06    1.1989710077e-04    1.7436237972e-02    4.8940630707e-02    2.1087901005e-01    0.0000000000e+00    9.9999999993e-01    0.0000000000e+00    6.0238924575e-06    2.2964975777e-07    2.7060422397e-02    2.0715772958e-01    4.0873029541e-04    0.0000000000e+00
  68.0100000    9.9135245786e-06    2.1384976835e-07   -2.1680128580e-06    1.1988519197e-04    1.7454423991e-02    4.9007117115e-02    2.1222374904e-01    0.0000000000e+00    9.9999999993e-01    0.0000000000e+00    6.0431989643e-06    2.2970256204e-07    2.7140448136e-02    2.0851170568e-01    4.0936206641e-04    0.0000000000e+00
  68.5100000    9.9293984906e-06    2.1390072423e-07   -2.1541088453e-06    1.1986261110e-04    1.7472586022e-02    4.9073283780e-02    2.1016058762e-01    0.0000000000e+00    9.9999999993e-01    0.0000000000e+00    6.0626225657e-06    2.2980842400e-07    2.7220884155e-02    2.0647920412e-01    4.0995810108e-04    0.0000000000e+00
  69.0100000    9.9457624806e-06    2.1396261130e-07   -2.1521497081e-06    1.1982563021e-04    1.7490471406e-02    4.9141599655e-02    2.0861604536e-01    0.0000000000e+00    9.9999999993e-01    0.0000000000e+00    6.0821831563e-06    2.2994768342e-07    2.7301764632e-02    2.0498459030e-01    4.1054450006e-04    0.0000000000e+00
  69.5100000    9.9631227954e-06    2.1384505646e-07   -2.1620533773e-06    1.1977966755e-04    1.7509396382e-02    4.9214590687e-02    2.0729046788e-01    0.0000000000e+00    9.9999999993e-01    0.0000000000e+00    6.1018393510e-06    2.3005701590e-07    2.7382921420e-02    2.0388648593e-01    4.1111561555e-04    0.0000000000e+00
  70.0100000    9.9814206706e-06    2.1370128557e-07   -2.1796501367e-06    1.1973508684e-04    1.7528536575e-02    4.9292097746e-02    2.0777112443e-01    0.0000000000e+00    9.9999999993e-01    0.0000000000e+00    6.1214988414e-06    2.2999425676e-07    2.7464014829e-02    2.0447754538e-01    4.1164436240e-04    0.0000000000e+00
  70.5100000    9.9999605951e-06    2.1361029888e-07   -2.1899700674e-06    1.1970031839e-04    1.7547300026e-02    4.9370838878e-02    2.0880920951e-01    0.0000000000e+00    9.9999999993e-01    0.0000000000e+00    6.1410232970e-06    2.2986193252e-07    2.7544506988e-02    2.0550504302e-01    4.1216399041e-04    0.0000000000e+00
  71.0100000    1.0017869455e-05    2.1361340318e-07   -2.1892000577e-06    1.1967777257e-04    1.7566478125e-02    4.9446594496e-02    2.0967475214e-01    0.0000000000e+00    9.9999999993e-01    0.0000000000e+00    6.1604167105e-06    2.2974284625e-07    2.7624461441e-02    2.0625541539e-01    4.1273348617e-04    0.0000000000e+00
  71.5100000    1.0034704926e-05    2.1369570086e-07   -2.1828522225e-06    1.1966369884e-04    1.7585843434e-02    4.9517173440e-02    2.0924519302e-01    0.0000000000e+00    9.9999999993e-01    0.0000000000e+00    6.1797839883e-06    2.2969666602e-07    2.7704339850e-02    2.0568565210e-01    4.1336263260e-04    0.0000000000e+00
  72.0100000    1.0050814257e-05    2.1367204359e-07   -2.1777692675e-06    1.1965043625e-04    1.7604972783e-02    4.9584189450e-02    2.0931104148e-01    0.0000000000e+00    9.9999999993e-01    0.0000000000e+00    6.1992331668e-06    2.2979367147e-07    2.7784570796e-02    2.0580600066e-01    4.1399007914e-04    0.0000000000e+00
  72.5100000    1.0067004332e-05    2.1358627193e-07   -2.1756943026e-06    1.1963038641e-04    1.7624296499e-02    4.9651480869e-02    2.0951715900e-01    0.0000000000e+00    9.9999999993e-01    0.0000000000e+00    6.2187797803e-06    2.2991817165e-07    2.7865148209e-02    2.0612654242e-01    4.1457183790e-04    0.0000000000e+00
  73.0100000    1.0083859458e-05    2.1355145333e-07   -2.1762611192e-06    1.1959902604e-04    1.7643971777e-02    4.9721821868e-02    2.0917269971e-01    0.0000000000e+00    9.9999999993e-01    0.0000000000e+00    6.2383250417e-06    2.2996182007e-07    2.7945573321e-02    2.0583787054e-01    4.1511854414e-04    0.0000000000e+00
  73.5100000    1.0101275496e-05    2.1348160876e-07   -2.1791042799e-06    1.1955850196e-04    1.7663675766e-02    4.9794693163e-02    2.0834137002e-01    0.0000000000e+00    9.9999999993e-01    0.0000000000e+00    6.2577686490e-06    2.2994743261e-07    2.8025394243e-02    2.0515134940e-01    4.1564724376e-04    0.0000000000e+00
  74.0100000    1.0118634428e-05    2.1330721332e-07   -2.1831139038e-06    1.1951641207e-04    1.7683087730e-02    4.9867151777e-02    2.0734282054e-01    0.0000000000e+00    9.9999999993e-01    0.0000000000e+00    6.2770574019e-06    2.2987009295e-07    2.8104427889e-02    2.0424997382e-01    4.1616387616e-04    0.0000000000e+00
  74.5100000    1.0135445566e-05    2.1340724106e-07   -2.1876989395e-06    1.1948074204e-04    1.7701805649e-02    4.9936928705e-02    2.0816130072e-01    0.0000000000e+00    9.9999999993e-01    0.0000000000e+00    6.2962151880e-06    2.2972590997e-07    2.8182861912e-02    2.0477649278e-01    4.1667599640e-04    0.0000000000e+00
  75.0100000    1.0151717168e-05    2.1362160797e-07   -2.1918133731e-06    1.1945524813e-04    1.7720263222e-02    5.0004170611e-02    2.0761677704e-01    0.0000000000e+00    9.9999999993e-01    0.0000000000e+00    6.3153275225e-06    2.2970846985e-07    2.8261138118e-02    2.0405682588e-01    4.1720376635e-04    0.0000000000e+00
  75.5100000    1.0167784555e-05    2.1353794943e-07   -2.1940621340e-06    1.1943829609e-04    1.7738550498e-02    5.0070535891e-02    2.0773798644e-01    0.0000000000e+00    9.9999999993e-01    0.0000000000e+00    6.3344732451e-06    2.2976511101e-07    2.8339614676e-02    2.0429536556e-01    4.1777078312e-04    0.0000000000e+00
  76.0100000    1.0183944581e-05    2.1355135968e-07   -2.1924279095e-06    1.1942356603e-04    1.7756841902e-02    5.0137396791e-02    2.0999144484e-01    0.0000000000e+00    9.9999999993e-01    0.0000000000e+00    6.3536452453e-06    2.2973490636e-07    2.8418211089e-02    2.0645369309e-01    4.1834419922e-04    0.0000000000e+00
  76.5100000    1.0200255531e-05    2.1371553831e-07   -2.1862468289e-06    1.1940400059e-04    1.7774961286e-02    5.0204905741e-02    2.0970948902e-01    0.0000000000e+00    9.9999999993e-01    0.0000000000e+00    6.3727897005e-06    2.2977995568e-07    2.8496611152e-02    2.0607971567e-01    4.1890983673e-04    0.0000000000e+00
  77.0100000    1.0216538037e-05    2.1383615903e-07   -2.1783549676e-06    1.1937488959e-04    1.7792984128e-02    5.0272069393e-02    2.0933769198e-01    0.0000000000e+00    9.9999999993e-01    0.0000000000e+00    6.3918954002e-06    2.2990878454e-07    2.8574700771e-02    2.0576083526e-01    4.1943426693e-04    0.0000000000e+00
  77.5100000    1.0232561076e-05    2.1376733065e-07   -2.1746889710e-06    1.1933729925e-04    1.7811087086e-02    5.0337719893e-02    2.0842390173e-01    0.0000000000e+00    9.9999999993e-01    0.0000000000e+00    6.4109700363e-06    2.2996379988e-07    2.8652494445e-02    2.0495801053e-01    4.1992216863e-04    0.0000000000e+00
  78.0100000    1.0248220684e-05    2.1376209673e-07   -2.1801737168e-06    1.1929719342e-04    1.7829126365e-02    5.0401408938e-02    2.0860059782e-01    0.0000000000e+00    9.9999999993e-01    0.0000000000e+00    6.4300214911e-06    2.2987911183e-07    2.8730061637e-02    2.0500317162e-01    4.2040239103e-04    0.0000000000e+00
  78.5100000    1.0263561621e-05    2.1401132675e-07   -2.1937100549e-06    1.1926174342e-04    1.7846996837e-02    5.0463480408e-02    2.0868798818e-01    0.0000000000e+00    9.9999999993e-01    0.0000000000e+00    6.4490319196e-06    2.2986375351e-07    2.8807392737e-02    2.0488986542e-01    4.2089285005e-04    0.0000000000e+00
  79.0100000    1.0278720269e-05    2.1391795728e-07   -2.2079046484e-06    1.1923543880e-04    1.7864580853e-02    5.0524723736e-02    2.0824808115e-01    0.0000000000e+00    9.9999999993e-01    0.0000000000e+00    6.4680107681e-06    2.2999951834e-07    2.8884598440e-02    2.0468459131e-01    4.2140480120e-04    0.0000000000e+00
  79.5100000    1.0293774726e-05    2.1377040230e-07   -2.2157192731e-06    1.1921791524e-04    1.7881779970e-02    5.0585574334e-02    2.1026948604e-01    0.0000000000e+00    9.9999999993e-01    0.0000000000e+00    6.4870025851e-06    2.2997736674e-07    2.8961907597e-02    2.0676468818e-01    4.2193858210e-04    0.0000000000e+00
  80.0100000    1.0308681437e-05    2.1393918779e-07   -2.2151920112e-06    1.1920409019e-04    1.7899364677e-02    5.0645775080e-02    2.1098342816e-01    0.0000000000e+00    9.9999999993e-01    0.0000000000e+00    6.5059859117e-06    2.2987616113e-07    2.9039199537e-02    2.0724114202e-01    4.2247254673e-04    0.0000000000e+00
  80.5100000    1.0323376393e-05    2.1403284509e-07   -2.2101234571e-06    1.1918670120e-04    1.7916899598e-02    5.0704900027e-02    2.1024944420e-01    0.0000000000e+00    9.9999999993e-01    0.0000000000e+00    6.5249208075e-06    2.2995717763e-07    2.9116231529e-02    2.0653766040e-01    4.2300897608e-04    0.0000000000e+00
  81.0100000    1.0337831925e-05    2.1400281942e-07   -2.2066061274e-06    1.1916051725e-04    1.7933781599e-02    5.0762699912e-02    2.0953997625e-01    0.0000000000e+00    9.9999999993e-01    0.0000000000e+00    6.5438134782e-06    2.3008570488e-07    2.9192965406e-02    2.0597787211e-01    4.2352593556e-04    0.0000000000e+00
  81.5100000    1.0352012250e-05    2.1414139635e-07   -2.2085818229e-06    1.1912558697e-04    1.7950327962e-02    5.0818953271e-02    2.0894508466e-01    0.0000000000e+00    9.9999999993e-01    0.0000000000e+00    6.5626681584e-06    2.3008232824e-07    2.9269392659e-02    2.0521774504e-01    4.2401016593e-04    0.0000000000e+00
  82.0100000    1.0365884207e-05    2.1438681789e-07   -2.2162292435e-06    1.1908686275e-04    1.7966983015e-02    5.0873548145e-02    2.0926811484e-01    0.0000000000e+00    9.9999999993e-01    0.0000000000e+00    6.5814679494e-06    2.3010315123e-07    2.9345466194e-02    2.0534405926e-01    4.2445574539e-04    0.0000000000e+00
  82.5100000    1.0379475987e-05    2.1443546704e-07   -2.2261382324e-06    1.1905095467e-04    1.7983468421e-02    5.0926744706e-02    2.0968180912e-01    0.0000000000e+00    9.9999999993e-01    0.0000000000e+00    6.6002246266e-06    2.3023028081e-07    2.9421308374e-02    2.0585027524e-01    4.2489777872e-04    0.0000000000e+00
  83.0100000    1.0392837136e-05    2.1455308819e-07   -2.2328917603e-06    1.1902281858e-04    1.7999435306e-02    5.0978915653e-02    2.1072670176e-01    0.0000000000e+00    9.9999999993e-01    0.0000000000e+00    6.6189503239e-06    2.3025919037e-07    2.9497048285e-02    2.0682883028e-01    4.2538042938e-04    0.0000000000e+00
  83.5100000    1.0405954260e-05    2.1465868240e-07   -2.2316524453e-06    1.1900343001e-04    1.8015170624e-02    5.1030061477e-02    2.1188156647e-01    0.0000000000e+00    9.9999999993e-01    0.0000000000e+00    6.6376556730e-06    2.3022406457e-07    2.9572771517e-02    2.0793748427e-01    4.2589451493e-04    0.0000000000e+00
  84.0100000    1.0418724652e-05    2.1465129898e-07   -2.2214938785e-06    1.1898873333e-04    1.8030557803e-02    5.1079639601e-02    2.1234176987e-01    0.0000000000e+00    9.9999999993e-01    0.0000000000e+00    6.6563750040e-06    2.3021047438e-07    2.9648607459e-02    2.0843028973e-01    4.2641652986e-04    0.0000000000e+00
  84.5100000    1.0431130028e-05    2.1486011097e-07   -2.2078073157e-06    1.1897141923e-04    1.8044709916e-02    5.1127432803e-02    2.1240633688e-01    0.0000000000e+00    9.9999999993e-01    0.0000000000e+00    6.6750885751e-06    2.3023074726e-07    2.9724393453e-02    2.0823208586e-01    4.2692087429e-04    0.0000000000e+00
  85.0100000    1.0443469296e-05    2.1492396658e-07   -2.2000941918e-06    1.1894552441e-04    1.8058586319e-02    5.1174758865e-02    2.1157721841e-01    0.0000000000e+00    9.9999999993e-01    0.0000000000e+00    6.6937379164e-06    2.3042142313e-07    2.9799785257e-02    2.0741830928e-01    4.2740328495e-04    0.0000000000e+00
  85.5100000    1.0456185182e-05    2.1497092275e-07   -2.2036902160e-06    1.1891041022e-04    1.8074736611e-02    5.1223707831e-02    2.1108044401e-01    0.0000000000e+00    9.9999999993e-01    0.0000000000e+00    6.7122733435e-06    2.3062968428e-07    2.9874518966e-02    2.0706218516e-01    4.2786629117e-04    0.0000000000e+00
  86.0100000    1.0469271049e-05    2.1544208408e-07   -2.2142241183e-06    1.1887099642e-04    1.8093200492e-02    5.1274283879e-02    2.1152321712e-01    0.0000000000e+00    9.9999999993e-01    0.0000000000e+00    6.7306302876e-06    2.3076056120e-07    2.9948329707e-02    2.0738763674e-01    4.2829532077e-04    0.0000000000e+00
  86.5100000    1.0481855719e-05    2.1564015816e-07   -2.2226532424e-06    1.1883458178e-04    1.8112498087e-02    5.1322349714e-02    2.1149654413e-01    0.0000000000e+00    9.9999999993e-01    0.0000000000e+00    6.7488970570e-06    2.3088079975e-07    3.0021679629e-02    2.0780563688e-01    4.2871391076e-04    0.0000000000e+00
  87.0100000    1.0492473766e-05    2.1569692230e-07   -2.2255439057e-06    1.1880658349e-04    1.8128458051e-02    5.1360873349e-02    2.1187710481e-01    0.0000000000e+00    9.9999999993e-01    0.0000000000e+00    6.7672544687e-06    2.3071096454e-07    3.0095443042e-02    2.0859576497e-01    4.2915504769e-04    0.0000000000e+00
  87.5100000    1.0500451304e-05    2.1594779718e-07   -2.2272963564e-06    1.1878750688e-04    1.8136694402e-02    5.1386622539e-02    2.1387535962e-01    0.0000000000e+00    9.9999999993e-01    0.0000000000e+00    6.7856471385e-06    2.3047793759e-07    3.0169402818e-02    2.1018597964e-01    4.2962938818e-04    0.0000000000e+00
  88.0100000    1.0507334699e-05    2.1621361241e-07   -2.2318640070e-06    1.1877281827e-04    1.8137549335e-02    5.1407103361e-02    2.1601394149e-01    0.0000000000e+00    9.9999999993e-01    0.0000000000e+00    6.8039661957e-06    2.3066485888e-07    3.0243046584e-02    2.1191801153e-01    4.3012888706e-04    0.0000000000e+00
  88.5100000    1.0516372862e-05    2.1631974558e-07   -2.2359776860e-06    1.1875584200e-04    1.8139556150e-02    5.1438054500e-02    2.1508504364e-01    0.0000000000e+00    9.9999999993e-01    0.0000000000e+00    6.8222424853e-06    2.3110431776e-07    3.0316444169e-02    2.1138013636e-01    4.3063126307e-04    0.0000000000e+00
  89.0100000    1.0530114054e-05    2.1638947085e-07   -2.2329852919e-06    1.1873175359e-04    1.8152806943e-02    5.1491789197e-02    2.1456230504e-01    0.0000000000e+00    9.9999999993e-01    0.0000000000e+00    6.8405513468e-06    2.3155034409e-07    3.0389867133e-02    2.1115014984e-01    4.3110395687e-04    0.0000000000e+00
  89.5100000    1.0548117607e-05    2.1725048570e-07   -2.2224337087e-06    1.1870012393e-04    1.8180384531e-02    5.1566107671e-02    2.1711608293e-01    0.0000000000e+00    9.9999999993e-01    0.0000000000e+00    6.8589592126e-06    2.3218178421e-07    3.0463590385e-02    2.1298518908e-01    4.3153138772e-04    0.0000000000e+00
  90.0100000    1.0566765559e-05    2.1826345978e-07   -2.2115791849e-06    1.1866474935e-04    1.8215040609e-02    5.1643415735e-02    2.1789155840e-01    0.0000000000e+00    9.9999999993e-01    0.0000000000e+00    6.8774742410e-06    2.3275872525e-07    3.0537683777e-02    2.1336591773e-01    4.3193671059e-04    0.0000000000e+00
  90.5100000    1.0581442494e-05    2.1826852068e-07   -2.2074328942e-06    1.1863122928e-04    1.8245701181e-02    5.1701333219e-02    2.1744610178e-01    0.0000000000e+00    9.9999999993e-01    0.0000000000e+00    6.8959462891e-06    2.3250336116e-07    3.0611547998e-02    2.1321877196e-01    4.3234692331e-04    0.0000000000e+00
  91.0100000    1.0589803674e-05    2.1790525854e-07   -2.2105568443e-06    1.1860379251e-04    1.8262375938e-02    5.1728559297e-02    2.1809024197e-01    0.0000000000e+00    9.9999999993e-01    0.0000000000e+00    6.9141250979e-06    2.3174524777e-07    3.0684136693e-02    2.1366013148e-01    4.3278254929e-04    0.0000000000e+00
  91.5100000    1.0593680641e-05    2.1813780792e-07   -2.2161312595e-06    1.1858307284e-04    1.8262807061e-02    5.1734087529e-02    2.1927201044e-01    0.0000000000e+00    9.9999999993e-01    0.0000000000e+00    6.9319755288e-06    2.3152509752e-07    3.0755324483e-02    2.1400922936e-01    4.3324270381e-04    0.0000000000e+00
  92.0100000    1.0597666433e-05    2.1831581170e-07   -2.2200470347e-06    1.1856595367e-04    1.8256108431e-02    5.1740272306e-02    2.1951260764e-01    0.0000000000e+00    9.9999999993e-01    0.0000000000e+00    6.9497579839e-06    2.3178784121e-07    3.0826251040e-02    2.1387702403e-01    4.3371389919e-04    0.0000000000e+00
  92.5100000    1.0605667360e-05    2.1788502650e-07   -2.2214476655e-06    1.1854744491e-04    1.8254498764e-02    5.1766045306e-02    2.1938815963e-01    0.0000000000e+00    9.9999999993e-01    0.0000000000e+00    6.9676776976e-06    2.3177641015e-07    3.0897776443e-02    2.1384147190e-01    4.3417290888e-04    0.0000000000e+00
  93.0100000    1.0618651465e-05    2.1748745113e-07   -2.2197486775e-06    1.1852344965e-04    1.8263927183e-02    5.1816006305e-02    2.1947627146e-01    0.0000000000e+00    9.9999999993e-01    0.0000000000e+00    6.9856323515e-06    2.3166083609e-07    3.0969389661e-02    2.1409530456e-01    4.3460968195e-04    0.0000000000e+00
  93.5100000    1.0634947343e-05    2.1702991448e-07   -2.2148619285e-06    1.1849289530e-04    1.8283254847e-02    5.1881945174e-02    2.1855214654e-01    0.0000000000e+00    9.9999999993e-01    0.0000000000e+00    7.0035986204e-06    2.3193924103e-07    3.1040951820e-02    2.1383966082e-01    4.3502787721e-04    0.0000000000e+00
  94.0100000    1.0651706287e-05    2.1683295644e-07   -2.2107928806e-06    1.1845818271e-04    1.8307975512e-02    5.1949999679e-02    2.1834544864e-01    0.0000000000e+00    9.9999999993e-01    0.0000000000e+00    7.0217488926e-06    2.3209304928e-07    3.1113229890e-02    2.1395739616e-01    4.3543094637e-04    0.0000000000e+00
  94.5100000    1.0666418817e-05    2.1694679030e-07   -2.2152533109e-06    1.1842384345e-04    1.8332236801e-02    5.2008031408e-02    2.1898836971e-01    0.0000000000e+00    9.9999999993e-01    0.0000000000e+00    7.0399866251e-06    2.3193745417e-07    3.1185835541e-02    2.1440426805e-01    4.3582774221e-04    0.0000000000e+00
  95.0100000    1.0678044961e-05    2.1690403586e-07   -2.2314388830e-06    1.1839415632e-04    1.8351013355e-02    5.2051077907e-02    2.1926366095e-01    0.0000000000e+00    9.9999999993e-01    0.0000000000e+00    7.0580358416e-06    2.3191302507e-07    3.1257598641e-02    2.1466962091e-01    4.3623501739e-04    0.0000000000e+00
  95.5100000    1.0687052516e-05    2.1699690326e-07   -2.2515532399e-06    1.1837091013e-04    1.8363499780e-02    5.2081476007e-02    2.1953372099e-01    0.0000000000e+00    9.9999999993e-01    0.0000000000e+00    7.0757655506e-06    2.3198564799e-07    3.1327971514e-02    2.1484330202e-01    4.3665982495e-04    0.0000000000e+00
  96.0100000    1.0694596300e-05    2.1688836291e-07   -2.2606900929e-06    1.1835242047e-04    1.8372982922e-02    5.2104828872e-02    2.1979670599e-01    0.0000000000e+00    9.9999999993e-01    0.0000000000e+00    7.0932853585e-06    2.3194811603e-07    3.1397429449e-02    2.1508828076e-01    4.3710334560e-04    0.0000000000e+00
  96.5100000    1.0701732419e-05    2.1674152843e-07   -2.2507331299e-06    1.1833438229e-04    1.8380867217e-02    5.2126189747e-02    2.1966792861e-01    0.0000000000e+00    9.9999999993e-01    0.0000000000e+00    7.1108444776e-06    2.3184828087e-07    3.1467025347e-02    2.1494194469e-01    4.3755138682e-04    0.0000000000e+00
  97.0100000    1.0709207776e-05    2.1666591042e-07   -2.2293505337e-06    1.1831227507e-04    1.8388841842e-02    5.2149086025e-02    2.1893243284e-01    0.0000000000e+00    9.9999999993e-01    0.0000000000e+00    7.1286000982e-06    2.3197006146e-07    3.1537392423e-02    2.1436494048e-01    4.3798074629e-04    0.0000000000e+00
  97.5100000    1.0717460075e-05    2.1642329547e-07   -2.2133791760e-06    1.1828407605e-04    1.8398019907e-02    5.2175581718e-02    2.1895250597e-01    0.0000000000e+00    9.9999999993e-01    0.0000000000e+00    7.1466035882e-06    2.3219366814e-07    3.1608720381e-02    2.1472815943e-01    4.3838109516e-04    0.0000000000e+00
  98.0100000    1.0726464349e-05    2.1642134537e-07   -2.2129368521e-06    1.1825157057e-04    1.8408429964e-02    5.2205571125e-02    2.1917593127e-01    0.0000000000e+00    9.9999999993e-01    0.0000000000e+00    7.1647283042e-06    2.3224751887e-07    3.1680459672e-02    2.1496175842e-01    4.3876095707e-04    0.0000000000e+00
  98.5100000    1.0735847948e-05    2.1634713235e-07   -2.2241223228e-06    1.1821923674e-04    1.8420205293e-02    5.2237328148e-02    2.1888518589e-01    0.0000000000e+00    9.9999999993e-01    0.0000000000e+00    7.1827541236e-06    2.3227124647e-07    3.1751689170e-02    2.1476102137e-01    4.3914038729e-04    0.0000000000e+00
  99.0100000    1.0745188354e-05    2.1625480149e-07   -2.2355532268e-06    1.1819135317e-04    1.8432141105e-02    5.2268901399e-02    2.1968902499e-01    0.0000000000e+00    9.9999999993e-01    0.0000000000e+00    7.2005964317e-06    2.3235526978e-07    3.1822096373e-02    2.1570314256e-01    4.3953618362e-04    0.0000000000e+00
  99.5100000    1.0754222666e-05    2.1639006478e-07   -2.2393319448e-06    1.1816933377e-04    1.8443511460e-02    5.2299072715e-02    2.2021231321e-01    0.0000000000e+00    9.9999999993e-01    0.0000000000e+00    7.2182767793e-06    2.3249554394e-07    3.1891811828e-02    2.1621448282e-01    4.3995103228e-04    0.0000000000e+00
 100.0100000    1.0762961165e-05    2.1633198943e-07   -2.2354617489e-06    1.1815107170e-04    1.8454667456e-02    5.2327878635e-02    2.1943701474e-01    0.0000000000e+00    9.9999999993e-01    0.0000000000e+00    7.2358834890e-06    2.3258261093e-07    3.1961217285e-02    2.1553205541e-01    4.4037523599e-04    0.0000000000e+00
 100.5100000    1.0771568407e-05    2.1636503454e-07   -2.2286486305e-06    1.1813249611e-04    1.8465532418e-02    5.2356049301e-02    2.1940250671e-01    0.0000000000e+00    9.9999999993e-01    0.0000000000e+00    7.2534957933e-06    2.3254249952e-07    3.2030620733e-02    2.1541472435e-01    4.4079361831e-04    0.0000000000e+00
 101.0100000    1.0780255116e-05    2.1653040095e-07   -2.2240576703e-06    1.1811006745e-04    1.8475837483e-02    5.2384531072e-02    2.1979987953e-01    0.0000000000e+00    9.9999999993e-01    0.0000000000e+00    7.2711058288e-06    2.3262767465e-07    3.2099941315e-02    2.1573332324e-01    4.4119689378e-04    0.0000000000e+00
 101.5100000    1.0789237609e-05    2.1644518558e-07   -2.2247654139e-06    1.1808264161e-04    1.8485875669e-02    5.2414336921e-02    2.1977879994e-01    0.0000000000e+00    9.9999999993e-01    0.0000000000e+00    7.2887626218e-06    2.3281668802e-07    3.2169373702e-02    2.1591259554e-01    4.4158555918e-04    0.0000000000e+00
 102.0100000    1.0798504762e-05    2.1644238978e-07   -2.2301335051e-06    1.1805183173e-04    1.8495892777e-02    5.2445435900e-02    2.1950500566e-01    0.0000000000e+00    9.9999999993e-01    0.0000000000e+00    7.3064883916e-06    2.3286912110e-07    3.2239030240e-02    2.1566476956e-01    4.4196604693e-04    0.0000000000e+00
 102.5100000    1.0807839578e-05    2.1645805393e-07   -2.2374429030e-06    1.1802091005e-04    1.8505378051e-02    5.2476839708e-02    2.1949162062e-01    0.0000000000e+00    9.9999999993e-01    0.0000000000e+00    7.3241937016e-06    2.3287026598e-07    3.2308555563e-02    2.1564292157e-01    4.4234358166e-04    0.0000000000e+00
 103.0100000    1.0817077690e-05    2.1651471212e-07   -2.2429871772e-06    1.1799295298e-04    1.8514399549e-02    5.2507814640e-02    2.1962936745e-01    0.0000000000e+00    9.9999999993e-01    0.0000000000e+00    7.3418088230e-06    2.3299612364e-07    3.2377680999e-02    2.1585100953e-01    4.4272201811e-04    0.0000000000e+00
 103.5100000    1.0826259746e-05    2.1644878364e-07   -2.2440575584e-06    1.1796922483e-04    1.8523014195e-02    5.2538584505e-02    2.1919064135e-01    0.0000000000e+00    9.9999999993e-01    0.0000000000e+00    7.3593665748e-06    2.3320452442e-07    3.2446568117e-02    2.1562382791e-01    4.4310857187e-04    0.0000000000e+00
 104.0100000    1.0835484244e-05    2.1634989074e-07   -2.2404878888e-06    1.1794863705e-04    1.8531377595e-02    5.2569609179e-02    2.1947946194e-01    0.0000000000e+00    9.9999999993e-01    0.0000000000e+00    7.3769390692e-06    2.3317658533e-07    3.2515524430e-02    2.1593133636e-01    4.4350649422e-04    0.0000000000e+00
 104.5100000    1.0844779120e-05    2.1653636585e-07   -2.2347180880e-06    1.1792851674e-04    1.8539989214e-02    5.2600979512e-02    2.1999916018e-01    0.0000000000e+00    9.9999999993e-01    0.0000000000e+00    7.3944354322e-06    2.3311034261e-07    3.2584122696e-02    2.1623549070e-01    4.4391075677e-04    0.0000000000e+00
 105.0100000    1.0854232875e-05    2.1649401347e-07   -2.2305167675e-06    1.1790617117e-04    1.8548984378e-02    5.2633079000e-02    2.1949909428e-01    0.0000000000e+00    9.9999999993e-01    0.0000000000e+00    7.4118375998e-06    2.3337606417e-07    3.2652256306e-02    2.1598979147e-01    4.4430752664e-04    0.0000000000e+00
 105.5100000    1.0863886236e-05    2.1649198506e-07   -2.2310950880e-06    1.1788031212e-04    1.8558736753e-02    5.2666080280e-02    2.1917561263e-01    0.0000000000e+00    9.9999999993e-01    0.0000000000e+00    7.4292676336e-06    2.3355640031e-07    3.2720447850e-02    2.1579609925e-01    4.4468588452e-04    0.0000000000e+00
 106.0100000    1.0873651691e-05    2.1660182200e-07   -2.2371320842e-06    1.1785157335e-04    1.8569073011e-02    5.2699561320e-02    2.1884046247e-01    0.0000000000e+00    9.9999999993e-01    0.0000000000e+00    7.4467005250e-06    2.3352391655e-07    3.2788588177e-02    2.1536150830e-01    4.4504925750e-04    0.0000000000e+00
 106.5100000    1.0883507146e-05    2.1655735788e-07   -2.2456701292e-06    1.1782196786e-04    1.8579230946e-02    5.2733433862e-02    2.1881599633e-01    0.0000000000e+00    9.9999999993e-01    0.0000000000e+00    7.4640753645e-06    2.3361075964e-07    3.2856421163e-02    2.1547416128e-01    4.4541054585e-04    0.0000000000e+00
 107.0100000    1.0893600720e-05    2.1650286207e-07   -2.2514593072e-06    1.1779374239e-04    1.8588802220e-02    5.2768438253e-02    2.1927674062e-01    0.0000000000e+00    9.9999999993e-01    0.0000000000e+00    7.4814284647e-06    2.3376700362e-07    3.2924122346e-02    2.1608448417e-01    4.4578051129e-04    0.0000000000e+00
 107.5100000    1.0904049579e-05    2.1652183582e-07   -2.2508163802e-06    1.1776830840e-04    1.8598106961e-02    5.2805163844e-02    2.1915981804e-01    0.0000000000e+00    9.9999999993e-01    0.0000000000e+00    7.4987972394e-06    2.3376935442e-07    3.2991871551e-02    2.1590411306e-01    4.4615711212e-04    0.0000000000e+00
 108.0100000    1.0914797733e-05    2.1658624005e-07   -2.2448220525e-06    1.1774571746e-04    1.8607427572e-02    5.2843357291e-02    2.1851244332e-01    0.0000000000e+00    9.9999999993e-01    0.0000000000e+00    7.5161351001e-06    2.3378204493e-07    3.3059475608e-02    2.1519037210e-01    4.4653353597e-04    0.0000000000e+00
 108.5100000    1.0925742427e-05    2.1656927242e-07   -2.2384047169e-06    1.1772476506e-04    1.8617052578e-02    5.2882524378e-02    2.1838668084e-01    0.0000000000e+00    9.9999999993e-01    0.0000000000e+00    7.5334450116e-06    2.3396452163e-07    3.3126949589e-02    2.1521429662e-01    4.4690855005e-04    0.0000000000e+00
 109.0100000    1.0936789241e-05    2.1657429122e-07   -2.2361150997e-06    1.1770353386e-04    1.8627758830e-02    5.2922185282e-02    2.1873332224e-01    0.0000000000e+00    9.9999999993e-01    0.0000000000e+00    7.5507822364e-06    2.3411919908e-07    3.3194521654e-02    2.1568166400e-01    4.4728470681e-04    0.0000000000e+00
 109.5100000    1.0947838968e-05    2.1662358645e-07   -2.2391896522e-06    1.1768014442e-04    1.8639294038e-02    5.2961812917e-02    2.1828810083e-01    0.0000000000e+00    9.9999999993e-01    0.0000000000e+00    7.5681331341e-06    2.3417122158e-07    3.3262101631e-02    2.1527055704e-01    4.4766194636e-04    0.0000000000e+00
 110.0100000    1.0958883687e-05    2.1663458807e-07   -2.2453828287e-06    1.1765356806e-04    1.8650725207e-02    5.3001320168e-02    2.1749522593e-01    0.0000000000e+00    9.9999999993e-01    0.0000000000e+00    7.5854389274e-06    2.3428668177e-07    3.3329400642e-02    2.1460090564e-01    4.4803121126e-04    0.0000000000e+00
 110.5100000    1.0970067601e-05    2.1657321985e-07   -2.2519981803e-06    1.1762432426e-04    1.8662080571e-02    5.3041385988e-02    2.1787340821e-01    0.0000000000e+00    9.9999999993e-01    0.0000000000e+00    7.6027102078e-06    2.3441788515e-07    3.3396454853e-02    2.1512641969e-01    4.4838406136e-04    0.0000000000e+00
 111.0100000    1.0981508918e-05    2.1665551461e-07   -2.2567075231e-06    1.1759463180e-04    1.8673309279e-02    5.3082615297e-02    2.1847521197e-01    0.0000000000e+00    9.9999999993e-01    0.0000000000e+00    7.6199495282e-06    2.3440003065e-07    3.3463297910e-02    2.1560575871e-01    4.4872450532e-04    0.0000000000e+00
 111.5100000    1.0993211780e-05    2.1672807457e-07   -2.2572084600e-06    1.1756749266e-04    1.8683866196e-02    5.3125097669e-02    2.1830010207e-01    0.0000000000e+00    9.9999999993e-01    0.0000000000e+00    7.6371161193e-06    2.3442007304e-07    3.3529795669e-02    2.1534514772e-01    4.4906926574e-04    0.0000000000e+00
 112.0100000    1.1005111259e-05    2.1668721102e-07   -2.2533018027e-06    1.1754481168e-04    1.8694323634e-02    5.3168579860e-02    2.1856702215e-01    0.0000000000e+00    9.9999999993e-01    0.0000000000e+00    7.6542565864e-06    2.3457040652e-07    3.3596191108e-02    2.1572766844e-01    4.4942973641e-04    0.0000000000e+00
 112.5100000    1.1017077501e-05    2.1671623031e-07   -2.2475627710e-06    1.1752576144e-04    1.8705435878e-02    5.3212444289e-02    2.1912429692e-01    0.0000000000e+00    9.9999999993e-01    0.0000000000e+00    7.6714279126e-06    2.3467038154e-07    3.3662739711e-02    2.1634993635e-01    4.4980498184e-04    0.0000000000e+00
 113.0100000    1.1028980392e-05    2.1676550010e-07   -2.2460361561e-06    1.1750695121e-04    1.8717348391e-02    5.3256013975e-02    2.1929423209e-01    0.0000000000e+00    9.9999999993e-01    0.0000000000e+00    7.6886150680e-06    2.3474312709e-07    3.3729343849e-02    2.1657183933e-01    4.5018364465e-04    0.0000000000e+00
 113.5100000    1.1040849708e-05    2.1679011000e-07   -2.2512768843e-06    1.1748467954e-04    1.8729477128e-02    5.3299358221e-02    2.1842883597e-01    0.0000000000e+00    9.9999999993e-01    0.0000000000e+00    7.7057879857e-06    2.3490175656e-07    3.3795824664e-02    2.1585505618e-01    4.5055026520e-04    0.0000000000e+00
 114.0100000    1.1052884280e-05    2.1671232136e-07   -2.2579686218e-06    1.1745759692e-04    1.8741528669e-02    5.3343388402e-02    2.1738388669e-01    0.0000000000e+00    9.9999999993e-01    0.0000000000e+00    7.7229539147e-06    2.3501178265e-07    3.3862184867e-02    2.1498191147e-01    4.5089822447e-04    0.0000000000e+00
 114.5100000    1.1065202670e-05    2.1678589585e-07   -2.2563698188e-06    1.1742755787e-04    1.8753412576e-02    5.3388690058e-02    2.1776473793e-01    0.0000000000e+00    9.9999999993e-01    0.0000000000e+00    7.7400929449e-06    2.3495946224e-07    3.3928347169e-02    2.1522742292e-01    4.5123058424e-04    0.0000000000e+00
 115.0100000    1.1077775103e-05    2.1690542915e-07   -2.2453649592e-06    1.1739805826e-04    1.8764669653e-02    5.3435184389e-02    2.1841516818e-01    0.0000000000e+00    9.9999999993e-01    0.0000000000e+00    7.7571438177e-06    2.3500135239e-07    3.3994085143e-02    2.1576379381e-01    4.5155875685e-04    0.0000000000e+00
 115.5100000    1.1090499225e-05    2.1687845151e-07   -2.2359998018e-06    1.1737177565e-04    1.8775718019e-02    5.3482447274e-02    2.1845526217e-01    0.0000000000e+00    9.9999999993e-01    0.0000000000e+00    7.7741583138e-06    2.3515724156e-07    3.4059669743e-02    2.1591131836e-01    4.5189777166e-04    0.0000000000e+00
 116.0100000    1.1103226859e-05    2.1691493414e-07   -2.2394006791e-06    1.1734917196e-04    1.8787421154e-02    5.3529794266e-02    2.1822243096e-01    0.0000000000e+00    9.9999999993e-01    0.0000000000e+00    7.7911948160e-06    2.3522192413e-07    3.4125374839e-02    2.1571142545e-01    4.5225539091e-04    0.0000000000e+00
 116.5100000    1.1115866574e-05    2.1693691415e-07   -2.2556099546e-06    1.1732874005e-04    1.8799941512e-02    5.3576762891e-02    2.1891267269e-01    0.0000000000e+00    9.9999999993e-01    0.0000000000e+00    7.8082499609e-06    2.3528460551e-07    3.4191171113e-02    2.1645015872e-01    4.5262287232e-04    0.0000000000e+00
 117.0100000    1.1128471521e-05    2.1699364342e-07   -2.2724721718e-06    1.1730810976e-04    1.8812608955e-02    5.3623555690e-02    2.1890358922e-01    0.0000000000e+00    9.9999999993e-01    0.0000000000e+00    7.8253028162e-06    2.3541890483e-07    3.4256933095e-02    2.1651833411e-01    4.5298146309e-04    0.0000000000e+00
 117.5100000    1.1141194044e-05    2.1692708053e-07   -2.2783565904e-06    1.1728516905e-04    1.8825313338e-02    5.3670851125e-02    2.1761932054e-01    0.0000000000e+00    9.9999999993e-01    0.0000000000e+00    7.8423458608e-06    2.3552018223e-07    3.4322593724e-02    2.1538371534e-01    4.5332156374e-04    0.0000000000e+00
 118.0100000    1.1154045115e-05    2.1693865934e-07   -2.2721589900e-06    1.1725896222e-04    1.8838202512e-02    5.3718669297e-02    2.1799877474e-01    0.0000000000e+00    9.9999999993e-01    0.0000000000e+00    7.8593593199e-06    2.3548137468e-07    3.4388045942e-02    2.1570366838e-01    4.5365131451e-04    0.0000000000e+00
 118.5100000    1.1166921212e-05    2.1707788562e-07   -2.2617315447e-06    1.1723023001e-04    1.8850246286e-02    5.3766511806e-02    2.1835232521e-01    0.0000000000e+00    9.9999999993e-01    0.0000000000e+00    7.8762735306e-06    2.3551399767e-07    3.4452984790e-02    2.1595047119e-01    4.5398302794e-04    0.0000000000e+00
 119.0100000    1.1179776700e-05    2.1706668735e-07   -2.2550845006e-06    1.1720117130e-04    1.8861922919e-02    5.3814189420e-02    2.1753428572e-01    0.0000000000e+00    9.9999999993e-01    0.0000000000e+00    7.8931402169e-06    2.3566625320e-07    3.4517655621e-02    2.1524623046e-01    4.5431739210e-04    0.0000000000e+00
 119.5100000    1.1192560817e-05    2.1710602884e-07   -2.2559489056e-06    1.1717426279e-04    1.8873673889e-02    5.3861505265e-02    2.1720595076e-01    0.0000000000e+00    9.9999999993e-01    0.0000000000e+00    7.9100441900e-06    2.3571933613e-07    3.4582458872e-02    2.1492471625e-01    4.5464819889e-04    0.0000000000e+00
