# time  chi_mean_R8  chi_min_R8  chi_max_R8  lapse_mean_R8  lapse_min_R8  lapse_max_R8  K_mean_R8  K_min_R8  K_max_R8  chi_mean_R16  chi_min_R16  chi_max_R16  lapse_mean_R16  lapse_min_R16  lapse_max_R16  K_mean_R16  K_min_R16  K_max_R16
0.0000000000000000e+00  9.9685012108377546e-01  9.9280687488143948e-01  9.9797994543416113e-01  9.9825271151355466e-01  9.9614252126422476e-01  9.9881385345710971e-01  0.0000000000000000e+00  0.0000000000000000e+00  0.0000000000000000e+00  9.9858534549233036e-01  9.9791809678813759e-01  9.9894322330827923e-01  9.9910976902571669e-01  9.9878001934684246e-01  9.9928780212336266e-01  0.0000000000000000e+00  0.0000000000000000e+00  0.0000000000000000e+00
8.0000000000000004e-01  9.9685018083822563e-01  9.9280267450764015e-01  9.9797996090942442e-01  9.9825259836884750e-01  9.9615073503145579e-01  9.9881383547576952e-01  3.6829795489546166e-07  -3.1568876438528645e-05  2.1200212607312656e-05  9.9858534608615201e-01  9.9791812032761296e-01  9.9894322461806118e-01  9.9910976837511600e-01  9.9877999584255972e-01  9.9928780065462242e-01  1.8211545232195120e-09  -2.9516007321440818e-08  7.3237056580936793e-08
1.6000000000000001e+00  9.9685074416478481e-01  9.9279710410152877e-01  9.9797999385267755e-01  9.9825100026104274e-01  9.9617068905700557e-01  9.9881377457944520e-01  1.2017919936360512e-06  -5.2811359356230831e-06  1.6080995550887431e-05  9.9858534736904603e-01  9.9791817528576798e-01  9.9894322749202236e-01  9.9910976596006051e-01  9.9877989683177659e-01  9.9928779536948165e-01  3.0357062996492118e-09  -4.8557217289639034e-08  1.3220104083760740e-07
2.3999999999999901e+00  9.9685177671876291e-01  9.9280406325429071e-01  9.9798003056752471e-01  9.9824802179590455e-01  9.9616467154748767e-01  9.9881368316288266e-01  2.3487675359420145e-06  -2.7585911097739268e-06  1.0933539478138897e-05  9.9858534917246455e-01  9.9791822385340911e-01  9.9894323165580678e-01  9.9910976180631561e-01  9.9877977927378214e-01  9.9928778614006597e-01  3.7533938443802784e-09  -6.6203142252130249e-08  1.8549957078585543e-07
3.1999999999999802e+00  9.9685270183551156e-01  9.9280557308533024e-01  9.9798019794493120e-01  9.9824459154773204e-01  9.9616239592141864e-01  9.9881335589524245e-01  1.5884993162521390e-06  -2.2983725244002952e-06  9.7105325034965302e-06  9.9858535316596497e-01  9.9791840088419514e-01  9.9894323730383427e-01  9.9910975328507690e-01  9.9877933091205195e-01  9.9928777267947499e-01  8.8713969486672007e-09  -3.2061323535850812e-07  3.3619477506246731e-07
3.9999999999999600e+00  9.9685314846998041e-01  9.9280763021591911e-01  9.9797978727863101e-01  9.9824208014286109e-01  9.9615470613170531e-01  9.9881401577464524e-01  1.4181675871874718e-06  -2.0677791908930112e-06  8.0163407824725103e-06  9.9858534880530470e-01  9.9791823051498263e-01  9.9894324416261937e-01  9.9910975731888541e-01  9.9877981669148352e-01  9.9928775535317316e-01  -9.1246699861239506e-09  -1.0652157500543238e-06  1.8657698929370787e-06
4.7999999999999403e+00  9.9685340803333222e-01  9.9280522974551622e-01  9.9798248443418691e-01  9.9824011882086994e-01  9.9615417268695505e-01  9.9880930263019363e-01  8.4228958236013625e-07  -5.9334464409284173e-06  6.2931172612209686e-06  9.9858540406443663e-01  9.9792223748140252e-01  9.9894325244465199e-01  9.9910966379777766e-01  9.9877197127711270e-01  9.9928773381657876e-01  1.9004240175040285e-07  -1.0379415012015559e-06  6.2932689501519897e-06
5.5999999999999304e+00  9.9685345233990985e-01  9.9280162258423121e-01  9.9798491244783871e-01  9.9823889401283239e-01  9.9616127822083744e-01  9.9880245428046932e-01  6.6923664670876904e-07  -5.2306058673694171e-06  5.0288575111048593e-06  9.9858570073152553e-01  9.9792290139667750e-01  9.9894326210546380e-01  9.9910905666625527e-01  9.9876797933847805e-01  9.9928770827789148e-01  5.2227054156733169e-07  -9.4594542356629599e-07  6.6918798624881979e-06
6.3999999999999098e+00  9.9685386588599911e-01  9.9281444166082655e-01  9.9798332106122534e-01  9.9823726753744435e-01  9.9613746542053494e-01  9.9880371770399312e-01  1.2607223195216569e-06  -3.7529110745753203e-06  1.7525108914760111e-05  9.9858599748029486e-01  9.9792140019934739e-01  9.9894327265014116e-01  9.9910826966112021e-01  9.9876962855616291e-01  9.9928767974008903e-01  4.5828448576345892e-07  -1.3827947715836113e-06  5.9488192628051077e-06
7.1999999999998900e+00  9.9685469697931484e-01  9.9281723885623352e-01  9.9798298147730036e-01  9.9823470453603591e-01  9.9612215366560120e-01  9.9880425870959400e-01  1.6552838354641336e-06  -4.1213099067642507e-06  1.7035837355129512e-05  9.9858636824125169e-01  9.9792121635967712e-01  9.9894328628424212e-01  9.9910730449403640e-01  9.9876990232528629e-01  9.9928764166746664e-01  8.4494579295117082e-07  -1.1805734678687602e-06  5.2449770813530450e-06
7.9999999999998703e+00  9.9685525620618742e-01  9.9281375282263851e-01  9.9798304089793455e-01  9.9823233243048959e-01  9.9612330418989015e-01  9.9880406012131151e-01  1.1202904026685339e-06  -3.8957327700563149e-06  1.2807565377632597e-05  9.9858704884356975e-01  9.9792122271794714e-01  9.9894329645920743e-01  9.9910561151836608e-01  9.9876982854083396e-01  9.9928762027677687e-01  1.1441068400545532e-06  -1.1598141420801113e-06  4.9178563322006972e-06
8.7999999999998604e+00  9.9685559837914250e-01  9.9281287363207993e-01  9.9798381211008402e-01  9.9823043808718470e-01  9.9612380214295759e-01  9.9880255894416303e-01  1.2731445276940946e-06  -3.3473766102609831e-06  9.9409267105455914e-06  9.9858752186908495e-01  9.9792240654756714e-01  9.9894335016032432e-01  9.9910408547326002e-01  9.9876767361010987e-01  9.9928747432999288e-01  7.5855183084439962e-07  -1.1122864066005694e-06  4.7981205485501422e-06
9.5999999999998398e+00  9.9685648917758252e-01  9.9281208166317525e-01  9.9798540473277064e-01  9.9822759563841856e-01  9.9612396577946472e-01  9.9879869510795272e-01  2.1492401456243742e-06  -2.4759784080248643e-06  9.2768428063407244e-06  9.9858785437023667e-01  9.9792421269115139e-01  9.9894311888795861e-01  9.9910291107646376e-01  9.9876291574032483e-01  9.9928794054750114e-01  7.2884874183330170e-07  -1.4116488283068712e-06  4.3515523451354078e-06
1.0399999999999800e+01  9.9685753132987731e-01  9.9281080997047411e-01  9.9798489994845052e-01  9.9822409269814050e-01  9.9612467925902681e-01  9.9879817538015325e-01  1.7916762147725707e-06  -2.6611657941155843e-06  8.4968603101937962e-06  9.9858803153032860e-01  9.9792186962124463e-01  9.9894430678327906e-01  9.9910207710414900e-01  9.9876594499863269e-01  9.9928582146022271e-01  2.1458861659610942e-07  -3.5201971947188908e-06  3.4751081407796052e-06
1.1199999999999800e+01  9.9685794695895313e-01  9.9280957518043844e-01  9.9798346524856385e-01  9.9822168318678650e-01  9.9612553223169176e-01  9.9880089491696045e-01  1.1712572062527141e-06  -2.9472359223523915e-06  7.6477731941672236e-06  9.9858784585580751e-01  9.9792153127745975e-01  9.9894483662771183e-01  9.9910212930050535e-01  9.9876783420546467e-01  9.9928385599590785e-01  -1.2276461563483916e-07  -2.0197372826136422e-06  2.8903556610969335e-06
1.1999999999999799e+01  9.9685801171676669e-01  9.9280883250781959e-01  9.9798586431480063e-01  9.9822019997385325e-01  9.9612623673770717e-01  9.9879696363336368e-01  4.3377687526255428e-07  -2.7999355799718802e-06  5.9291438861207453e-06  9.9858789477536258e-01  9.9792701754919122e-01  9.9894291047494577e-01  9.9910200696504481e-01  9.9875732538648498e-01  9.9928713083209708e-01  3.0198380366974375e-07  -2.7967254912287324e-06  8.4505639728892400e-06
1.2799999999999800e+01  9.9685763394029048e-01  9.9280884208257392e-01  9.9798869842454829e-01  9.9821993485567351e-01  9.9612599085562059e-01  9.9878974823222999e-01  -1.6046581729477003e-07  -2.2949640742410461e-06  2.8625604368981531e-06  9.9858811083211441e-01  9.9792991600812275e-01  9.9894164120302276e-01  9.9910147184254894e-01  9.9874789598692382e-01  9.9929059886426852e-01  2.4233910761498856e-07  -3.6531043961318742e-06  8.5889699993351298e-06
1.3599999999999801e+01  9.9685722255224207e-01  9.9280888777677345e-01  9.9798813310195411e-01  9.9822015585089696e-01  9.9612493469986307e-01  9.9878851382463507e-01  -2.3988456011446356e-07  -2.2672439395634661e-06  9.3535569472190276e-07  9.9858798358535217e-01  9.9792775121166566e-01  9.9894095836444541e-01  9.9910150709304468e-01  9.9874903512822166e-01  9.9929302756348781e-01  -3.0350201919079073e-07  -3.6899688426111305e-06  6.1883261449768734e-06
1.4399999999999700e+01  9.9685691584781511e-01  9.9280823197672396e-01  9.9798741037063710e-01  9.9822035164015921e-01  9.9612403060926624e-01  9.9878929923630233e-01  -1.7171169822050731e-07  -2.7049678584152575e-06  8.0232711574984674e-07  9.9858761731890122e-01  9.9792563421158187e-01  9.9894060255091210e-01  9.9910220645835390e-01  9.9875312575437991e-01  9.9929467237947966e-01  -4.5200900636903243e-07  -4.1870746347357906e-06  6.3300530262980186e-06
1.5199999999999701e+01  9.9685668025831387e-01  9.9280695138696096e-01  9.9798747933044651e-01  9.9822040942879375e-01  9.9612389555113834e-01  9.9878910379065033e-01  -1.1789326952484675e-07  -3.7323441213198584e-06  8.5159377155201517e-07  9.9858737900316985e-01  9.9792435927069689e-01  9.9894083852570048e-01  9.9910284196271149e-01  9.9875661646224911e-01  9.9929474611450841e-01  -4.2698619014477798e-07  -4.6929443659912017e-06  4.5306982963402398e-06
1.5999999999999700e+01  9.9685630636869960e-01  9.9280518041322674e-01  9.9798719200572339e-01  9.9822066350155236e-01  9.9612546251444722e-01  9.9878941410045519e-01  -4.7507151914116385e-07  -4.7969468631320186e-06  7.9155978069910656e-07  9.9858687281921266e-01  9.9792300584135629e-01  9.9893981437835322e-01  9.9910398145012547e-01  9.9876030112032055e-01  9.9929675527209760e-01  -1.0683588078659980e-06  -5.1535434399150052e-06  5.1332407590974956e-06
1.6799999999999802e+01  9.9685561928907518e-01  9.9280468718478687e-01  9.9798600218283084e-01  9.9822162072664078e-01  9.9612586566417416e-01  9.9879168413602115e-01  -8.4220757024529227e-07  -3.2021832427909691e-06  6.5196323660226892e-07  9.9858594198447581e-01  9.9792161468439355e-01  9.9893808331720213e-01  9.9910615729412289e-01  9.9876414119880463e-01  9.9930097339621016e-01  -1.6022923349791057e-06  -5.4271479079030459e-06  3.4532979744283650e-06
1.7600000000000001e+01  9.9685498675641970e-01  9.9280641277313963e-01  9.9798456631513532e-01  9.9822271451089939e-01  9.9612123700028343e-01  9.9879509279803969e-01  -7.0705334717500340e-07  -2.5404700255227935e-06  2.6231138157791599e-06  9.9858474393293117e-01  9.9792041354193939e-01  9.9893851287080804e-01  9.9910915694070757e-01  9.9876765991323535e-01  9.9930162729558525e-01  -2.1971523039163692e-06  -6.4933632869269890e-06  2.6324870853189463e-06
1.8400000000000102e+01  9.9685440695028094e-01  9.9280667166971737e-01  9.9798370065111019e-01  9.9822372921297964e-01  9.9611703134233887e-01  9.9879790763513954e-01  -9.0418119503869843e-07  -4.5566636284794847e-06  3.3755594807920092e-06  9.9858318470516316e-01  9.9791944525424192e-01  9.9893971144338412e-01  9.9911317139157629e-01  9.9877059692911185e-01  9.9929947026122923e-01  -2.7805072949173018e-06  -6.5298822787152764e-06  1.1688705724848816e-06
1.9200000000000198e+01  9.9685342671212407e-01  9.9280399026468147e-01  9.9798302128133198e-01  9.9822551217545552e-01  9.9611845346318950e-01  9.9880040078419163e-01  -1.5985762526530428e-06  -6.5533259427206724e-06  4.7142871448395179e-06  9.9858143965742063e-01  9.9791849100247798e-01  9.9893882081997898e-01  9.9911790214990270e-01  9.9877331621869958e-01  9.9930106257249984e-01  -3.1027960209648312e-06  -6.5980125029046210e-06  1.1465604426855569e-06
2.0000000000000298e+01  9.9685198164836242e-01  9.9280130641340825e-01  9.9798173588895100e-01  9.9822844015762924e-01  9.9612205246224494e-01  9.9880403045985955e-01  -2.3122556873567010e-06  -7.0887924869937211e-06  3.4775110096717579e-06  9.9857962772499520e-01  9.9791763270141087e-01  9.9893660000200124e-01  9.9912301707186990e-01  9.9877578832492464e-01  9.9930599794376918e-01  -3.2830204867497586e-06  -6.3369971793016323e-06  1.1264872417078893e-06
2.0800000000000502e+01  9.9685012993533983e-01  9.9279910668102245e-01  9.9798039683393069e-01  9.9823252790211403e-01  9.9612555809048453e-01  9.9880955012871275e-01  -3.0944803072838509e-06  -8.2687538681587648e-06  2.7024177584277605e-06  9.9857775374186752e-01  9.9791640821117400e-01  9.9893547243005887e-01  9.9912840052583496e-01  9.9877869349799642e-01  9.9931285172730611e-01  -3.4585024483372881e-06  -6.3593525007815307e-06  1.2469181953580306e-06
2.1600000000000598e+01  9.9684783029584145e-01  9.9279536007179281e-01  9.9797929210529746e-01  9.9823791286194385e-01  9.9613276656608274e-01  9.9881667221607107e-01  -3.9040963140235852e-06  -1.1113120916712617e-05  2.6139038407755053e-06  9.9857577468835634e-01  9.9791359382787703e-01  9.9893477268787001e-01  9.9913409409894838e-01  9.9878500325432595e-01  9.9932004733075741e-01  -3.6596079156876388e-06  -6.2104320602799000e-06  1.4217850493475422e-06
2.2400000000000698e+01  9.9684520244778319e-01  9.9279083079934316e-01  9.9797793663475276e-01  9.9824440677050441e-01  9.9613985441495834e-01  9.9882467345093817e-01  -4.4841765568927332e-06  -1.0204733300631872e-05  6.9930871221692934e-07  9.9857371557767050e-01  9.9791036689492707e-01  9.9893315569667740e-01  9.9914005896580638e-01  9.9879277300932812e-01  9.9932611917536707e-01  -3.7822594951899390e-06  -6.8562464800831216e-06  5.0725419852921250e-07
2.3200000000000799e+01  9.9684232381365800e-01  9.9278869956015958e-01  9.9797537818571735e-01  9.9825176037849073e-01  9.9614432452894530e-01  9.9883409448272076e-01  -5.0762433132211252e-06  -1.0954720632076182e-05  -1.1613427948172646e-06  9.9857163720700670e-01  9.9790904077460096e-01  9.9893041793198201e-01  9.9914615550280428e-01  9.9879789877261071e-01  9.9933261874491541e-01  -3.8446812214480374e-06  -6.1994303033321816e-06  -1.6239903878827623e-06
2.4000000000000998e+01  9.9683899046169833e-01  9.9278509631182776e-01  9.9797046940678757e-01  9.9826029565557595e-01  9.9615170021513433e-01  9.9884225470193044e-01  -5.9809012613709454e-06  -1.3724866859380719e-05  -1.1357084357489040e-06  9.9856951500819591e-01  9.9790760963281877e-01  9.9892692687445706e-01  9.9915238688236752e-01  9.9880279488878909e-01  9.9934026731779857e-01  -3.9591039274199203e-06  -8.4206551183571156e-06  -7.0194578287133703e-07
2.4800000000001098e+01  9.9683510996194202e-01  9.9277846230638334e-01  9.9796556631202848e-01  9.9827032561640072e-01  9.9616528830868611e-01  9.9884924819823695e-01  -6.8779746233033852e-06  -1.5912630490542028e-05  -8.2457940372841090e-07  9.9856731605174376e-01  9.9790380804849810e-01  9.9892347589502206e-01  9.9915882200019923e-01  9.9881132070989798e-01  9.9934654984247751e-01  -4.0814790035776510e-06  -8.7907019861917274e-06  -1.6259362369474446e-07
2.5600000000001199e+01  9.9683091067344909e-01  9.9277189305794178e-01  9.9796245379910153e-01  9.9828150984525810e-01  9.9618148589731259e-01  9.9885776225932943e-01  -7.4404611606202652e-06  -1.6202128186746725e-05  -4.8515568953878338e-07  9.9856508092923968e-01  9.9789869413397458e-01  9.9892151813612995e-01  9.9916540012292776e-01  9.9882411891817868e-01  9.9935140796155242e-01  -4.1301447176540212e-06  -9.0257620746143364e-06  1.5175907180254476e-07
2.6400000000001299e+01  9.9682654782256086e-01  9.9276588155407897e-01  9.9795820725259832e-01  9.9829342774671626e-01  9.9619620734879744e-01  9.9886998980022601e-01  -7.8487566263940678e-06  -1.5136415839775168e-05  8.9945745692291150e-07  9.9856287345595496e-01  9.9789393496522238e-01  9.9892012406348485e-01  9.9917197848808270e-01  9.9883784131016695e-01  9.9935951942890411e-01  -4.0783858838415547e-06  -8.1276528333264910e-06  6.1430932938860744e-07
2.7200000000001499e+01  9.9682209771708763e-01  9.9276003289836579e-01  9.9795324787431250e-01  9.9830580489650078e-01  9.9621008939252520e-01  9.9888248759834453e-01  -7.9595890421486448e-06  -1.4940633091781869e-05  -4.3364070584178195e-07  9.9856074687523089e-01  9.9789033596610544e-01  9.9891781442876604e-01  9.9917840487522558e-01  9.9884955366812356e-01  9.9936648847194876e-01  -3.9547783782314119e-06  -6.9163266801069857e-06  1.2512668567306566e-06
2.8000000000001599e+01  9.9681786682357199e-01  9.9275436497912584e-01  9.9795034076217803e-01  9.9831792314111767e-01  9.9622374841071426e-01  9.9889235757743433e-01  -7.5927009528933803e-06  -1.5240395530256866e-05  -2.8411224275928925e-06  9.9855868492857192e-01  9.9788753566467414e-01  9.9891505846163042e-01  9.9918465590875827e-01  9.9885884497337063e-01  9.9937284330634002e-01  -3.8726000100288337e-06  -6.3725886325871438e-06  1.3354022123993258e-06
2.8800000000001699e+01  9.9681388888232614e-01  9.9274884167230082e-01  9.9794933933896102e-01  9.9832946054324334e-01  9.9623698400239757e-01  9.9889777480738806e-01  -7.3598870790485806e-06  -1.5026431642493244e-05  -2.5665563712141904e-06  9.9855665336441812e-01  9.9788523845413646e-01  9.9891262283524018e-01  9.9919079533519528e-01  9.9886644520904078e-01  9.9937841545390382e-01  -3.7900005193241214e-06  -6.4289691096203740e-06  1.3265333186033988e-06
2.9600000000001799e+01  9.9680992639601174e-01  9.9274363768866336e-01  9.9794714871770807e-01  9.9834081512960338e-01  9.9624950293746395e-01  9.9890363981571961e-01  -7.2919012252854502e-06  -1.4532412998380130e-05  -4.5798519195526523e-06  9.9855470948779979e-01  9.9788327288598755e-01  9.9891112765371048e-01  9.9919672613337507e-01  9.9887293449590520e-01  9.9938323877288071e-01  -3.6128184410069269e-06  -6.9504131568600047e-06  1.1678710393238679e-06
3.0400000000001999e+01  9.9680615691902363e-01  9.9273858753592115e-01  9.9794347408408912e-01  9.9835175121393072e-01  9.9626121212740248e-01  9.9891231728426144e-01  -6.7961817894036368e-06  -1.4006852614319400e-05  -5.5569188521417801e-06  9.9855288446678470e-01  9.9788162831813076e-01  9.9890956850610479e-01  9.9920235178297023e-01  9.9887850201834327e-01  9.9938773042647588e-01  -3.4246105653002091e-06  -7.2761096644308128e-06  1.1321888006923209e-06
3.1200000000002099e+01  9.9680289901749153e-01  9.9273407943564496e-01  9.9793998806303919e-01  9.9836153162949759e-01  9.9627127858675002e-01  9.9892156332758353e-01  -5.9283835016821741e-06  -1.2730372600855014e-05  -4.9249861037768626e-06  9.9855114274652723e-01  9.9788071276288282e-01  9.9890841194645774e-01  9.9920771281338450e-01  9.9888204964684790e-01  9.9939183965478995e-01  -3.2923635210286303e-06  -7.0130934673594528e-06  1.6233441438356661e-06
3.2000000000002203e+01  9.9680020269568581e-01  9.9273073157414660e-01  9.9793722301812027e-01  9.9836982622643844e-01  9.9627852105873438e-01  9.9892964797424844e-01  -4.9857085428870072e-06  -1.1119046206953184e-05  -3.7954347331297737e-06  9.9854940413667204e-01  9.9788037322882517e-01  9.9890732355761702e-01  9.9921297085487903e-01  9.9888372237571954e-01  9.9939580479344459e-01  -3.3064851355942059e-06  -6.4354349527341048e-06  5.0186262825018153e-07
3.2800000000002001e+01  9.9679803472620110e-01  9.9272832778116060e-01  9.9793517838893009e-01  9.9837659091836417e-01  9.9628321663749619e-01  9.9893636260020113e-01  -4.0534311428873345e-06  -1.0009838695889255e-05  -2.9072832778867396e-06  9.9854761487832433e-01  9.9787926786186076e-01  9.9890615166480878e-01  9.9921829714204313e-01  9.9888640263070771e-01  9.9939985735738002e-01  -3.3143453172143677e-06  -6.3085376865592217e-06  9.0016045544038576e-07
3.3600000000001899e+01  9.9679632191372525e-01  9.9272615481779336e-01  9.9793347644113672e-01  9.9838194265311475e-01  9.9628661952805730e-01  9.9894140681824928e-01  -3.2613219216710261e-06  -9.6667657093381952e-06  -2.1387560802594869e-06  9.9854595113225253e-01  9.9787725172958952e-01  9.9890609130429808e-01  9.9922340423187328e-01  9.9889123689005177e-01  9.9940137881845981e-01  -3.0244170579515167e-06  -5.6607934372209289e-06  1.8654646101188257e-06
3.4400000000001697e+01  9.9679497776215986e-01  9.9272379990380843e-01  9.9793202929708624e-01  9.9838609181160787e-01  9.9628949152442992e-01  9.9894527197177763e-01  -2.5331075327212707e-06  -9.4748785406069383e-06  -1.4329325998807091e-06  9.9854450570484954e-01  9.9787551650131934e-01  9.9890748369339610e-01  9.9922799697372955e-01  9.9889620203010132e-01  9.9939921317826297e-01  -2.7642831490844065e-06  -5.4867327692305362e-06  1.8440509779422418e-06
3.5200000000001602e+01  9.9679407007266363e-01  9.9272164320141398e-01  9.9793101508561255e-01  9.9838896023197199e-01  9.9629134237582184e-01  9.9894827752602677e-01  -1.6819976131536610e-06  -8.7369203071537037e-06  -5.1607918253724091e-07  9.9854305246824460e-01  9.9787428554091806e-01  9.9890742448156034e-01  9.9923243711347709e-01  9.9890007447291596e-01  9.9939828673483766e-01  -2.8125148185981348e-06  -4.9003700000450919e-06  -6.8148427688002963e-07
3.6000000000001400e+01  9.9679362293947615e-01  9.9272024184968255e-01  9.9793026203744639e-01  9.9839046102488482e-01  9.9629155393279989e-01  9.9895090070677572e-01  -9.0381754490461545e-07  -7.8558820672949427e-06  5.5639637462058997e-07  9.9854154212406632e-01  9.9787318309858175e-01  9.9890533123666703e-01  9.9923694702232202e-01  9.9890346917721129e-01  9.9940163200632515e-01  -2.7671582884724291e-06  -4.1238037155416838e-06  -9.1978615514931236e-07
3.6800000000001198e+01  9.9679346943674607e-01  9.9271947046890607e-01  9.9792940431520138e-01  9.9839090945780373e-01  9.9629041385857731e-01  9.9895311272992027e-01  -3.9760438715137680e-07  -7.3002974350396042e-06  1.1813437279508562e-06  9.9854020883682681e-01  9.9787214389301537e-01  9.9890319195399724e-01  9.9924112451002012e-01  9.9890662124685425e-01  9.9940697908412168e-01  -2.4122493126525302e-06  -4.0223296640605388e-06  -7.1613369685941017e-07
3.7600000000001103e+01  9.9679347717857447e-01  9.9271890186005307e-01  9.9792867903466920e-01  9.9839067842850260e-01  9.9628822069258827e-01  9.9895505761282077e-01  -5.4095472341003832e-08  -6.9031272591584162e-06  1.2871223271670956e-06  9.9853915278153116e-01  9.9787109735719959e-01  9.9890164239168466e-01  9.9924464595502682e-01  9.9890962757762736e-01  9.9941177434119655e-01  -1.9908525847519304e-06  -3.7454126496218643e-06  -2.7549152029330141e-07
3.8400000000000901e+01  9.9679363191359283e-01  9.9271817239016713e-01  9.9792823245285489e-01  9.9838991402688415e-01  9.9628554470410380e-01  9.9895599966032256e-01  2.4951688667215977e-07  -7.1270449101314394e-06  1.3916375767261002e-06  9.9853830951932843e-01  9.9787005043841026e-01  9.9890016998998188e-01  9.9924753975690206e-01  9.9891257236539088e-01  9.9941641799275971e-01  -1.6200732168747714e-06  -3.1861545426034078e-06  5.2714660978360997e-07
3.9200000000000799e+01  9.9679393938596761e-01  9.9271687427868793e-01  9.9792833289933136e-01  9.9838865265701227e-01  9.9628350864704951e-01  9.9895603435079749e-01  5.3737797729019685e-07  -7.8324297185339892e-06  1.6540375857705093e-06  9.9853766807770228e-01  9.9786915938739118e-01  9.9889875808138850e-01  9.9924982699183418e-01  9.9891523260035353e-01  9.9942073666831766e-01  -1.2209388617199696e-06  -3.4413882975769277e-06  4.4408529981851779e-07
4.0000000000000597e+01  9.9679438287184263e-01  9.9271557822159839e-01  9.9792880952097851e-01  9.9838693959136904e-01  9.9628174884194309e-01  9.9895546031536042e-01  7.6616606029475633e-07  -7.5752688108831549e-06  2.3146043021902817e-06  9.9853724990722448e-01  9.9786837167397568e-01  9.9889738949525864e-01  9.9925146180314040e-01  9.9891748983848483e-01  9.9942488998688439e-01  -8.2009400603326558e-07  -2.7227483763308442e-06  8.5018454560344308e-07
4.0800000000000502e+01  9.9679487100950548e-01  9.9271520213787978e-01  9.9792940390887208e-01  9.9838497281171223e-01  9.9627858345937159e-01  9.9895382401267419e-01  8.0220747817833055e-07  -6.7010892219276915e-06  1.9094720338407024e-06  9.9853701394429928e-01  9.9786798118761588e-01  9.9889639531962648e-01  9.9925251140850058e-01  9.9891897805096019e-01  9.9942852600145060e-01  -4.8993313361605403e-07  -2.2685121304626385e-06  9.4882131099632963e-07
4.1600000000000300e+01  9.9679527503934762e-01  9.9271505822547723e-01  9.9792946409601169e-01  9.9838308452895408e-01  9.9627446550973120e-01  9.9895233821020402e-01  6.6245630628975103e-07  -6.8733241816537098e-06  2.0637471735809784e-06  9.9853692880384504e-01  9.9786836229162090e-01  9.9889590132267037e-01  9.9925306182651741e-01  9.9891868888366131e-01  9.9943089491978432e-01  -1.8522430978469606e-07  -3.0611728352682010e-06  1.2105698795406944e-06
4.2400000000000098e+01  9.9679559122714001e-01  9.9271411836017998e-01  9.9792970200132081e-01  9.9838139503238565e-01  9.9627134301385012e-01  9.9895102874482222e-01  5.4503752234541900e-07  -7.9334151187292997e-06  1.8364548149921059e-06  9.9853698864172080e-01  9.9786899097963810e-01  9.9889537632482273e-01  9.9925314690596423e-01  9.9891724461065357e-01  9.9943266413603704e-01  7.8345383389180197e-08  -1.8186319027770006e-06  1.3726952495836458e-06
4.3200000000000003e+01  9.9679586610570592e-01  9.9271249682797458e-01  9.9793016107508792e-01  9.9837984185955664e-01  9.9626959434388618e-01  9.9894938612827266e-01  4.3017735280477948e-07  -8.7612411520846223e-06  1.8038313635109421e-06  9.9853713803256250e-01  9.9786928638310357e-01  9.9889479810307480e-01  9.9925288918437594e-01  9.9891604732504491e-01  9.9943449211008328e-01  2.4723947038480788e-07  -1.3761097871042531e-06  1.1637390883891717e-06
4.3999999999999801e+01  9.9679603446377318e-01  9.9271076000906966e-01  9.9793056663479396e-01  9.9837853807740917e-01  9.9626849846891219e-01  9.9894741510685492e-01  1.9974792386085116e-07  -8.9929209815446842e-06  1.8670594547965273e-06  9.9853734898091184e-01  9.9786933943478706e-01  9.9889451136360607e-01  9.9925238865534860e-01  9.9891534616132305e-01  9.9943610597623944e-01  3.9604853147899350e-07  -8.1508764666188056e-07  1.5169963300953982e-06
4.4799999999999699e+01  9.9679607934840742e-01  9.9270954408951684e-01  9.9793087073743325e-01  9.9837756998609162e-01  9.9626687037272921e-01  9.9894612525749482e-01  1.8341364468479605e-08  -8.4227739416431778e-06  1.1800897690932884e-06  9.9853762727087747e-01  9.9786938385874624e-01  9.9889483052671235e-01  9.9925166219014816e-01  9.9891483015677918e-01  9.9943632415061945e-01  5.1651000890517163e-07  -6.6356880751153084e-07  1.4995914954014373e-06
4.5599999999999497e+01  9.9679612357380598e-01  9.9270873261132486e-01  9.9793091164087466e-01  9.9837672398330701e-01  9.9626433560966610e-01  9.9894559175394604e-01  -3.5379671008827633e-09  -8.5030023560131606e-06  1.5669488925802901e-06  9.9853792843934630e-01  9.9786987901714053e-01  9.9889551687216405e-01  9.9925080739547190e-01  9.9891357848799478e-01  9.9943506673618299e-01  5.6046239508879694e-07  -5.0503156494214943e-07  1.5793663832101438e-06
4.6399999999999302e+01  9.9679617817764732e-01  9.9270714765641566e-01  9.9793096493356914e-01  9.9837590320312697e-01  9.9626275878241199e-01  9.9894529300595292e-01  -9.2663858091328657e-08  -9.7913661707815572e-06  1.2062187677258416e-06  9.9853822722065910e-01  9.9787055629209098e-01  9.9889590736955836e-01  9.9924990923561785e-01  9.9891163097410329e-01  9.9943369666004123e-01  5.7684178004107037e-07  -3.8273402902950225e-07  1.5027304702650745e-06
4.7199999999999200e+01  9.9679612075056911e-01  9.9270468381196497e-01  9.9793108502882366e-01  9.9837532027568743e-01  9.9626301425241870e-01  9.9894497161455165e-01  -3.1323206123927566e-07  -1.0607686138254049e-05  1.3996462845753152e-06  9.9853850793471921e-01  9.9787033667219993e-01  9.9889584712832558e-01  9.9924902230194379e-01  9.9891118154126723e-01  9.9943339115418661e-01  5.3657474847248997e-07  -3.8248999909527604e-07  1.6337706104646946e-06
4.7999999999998998e+01  9.9679595274716082e-01  9.9270257751445856e-01  9.9793138276875759e-01  9.9837503486149948e-01  9.9626315573452062e-01  9.9894371330326237e-01  -4.7894854923767079e-07  -1.0034398266374672e-05  1.2219688306151197e-06  9.9853872772768448e-01  9.9787003216444115e-01  9.9889579021301056e-01  9.9924825484241375e-01  9.9891155184727609e-01  9.9943353307518701e-01  4.4096522949233564e-07  -6.1391787857565589e-07  1.4440238916208362e-06
4.8799999999998903e+01  9.9679574460419418e-01  9.9270120118244143e-01  9.9793125532701954e-01  9.9837492463864086e-01  9.9626198285039269e-01  9.9894298729525055e-01  -5.8084912906649540e-07  -9.5083441924026027e-06  8.2411653549859051e-07  9.9853889639273707e-01  9.9787074858467173e-01  9.9889623579785070e-01  9.9924762565413261e-01  9.9891006314858521e-01  9.9943273353232154e-01  3.7185911625650362e-07  -7.6860417411865411e-07  1.4729517860429405e-06
4.9599999999998701e+01  9.9679552116927395e-01  9.9269982310951166e-01  9.9793078429755533e-01  9.9837491663557432e-01  9.9626047103683768e-01  9.9894328397242871e-01  -6.3895229323193519e-07  -9.8935698792841229e-06  6.8868805985203770e-07  9.9853903297620838e-01  9.9787112292862268e-01  9.9889690867940117e-01  9.9924710084055746e-01  9.9890859487537087e-01  9.9943114216097639e-01  2.9743470385623818e-07  -6.3293684297755271e-07  1.1517389464238711e-06
5.0399999999998499e+01  9.9679530481941625e-01  9.9269784854211873e-01  9.9793051115953391e-01  9.9837493983368164e-01  9.9625983855367228e-01  9.9894345254418171e-01  -6.7505342032230400e-07  -1.0629069044977158e-05  6.0762320397806027e-07  9.9853910873913831e-01  9.9787062660558823e-01  9.9889737365696596e-01  9.9924673118408036e-01  9.9890894116302353e-01  9.9942989756933764e-01  1.8660232884999991e-07  -9.3986271457923009e-07  1.5610666484920737e-06
5.1199999999998397e+01  9.9679504635993799e-01  9.9269577653734609e-01  9.9793058546615909e-01  9.9837505666394011e-01  9.9625947212204069e-01  9.9894291516857847e-01  -8.0550945227311057e-07  -1.0352875904097168e-05  5.5691083262778294e-07  9.9853913891019985e-01  9.9787039453468906e-01  9.9889732183912883e-01  9.9924650671476878e-01  9.9890934858827540e-01  9.9942965802136818e-01  1.3198765521875465e-07  -7.6776204716018807e-07  1.0805813911291647e-06
5.1999999999998202e+01  9.9679469173325996e-01  9.9269419525574831e-01  9.9793049262173583e-01  9.9837539610760695e-01  9.9625811802298048e-01  9.9894263827831453e-01  -9.6207107552889909e-07  -1.0068309846607904e-05  2.3150710856067681e-07  9.9853917263456915e-01  9.9787056743741609e-01  9.9889700855172114e-01  9.9924632170471595e-01  9.9890896062549295e-01  9.9943014528858087e-01  1.1879644673302496e-07  -1.1448419870389912e-06  1.0770852456716160e-06
5.2799999999998100e+01  9.9679431251465600e-01  9.9269226675919564e-01  9.9793014250782819e-01  9.9837586092818675e-01  9.9625727258635155e-01  9.9894305014516016e-01  -9.8665165058794586e-07  -1.1125655195800544e-05  2.8637154514239390e-07  9.9853918177747636e-01  9.9787062640198843e-01  9.9889726142844204e-01  9.9924619879250731e-01  9.9890853260378787e-01  9.9942976687024021e-01  5.3039379366760767e-08  -1.1936814467617479e-06  9.3453565782158921e-07
5.3599999999997898e+01  9.9679399591026507e-01  9.9268982179790510e-01  9.9792983906735000e-01  9.9837624896971944e-01  9.9625774850032889e-01  9.9894378734713007e-01  -9.3607296405203598e-07  -1.1611532294562075e-05  4.1136246340681975e-07  9.9853915226750156e-01  9.9787030006449207e-01  9.9889799607147400e-01  9.9924617760258228e-01  9.9890888124642618e-01  9.9942808450375042e-01  1.0436283836598252e-08  -1.1170773622527505e-06  1.2504767565100427e-06
5.4399999999997704e+01  9.9679369239500704e-01  9.9268762780830611e-01  9.9792976522346444e-01  9.9837659321723438e-01  9.9625794867442008e-01  9.9894395737909503e-01  -9.8801163329943299e-07  -1.1264045577623053e-05  6.8461512570431329e-07  9.9853911987432764e-01  9.9786980298415906e-01  9.9889799572639726e-01  9.9924619252214497e-01  9.9890982054060873e-01  9.9942739540653547e-01  -7.9545193663843177e-09  -1.0125745483954501e-06  1.3364296554383831e-06
5.6799999999997297e+01  9.9679252753508230e-01  9.9268109613567024e-01  9.9792925240884434e-01  9.9837819228521096e-01  9.9625739080127107e-01  9.9894463875660888e-01  -1.1970204769883522e-06  -1.1327955490685169e-05  3.3531288693379383e-07  9.9853901946103085e-01  9.9787065856975576e-01  9.9889740924381687e-01  9.9924633915368588e-01  9.9890729277872781e-01  9.9942941486619508e-01  6.3096107353218499e-08  -1.5745392723403894e-06  1.3312769895095671e-06
5.7599999999997102e+01  9.9679210453557976e-01  9.9267920746927396e-01  9.9792888360307808e-01  9.9837884464259286e-01  9.9625665635284566e-01  9.9894516996659921e-01  -1.2485163959493804e-06  -1.1484359172887789e-05  1.0658712636722175e-06  9.9853901832470060e-01  9.9787008628075635e-01  9.9889805230613893e-01  9.9924629247406982e-01  9.9890817133640497e-01  9.9942797926954952e-01  8.0374347438057389e-11  -1.5863523875043702e-06  1.3729100512064488e-06
5.8399999999997000e+01  9.9679168748732438e-01  9.9267690408980025e-01  9.9792873627793566e-01  9.9837951294277172e-01  9.9625648038554093e-01  9.9894563077507781e-01  -1.2447846824961680e-06  -1.1985172397539185e-05  6.7442282079994526e-07  9.9853892092730112e-01  9.9787016101887649e-01  9.9889816884836247e-01  9.9924642972394717e-01  9.9890807923388625e-01  9.9942734005594658e-01  -1.3532697200853696e-07  -1.3670784414327888e-06  1.7714905602497048e-06
5.9199999999996798e+01  9.9679134174281558e-01  9.9267469674402631e-01  9.9792866224697696e-01  9.9838005206714164e-01  9.9625611844418493e-01  9.9894552553929150e-01  -1.1309824818045065e-06  -1.1477935998394994e-05  8.4994560153088419e-07  9.9853877317549855e-01  9.9786974516333538e-01  9.9889798248339412e-01  9.9924672571776219e-01  9.9890867607412648e-01  9.9942749837250799e-01  -1.8253438529443133e-07  -1.4923456666138098e-06  1.9955967076356114e-06
5.9999999999996597e+01  9.9679107570599568e-01  9.9267274395958471e-01  9.9792842388744896e-01  9.9838038353874459e-01  9.9625505165368100e-01  9.9894593683930366e-01  -1.0698082580204578e-06  -1.1683773910295159e-05  9.1345547732002110e-07  9.9853864292673622e-01  9.9786873644290353e-01  9.9889796270692366e-01  9.9924703760811817e-01  9.9891075455918454e-01  9.9942758491482520e-01  -1.7745572723894441e-07  -1.6597406201480285e-06  1.3614860572447823e-06
6.0799999999996501e+01  9.9679076805540712e-01  9.9267030787616228e-01  9.9792753752108188e-01  9.9838072558592694e-01  9.9625488283100183e-01  9.9894729673091176e-01  -1.1657674471637530e-06  -1.2426442871991747e-05  1.0485627510763925e-06  9.9853849139698869e-01  9.9786804882474067e-01  9.9889817476878184e-01  9.9924739748572500e-01  9.9891263626371063e-01  9.9942717210493937e-01  -2.5541334309149929e-07  -1.9540658986316098e-06  1.2912952722092165e-06
6.1599999999996299e+01  9.9679042970900023e-01  9.9266801315774300e-01  9.9792699997911605e-01  9.9838113975786436e-01  9.9625480698117563e-01  9.9894875049863230e-01  -1.1522526529341487e-06  -1.2075675887951083e-05  2.0035281039578904e-06  9.9853825504136562e-01  9.9786756027049173e-01  9.9889816548126897e-01  9.9924794368919057e-01  9.9891409325239044e-01  9.9942690147082636e-01  -3.8931071855865200e-07  -2.0376537528523290e-06  1.4190357481160738e-06
6.2399999999996197e+01  9.9679021615574459e-01  9.9266593558559391e-01  9.9792703077565714e-01  9.9838133155705377e-01  9.9625413305836241e-01  9.9894895978699760e-01  -9.5934945805330496e-07  -1.2171341426899478e-05  1.5001169338800250e-06  9.9853796234943482e-01  9.9786724331041465e-01  9.9889793581518249e-01  9.9924866449856420e-01  9.9891512603952026e-01  9.9942728842192174e-01  -4.5920697885689219e-07  -2.0332557035708693e-06  1.2155343660675036e-06
6.3199999999996002e+01  9.9679010640645060e-01  9.9266349355763450e-01  9.9792738867719644e-01  9.9838123890721020e-01  9.9625386199145827e-01  9.9894811168587239e-01  -8.9579944760268678e-07  -1.2516605391760612e-05  1.6690824829996963e-06  9.9853767413205108e-01  9.9786675422057569e-01  9.9889790715342119e-01  9.9924943602188598e-01  9.9891626924995780e-01  9.9942769156547251e-01  -4.6039058123725340e-07  -2.6152528697883888e-06  1.5320849299615929e-06
6.3999999999995801e+01  9.9678990303295512e-01  9.9266118564526407e-01  9.9792783461965284e-01  9.9838123177625726e-01  9.9625334623477158e-01  9.9894742854877860e-01  -1.0861196454001266e-06  -1.2175369518187139e-05  1.4082258983523850e-06  9.9853740364366383e-01  9.9786540599627804e-01  9.9889790440261716e-01  9.9925019431756867e-01  9.9891920957061731e-01  9.9942883666936000e-01  -4.4893592059603005e-07  -2.0938112705326230e-06  1.1812514928174137e-06
6.4799999999996203e+01  9.9678956873376068e-01  9.9265936896247708e-01  9.9792798067030375e-01  9.9838150806735870e-01  9.9625198279986460e-01  9.9894741620499972e-01  -1.2424764868034014e-06  -1.2058483261483814e-05  1.9453997266124621e-06  9.9853713408282152e-01  9.9786506284185006e-01  9.9889755928548274e-01  9.9925094978229401e-01  9.9892083031033230e-01  9.9943017284025548e-01  -4.6239386148225316e-07  -2.1656312281034848e-06  1.0438064897378426e-06
6.5599999999996697e+01  9.9678922148491889e-01  9.9265743326198352e-01  9.9792830080667982e-01  9.9838189572234182e-01  9.9625019903772050e-01  9.9894762915207103e-01  -1.2926622271357305e-06  -1.2645974815652760e-05  2.1629575055944814e-06  9.9853682696234924e-01  9.9786637425559743e-01  9.9889720461772546e-01  9.9925177730144321e-01  9.9891857596514444e-01  9.9943122079780788e-01  -5.4449255276121074e-07  -2.1403740587278817e-06  1.6625888927476672e-06
6.6399999999997107e+01  9.9678886918784326e-01  9.9265437899498088e-01  9.9792845199368108e-01  9.9838233583094738e-01  9.9625072440294737e-01  9.9894696091520840e-01  -1.3521558289677731e-06  -1.4318466805943181e-05  1.5317391030847335e-06  9.9853643923416202e-01  9.9786603066412560e-01  9.9889701269562936e-01  9.9925278764325032e-01  9.9891849489670748e-01  9.9943130504943434e-01  -6.7336402717681308e-07  -2.2689617648971163e-06  1.1687054896707290e-06
6.7199999999997502e+01  9.9678851085761666e-01  9.9265113798541671e-01  9.9792846184280914e-01  9.9838281285873398e-01  9.9625263215170612e-01  9.9894534336005125e-01  -1.3832269048032917e-06  -1.3534852720402079e-05  1.6527277572049211e-06  9.9853601251631563e-01  9.9786466457450695e-01  9.9889659246888496e-01  9.9925394130803835e-01  9.9892115134246573e-01  9.9943152644339206e-01  -6.9622387106133014e-07  -3.1439325082432228e-06  1.2398259809809986e-06
6.7999999999997897e+01  9.9678812702685260e-01  9.9264959740232450e-01  9.9792818318713261e-01  9.9838334447903576e-01  9.9625106553586373e-01  9.9894537791003946e-01  -1.4849473120485520e-06  -1.1948846473395975e-05  9.5874774983310383e-07  9.9853564737108180e-01  9.9786513837509294e-01  9.9889619011419417e-01  9.9925502328673566e-01  9.9892092780898278e-01  9.9943287877198406e-01  -6.1265910277030453e-07  -2.2336270939396082e-06  1.7242659756503585e-06
6.8799999999998306e+01  9.9678765090165611e-01  9.9264788910344082e-01  9.9792754417041707e-01  9.9838407558456455e-01  9.9624879596255067e-01  9.9894746311653915e-01  -1.6585510231504466e-06  -1.2959083446087445e-05  7.9304211541405782e-07  9.9853529881990677e-01  9.9786556102717727e-01  9.9889597777806038e-01  9.9925604802323487e-01  9.9891984326724947e-01  9.9943486884256394e-01  -6.5233341855983359e-07  -2.5440760376998857e-06  1.1615343524863514e-06
6.9599999999998701e+01  9.9678708861717391e-01  9.9264469926590104e-01  9.9792644197339542e-01  9.9838504239912629e-01  9.9624956755010952e-01  9.9894950041190334e-01  -1.8197984075444291e-06  -1.4360187152538228e-05  9.4179953180434325e-07  9.9853486666837021e-01  9.9786458661236066e-01  9.9889585255719071e-01  9.9925722639060988e-01  9.9892137556283733e-01  9.9943580179217983e-01  -7.6513126367417173e-07  -2.6664761454820998e-06  7.5868381355110566e-07
7.0399999999999096e+01  9.9678645226940343e-01  9.9264178310420736e-01  9.9792603894791343e-01  9.9838623287243822e-01  9.9625045789082334e-01  9.9895069057796260e-01  -1.9907139798245572e-06  -1.3759147702850337e-05  2.9846659409956907e-07  9.9853440480513456e-01  9.9786384529223249e-01  9.9889542688975552e-01  9.9925851494242512e-01  9.9892319248831496e-01  9.9943608578126331e-01  -7.8483872912596034e-07  -2.5896021572596027e-06  1.0519213882073796e-06
7.1199999999999505e+01  9.9678571309009611e-01  9.9263906526861689e-01  9.9792520655207706e-01  9.9838770096023066e-01  9.9625068538515471e-01  9.9895239342185616e-01  -2.2167045791664742e-06  -1.4193506535406746e-05  5.0165671349872294e-07  9.9853395632525543e-01  9.9786325190939729e-01  9.9889454602619621e-01  9.9925981133146757e-01  9.9892492629096952e-01  9.9943748968197521e-01  -7.9128769605520685e-07  -2.7162276724031427e-06  5.9437677940079600e-07
7.1999999999999901e+01  9.9678484048014893e-01  9.9263564139125227e-01  9.9792446708388494e-01  9.9838952490752109e-01  9.9625230035931556e-01  9.9895490363662232e-01  -2.4629380669267586e-06  -1.5176089543958723e-05  -5.9002574934657823e-07  9.9853350399514029e-01  9.9786246019952529e-01  9.9889380699807473e-01  9.9926112591779015e-01  9.9892705529365633e-01  9.9943938902870844e-01  -7.9723749521574769e-07  -3.1187043764640111e-06  1.0868593792138276e-06
7.2800000000000296e+01  9.9678387119069756e-01  9.9263236860160620e-01  9.9792363188022781e-01  9.9839165849406020e-01  9.9625435545415875e-01  9.9895644847747056e-01  -2.6468527393928308e-06  -1.4855854634560130e-05  -3.3239303710414490e-07  9.9853305824931105e-01  9.9786240077037547e-01  9.9889380101975356e-01  9.9926243599561038e-01  9.9892781203057812e-01  9.9944020928194022e-01  -7.9508114542042281e-07  -2.2838818850614955e-06  9.2442880149454015e-07
7.3600000000000705e+01  9.9678282614604563e-01  9.9262934404534120e-01  9.9792277898404946e-01  9.9839404508030949e-01  9.9625576627412638e-01  9.9895844779841392e-01  -2.8409195891468611e-06  -1.5143371798460753e-05  -7.0057534423092610e-07  9.9853258901848774e-01  9.9786185791889748e-01  9.9889330448080649e-01  9.9926378985079023e-01  9.9892900476830904e-01  9.9944151462586028e-01  -8.5722202193762701e-07  -2.9328398074993342e-06  1.1264487175161820e-06
7.4400000000001199e+01  9.9678168261452427e-01  9.9262565073382281e-01  9.9792181769471111e-01  9.9839672058636464e-01  9.9625829473459560e-01  9.9896097000356787e-01  -3.0298198395191163e-06  -1.5703896759195627e-05  -1.0936220191336363e-06  9.9853207028937496e-01  9.9786051969138290e-01  9.9889199006369633e-01  9.9926526098753232e-01  9.9893206884407382e-01  9.9944440845095839e-01  -9.1429850516934068e-07  -2.1864707690103062e-06  1.6202978126344858e-06
7.5200000000001594e+01  9.9678050971013188e-01  9.9262279653084329e-01  9.9792068047984483e-01  9.9839955921624135e-01  9.9625963997858702e-01  9.9896421169637772e-01  -3.0787564357019236e-06  -1.4188166812124925e-05  -1.0693377960895663e-06  9.9853157354926370e-01  9.9786020559625155e-01  9.9889148103480274e-01  9.9926673219982365e-01  9.9893371426210664e-01  9.9944652201146034e-01  -8.5669484824965400e-07  -2.4277655989939447e-06  1.1051055879463402e-06
7.6000000000002004e+01  9.9677938459157489e-01  9.9262046266607662e-01  9.9791937395239783e-01  9.9840235880430928e-01  9.9625916464251907e-01  9.9896771871452716e-01  -3.0513210037446258e-06  -1.4406249227575546e-05  -9.3207071697837219e-07  9.9853112407486733e-01  9.9786029425074885e-01  9.9889142042809442e-01  9.9926810787210862e-01  9.9893391758626537e-01  9.9944781527909399e-01  -8.3195658034169169e-07  -3.2086021067979151e-06  1.8106116352195351e-06
7.6800000000002399e+01  9.9677828569279492e-01  9.9261706171214970e-01  9.9791822549856368e-01  9.9840509813491118e-01  9.9626047187753430e-01  9.9897091987052078e-01  -3.0504437912075707e-06  -1.5397465603412421e-05  -6.0682694240066010e-07  9.9853063018819244e-01  9.9785930616597496e-01  9.9889084022398456e-01  9.9926954454637329e-01  9.9893595646831745e-01  9.9944949075035128e-01  -9.1076373232492414e-07  -2.1569596455386887e-06  5.2491023569133560e-07
7.7600000000002794e+01  9.9677721189530333e-01  9.9261421006436901e-01  9.9791769957749743e-01  9.9840777572065553e-01  9.9626130432021720e-01  9.9897339028090393e-01  -2.9952351755577517e-06  -1.4368409021364364e-05  -6.2891301145836775e-07  9.9853011324129470e-01  9.9785793977996917e-01  9.9889054473811623e-01  9.9927105412607098e-01  9.9893933836280924e-01  9.9945059997025587e-01  -8.9682771130301489e-07  -2.4957583566793857e-06  1.1114022663712990e-06
7.8400000000003203e+01  9.9677624791697861e-01  9.9261170931155218e-01  9.9791669629861512e-01  9.9841022069197116e-01  9.9626107288890764e-01  9.9897624011010089e-01  -2.8101767719588518e-06  -1.4625745333571416e-05  4.3649820870850573e-08  9.9852964877976647e-01  9.9785742810643241e-01  9.9889041200645323e-01  9.9927247987865264e-01  9.9894143294308602e-01  9.9945122661930885e-01  -8.4228608181510095e-07  -2.1808607359383081e-06  3.5420278235301148e-07
7.9200000000003598e+01  9.9677541067120068e-01  9.9260849709101828e-01  9.9791588133681819e-01  9.9841233418064013e-01  9.9626189883834315e-01  9.9897913018921913e-01  -2.6690700147582794e-06  -1.5391868852035178e-05  -4.7653670831154012e-07  9.9852916272113679e-01  9.9785744446665259e-01  9.9888980882181910e-01  9.9927392034689566e-01  9.9894206865278679e-01  9.9945254687157892e-01  -9.2501990964155943e-07  -2.9977955299961036e-06  1.6182488672291932e-07
8.0000000000003993e+01  9.9677457711539830e-01  9.9260514199686101e-01  9.9791523147783223e-01  9.9841432635289185e-01  9.9626318455115670e-01  9.9898089363727638e-01  -2.6879092704697599e-06  -1.5530515452399512e-05  2.7839705092162050e-07  9.9852858498706987e-01  9.9785675670390672e-01  9.9888925318071820e-01  9.9927555249062561e-01  9.9894364649198963e-01  9.9945427541920584e-01  -1.0447612166005485e-06  -2.2235857039766041e-06  2.4076717240965930e-07
8.0800000000004403e+01  9.9677374030401122e-01  9.9260184545201524e-01  9.9791489962207902e-01  9.9841628505199342e-01  9.9626462467130183e-01  9.9898220892815892e-01  -2.6287998585982588e-06  -1.5623535203635888e-05  -2.9850004451106070e-07  9.9852799579118545e-01  9.9785614824790303e-01  9.9888876982396901e-01  9.9927727421947066e-01  9.9894539987778475e-01  9.9945583682277461e-01  -1.0217368653525581e-06  -2.1264267753936098e-06  3.1682479381119162e-07
8.1600000000004798e+01  9.9677301840764931e-01  9.9259886990395063e-01  9.9791409309823764e-01  9.9841799715588853e-01  9.9626550065717612e-01  9.9898377602354149e-01  -2.4542870681074940e-06  -1.5022219956749137e-05  4.6941625051207121e-07  9.9852748837106398e-01  9.9785656067590789e-01  9.9888793164536560e-01  9.9927886659108733e-01  9.9894511956940835e-01  9.9945790193985429e-01  -9.0870533595408537e-07  -1.9091538414146908e-06  6.6274126772796691e-07
8.2400000000005207e+01  9.9677239536102014e-01  9.9259638178980991e-01  9.9791376497714535e-01  9.9841942999865996e-01  9.9626515045962549e-01  9.9898535005566758e-01  -2.3383183230595106e-06  -1.4574007805127179e-05  -1.1070294156629100e-07  9.9852704147826188e-01  9.9785663157667892e-01  9.9888728234465829e-01  9.9928030314140681e-01  9.9894486765788371e-01  9.9945982656977927e-01  -8.3747519355574418e-07  -1.9447941965249564e-06  1.8187062036216781e-07
8.3200000000005701e+01  9.9677182150958599e-01  9.9259348545483683e-01  9.9791351092470482e-01  9.9842067563232173e-01  9.9626510423578696e-01  9.9898599346356853e-01  -2.2522530857292598e-06  -1.5592810173316150e-05  1.8779316734321729e-07  9.9852661066397053e-01  9.9785606379695146e-01  9.9888690087307497e-01  9.9928166173724164e-01  9.9894597607418001e-01  9.9946112377520302e-01  -8.0063883671881912e-07  -1.7078053196830134e-06  1.3263949364210443e-07
8.4000000000006096e+01  9.9677130213120746e-01  9.9258979683700965e-01  9.9791320119460658e-01  9.9842174402898098e-01  9.9626672881303679e-01  9.9898695792445924e-01  -2.1643868826110314e-06  -1.6224901763053734e-05  -7.8289517243208451e-09  9.9852620825391014e-01  9.9785548485780440e-01  9.9888636233911154e-01  9.9928294028109765e-01  9.9894741621627092e-01  9.9946278028621549e-01  -7.2402680060678454e-07  -1.7879741369689723e-06  1.5173265701656434e-07
8.4800000000006506e+01  9.9677083130471544e-01  9.9258689058806793e-01  9.9791276508476701e-01  9.9842264973621997e-01  9.9626734214533885e-01  9.9898792453346008e-01  -2.0985900541932292e-06  -1.4725613974520683e-05  -2.6563979255098919e-07  9.9852588419260346e-01  9.9785496986434485e-01  9.9888601379208808e-01  9.9928403922688813e-01  9.9894889312300450e-01  9.9946416471173094e-01  -5.8402542549539659e-07  -1.5323568878609234e-06  2.0428597388560806e-07
8.5600000000006901e+01  9.9677039082180574e-01  9.9258486109409549e-01  9.9791249273696891e-01  9.9842343704302750e-01  9.9626584553178477e-01  9.9898882941399281e-01  -2.0564693413983801e-06  -1.4281502563613412e-05  -2.5352751869422944e-07  9.9852563261885929e-01  9.9785474927941820e-01  9.9888595800994595e-01  9.9928493439103305e-01  9.9894986283669240e-01  9.9946485362040927e-01  -4.8930047436762759e-07  -1.4909072642445442e-06  3.9367887366948362e-07
8.6400000000007296e+01  9.9676998961103092e-01  9.9258228824772965e-01  9.9791224899079189e-01  9.9842410641950907e-01  9.9626482749641720e-01  9.9898957939630451e-01  -1.9919239160040589e-06  -1.5031679308724252e-05  -9.0745032186201142e-08  9.9852538972955485e-01  9.9785479664101828e-01  9.9888572700527978e-01  9.9928574625747046e-01  9.9895008405560715e-01  9.9946558254340456e-01  -4.6758993186323386e-07  -1.3113507790502017e-06  2.2759667338637450e-07
8.7200000000007705e+01  9.9676963858119194e-01  9.9257948936712448e-01  9.9791208670850406e-01  9.9842463296367268e-01  9.9626432116592822e-01  9.9899009519005433e-01  -1.9343356586322379e-06  -1.5037031202944659e-05  5.3446127798770550e-08  9.9852515589504942e-01  9.9785423013990426e-01  9.9888551751742394e-01  9.9928651346412667e-01  9.9895123149974685e-01  9.9946621371717448e-01  -4.1785005998058294e-07  -1.2379819304983376e-06  4.7293775263232555e-07
8.8000000000008100e+01  9.9676931735378393e-01  9.9257682770471956e-01  9.9791204423653190e-01  9.9842505058009423e-01  9.9626354135529527e-01  9.9899043840041457e-01  -1.8920809079435095e-06  -1.5022480299640037e-05  1.4147230939949035e-07  9.9852498139851886e-01  9.9785331460189253e-01  9.9888538345153344e-01  9.9928714852035805e-01  9.9895346884602976e-01  9.9946656573121728e-01  -3.0537522141322918e-07  -1.1050393601395585e-06  5.1093279720866341e-07
8.8800000000008495e+01  9.9676904053886295e-01  9.9257415139908212e-01  9.9791201371887450e-01  9.9842534068829503e-01  9.9626272694759466e-01  9.9899063593250992e-01  -1.8218202667029714e-06  -1.5075065876531002e-05  1.6515683182261378e-07  9.9852488227671210e-01  9.9785338324215633e-01  9.9888529467380160e-01  9.9928759184919436e-01  9.9895410949492747e-01  9.9946681738248266e-01  -1.9358817879484112e-07  -1.0647709249386270e-06  5.2514858842231202e-07
8.9600000000008905e+01  9.9676880742349760e-01  9.9257156319689621e-01  9.9791196314888075e-01  9.9842549573963690e-01  9.9626174676296653e-01  9.9899092915955090e-01  -1.7811889668838302e-06  -1.5022257111396433e-05  1.6581995722917285e-07  9.9852481508817026e-01  9.9785371544289814e-01  9.9888542781522804e-01  9.9928790881381246e-01  9.9895366541232555e-01  9.9946673440485734e-01  -1.5077987033137854e-07  -1.0982318379084654e-06  5.2207056165338574e-07
9.0400000000009300e+01  9.9676858116114953e-01  9.9256902780179745e-01  9.9791190532171803e-01  9.9842559075383952e-01  9.9626057899954223e-01  9.9899114563621494e-01  -1.7863045500725013e-06  -1.5007134738204183e-05  3.0627287101700502e-07  9.9852474338586528e-01  9.9785348347619696e-01  9.9888556810776896e-01  9.9928819298187233e-01  9.9895404280313338e-01  9.9946657879504686e-01  -1.4011861670586259e-07  -7.5696350936765941e-07  6.2938752909482305e-07
9.1200000000009794e+01  9.9676835765441585e-01  9.9256650318283401e-01  9.9791202216067054e-01  9.9842565843239606e-01  9.9625925767777523e-01  9.9899116881267136e-01  -1.7855171389645217e-06  -1.4975305382529219e-05  3.3471871488172336e-07  9.9852468354557322e-01  9.9785336158860982e-01  9.9888549872152121e-01  9.9928844205573875e-01  9.9895443835752695e-01  9.9946679545175221e-01  -1.0063879996994168e-07  -8.7815712908937197e-07  9.8173370060265877e-07
9.2000000000010203e+01  9.9676815732315571e-01  9.9256394268816539e-01  9.9791207679385363e-01  9.9842566731498361e-01  9.9625787786031172e-01  9.9899102583489352e-01  -1.7596338715587671e-06  -1.5126589605728682e-05  2.9857247716151562e-07  9.9852466432519071e-01  9.9785337174837418e-01  9.9888541580972290e-01  9.9928859967510053e-01  9.9895453678804502e-01  9.9946702590567427e-01  -3.2128392161443898e-08  -7.8775638009439288e-07  5.9521657624269826e-07
9.2800000000010598e+01  9.9676798802757882e-01  9.9256125135892947e-01  9.9791201667120344e-01  9.9842559157829036e-01  9.9625673334875209e-01  9.9899107669378084e-01  -1.7318602769921346e-06  -1.5400689761596793e-05  3.1673730076749763e-07  9.9852467620222540e-01  9.9785311201231008e-01  9.9888559016173506e-01  9.9928866549332529e-01  9.9895508333005156e-01  9.9946682669128550e-01  3.0605455204197661e-09  -8.8704016593767399e-07  6.2976187112649988e-07
9.3600000000010994e+01  9.9676783192689178e-01  9.9255856677404553e-01  9.9791204799727762e-01  9.9842545846706587e-01  9.9625569950730597e-01  9.9899114153990320e-01  -1.7390925011023125e-06  -1.5402188543697391e-05  4.6033933617925449e-07  9.9852468040393605e-01  9.9785276027771441e-01  9.9888581962657241e-01  9.9928871709355305e-01  9.9895597533098213e-01  9.9946628869782106e-01  -7.1442337969532715e-09  -5.9443617097832083e-07  5.6349016995501493e-07
9.4400000000011403e+01  9.9676766173023590e-01  9.9255600269094479e-01  9.9791228089032047e-01  9.9842533240859876e-01  9.9625445661074030e-01  9.9899089803963492e-01  -1.7808504994416920e-06  -1.5323024761609767e-05  5.5892311279750062e-07  9.9852467427025493e-01  9.9785267229143360e-01  9.9888572252829755e-01  9.9928878478693428e-01  9.9895647899075601e-01  9.9946629365582318e-01  -1.2411935158032242e-08  -5.5804599768743742e-07  6.7825549469487507e-07
9.5200000000011798e+01  9.9676748527267256e-01  9.9255347411845085e-01  9.9791247483497902e-01  9.9842522123043631e-01  9.9625303095511941e-01  9.9899034406873233e-01  -1.7910072814569234e-06  -1.5309506594086364e-05  7.5842120015671321e-07  9.9852466760666336e-01  9.9785282756243765e-01  9.9888546085195173e-01  9.9928885781961418e-01  9.9895638584623114e-01  9.9946684317250356e-01  -1.7178569896055644e-08  -9.3771265786823598e-07  7.5082367724606571e-07
9.6000000000012193e+01  9.9676734587881621e-01  9.9255092760031915e-01  9.9791263191348767e-01  9.9842503971150731e-01  9.9625151500270193e-01  9.9898992867874326e-01  -1.7471742541295242e-06  -1.5426160731452851e-05  5.3569116886793005e-07  9.9852466057260381e-01  9.9785287885795582e-01  9.9888549335849108e-01  9.9928893593809520e-01  9.9895627866530889e-01  9.9946695388636142e-01  -1.3938062150145396e-08  -6.5302344256225004e-07  5.7831206025242043e-07
9.6800000000012602e+01  9.9676723568128556e-01  9.9254814427454952e-01  9.9791278752396673e-01  9.9842477171556943e-01  9.9625039662445458e-01  9.9898954913810289e-01  -1.7473312493023001e-06  -1.5964659258266926e-05  4.9576039461811995e-07  9.9852466679987628e-01  9.9785275864670520e-01  9.9888580265247784e-01  9.9928899162761353e-01  9.9895652460184425e-01  9.9946638963942913e-01  5.8216116361679770e-09  -9.8080588788339085e-07  5.7969849236709663e-07
9.7600000000012997e+01  9.9676709540729735e-01  9.9254512255528493e-01  9.9791294511418527e-01  9.9842453217470772e-01  9.9624993147177165e-01  9.9898921132449492e-01  -1.8185488143396296e-06  -1.6167824528284739e-05  4.6022547621123227e-07  9.9852467477575246e-01  9.9785275065372514e-01  9.9888587495520809e-01  9.9928903629954235e-01  9.9895664805121320e-01  9.9946604309575271e-01  -8.8591909333102603e-09  -7.5794578364762639e-07  5.9121529443445786e-07
9.8400000000013407e+01  9.9676692318463322e-01  9.9254255531831714e-01  9.9791301443231151e-01  9.9842436406121138e-01  9.9624879576575409e-01  9.9898900830595416e-01  -1.8719693752980980e-06  -1.5381273953504983e-05  5.7534063298076678e-07  9.9852465479135555e-01  9.9785293712105927e-01  9.9888553453005013e-01  9.9928913467667435e-01  9.9895633943071638e-01  9.9946660497119555e-01  -5.0850054180781910e-08  -9.0688598640662096e-07  8.1192714628195494e-07
9.9200000000013802e+01  9.9676674179792513e-01  9.9254047747791696e-01  9.9791310270387190e-01  9.9842423266364044e-01  9.9624635254651717e-01  9.9898884156691392e-01  -1.9254042593329251e-06  -1.5092368139856877e-05  3.2983499431222650e-07  9.9852462727456093e-01  9.9785292049834629e-01  9.9888527334315347e-01  9.9928926876747437e-01  9.9895628675959314e-01  9.9946724308269408e-01  -4.4558935049068087e-08  -6.5570994444706218e-07  8.4320513936852788e-07
1.0000000000001400e+02  9.9676651740712308e-01  9.9253783936600681e-01  9.9791303456307623e-01  9.9842419557257789e-01  9.9624449752347466e-01  9.9898892109609760e-01  -2.0349644327072104e-06  -1.6113939090721171e-05  1.4497021492404920e-07  9.9852463248783441e-01  9.9785245201116368e-01  9.9888546401068301e-01  9.9928935144846465e-01  9.9895722618951044e-01  9.9946711771331176e-01  2.1910308719600276e-09  -8.8996236262582574e-07  6.8646148527776599e-07
1.0080000000001500e+02  9.9676623891093186e-01  9.9253450944723431e-01  9.9791290844906066e-01  9.9842429716825754e-01  9.9624421680100528e-01  9.9898931908816857e-01  -2.1282375159442859e-06  -1.6806356665394770e-05  1.6060577626844389e-07  9.9852465997839945e-01  9.9785197439369022e-01  9.9888584244036294e-01  9.9928937511140048e-01  9.9895851549165526e-01  9.9946637935464355e-01  1.9774113156027342e-08  -1.0425110962128119e-06  6.8670701810138388e-07
1.0160000000001500e+02  9.9676595249482469e-01  9.9253147973426104e-01  9.9791294920624618e-01  9.9842445933401880e-01  9.9624387517963808e-01  9.9898939530807895e-01  -2.1612140284236514e-06  -1.6317563763905462e-05  2.8928720428010489e-07  9.9852467417973800e-01  9.9785197545483206e-01  9.9888595449167528e-01  9.9928940734507887e-01  9.9895898695025420e-01  9.9946607056594994e-01  -6.3521804995962788e-09  -9.2782267723508322e-07  8.2621030109934671e-07
1.0240000000001500e+02  9.9676567395476035e-01  9.9252900158570989e-01  9.9791308228025888e-01  9.9842462666467957e-01  9.9624242576530575e-01  9.9898928066087944e-01  -2.1922611405681192e-06  -1.5814341113358684e-05  3.9034351198603674e-07  9.9852466035868725e-01  9.9785218996349345e-01  9.9888575453680906e-01  9.9928949772571474e-01  9.9895875336206352e-01  9.9946632560785620e-01  -4.8160468514844618e-08  -1.0439130680241820e-06  1.3223968131636849e-06
1.0320000000001600e+02  9.9676537515928509e-01  9.9252652549041498e-01  9.9791298168590692e-01  9.9842483686014716e-01  9.9624059075504146e-01  9.9898956007620643e-01  -2.2653711159632195e-06  -1.5948963843320010e-05  4.5219035731919155e-07  9.9852462772749184e-01  9.9785212765946696e-01  9.9888564464501650e-01  9.9928964523559716e-01  9.9895885401977824e-01  9.9946655392090222e-01  -7.3880709579764090e-08  -9.8150473302010365e-07  9.5361489249449433e-07
1.0400000000001600e+02  9.9676502148109325e-01  9.9252369369030646e-01  9.9791274859885803e-01  9.9842516667918935e-01  9.9623926476965452e-01  9.9899035407331382e-01  -2.3839310772783750e-06  -1.6524270922512045e-05  -1.4304000803344568e-08  9.9852459639240454e-01  9.9785184962674889e-01  9.9888583349303262e-01  9.9928981119356419e-01  9.9895950117008869e-01  9.9946625503506514e-01  -7.4220924990503575e-08  -1.1254282183336106e-06  8.1109667377205831e-07
1.0480000000001699e+02  9.9676461646774084e-01  9.9252056181232262e-01  9.9791259028861334e-01  9.9842563689612396e-01  9.9623867033948088e-01  9.9899095118367975e-01  -2.4660906168771105e-06  -1.6891534609962197e-05  -8.1041592650692094e-08  9.9852456955863023e-01  9.9785186270773019e-01  9.9888597098169352e-01  9.9928997640304629e-01  9.9895975135875215e-01  9.9946585398460941e-01  -8.0289432091695926e-08  -1.4412282141759102e-06  7.6502584511648760e-07
1.0560000000001700e+02  9.9676423545070358e-01  9.9251763847154728e-01  9.9791251822665183e-01  9.9842610792251352e-01  9.9623792967315650e-01  9.9899151831407640e-01  -2.4335302811290037e-06  -1.6466096675177603e-05  8.4732181996834141e-08  9.9852452869808872e-01  9.9785225707420666e-01  9.9888575891350251e-01  9.9929017133007381e-01  9.9895911533241744e-01  9.9946616260130794e-01  -1.1124057745993959e-07  -9.4511224806427278e-07  5.4961627258489282e-07
1.0640000000001800e+02  9.9676390421444239e-01  9.9251514639476868e-01  9.9791242191488272e-01  9.9842647795916739e-01  9.9623626359161854e-01  9.9899204904277705e-01  -2.4223496197697875e-06  -1.6208034238970198e-05  1.9978534889197594e-07  9.9852446707962539e-01  9.9785231933950702e-01  9.9888542951213144e-01  9.9929041929174589e-01  9.9895881263336606e-01  9.9946703409817217e-01  -1.4183306136063244e-07  -1.0048779014019549e-06  9.8571353087581587e-07
1.0720000000001799e+02  9.9676352342006425e-01  9.9251234762775764e-01  9.9791236380791670e-01  9.9842691069842993e-01  9.9623483519017164e-01  9.9899270293068232e-01  -2.5550963508629224e-06  -1.6942399960161153e-05  -8.0879756193867904e-08  9.9852439866849441e-01  9.9785163557348311e-01  9.9888539764710294e-01  9.9929069991948782e-01  9.9896010215010922e-01  9.9946756262938119e-01  -1.5309242165022090e-07  -1.1144823397545934e-06  5.3601334039954834e-07
1.0800000000001801e+02  9.9676305393162057e-01  9.9250879736330944e-01  9.9791220151531601e-01  9.9842754034921466e-01  9.9623494722151396e-01  9.9899350394299680e-01  -2.6778879849214459e-06  -1.7960787284546191e-05  8.1510227980994989e-08  9.9852433173424426e-01  9.9785121239919117e-01  9.9888564422287218e-01  9.9929099056478232e-01  9.9896144725313685e-01  9.9946743522455139e-01  -1.5857658471491281e-07  -1.4248477298177882e-06  8.6156880136168121e-07
1.0880000000001900e+02  9.9676258816595043e-01  9.9250522799366359e-01  9.9791213239770915e-01  9.9842822453198543e-01  9.9623557811299424e-01  9.9899437422624937e-01  -2.6724408810064590e-06  -1.7730821437390027e-05  5.4054175115284633e-08  9.9852426192872556e-01  9.9785177912194800e-01  9.9888560885963573e-01  9.9929129295505903e-01  9.9896082126831143e-01  9.9946731253325782e-01  -1.6918366813642276e-07  -9.5123351601603076e-07  8.3576353792082083e-07
1.0960000000001899e+02  9.9676217137160017e-01  9.9250230654752780e-01  9.9791209842582029e-01  9.9842882776331021e-01  9.9623513303030453e-01  9.9899464767569635e-01  -2.6474004089366982e-06  -1.6928579983292466e-05  1.5710930040918776e-07  9.9852418460514880e-01  9.9785214796503996e-01  9.9888508510529195e-01  9.9929161601830341e-01  9.9895991458975120e-01  9.9946802605072749e-01  -1.8634128045875013e-07  -1.0986969286073676e-06  8.6762503078759645e-07
1.1040000000002000e+02  9.9676175787745791e-01  9.9249965924827499e-01  9.9791191697364479e-01  9.9842940023921645e-01  9.9623379680589286e-01  9.9899477354219512e-01  -2.6799029160039391e-06  -1.6842992626307219e-05  5.5655002165869127e-08  9.9852409347173332e-01  9.9785156471166436e-01  9.9888466763778505e-01  9.9929197450620388e-01  9.9896085876014296e-01  9.9946902308685392e-01  -2.1438759040740352e-07  -1.0432504099990523e-06  9.5598163688460830e-07
1.1120000000002000e+02  9.9676132417154384e-01  9.9249672384413079e-01  9.9791156436584894e-01  9.9843000293095563e-01  9.9623265869302091e-01  9.9899579456361276e-01  -2.7190461650014952e-06  -1.7235726310772278e-05  -7.7591299249966102e-08  9.9852398821502775e-01  9.9785098955996654e-01  9.9888469616839304e-01  9.9929237517749814e-01  9.9896237867696080e-01  9.9946935748470733e-01  -2.3482014800807062e-07  -9.4868730716908316e-07  5.3000461181511368e-07
1.1200000000001999e+02  9.9676089804387080e-01  9.9249359841048501e-01  9.9791146845724465e-01  9.9843059826699876e-01  9.9623194312882501e-01  9.9899653078587758e-01  -2.7142357921479674e-06  -1.7318242996079648e-05  -1.3516066491428882e-07  9.9852388733891484e-01  9.9785098058408772e-01  9.9888479081794945e-01  9.9929278405682509e-01  9.9896291685232164e-01  9.9946930247307419e-01  -2.2585202707434172e-07  -1.3589711789025436e-06  7.5040414270446061e-07
1.1280000000002100e+02  9.9676050205436839e-01  9.9249075866487291e-01  9.9791143373916835e-01  9.9843112843421211e-01  9.9623082890089099e-01  9.9899677030369527e-01  -2.6955297370629575e-06  -1.6925975892190556e-05  1.1086535352259358e-07  9.9852380018151621e-01  9.9785122158878181e-01  9.9888469313190686e-01  9.9929317036468168e-01  9.9896274730918222e-01  9.9946950510425037e-01  -2.1557673583611188e-07  -1.2005402974264823e-06  4.8382037604508983e-07
1.1360000000002100e+02  9.9676010971324480e-01  9.9248809055844323e-01  9.9791133594069592e-01  9.9843162650631323e-01  9.9622923791669971e-01  9.9899738149103368e-01  -2.7252058947487290e-06  -1.7096010101138984e-05  1.1031929405620792e-07  9.9852370922563494e-01  9.9785126216593101e-01  9.9888453755535400e-01  9.9929355904498762e-01  9.9896263987167921e-01  9.9946988883536492e-01  -2.2921086261762488e-07  -1.0708105607980498e-06  6.7191453797362370e-07
1.1440000000002200e+02  9.9675969796412744e-01  9.9248496440253209e-01  9.9791120162291214e-01  9.9843215207751068e-01  9.9622833906313424e-01  9.9899815455684871e-01  -2.7586471019652455e-06  -1.7891793614831900e-05  4.9431621632901910e-08  9.9852360929999073e-01  9.9785084118570178e-01  9.9888445750620769e-01  9.9929396894061240e-01  9.9896351384155857e-01  9.9947040363099127e-01  -2.3724442749849558e-07  -1.1186773528691242e-06  5.4356638532613808e-07
1.1520000000002200e+02  9.9675931217682545e-01  9.9248149538446495e-01  9.9791120371782616e-01  9.9843263540005989e-01  9.9622835982373670e-01  9.9899859745820951e-01  -2.7151746579408627e-06  -1.8077033753098542e-05  2.4801531771260873e-08  9.9852351426795183e-01  9.9785050419642318e-01  9.9888444091688267e-01  9.9929437707835278e-01  9.9896460508088036e-01  9.9947059518628700e-01  -2.3334632601319034e-07  -1.0340985541121493e-06  5.5511435118528407e-07
1.1600000000002200e+02  9.9675898316096379e-01  9.9247846085287017e-01  9.9791130422951480e-01  9.9843298881368359e-01  9.9622776304341953e-01  9.9899882871370582e-01  -2.6643924984673800e-06  -1.7340233637893046e-05  -2.0865260054160390e-08  9.9852341345946916e-01  9.9785094381366035e-01  9.9888434238658386e-01  9.9929479642748165e-01  9.9896414246878174e-01  9.9947081465350007e-01  -2.5869733884113700e-07  -1.0343201673006611e-06  6.4668793353881571e-07
1.1680000000002300e+02  9.9675865759666060e-01  9.9247584041101089e-01  9.9791121483272482e-01  9.9843328876616089e-01  9.9622608291451442e-01  9.9899935839938780e-01  -2.6982375584315209e-06  -1.7066577814154260e-05  -3.9302176792817485e-08  9.9852328275074620e-01  9.9785130749476281e-01  9.9888410400819372e-01  9.9929528052471805e-01  9.9896336359045090e-01  9.9947134854831188e-01  -3.0847935052154290e-07  -1.2040532649227174e-06  3.6318501141479221e-07
1.1760000000002300e+02  9.9675829325535714e-01  9.9247298643102655e-01  9.9791104462861269e-01  9.9843364454717853e-01  9.9622451905035803e-01  9.9900008579826816e-01  -2.7647664493006941e-06  -1.7517572113100132e-05  -2.3357007968262305e-07  9.9852313343323951e-01  9.9785065470226020e-01  9.9888391523339903e-01  9.9929582536373951e-01  9.9896442937410912e-01  9.9947193227175080e-01  -3.2849611211571655e-07  -1.2569795854003998e-06  3.1377805162151838e-07
1.1840000000002399e+02  9.9675791163615013e-01  9.9246988195814223e-01  9.9791087268207712e-01  9.9843404819935377e-01  9.9622350473876631e-01  9.9900098135026627e-01  -2.8016123142718010e-06  -1.7782756074829643e-05  -2.4782735391598222e-07  9.9852299649592036e-01  9.9785004029192759e-01  9.9888380107955865e-01  9.9929636797417232e-01  9.9896610129517172e-01  9.9947227629400348e-01  -3.1306331203332712e-07  -9.9854013085243484e-07  6.4346661193462004e-07
1.1920000000002400e+02  9.9675753539413470e-01  9.9246679242772395e-01  9.9791067835021130e-01  9.9843445488805505e-01  9.9622260048688960e-01  9.9900177802230983e-01  -2.8170259738374348e-06  -1.7828760102039147e-05  -8.8711633259333099e-08  9.9852287107304705e-01  9.9785030399006847e-01  9.9888358921647491e-01  9.9929688940011363e-01  9.9896622905123700e-01  9.9947282271282523e-01  -3.1150272558109995e-07  -1.1940236721955177e-06  2.9355422511726272e-07
1.2000000000002400e+02  9.9675717448025103e-01  9.9246372826635521e-01  9.9791056955765356e-01  9.9843483325228033e-01  9.9622164125109647e-01  9.9900234183156145e-01  -2.8120708153127617e-06  -1.7828732057575718e-05  -2.1654730028775613e-08  9.9852273392563040e-01  9.9785044113565813e-01  9.9888344348007041e-01  9.9929742990083059e-01  9.9896608894846051e-01  9.9947347340713277e-01  -3.3383180130612346e-07  -1.0709102176202832e-06  2.8466898188347710e-07
