# time  total_activity  peak_activity  rms_radius  confined_frac  bary_x  bary_y  bary_z  r_conf  total_activity_proper  rms_radius_proper  confined_frac_proper  rms_radius_canon  confined_frac_canon  rms_radius_phantom  confined_frac_phantom  canon_mass_frac  min_chi
0.0000000000000000e+00  3.1908774622647030e+01  3.8825846362712392e-02  6.4371507044065153e+00  3.1860572060306425e-01  3.1999830797172606e+01  3.1999863913996389e+01  3.1999863985960506e+01  4.7999999999999998e+00  3.2748872116161309e+01  6.4338884854597884e+00  3.1901902396202603e-01  6.4371507044065153e+00  3.1860572060306425e-01  nan  nan  1.0000000000000000e+00  9.8170381095493886e-01
2.0000000000000001e-01  3.2598555339963056e+01  7.7930379285193627e-02  6.3805007997474563e+00  3.3109801212165657e-01  3.1999726341055140e+01  3.1999756838708773e+01  3.1999757161780252e+01  4.7999999999999998e+00  3.3033842137127962e+01  6.3859234870087418e+00  3.3042255681497823e-01  6.3805007997474563e+00  3.3109801212165657e-01  nan  nan  1.0000000000000000e+00  9.8403150191162059e-01
4.0000000000000002e-01  3.2838413965322971e+01  7.6144382122548912e-02  6.3672068455593838e+00  3.3394607443447477e-01  3.1999587962022225e+01  3.1999623786748959e+01  3.1999624394905975e+01  4.7999999999999998e+00  3.2871794407981923e+01  6.3810460643189861e+00  3.3219975005879271e-01  6.3672068455593838e+00  3.3394607443447477e-01  nan  nan  1.0000000000000000e+00  9.8469972849317156e-01
5.9999999999999998e-01  3.2847744961237950e+01  7.0874528120743435e-02  6.3742330133084737e+00  3.3241370971481726e-01  3.1999413145461162e+01  3.1999466613283165e+01  3.1999467562958777e+01  4.7999999999999998e+00  3.2502166542725845e+01  6.3961502269284249e+00  3.2968285972193939e-01  6.3742330133084737e+00  3.3241370971481726e-01  nan  nan  1.0000000000000000e+00  9.8518462409418006e-01
8.0000000000000104e-01  3.2856894552467949e+01  6.5548162150600497e-02  6.3808464560523150e+00  3.3068765001774830e-01  3.1999220478296948e+01  3.1999295308550867e+01  3.1999296651855690e+01  4.7999999999999998e+00  3.2160517271767588e+01  6.4104592953967874e+00  3.2688951656017995e-01  6.3808464560523150e+00  3.3068765001774830e-01  nan  nan  1.0000000000000000e+00  9.8560589521722242e-01
1.0000000000000000e+00  3.2917938465823681e+01  5.8577019979272546e-02  6.3826362000365782e+00  3.2994420719448103e-01  3.1999024319194032e+01  3.1999118942316127e+01  3.1999120709154287e+01  4.7999999999999998e+00  3.1898460875959582e+01  6.4194887461997538e+00  3.2504925932637246e-01  6.3826362000365782e+00  3.2994420719448103e-01  nan  nan  1.0000000000000000e+00  9.8599575543530249e-01
1.2000000000000000e+00  3.3009480237297559e+01  5.1392048126333238e-02  6.3818734362453862e+00  3.2970134931548528e-01  3.1998832544014064e+01  3.1998944021878774e+01  3.1998946215314916e+01  4.7999999999999998e+00  3.1695400570128918e+01  6.4253520739483623e+00  3.2379872715023855e-01  6.3818734362453862e+00  3.2970134931548528e-01  nan  nan  1.0000000000000000e+00  9.8635954835960382e-01
1.3999999999999899e+00  3.3113213754063992e+01  4.6853616351770086e-02  6.3801849050684023e+00  3.2961527889289965e-01  3.1998650404460971e+01  3.1998777332225494e+01  3.1998779933054720e+01  4.7999999999999998e+00  3.1533706149698489e+01  6.4295576064154787e+00  3.2276838114050010e-01  6.3801849050684023e+00  3.2961527889289965e-01  nan  nan  1.0000000000000000e+00  9.8669950368091897e-01
1.5999999999999901e+00  3.3312166746149323e+01  5.0164116448715643e-02  6.3694844373043757e+00  3.3144120812467548e-01  3.1998487792078610e+01  3.1998633215508935e+01  3.1998636183183976e+01  4.7999999999999998e+00  3.1487566507814773e+01  6.4242521230450835e+00  3.2363608507809349e-01  6.3694844373043757e+00  3.3144120812467548e-01  nan  nan  1.0000000000000000e+00  9.8702270294537608e-01
1.7999999999999801e+00  3.3557816504568017e+01  4.6839262965998579e-02  6.3542611185753639e+00  3.3415875465373329e-01  3.1998329411601844e+01  3.1998504259227872e+01  3.1998507552474585e+01  4.7999999999999998e+00  3.1510094570037570e+01  6.4137854145282809e+00  3.2542885234593671e-01  6.3542611185753639e+00  3.3415875465373329e-01  nan  nan  1.0000000000000000e+00  9.8733442438152164e-01
1.9999999999999800e+00  3.3787608538644463e+01  4.3934913009727378e-02  6.3399852100450076e+00  3.3657193282371789e-01  3.1998165981324323e+01  3.1998378702010250e+01  3.1998382291966355e+01  4.7999999999999998e+00  3.1543458387552739e+01  6.4034587441240154e+00  3.2696373682373592e-01  6.3399852100450076e+00  3.3657193282371789e-01  nan  nan  1.0000000000000000e+00  9.8764158030448623e-01
2.1999999999999802e+00  3.3983053801742074e+01  4.1366683872537766e-02  6.3279720225899281e+00  3.3833546156243993e-01  3.1998002848058984e+01  3.1998253244403831e+01  3.1998257119051765e+01  4.7999999999999998e+00  3.1570573168044369e+01  6.3945458918347899e+00  3.2794092910323874e-01  6.3279720225899281e+00  3.3833546156243993e-01  nan  nan  1.0000000000000000e+00  9.8793864872148618e-01
2.3999999999999702e+00  3.4150018486443244e+01  3.9304780939130056e-02  6.3175765974825318e+00  3.3953050303049442e-01  3.1997846588187603e+01  3.1998129380824821e+01  3.1998133546986026e+01  4.7999999999999998e+00  3.1596083788640531e+01  6.3864283190866864e+00  3.2845988434353479e-01  6.3175765974825318e+00  3.3953050303049442e-01  nan  nan  1.0000000000000000e+00  9.8822553970490123e-01
2.5999999999999699e+00  3.4294344329600236e+01  3.7723461860910475e-02  6.3083634990755879e+00  3.4033002365188880e-01  3.1997693639801337e+01  3.1998000800558248e+01  3.1998005279166346e+01  4.7999999999999998e+00  3.1624317507913773e+01  6.3786990733147828e+00  3.2865947882478436e-01  6.3083634990755879e+00  3.4033002365188880e-01  nan  nan  1.0000000000000000e+00  9.8850220299604630e-01
2.7999999999999599e+00  3.4408844496424621e+01  3.6642477823158250e-02  6.3010074416318060e+00  3.4044636978843695e-01  3.1997536718413308e+01  3.1997848977379352e+01  3.1997853779519758e+01  4.7999999999999998e+00  3.1647988636425076e+01  6.3720339740720657e+00  3.2819842166676422e-01  6.3010074416318060e+00  3.4044636978843695e-01  nan  nan  1.0000000000000000e+00  9.8877042779732038e-01
2.9999999999999600e+00  3.4478727785047852e+01  3.6043084279840189e-02  6.2966963925670019e+00  3.3963328094484968e-01  3.1997374849162888e+01  3.1997657008575491e+01  3.1997662094104903e+01  4.7999999999999998e+00  3.1653108228866600e+01  6.3676185918788732e+00  3.2659041927544197e-01  6.2966963925670019e+00  3.3963328094484968e-01  nan  nan  1.0000000000000000e+00  9.8903013201345935e-01
3.1999999999999500e+00  3.4493053091510035e+01  3.5777742021289353e-02  6.2962313450298968e+00  3.3754265292193320e-01  3.1997212096261496e+01  3.1997422617212514e+01  3.1997427881905185e+01  4.7999999999999998e+00  3.1628981873123919e+01  6.3662777277462252e+00  3.2443393068089366e-01  6.2962313450298968e+00  3.3754265292193320e-01  nan  nan  1.0000000000000000e+00  9.8928133112952998e-01
3.3999999999999502e+00  3.4449972123149990e+01  3.5599750039505280e-02  6.2997172765830571e+00  3.3406578463269715e-01  3.1997052394986774e+01  3.1997157626099035e+01  3.1997162939401768e+01  4.7999999999999998e+00  3.1572737012858866e+01  6.3681699338090283e+00  3.2109798931398953e-01  6.2997172765830571e+00  3.3406578463269715e-01  nan  nan  1.0000000000000000e+00  9.8952430465443508e-01
3.5999999999999499e+00  3.4355560844153771e+01  3.5260855054433070e-02  6.3067314949653301e+00  3.2931908086574230e-01  3.1996897863530833e+01  3.1996880537636997e+01  3.1996885774218036e+01  4.7999999999999998e+00  3.1488315812309612e+01  6.3729437805748654e+00  3.1720244381467400e-01  6.3067314949653301e+00  3.2931908086574230e-01  nan  nan  1.0000000000000000e+00  9.8975958983802059e-01
3.7999999999999399e+00  3.4220607035854194e+01  3.4944630588800180e-02  6.3165921483284304e+00  3.2332991527535132e-01  3.1996749708876873e+01  3.1996610277905660e+01  3.1996615323871389e+01  4.7999999999999998e+00  3.1383739717820134e+01  6.3799945097604338e+00  3.1213360609999347e-01  6.3165921483284304e+00  3.2332991527535132e-01  nan  nan  1.0000000000000000e+00  9.8998748902735312e-01
3.9999999999999400e+00  3.4058018986211763e+01  3.4739799028397203e-02  6.3285420542895565e+00  3.1634661539128739e-01  3.1996609584070374e+01  3.1996363233770460e+01  3.1996367981354904e+01  4.7999999999999998e+00  3.1268934208378411e+01  6.3886413512834981e+00  3.0602899354693736e-01  6.3285420542895565e+00  3.1634661539128739e-01  nan  nan  1.0000000000000000e+00  9.9020761219813414e-01
4.1999999999999300e+00  3.3881412283581788e+01  3.4364766779042412e-02  6.3418303715729198e+00  3.0852247158653789e-01  3.1996480849921124e+01  3.1996152385107884e+01  3.1996156701340059e+01  4.7999999999999998e+00  3.1154564609169519e+01  6.3982077875740551e+00  2.9905586041772847e-01  6.3418303715729198e+00  3.0852247158653789e-01  nan  nan  1.0000000000000000e+00  9.9042083765245947e-01
4.3999999999999302e+00  3.3704534182279644e+01  3.4267112815833473e-02  6.3557318510073380e+00  3.0011806163018834e-01  3.1996369114562025e+01  3.1995986976435177e+01  3.1995990658536126e+01  4.7999999999999998e+00  3.1051569457483538e+01  6.4080427851726594e+00  2.9161354791092564e-01  6.3557318510073380e+00  3.0011806163018834e-01  nan  nan  1.0000000000000000e+00  9.9062751065429977e-01
4.5999999999999197e+00  3.3541039848964964e+01  3.3925821625670316e-02  6.3695464998192532e+00  2.9138609016069084e-01  3.1996281141795016e+01  3.1995871851074995e+01  3.1995874627274642e+01  4.7999999999999998e+00  3.0970969980002572e+01  6.4175236289910442e+00  2.8379229904069780e-01  6.3695464998192532e+00  2.9138609016069084e-01  nan  nan  1.0000000000000000e+00  9.9082787668316841e-01
4.7999999999999199e+00  3.3404291417074688e+01  3.3687806662610661e-02  6.3826073597346324e+00  2.8252976904102756e-01  3.1996222255636003e+01  3.1995806576327489e+01  3.1995808165555744e+01  4.7999999999999998e+00  3.0923679826467101e+01  6.4260660853924056e+00  2.7593334670474451e-01  6.3826073597346324e+00  2.8252976904102756e-01  nan  nan  1.0000000000000000e+00  9.9102223776236997e-01
4.9999999999999201e+00  3.3307113480854149e+01  3.3336598056763769e-02  6.3943014223155830e+00  2.7375355794519052e-01  3.1996194184709431e+01  3.1995785258743496e+01  3.1995785419901928e+01  4.7999999999999998e+00  3.0920283368558515e+01  6.4331448670048479e+00  2.6806885211177245e-01  6.3943014223155830e+00  2.7375355794519052e-01  nan  nan  1.0000000000000000e+00  9.9121087115198692e-01
5.1999999999999096e+00  3.3261348406377877e+01  3.3029770351248607e-02  6.4041155423772125e+00  2.6523580729152751e-01  3.1996195052234086e+01  3.1995796892662632e+01  3.1995795414106041e+01  4.7999999999999998e+00  3.0970686550023025e+01  6.4383327309766951e+00  2.6045125665357627e-01  6.4041155423772125e+00  2.6523580729152751e-01  nan  nan  1.0000000000000000e+00  9.9139399681475360e-01
5.3999999999999098e+00  3.3276407432759228e+01  3.2724556027040608e-02  6.4117704271574629e+00  2.5722293033083360e-01  3.1996221274293863e+01  3.1995825170905725e+01  3.1995821848374614e+01  4.7999999999999998e+00  3.1082937380977157e+01  6.4414180110295050e+00  2.5332589238506203e-01  6.4117704271574629e+00  2.5722293033083360e-01  nan  nan  1.0000000000000000e+00  9.9157176128340296e-01
5.5999999999999002e+00  3.3357227809110512e+01  3.2590145089405984e-02  6.4173949958985501e+00  2.4990708390106020e-01  3.1996263593540725e+01  3.1995850897163155e+01  3.1995845576723379e+01  4.7999999999999998e+00  3.1261487501996314e+01  6.4425615899845718e+00  2.4696272857037371e-01  6.4173949958985501e+00  2.4990708390106020e-01  nan  nan  1.0000000000000000e+00  9.9174389983882560e-01
5.7999999999999003e+00  3.3504591419574794e+01  3.2275978537068463e-02  6.4214804495811828e+00  2.4342767252805211e-01  3.1996304366157037e+01  3.1995856989740389e+01  3.1995849617360591e+01  4.7999999999999998e+00  3.1507423954648893e+01  6.4422521133402917e+00  2.4130088949492468e-01  6.4214804495811828e+00  2.4342767252805211e-01  nan  nan  1.0000000000000000e+00  9.9141818968686168e-01
5.9999999999998899e+00  3.3716888851327340e+01  3.2295079686957572e-02  6.4247061690053018e+00  2.3779529365286584e-01  3.1996323022423759e+01  3.1995831337476115e+01  3.1995821929584910e+01  4.7999999999999998e+00  3.1819858487358214e+01  6.4411499052227112e+00  2.3643745190604201e-01  6.4247061690053018e+00  2.3779529365286584e-01  nan  nan  1.0000000000000000e+00  9.9048027434295249e-01
6.1999999999998900e+00  3.3991351303111955e+01  3.1972987051577147e-02  6.4278119717106277e+00  2.3299384471577714e-01  3.1996304584766598e+01  3.1995766627799267e+01  3.1995755234342603e+01  4.7999999999999998e+00  3.2196777099137620e+01  6.4399807826642750e+00  2.3238027491749461e-01  6.4278119717106277e+00  2.3299384471577714e-01  nan  nan  1.0000000000000000e+00  9.9007683876254904e-01
6.3999999999998902e+00  3.4325519648572147e+01  3.1698452728102844e-02  6.4314595222173061e+00  2.2895802376930879e-01  3.1996244433640168e+01  3.1995658781762803e+01  3.1995645485538695e+01  4.7999999999999998e+00  3.2636271676524743e+01  6.4394055977839093e+00  2.2904071606196519e-01  6.4314595222173061e+00  2.2895802376930879e-01  nan  nan  1.0000000000000000e+00  9.8981417980794062e-01
6.5999999999998797e+00  3.4719250785265920e+01  3.1001743794719292e-02  6.4360718850656928e+00  2.2567260262004410e-01  3.1996149360163354e+01  3.1995504832664931e+01  3.1995489752820358e+01  4.7999999999999998e+00  3.3138527229216464e+01  6.4398506287718442e+00  2.2642418912046583e-01  6.4360718850656928e+00  2.2567260262004410e-01  nan  nan  1.0000000000000000e+00  9.8974385455373826e-01
6.7999999999998799e+00  3.5176570392813481e+01  3.0324076572388066e-02  6.4417144714456187e+00  2.2317142405308502e-01  3.1996033879600756e+01  3.1995300805223245e+01  3.1995284094797189e+01  4.7999999999999998e+00  3.3707794780284395e+01  6.4413744157979078e+00  2.2458564754510787e-01  6.4417144714456187e+00  2.2317142405308502e-01  nan  nan  1.0000000000000000e+00  9.8981689118560845e-01
6.9999999999998703e+00  3.5705992840231247e+01  2.9501473666108620e-02  6.4481167114685052e+00  2.2157071476567355e-01  3.1995912956780664e+01  3.1995040422383749e+01  3.1995022269842309e+01  4.7999999999999998e+00  3.4352882689504298e+01  6.4436814188974010e+00  2.2364505066116905e-01  6.4481167114685052e+00  2.2157071476567355e-01  nan  nan  1.0000000000000000e+00  9.9000323561430192e-01
7.1999999999998696e+00  3.6318726624847017e+01  2.8697621363338942e-02  6.4548537499457996e+00  2.2096555212743627e-01  3.1995795475510249e+01  3.1994715125888728e+01  3.1994695769515474e+01  4.7999999999999998e+00  3.5085522865210493e+01  6.4463044410830053e+00  2.2374116372290137e-01  6.4548537499457996e+00  2.2096555212743627e-01  nan  nan  1.0000000000000000e+00  9.9028167370720699e-01
7.3999999999998600e+00  3.7025508164987656e+01  2.8058378408513510e-02  6.4615985927426136e+00  2.2142463105970520e-01  3.1995681176987343e+01  3.1994315035353104e+01  3.1994294796720506e+01  4.7999999999999998e+00  3.5917278933533666e+01  6.4488659984461716e+00  2.2488246382420371e-01  6.4615985927426136e+00  2.2142463105970520e-01  nan  nan  1.0000000000000000e+00  9.8814650957855732e-01
7.5999999999998602e+00  3.7832746634643840e+01  2.7559280161095396e-02  6.4683661360928850e+00  2.2295956303810349e-01  3.1995560372535945e+01  3.1993830524039534e+01  3.1993809835762338e+01  4.7999999999999998e+00  3.6855636374256264e+01  6.4513382284626450e+00  2.2716087911191407e-01  6.4683661360928850e+00  2.2295956303810349e-01  nan  nan  1.0000000000000000e+00  9.7652866146074824e-01
7.7999999999998604e+00  3.8736945060915318e+01  2.7121338748904166e-02  6.4758090796781591e+00  2.2536980306455212e-01  3.1995415366489109e+01  3.1993254783049245e+01  3.1993234106324653e+01  4.7999999999999998e+00  3.7898222915026793e+01  6.4543592534235765e+00  2.3037382282656360e-01  6.4758090796781591e+00  2.2536980306455212e-01  nan  nan  1.0000000000000000e+00  9.6549279801289878e-01
7.9999999999998499e+00  3.9715262026954022e+01  2.6723052510826142e-02  6.4857004683609354e+00  2.2812855074188776e-01  3.1995228068670418e+01  3.1992587298772978e+01  3.1992566919704213e+01  4.7999999999999998e+00  3.9022864228884508e+01  6.4597452274633600e+00  2.3394928416927915e-01  6.4857004683609354e+00  2.2812855074188776e-01  nan  nan  1.0000000000000000e+00  9.5791838501065762e-01
8.1999999999998803e+00  4.0714514863986651e+01  2.6414722043254006e-02  6.5014237626607851e+00  2.3024647304221699e-01  3.1995002572706412e+01  3.1991836647860111e+01  3.1991816585604148e+01  4.7999999999999998e+00  4.0175495977545367e+01  6.4710223612490125e+00  2.3680731417092385e-01  6.5014237626607851e+00  2.3024647304221699e-01  nan  nan  1.0000000000000000e+00  9.5379695021809485e-01
8.3999999999999098e+00  4.1658121795171283e+01  2.6193392920713293e-02  6.5272332717622783e+00  2.3029915669502468e-01  3.1994792846263177e+01  3.1991025496275380e+01  3.1991005586582187e+01  4.7999999999999998e+00  4.1275988599350896e+01  6.4926939130453079e+00  2.3755794916638517e-01  6.5272332717622783e+00  2.3029915669502468e-01  nan  nan  1.0000000000000000e+00  9.5242634644953628e-01
8.5999999999999392e+00  4.2503085135700502e+01  2.5908993461270288e-02  6.5645246308820004e+00  2.2788765323876178e-01  3.1994675552217085e+01  3.1990202099699008e+01  3.1990182084171334e+01  4.7999999999999998e+00  4.2276932116153446e+01  6.5263489298865149e+00  2.3559548264119648e-01  6.5645246308820004e+00  2.2788765323876178e-01  nan  nan  1.0000000000000000e+00  9.5224686451735874e-01
8.7999999999999794e+00  4.3308437960376949e+01  2.5654351713866961e-02  6.6080624980241538e+00  2.2413851119681447e-01  3.1994635329259950e+01  3.1989415805111904e+01  3.1989395535060289e+01  4.7999999999999998e+00  4.3238245410355205e+01  6.5665948322868033e+00  2.3227969237818219e-01  6.6080624980241538e+00  2.2413851119681447e-01  nan  nan  1.0000000000000000e+00  9.5223018325377873e-01
9.0000000000000107e+00  4.4144113072897014e+01  2.5405716015409960e-02  6.6526798970550667e+00  2.2051316096320012e-01  3.1994579545841098e+01  3.1988642551353536e+01  3.1988622082732913e+01  4.7999999999999998e+00  4.4233871375961328e+01  6.6080305483469646e+00  2.2899222771372324e-01  6.6526798970550667e+00  2.2051316096320012e-01  nan  nan  1.0000000000000000e+00  9.5197033286535371e-01
9.2000000000000401e+00  4.4907648388334351e+01  2.5743364470888857e-02  6.7045111233453927e+00  2.1537183212062858e-01  3.1994501196982732e+01  3.1987842203333251e+01  3.1987821355085917e+01  4.7999999999999998e+00  4.5154181500742069e+01  6.6571886377838521e+00  2.2401221476417987e-01  6.7045111233453927e+00  2.1537183212062858e-01  nan  nan  1.0000000000000000e+00  9.5171876456268056e-01
9.4000000000000696e+00  4.5500008279026801e+01  2.4771965844451915e-02  6.7688046833754640e+00  2.0728041081361856e-01  3.1994439871835066e+01  3.1987033356943055e+01  3.1987011834416936e+01  4.7999999999999998e+00  4.5891850065715929e+01  6.7196252021133711e+00  2.1583859067077785e-01  6.7688046833754640e+00  2.0728041081361856e-01  nan  nan  1.0000000000000000e+00  9.5175440622943253e-01
9.6000000000000991e+00  4.5965023525836685e+01  2.4317152415251446e-02  6.8418877119417187e+00  1.9712390177510936e-01  3.1994400668500511e+01  3.1986235279666680e+01  3.1986212934054929e+01  4.7999999999999998e+00  4.6492606995476962e+01  6.7914521893608377e+00  2.0541166561757213e-01  6.8418877119417187e+00  1.9712390177510936e-01  nan  nan  1.0000000000000000e+00  9.5200468065522026e-01
9.8000000000001304e+00  4.6386066513441243e+01  2.3996466206225833e-02  6.9181730527638674e+00  1.8652603257331249e-01  3.1994368431098671e+01  3.1985450168244267e+01  3.1985426983160970e+01  4.7999999999999998e+00  4.7045106852008175e+01  6.8667960198762374e+00  1.9442788029786764e-01  6.9181730527638674e+00  1.8652603257331249e-01  nan  nan  1.0000000000000000e+00  9.5236609768555591e-01
1.0000000000000201e+01  4.6823858125988821e+01  2.3482918611703655e-02  6.9938357210998596e+00  1.7670674239684547e-01  3.1994326663901521e+01  3.1984674729846702e+01  3.1984650755106404e+01  4.7999999999999998e+00  4.7613934186631418e+01  6.9416732664020353e+00  1.8413009883180964e-01  6.9938357210998596e+00  1.7670674239684547e-01  nan  nan  1.0000000000000000e+00  9.5281277295821198e-01
1.0200000000000200e+01  4.7314926271886442e+01  2.3078749954418769e-02  7.0667127214699983e+00  1.6835184576381745e-01  3.1994262142879254e+01  3.1983905817415724e+01  3.1983881128668614e+01  4.7999999999999998e+00  4.8237747127605118e+01  7.0138654245443135e+00  1.7529902434224029e-01  7.0667127214699983e+00  1.6835184576381745e-01  nan  nan  1.0000000000000000e+00  9.5335385964273067e-01
1.0400000000000199e+01  4.7882842203576260e+01  2.2542142785058450e-02  7.1355189777244075e+00  1.6173048662205414e-01  3.1994164818281444e+01  3.1983141718799128e+01  3.1983116401397460e+01  4.7999999999999998e+00  4.8941276024893000e+01  7.0820818919934991e+00  1.6827027187669666e-01  7.1355189777244075e+00  1.6173048662205414e-01  nan  nan  1.0000000000000000e+00  9.5381158634522856e-01
1.0600000000000300e+01  4.8547127379689364e+01  2.2015957211801617e-02  7.1992561934480062e+00  1.5696353214255640e-01  3.1994027228121848e+01  3.1982382817901868e+01  3.1982356963411632e+01  4.7999999999999998e+00  4.9744861946012207e+01  7.1453356684829021e+00  1.6307243148437325e-01  7.1992561934480062e+00  1.5696353214255640e-01  nan  nan  1.0000000000000000e+00  9.5402953381910771e-01
1.0800000000000299e+01  4.9327592661916718e+01  2.1486338651697544e-02  7.2569283523466162e+00  1.5410491185559252e-01  3.1993844347706478e+01  3.1981632133485842e+01  3.1981605835836771e+01  4.7999999999999998e+00  5.0669107976852075e+01  7.2026450927418697e+00  1.5978310395480536e-01  7.2569283523466162e+00  1.5410491185559252e-01  nan  nan  1.0000000000000000e+00  9.5419924784724441e-01
1.1000000000000300e+01  5.0244378789486106e+01  2.1140437875848558e-02  7.3075374765118069e+00  1.5323956899196037e-01  3.1993613922828875e+01  3.1980895083878654e+01  3.1980868424344081e+01  4.7999999999999998e+00  5.1734941529020077e+01  7.2530273420776687e+00  1.5848510000203328e-01  7.3075374765118069e+00  1.5323956899196037e-01  nan  nan  1.0000000000000000e+00  9.5429784841245335e-01
1.1200000000000401e+01  5.1314684586679277e+01  2.0932844897631860e-02  7.3502764639467815e+00  1.5427306322892673e-01  3.1993337035848736e+01  3.1980178594701744e+01  3.1980151610223448e+01  4.7999999999999998e+00  5.2960147677259918e+01  7.2956929735036171e+00  1.5908671001635882e-01  7.3502764639467815e+00  1.5427306322892673e-01  nan  nan  1.0000000000000000e+00  9.5432844990932131e-01
1.1400000000000400e+01  5.2546122148670925e+01  2.0621645855759766e-02  7.3848824277211138e+00  1.5699762041201434e-01  3.1993018635680691e+01  3.1979490467966585e+01  3.1979463100039755e+01  4.7999999999999998e+00  5.4352313186568885e+01  7.3304009692637084e+00  1.6149302922166950e-01  7.3848824277211138e+00  1.5699762041201434e-01  nan  nan  1.0000000000000000e+00  9.5430886669016635e-01
1.1600000000000399e+01  5.3924368440177126e+01  2.0899351266553751e-02  7.4122354786168705e+00  1.6104105487986503e-01  3.1992667822834026e+01  3.1978839388717319e+01  3.1978811411773560e+01  4.7999999999999998e+00  5.5895715372139335e+01  7.3580583519321925e+00  1.6528058067328119e-01  7.4122354786168705e+00  1.6104105487986503e-01  nan  nan  1.0000000000000000e+00  9.5425438918991812e-01
1.1800000000000400e+01  5.5393157033221669e+01  2.2081037809007893e-02  7.4352608338288784e+00  1.6561664481224472e-01  3.1992297396977904e+01  3.1978234594009272e+01  3.1978205539482719e+01  4.7999999999999998e+00  5.7530102481183683e+01  7.3816206578993402e+00  1.6954413571797539e-01  7.4352608338288784e+00  1.6561664481224472e-01  nan  nan  1.0000000000000000e+00  9.5416180206659240e-01
1.2000000000000499e+01  5.6836355285865778e+01  2.3330308118080994e-02  7.4595970208449423e+00  1.6919325207060334e-01  3.1991921460741800e+01  3.1977682702497042e+01  3.1977651854623492e+01  4.7999999999999998e+00  5.9131764635276546e+01  7.4067490511701974e+00  1.7282132368665859e-01  7.4595970208449423e+00  1.6919325207060334e-01  nan  nan  1.0000000000000000e+00  9.5403358859143716e-01
1.2200000000000500e+01  5.8105179452974532e+01  2.3869387673383674e-02  7.4918948903280134e+00  1.7028439622250777e-01  3.1991550269389624e+01  3.1977180900080221e+01  3.1977147512262047e+01  4.7999999999999998e+00  6.0542654407164434e+01  7.4400758380072336e+00  1.7361410365876284e-01  7.4918948903280134e+00  1.7028439622250777e-01  nan  nan  1.0000000000000000e+00  9.5390548045206935e-01
1.2400000000000500e+01  5.9138496765262445e+01  2.3658817444412485e-02  7.5335296003971290e+00  1.6888360776700273e-01  3.1991189586010801e+01  3.1976721709411496e+01  3.1976685362444801e+01  4.7999999999999998e+00  6.1698297814341466e+01  7.4828689343113091e+00  1.7188000712177348e-01  7.5335296003971290e+00  1.6888360776700273e-01  nan  nan  1.0000000000000000e+00  9.5378189210481279e-01
1.2600000000000600e+01  6.0015151978277480e+01  2.3455000982320003e-02  7.5783690090856037e+00  1.6680688123424028e-01  3.1990857088579254e+01  3.1976324322891365e+01  3.1976284693842100e+01  4.7999999999999998e+00  6.2683069632643324e+01  7.5288355216865241e+00  1.6955864910283472e-01  7.5783690090856037e+00  1.6680688123424028e-01  nan  nan  1.0000000000000000e+00  9.5366254675322604e-01
1.2800000000000599e+01  6.0709046459350532e+01  2.3307849126410353e-02  7.6264288495988106e+00  1.6426256998125735e-01  3.1990577344372362e+01  3.1976015023975503e+01  3.1975971324987182e+01  4.7999999999999998e+00  6.3469542707075959e+01  7.5779318987548407e+00  1.6681436829392871e-01  7.6264288495988106e+00  1.6426256998125735e-01  nan  nan  1.0000000000000000e+00  9.5356375151049322e-01
1.3000000000000600e+01  6.1062151929905788e+01  2.2558051408865361e-02  7.6851479673276639e+00  1.5955938565783390e-01  3.1990349785525314e+01  3.1975769088013248e+01  3.1975720556662552e+01  4.7999999999999998e+00  6.3889654026343166e+01  7.6376263148702375e+00  1.6194742530310088e-01  7.6851479673276639e+00  1.5955938565783390e-01  nan  nan  1.0000000000000000e+00  9.5349328130918209e-01
1.3200000000000699e+01  6.1045024452449788e+01  2.1365809699783071e-02  7.7554380248733263e+00  1.5265304531008142e-01  3.1990164282886223e+01  3.1975549335265701e+01  3.1975495668602044e+01  4.7999999999999998e+00  6.3911892806279923e+01  7.7088160175904274e+00  1.5486170838965826e-01  7.7554380248733263e+00  1.5265304531008142e-01  nan  nan  1.0000000000000000e+00  9.5345531392623506e-01
1.3400000000000700e+01  6.0751521453278947e+01  2.0514243827013671e-02  7.8323139333271374e+00  1.4492914045024524e-01  3.1990015379558709e+01  3.1975339475239188e+01  3.1975280693862810e+01  4.7999999999999998e+00  6.3636134225661806e+01  7.7864618354392041e+00  1.4697610932604060e-01  7.8323139333271374e+00  1.4492914045024524e-01  nan  nan  1.0000000000000000e+00  9.5345757646098284e-01
1.3600000000000700e+01  6.0288925862937326e+01  2.0249945451380025e-02  7.9106492961617194e+00  1.3776074369647331e-01  3.1989897499334639e+01  3.1975134385044001e+01  3.1975070671329039e+01  4.7999999999999998e+00  6.3176820009487997e+01  7.8653894585821194e+00  1.3967584831824778e-01  7.9106492961617194e+00  1.3776074369647331e-01  nan  nan  1.0000000000000000e+00  9.5351535303923485e-01
1.3800000000000800e+01  5.9738887799623960e+01  1.9982131809361096e-02  7.9870002502230548e+00  1.3192905480660252e-01  3.1989803607913043e+01  3.1974931129609651e+01  3.1974862733309532e+01  4.7999999999999998e+00  6.2621264128808825e+01  7.9421266976893028e+00  1.3372301848865975e-01  7.9870002502230548e+00  1.3192905480660252e-01  nan  nan  1.0000000000000000e+00  9.5362720743164264e-01
1.4000000000000799e+01  5.9160063642394903e+01  1.9707301981536869e-02  8.0592811025527347e+00  1.2771390860048851e-01  3.1989728266084683e+01  3.1974727247889646e+01  3.1974654423251245e+01  4.7999999999999998e+00  6.2032371049136771e+01  8.0145750455206404e+00  1.2942718889448426e-01  8.0592811025527347e+00  1.2771390860048851e-01  nan  nan  1.0000000000000000e+00  9.5374429008347805e-01
1.4200000000000800e+01  5.8596925002010046e+01  1.9457356496843256e-02  8.1261944316182717e+00  1.2515440360273064e-01  3.1989668841478078e+01  3.1974519870915707e+01  3.1974442875798328e+01  4.7999999999999998e+00  6.1457964974029935e+01  8.0814340656793924e+00  1.2682351344517323e-01  8.1261944316182717e+00  1.2515440360273064e-01  nan  nan  1.0000000000000000e+00  9.5387285529433974e-01
1.4400000000000899e+01  5.8084726760546644e+01  1.9225322370883861e-02  8.1869610874403591e+00  1.2417687813728012e-01  3.1989621510503927e+01  3.1974303002307913e+01  3.1974222167730613e+01  4.7999999999999998e+00  6.0936036448618950e+01  8.1419289106910195e+00  1.2584839895395572e-01  8.1869610874403591e+00  1.2417687813728012e-01  nan  nan  1.0000000000000000e+00  9.5401853989354546e-01
1.4600000000000900e+01  5.7649970028174550e+01  1.9059912548424554e-02  8.2413869741990649e+00  1.2464981639425682e-01  3.1989573358294013e+01  3.1974064723398502e+01  3.1973980537927531e+01  4.7999999999999998e+00  6.0495181873606015e+01  8.1958783306651029e+00  1.2633643133327588e-01  8.2413869741990649e+00  1.2464981639425682e-01  nan  nan  1.0000000000000000e+00  9.5418603608161057e-01
1.4800000000000900e+01  5.7308854148331015e+01  1.9062629535141810e-02  8.2900808219340387e+00  1.2631687614809867e-01  3.1989495386177119e+01  3.1973787436521427e+01  3.1973700608926713e+01  4.7999999999999998e+00  6.0152889958737674e+01  8.2439147322591673e+00  1.2804041462601218e-01  8.2900808219340387e+00  1.2631687614809867e-01  nan  nan  1.0000000000000000e+00  9.5439884263794783e-01
1.5000000000000901e+01  5.7067725898436407e+01  1.9510327488570171e-02  8.3345257967831010e+00  1.2886970009377005e-01  3.1989338680087936e+01  3.1973448869180995e+01  3.1973360408593038e+01  4.7999999999999998e+00  5.9915956499818350e+01  8.2875550147315256e+00  1.3064716783756733e-01  8.3345257967831010e+00  1.2886970009377005e-01  nan  nan  1.0000000000000000e+00  9.5434371464720191e-01
1.5200000000000999e+01  5.6927512040182435e+01  1.9990645625578660e-02  8.3768985318847928e+00  1.3204290245565251e-01  3.1989027555227931e+01  3.1973017013578978e+01  3.1972928410104064e+01  4.7999999999999998e+00  5.9785148223114930e+01  8.3290153980332864e+00  1.3389279142471849e-01  8.3768985318847928e+00  1.3204290245565251e-01  nan  nan  1.0000000000000000e+00  9.5408687097322231e-01
1.5400000000001000e+01  5.6889443675250476e+01  2.0374896303119207e-02  8.4197488604140673e+00  1.3558526497398243e-01  3.1988477559582108e+01  3.1972458421851080e+01  3.1972371730316890e+01  4.7999999999999998e+00  5.9761271802488281e+01  8.3708861283913727e+00  1.3753118176797807e-01  8.4197488604140673e+00  1.3558526497398243e-01  nan  nan  1.0000000000000000e+00  9.5382862854350858e-01
1.5600000000001000e+01  5.6949061415184659e+01  2.0632157041778686e-02  8.4655337519891276e+00  1.3945230485219276e-01  3.1987768741838810e+01  3.1971837100238091e+01  3.1971753782213746e+01  4.7999999999999998e+00  5.9838986482891691e+01  8.4156528121365124e+00  1.4143711184159843e-01  8.4655337519891276e+00  1.3945230485219276e-01  nan  nan  1.0000000000000000e+00  9.5356589912539336e-01
1.5800000000001100e+01  5.7076279410392999e+01  2.0776140672395686e-02  8.5160606780620647e+00  1.4349122393749647e-01  3.1987172233496857e+01  3.1971325688909161e+01  3.1971245019535054e+01  4.7999999999999998e+00  5.9986043085095815e+01  8.4651200146766961e+00  1.4560320542748240e-01  8.5160606780620647e+00  1.4349122393749647e-01  nan  nan  1.0000000000000000e+00  9.5331384873126257e-01
1.6000000000001101e+01  5.7223904069724625e+01  2.0845712025579093e-02  8.5724034538959106e+00  1.4778311678601630e-01  3.1986762828381806e+01  3.1970994980221789e+01  3.1970915164225758e+01  4.7999999999999998e+00  6.0152401390599998e+01  8.5203397153859601e+00  1.4994556925816435e-01  8.5724034538959106e+00  1.4778311678601630e-01  nan  nan  1.0000000000000000e+00  9.5308165976434023e-01
1.6200000000001101e+01  5.7353251435366239e+01  2.0881098870418720e-02  8.6351263857339440e+00  1.5214734786598527e-01  3.1986418504103813e+01  3.1970807699699634e+01  3.1970727320624441e+01  4.7999999999999998e+00  6.0297193912764456e+01  8.5818642212484590e+00  1.5439042918717891e-01  8.6351263857339440e+00  1.5214734786598527e-01  nan  nan  1.0000000000000000e+00  9.5287088276598586e-01
1.6400000000001000e+01  5.7444340844128099e+01  2.0901359952416026e-02  8.7043824670457273e+00  1.5634823508621518e-01  3.1986002718884482e+01  3.1970688907030063e+01  3.1970607369032773e+01  4.7999999999999998e+00  6.0399408922103930e+01  8.6498548960077137e+00  1.5869803053481024e-01  8.7043824670457273e+00  1.5634823508621518e-01  nan  nan  1.0000000000000000e+00  9.5266463591940653e-01
1.6600000000001000e+01  5.7491297740357780e+01  2.1521198932108774e-02  8.7801556745301212e+00  1.6011937670406454e-01  3.1985464772103565e+01  3.1970567326813701e+01  3.1970484705125035e+01  4.7999999999999998e+00  6.0452938368579581e+01  8.7243239495531721e+00  1.6254189142562039e-01  8.7801556745301212e+00  1.6011937670406454e-01  nan  nan  1.0000000000000000e+00  9.5236042648619346e-01
1.6800000000000900e+01  5.7487544942869285e+01  2.3529975068644675e-02  8.8628010754234889e+00  1.6290044882040183e-01  3.1984868412693203e+01  3.1970399824103286e+01  3.1970316446669152e+01  4.7999999999999998e+00  6.0450769236335226e+01  8.8056710331003210e+00  1.6543639514176983e-01  8.8628010754234889e+00  1.6290044882040183e-01  nan  nan  1.0000000000000000e+00  9.5193831454828659e-01
1.7000000000000899e+01  5.7421929604117409e+01  2.5290945003734921e-02  8.9528339392654175e+00  1.6442936206580494e-01  3.1984314177905969e+01  3.1970173912202039e+01  3.1970089987080801e+01  4.7999999999999998e+00  6.0380911427106682e+01  8.8944585904923308e+00  1.6702341454546063e-01  8.9528339392654175e+00  1.6442936206580494e-01  nan  nan  1.0000000000000000e+00  9.5149959753717361e-01
1.7200000000000902e+01  5.7311240180022395e+01  2.6684796537767702e-02  9.0484717526263694e+00  1.6496272107821333e-01  3.1983835004131279e+01  3.1969913202514590e+01  3.1969828702770393e+01  4.7999999999999998e+00  6.0261380321774325e+01  8.9889111148194552e+00  1.6757696076007678e-01  9.0484717526263694e+00  1.6496272107821333e-01  nan  nan  1.0000000000000000e+00  9.5099056090571588e-01
1.7400000000000801e+01  5.7204316148030735e+01  2.7936329665390051e-02  9.1453043238515868e+00  1.6538350178827699e-01  3.1983424359427278e+01  3.1969678110513055e+01  3.1969592769917128e+01  4.7999999999999998e+00  6.0144778798430764e+01  9.0845638279572132e+00  1.6801477262712647e-01  9.1453043238515868e+00  1.6538350178827699e-01  nan  nan  1.0000000000000000e+00  9.5050823455407440e-01
1.7600000000000801e+01  5.7087791855202148e+01  2.7925261068173904e-02  9.2434534623621492e+00  1.6580861048024093e-01  3.1983085722209424e+01  3.1969499438380495e+01  3.1969412767452681e+01  4.7999999999999998e+00  6.0017030142318767e+01  9.1815228940657256e+00  1.6848391324862202e-01  9.2434534623621492e+00  1.6580861048024093e-01  nan  nan  1.0000000000000000e+00  9.5016238165350264e-01
1.7800000000000701e+01  5.6898710396429820e+01  2.8721852316791904e-02  9.3472311702121971e+00  1.6562677518987604e-01  3.1982803391208577e+01  3.1969366577492274e+01  3.1969277997565985e+01  4.7999999999999998e+00  5.9810539140201797e+01  9.2841542079823238e+00  1.6832264662616395e-01  9.3472311702121971e+00  1.6562677518987604e-01  nan  nan  1.0000000000000000e+00  9.4999803765054769e-01
1.8000000000000700e+01  5.6613720365653577e+01  3.2446236675809620e-02  9.4585512535325478e+00  1.6479413888892541e-01  3.1982563057163436e+01  3.1969281586267492e+01  3.1969190489615613e+01  4.7999999999999998e+00  5.9500231798270903e+01  9.3943908983826798e+00  1.6746698380217742e-01  9.4585512535325478e+00  1.6479413888892541e-01  nan  nan  1.0000000000000000e+00  9.4999981527163013e-01
1.8200000000000699e+01  5.6267325673251236e+01  3.5384134966290233e-02  9.5751177416620319e+00  1.6395845381848315e-01  3.1982366846483831e+01  3.1969264881791016e+01  3.1969170581664393e+01  4.7999999999999998e+00  5.9123328111976825e+01  9.5098788257139404e+00  1.6659422447564090e-01  9.5751177416620319e+00  1.6395845381848315e-01  nan  nan  1.0000000000000000e+00  9.5012759985873774e-01
1.8400000000000599e+01  5.5902988897930555e+01  3.5208908194326420e-02  9.6941431206246911e+00  1.6373289384408446e-01  3.1982203263416750e+01  3.1969334351936332e+01  3.1969235926218978e+01  4.7999999999999998e+00  5.8726565501912546e+01  9.6277658059621505e+00  1.6634728304534821e-01  9.6941431206246911e+00  1.6373289384408446e-01  nan  nan  1.0000000000000000e+00  9.4779154786434650e-01
1.8600000000000598e+01  5.5538032327296527e+01  3.2750674691027472e-02  9.8151217111679010e+00  1.6424445527490283e-01  3.1982026554518562e+01  3.1969459957756321e+01  3.1969356478712591e+01  4.7999999999999998e+00  5.8328443744889974e+01  9.7475293276145063e+00  1.6686522543135338e-01  9.8151217111679010e+00  1.6424445527490283e-01  nan  nan  1.0000000000000000e+00  9.4735014773496706e-01
1.8800000000000502e+01  5.5175945004415837e+01  3.0158629348042140e-02  9.9385329148221828e+00  1.6543440649989005e-01  3.1981775336582448e+01  3.1969567640969682e+01  3.1969458922331405e+01  4.7999999999999998e+00  5.7932555334883006e+01  9.8696634253464968e+00  1.6803012823783386e-01  9.9385329148221828e+00  1.6543440649989005e-01  nan  nan  1.0000000000000000e+00  9.4827977569039601e-01
1.9000000000000501e+01  5.4825361299191144e+01  3.0323206230801241e-02  1.0064397554523051e+01  1.6719880056565842e-01  3.1981403329111064e+01  3.1969586797051154e+01  3.1969473354365675e+01  4.7999999999999998e+00  5.7547948803337867e+01  9.9942112409574388e+00  1.6979815148000341e-01  1.0064397554523051e+01  1.6719880056565842e-01  nan  nan  1.0000000000000000e+00  9.4899966512579670e-01
1.9200000000000500e+01  5.4512080689053477e+01  3.0537080146895629e-02  1.0191439939071413e+01  1.6966280277181137e-01  3.1980900660601066e+01  3.1969457760258184e+01  3.1969340676011708e+01  4.7999999999999998e+00  5.7201891305365450e+01  1.0119919659351890e+01  1.7227264200048070e-01  1.0191439939071413e+01  1.6966280277181137e-01  nan  nan  1.0000000000000000e+00  9.4953558396692794e-01
1.9400000000000400e+01  5.4275659653857005e+01  3.1148603209539223e-02  1.0317144847895841e+01  1.7296194751706248e-01  3.1980311154677771e+01  3.1969169973632312e+01  3.1969050782513253e+01  4.7999999999999998e+00  5.6936214947171180e+01  1.0244298061187289e+01  1.7559172693461128e-01  1.0317144847895841e+01  1.7296194751706248e-01  nan  nan  1.0000000000000000e+00  9.4971396818206699e-01
1.9600000000000399e+01  5.4156019657563789e+01  3.1993155142249506e-02  1.0438741499930551e+01  1.7718954694245354e-01  3.1979647758138707e+01  3.1968711277961088e+01  3.1968591478957919e+01  4.7999999999999998e+00  5.6792996459391389e+01  1.0364612380918592e+01  1.7986377594160688e-01  1.0438741499930551e+01  1.7718954694245354e-01  nan  nan  1.0000000000000000e+00  9.5028127857120015e-01
1.9800000000000299e+01  5.4181501030386300e+01  3.2660700065172223e-02  1.0554489025298913e+01  1.8209602865829669e-01  3.1978904764277221e+01  3.1968066207584947e+01  3.1967947326785811e+01  4.7999999999999998e+00  5.6801786505982847e+01  1.0479177434208978e+01  1.8486819957539866e-01  1.0554489025298913e+01  1.8209602865829669e-01  nan  nan  1.0000000000000000e+00  9.5126279603675568e-01
2.0000000000000298e+01  5.4352489937245466e+01  3.2636310124425430e-02  1.0664858631381753e+01  1.8729179386246511e-01  3.1978204325014104e+01  3.1967331010874283e+01  3.1967213894038871e+01  4.7999999999999998e+00  5.6962418179128790e+01  1.0588525264087227e+01  1.9008112729295484e-01  1.0664858631381753e+01  1.8729179386246511e-01  nan  nan  1.0000000000000000e+00  9.5277491353190302e-01
2.0200000000000301e+01  5.4624055475506836e+01  3.2121448259992337e-02  1.0773480349346654e+01  1.9200595829129483e-01  3.1977635691415731e+01  3.1966648295821035e+01  3.1966532789725846e+01  4.7999999999999998e+00  5.7226882744266618e+01  1.0696330207041438e+01  1.9482408135614315e-01  1.0773480349346654e+01  1.9200595829129483e-01  nan  nan  1.0000000000000000e+00  9.5293141914077018e-01
2.0400000000000201e+01  5.4913496544964893e+01  3.1350740370723003e-02  1.0886876166550460e+01  1.9539948456909487e-01  3.1977138680612679e+01  3.1966080680247092e+01  3.1965966188209162e+01  4.7999999999999998e+00  5.7507487686551585e+01  1.0809139404430192e+01  1.9814574853171879e-01  1.0886876166550460e+01  1.9539948456909487e-01  nan  nan  1.0000000000000000e+00  9.5266961779791937e-01
2.0600000000000200e+01  5.5121617301485344e+01  3.1143318098732133e-02  1.1013162173039634e+01  1.9618849639178124e-01  3.1976621008859432e+01  3.1965588601694595e+01  3.1965474608938550e+01  4.7999999999999998e+00  5.7699672782749175e+01  1.0935058884109965e+01  1.9894695684563712e-01  1.1013162173039634e+01  1.9618849639178124e-01  nan  nan  1.0000000000000000e+00  9.5232746541795854e-01
2.0800000000000100e+01  5.5220205000186020e+01  3.2255498284267124e-02  1.1153905014821561e+01  1.9447024964932189e-01  3.1976053806420918e+01  3.1965048363609590e+01  3.1964935428770591e+01  4.7999999999999998e+00  5.7775092769355709e+01  1.1075539113948219e+01  1.9723119371553699e-01  1.1153905014821561e+01  1.9447024964932189e-01  nan  nan  1.0000000000000000e+00  9.5201151720844579e-01
2.1000000000000099e+01  5.5398598713386036e+01  3.4569111803512194e-02  1.1289321781803977e+01  1.9324831684215274e-01  3.1975581175885807e+01  3.1964540360189645e+01  3.1964429322956654e+01  4.7999999999999998e+00  5.7935174769234720e+01  1.1210629712271079e+01  1.9598954995001658e-01  1.1289321781803977e+01  1.9324831684215274e-01  nan  nan  1.0000000000000000e+00  9.5193191242418540e-01
2.1200000000000099e+01  5.5632273093835636e+01  3.6698091321099739e-02  1.1420828699086751e+01  1.9225889754251224e-01  3.1975217102800535e+01  3.1964250512275218e+01  3.1964139970345489e+01  4.7999999999999998e+00  5.8153569854090541e+01  1.1341785610621260e+01  1.9500020564925838e-01  1.1420828699086751e+01  1.9225889754251224e-01  nan  nan  1.0000000000000000e+00  9.5234034763712216e-01
2.1399999999999999e+01  5.5746891763476299e+01  3.7250634440998631e-02  1.1565816941649546e+01  1.8908760154830859e-01  3.1974765073518160e+01  3.1963912915296053e+01  3.1963802546255110e+01  4.7999999999999998e+00  5.8246348076714241e+01  1.1486444674328274e+01  1.9183297798320290e-01  1.1565816941649546e+01  1.8908760154830859e-01  nan  nan  1.0000000000000000e+00  9.5318325423005645e-01
2.1600000000000001e+01  5.5843918341724930e+01  3.7341394743751984e-02  1.1714384476803859e+01  1.8518882741636117e-01  3.1974234374029940e+01  3.1963481096710261e+01  3.1963371282024156e+01  4.7999999999999998e+00  5.8320896626145910e+01  1.1634672677714157e+01  1.8791172941241088e-01  1.1714384476803859e+01  1.8518882741636117e-01  nan  nan  1.0000000000000000e+00  9.5409052386446347e-01
2.1799999999999901e+01  5.6021899424225083e+01  3.8555965115619047e-02  1.1856647168207452e+01  1.8190825130968449e-01  3.1973678502007942e+01  3.1963033210167875e+01  3.1962923977928501e+01  4.7999999999999998e+00  5.8481404855937484e+01  1.1776542317538219e+01  1.8457910916242076e-01  1.1856647168207452e+01  1.8190825130968449e-01  nan  nan  1.0000000000000000e+00  9.5490118295491799e-01
2.1999999999999901e+01  5.6309345226259857e+01  4.2956088346456624e-02  1.1989666604644405e+01  1.7963170736592918e-01  3.1973137870678944e+01  3.1962618426895244e+01  3.1962509413038838e+01  4.7999999999999998e+00  5.8758224248811075e+01  1.1909072049876007e+01  1.8233817327178675e-01  1.1989666604644405e+01  1.7963170736592918e-01  nan  nan  1.0000000000000000e+00  9.5508207866697203e-01
2.2199999999999900e+01  5.6717831060838506e+01  4.9418230775496216e-02  1.2112135938953708e+01  1.7859249627129428e-01  3.1972666883566930e+01  3.1962266928317497e+01  3.1962157536557708e+01  4.7999999999999998e+00  5.9163779366971099e+01  1.2030917175330881e+01  1.8136795936011682e-01  1.2112135938953708e+01  1.7859249627129428e-01  nan  nan  1.0000000000000000e+00  9.5527515428548648e-01
2.2399999999999800e+01  5.7245747829509554e+01  5.4279953537563083e-02  1.2224054140303201e+01  1.7884071519486100e-01  3.1972310713845992e+01  3.1962023538840889e+01  3.1961913058053540e+01  4.7999999999999998e+00  5.9696413716336814e+01  1.2142059467354960e+01  1.8170370391615534e-01  1.2224054140303201e+01  1.7884071519486100e-01  nan  nan  1.0000000000000000e+00  9.5546058953172575e-01
2.2599999999999799e+01  5.7789540057470617e+01  5.1521709824981464e-02  1.2336091069912897e+01  1.7904763278458971e-01  3.1971998057968534e+01  3.1961889962684985e+01  3.1961777949429973e+01  4.7999999999999998e+00  6.0245945642887598e+01  1.2253303469191602e+01  1.8198948592806843e-01  1.2336091069912897e+01  1.7904763278458971e-01  nan  nan  1.0000000000000000e+00  9.5459456866060310e-01
2.2799999999999699e+01  5.8182557838897281e+01  3.4000521300080369e-02  1.2465438248215774e+01  1.7699797343893806e-01  3.1971554117064105e+01  3.1961670933028383e+01  3.1961557247971118e+01  4.7999999999999998e+00  6.0634716128078793e+01  1.2382115636436909e+01  1.7995360901656085e-01  1.2465438248215774e+01  1.7699797343893806e-01  nan  nan  1.0000000000000000e+00  9.5145146254241997e-01
2.2999999999999702e+01  5.8774074783899891e+01  5.0069200097165860e-02  1.2574708502706832e+01  1.7778829892713113e-01  3.1971301864874416e+01  3.1961516133124324e+01  3.1961398463204826e+01  4.7999999999999998e+00  6.1238180898828958e+01  1.2490208256572222e+01  1.8084479536928741e-01  1.2574708502706832e+01  1.7778829892713113e-01  nan  nan  1.0000000000000000e+00  9.4440141743766293e-01
2.3199999999999701e+01  5.9429036239996705e+01  4.7536839771052747e-02  1.2678137609542532e+01  1.7954234637612621e-01  3.1971192641575044e+01  3.1961583982476089e+01  3.1961461466783067e+01  4.7999999999999998e+00  6.1911981382039755e+01  1.2592090032086112e+01  1.8275438122103388e-01  1.2678137609542532e+01  1.7954234637612621e-01  nan  nan  1.0000000000000000e+00  9.3918752163714792e-01
2.3399999999999601e+01  5.9939243925823888e+01  3.9756243994261871e-02  1.2797238561571092e+01  1.7944543274467917e-01  3.1971047329828316e+01  3.1961655639145302e+01  3.1961528018183738e+01  4.7999999999999998e+00  6.2431685760378585e+01  1.2709880817348417e+01  1.8276123253991391e-01  1.2797238561571092e+01  1.7944543274467917e-01  nan  nan  1.0000000000000000e+00  9.3707950528792783e-01
2.3599999999999600e+01  6.0342522974265563e+01  3.2562570922498472e-02  1.2927638060485011e+01  1.7805067548454442e-01  3.1970861066327846e+01  3.1961694352955586e+01  3.1961561093214684e+01  4.7999999999999998e+00  6.2838274049217354e+01  1.2839078781730532e+01  1.8145329901960086e-01  1.2927638060485011e+01  1.7805067548454442e-01  nan  nan  1.0000000000000000e+00  9.3717287556140039e-01
2.3799999999999500e+01  6.0697444005905240e+01  2.8537606569050689e-02  1.3063160261217563e+01  1.7610810357197168e-01  3.1970649812413431e+01  3.1961693489051264e+01  3.1961554176106016e+01  4.7999999999999998e+00  6.3194790115541011e+01  1.2973352557930912e+01  1.7959047838636874e-01  1.3063160261217563e+01  1.7610810357197168e-01  nan  nan  1.0000000000000000e+00  9.3836256115668282e-01
2.3999999999999499e+01  6.1044330245432981e+01  2.8501876840491980e-02  1.3199794087069538e+01  1.7400240762987199e-01  3.1970453049297998e+01  3.1961644805765381e+01  3.1961499309745289e+01  4.7999999999999998e+00  6.3544392751386304e+01  1.3108608711190964e+01  1.7756993160527940e-01  1.3199794087069538e+01  1.7400240762987199e-01  nan  nan  1.0000000000000000e+00  9.3989860471580744e-01
2.4199999999999498e+01  6.1416158179741430e+01  2.8295267527461743e-02  1.3334453876080975e+01  1.7194159389745303e-01  3.1970270852059301e+01  3.1961544107158520e+01  3.1961392693904685e+01  4.7999999999999998e+00  6.3922205035550824e+01  1.3241710198138433e+01  1.7562584686767652e-01  1.3334453876080975e+01  1.7194159389745303e-01  nan  nan  1.0000000000000000e+00  9.4137670095650106e-01
2.4399999999999402e+01  6.1851907738074303e+01  2.7896852901636619e-02  1.3463528785976582e+01  1.7020003410358148e-01  3.1970073949345583e+01  3.1961414358812366e+01  3.1961257658653565e+01  4.7999999999999998e+00  6.4369618177579014e+01  1.3368996165906522e+01  1.7402677684887799e-01  1.3463528785976582e+01  1.7020003410358148e-01  nan  nan  1.0000000000000000e+00  9.4258201027733102e-01
2.4599999999999401e+01  6.2380398935574775e+01  2.7572413575357540e-02  1.3584556468831385e+01  1.6888207308038017e-01  3.1969829867906746e+01  3.1961301371265506e+01  3.1961140354415505e+01  4.7999999999999998e+00  6.4916970135935443e+01  1.3487995342746119e+01  1.7285368738149792e-01  1.3584556468831385e+01  1.6888207308038017e-01  nan  nan  1.0000000000000000e+00  9.4310628832180610e-01
2.4799999999999400e+01  6.3001014384326950e+01  2.8109833444114354e-02  1.3698200381084972e+01  1.6773545213362334e-01  3.1969504422845933e+01  3.1961233970641334e+01  3.1961069927797659e+01  4.7999999999999998e+00  6.5562972140182126e+01  1.3599440866341132e+01  1.7183476736170189e-01  1.3698200381084972e+01  1.6773545213362334e-01  nan  nan  1.0000000000000000e+00  9.4350628251708413e-01
2.4999999999999300e+01  6.3691597490571141e+01  2.7902185057774954e-02  1.3807301511921493e+01  1.6628076816018125e-01  3.1969076815042147e+01  3.1961188555000312e+01  3.1961022645850207e+01  4.7999999999999998e+00  6.6283279508037737e+01  1.3706291156175842e+01  1.7050067551740444e-01  1.3807301511921493e+01  1.6628076816018125e-01  nan  nan  1.0000000000000000e+00  9.4401645025835079e-01
2.5199999999999299e+01  6.4440129462420344e+01  2.9054198358107332e-02  1.3913451977988123e+01  1.6432878865549633e-01  3.1968582586869474e+01  3.1961140271082304e+01  3.1960972654420743e+01  4.7999999999999998e+00  6.7064567709098711e+01  1.3810216588576411e+01  1.6866331755040392e-01  1.3913451977988123e+01  1.6432878865549633e-01  nan  nan  1.0000000000000000e+00  9.4446251851748420e-01
2.5399999999999199e+01  6.5250272396005130e+01  2.8322383922426971e-02  1.4016316114696016e+01  1.6208299251007588e-01  3.1968123671568918e+01  3.1961155505838626e+01  3.1960985630401712e+01  4.7999999999999998e+00  6.7910748030530542e+01  1.3910878866889298e+01  1.6650473243332048e-01  1.4016316114696016e+01  1.6208299251007588e-01  nan  nan  1.0000000000000000e+00  9.4427172911070190e-01
2.5599999999999199e+01  6.6134475962781750e+01  2.6373603047713766e-02  1.4114193687763162e+01  1.5993044636647263e-01  3.1967808230292849e+01  3.1961334911852695e+01  3.1961162517685235e+01  4.7999999999999998e+00  6.8835948067249461e+01  1.4006466454863951e+01  1.6445915135297040e-01  1.4114193687763162e+01  1.5993044636647263e-01  nan  nan  1.0000000000000000e+00  9.4373967375265488e-01
2.5799999999999201e+01  6.7066355751760881e+01  2.8466247005463925e-02  1.4209203297063365e+01  1.5781797765267172e-01  3.1967641997763927e+01  3.1961705209065411e+01  3.1961530102806719e+01  4.7999999999999998e+00  6.9812545891551949e+01  1.4099084734903759e+01  1.6245364300929405e-01  1.4209203297063365e+01  1.5781797765267172e-01  nan  nan  1.0000000000000000e+00  9.4258738667933428e-01
2.5999999999999101e+01  6.7950147136391649e+01  2.8950835940387040e-02  1.4310676643152387e+01  1.5479736056742774e-01  3.1967546663685077e+01  3.1962111253774676e+01  3.1961932801241471e+01  4.7999999999999998e+00  7.0737047607468327e+01  1.4198359734910312e+01  1.5950362642521754e-01  1.4310676643152387e+01  1.5479736056742774e-01  nan  nan  1.0000000000000000e+00  9.4136908706952804e-01
2.6199999999999100e+01  6.8772961803929235e+01  2.6939999376378435e-02  1.4419248280638104e+01  1.5087647509914784e-01  3.1967543262084867e+01  3.1962486638212233e+01  3.1962303905876176e+01  4.7999999999999998e+00  7.1595631132680495e+01  1.4304946692077975e+01  1.5565853536626728e-01  1.4419248280638104e+01  1.5087647509914784e-01  nan  nan  1.0000000000000000e+00  9.4039368255032207e-01
2.6399999999999000e+01  6.9565961002231603e+01  2.7047830232089294e-02  1.4531115276246949e+01  1.4663551533136668e-01  3.1967677353200997e+01  3.1962848663876986e+01  3.1962660822754817e+01  4.7999999999999998e+00  7.2422607148457104e+01  1.4414879089900779e+01  1.5143608899211788e-01  1.4531115276246949e+01  1.4663551533136668e-01  nan  nan  1.0000000000000000e+00  9.3956531018311029e-01
2.6599999999999000e+01  7.0351061348111898e+01  2.6786375535142570e-02  1.4643622168817155e+01  1.4249416778242130e-01  3.1967959914905034e+01  3.1963216190632306e+01  3.1963022651936928e+01  4.7999999999999998e+00  7.3242292018529270e+01  1.4525371191830402e+01  1.4727578023849974e-01  1.4643622168817155e+01  1.4249416778242130e-01  nan  nan  1.0000000000000000e+00  9.3860339055564090e-01
2.6799999999998999e+01  7.1137921963583096e+01  2.6197047167032490e-02  1.4755545324285325e+01  1.3865278532007180e-01  3.1968378128342483e+01  3.1963609422022174e+01  3.1963409680720719e+01  4.7999999999999998e+00  7.4065539323328693e+01  1.4635129536785907e+01  1.4342381930815890e-01  1.4755545324285325e+01  1.3865278532007180e-01  nan  nan  1.0000000000000000e+00  9.3760830261534700e-01
2.6999999999998899e+01  7.1928640083333022e+01  2.5803488867835973e-02  1.4866567108643816e+01  1.3514438188912134e-01  3.1968900556970798e+01  3.1964046554110837e+01  3.1963840000766748e+01  4.7999999999999998e+00  7.4894826873124202e+01  1.4743809695543316e+01  1.3990860839517749e-01  1.4866567108643816e+01  1.3514438188912134e-01  nan  nan  1.0000000000000000e+00  9.3667721820833738e-01
2.7199999999998902e+01  7.2722910829150678e+01  2.5802647409328781e-02  1.4976742178905250e+01  1.3188366941640470e-01  3.1969472785482406e+01  3.1964531617990890e+01  3.1964317649673074e+01  4.7999999999999998e+00  7.5729840140866585e+01  1.4851465575961186e+01  1.3671773576161556e-01  1.4976742178905250e+01  1.3188366941640470e-01  nan  nan  1.0000000000000000e+00  9.3579138890699365e-01
2.7399999999998801e+01  7.3523576072280633e+01  2.5654822184496565e-02  1.5085944865704791e+01  1.2884618889362900e-01  3.1970022838319007e+01  3.1965062409041540e+01  3.1964840582347993e+01  4.7999999999999998e+00  7.6573481352972124e+01  1.4957979398296022e+01  1.3370446235500083e-01  1.5085944865704791e+01  1.2884618889362900e-01  nan  nan  1.0000000000000000e+00  9.3491741161268660e-01
2.7599999999998801e+01  7.4339851614355240e+01  2.5374433173333384e-02  1.5193539678573407e+01  1.2608292762964340e-01  3.1970480434647179e+01  3.1965639022399767e+01  3.1965409152927929e+01  4.7999999999999998e+00  7.7435415367834565e+01  1.5062717894474227e+01  1.3097287576521152e-01  1.5193539678573407e+01  1.2608292762964340e-01  nan  nan  1.0000000000000000e+00  9.3403029833214513e-01
2.7799999999998800e+01  7.5186215844820055e+01  2.5081447219203541e-02  1.5298467130956846e+01  1.2367763152706111e-01  3.1970797793959473e+01  3.1966267318932474e+01  3.1966029481765318e+01  4.7999999999999998e+00  7.8330939940120203e+01  1.5164615427887325e+01  1.2862183210971936e-01  1.5298467130956846e+01  1.2367763152706111e-01  nan  nan  1.0000000000000000e+00  9.3311735172383092e-01
2.7999999999998700e+01  7.6077813255281626e+01  2.4705934725933094e-02  1.5399654148099874e+01  1.2173424154179248e-01  3.1970956802496904e+01  3.1966957000528605e+01  3.1966711453376710e+01  4.7999999999999998e+00  7.9276064745924174e+01  1.5262593696014807e+01  1.2677164672432165e-01  1.5399654148099874e+01  1.2173424154179248e-01  nan  nan  1.0000000000000000e+00  9.3223166467281016e-01
2.8199999999998699e+01  7.7026143679526115e+01  2.4239777560054129e-02  1.5496389575703459e+01  1.2031686452154247e-01  3.1970963442711259e+01  3.1967716339916905e+01  3.1967463446043567e+01  4.7999999999999998e+00  8.0282861784069922e+01  1.5355948406525892e+01  1.2542095834899125e-01  1.5496389575703459e+01  1.2031686452154247e-01  nan  nan  1.0000000000000000e+00  9.3143911084220676e-01
2.8399999999998599e+01  7.8036943412863479e+01  2.3815506536148612e-02  1.5588493829771764e+01  1.1941078511470998e-01  3.1970837803552481e+01  3.1968546444619200e+01  3.1968286596412678e+01  4.7999999999999998e+00  8.1357155943703603e+01  1.5444526099619283e+01  1.2457852038004977e-01  1.5588493829771764e+01  1.1941078511470998e-01  nan  nan  1.0000000000000000e+00  9.3080201005808960e-01
2.8599999999998602e+01  7.9106842860153705e+01  2.4708668924848552e-02  1.5676602957038504e+01  1.1897783145908379e-01  3.1970606516553804e+01  3.1969444482302027e+01  3.1969177982203398e+01  4.7999999999999998e+00  8.2494848961756730e+01  1.5529021493471733e+01  1.2420131836711888e-01  1.5676602957038504e+01  1.1897783145908379e-01  nan  nan  1.0000000000000000e+00  9.3036046122419125e-01
2.8799999999998601e+01  8.0216135123187115e+01  2.6198164808409925e-02  1.5762813506727653e+01  1.1873512539823351e-01  3.1970298454125469e+01  3.1970390238241897e+01  3.1970117262440702e+01  4.7999999999999998e+00  8.3673936058084649e+01  1.5611652097969724e+01  1.2407829866038880e-01  1.5762813506727653e+01  1.1873512539823351e-01  nan  nan  1.0000000000000000e+00  9.3012162526177722e-01
2.8999999999998501e+01  8.1327140516593673e+01  2.7627517483844150e-02  1.5850799416270242e+01  1.1821171983637879e-01  3.1969950598280093e+01  3.1971329443205498e+01  3.1971050076956818e+01  4.7999999999999998e+00  8.4852657309894610e+01  1.5696278738221942e+01  1.2368472265154941e-01  1.5850799416270242e+01  1.1821171983637879e-01  nan  nan  1.0000000000000000e+00  9.3003955997649368e-01
2.9199999999998500e+01  8.2416883942524123e+01  2.8339008140418186e-02  1.5942626815516650e+01  1.1712004652074944e-01  3.1969637731598869e+01  3.1972206154753330e+01  3.1971920419052967e+01  4.7999999999999998e+00  8.6005726127144015e+01  1.5785053212304666e+01  1.2267975952078776e-01  1.5942626815516650e+01  1.1712004652074944e-01  nan  nan  1.0000000000000000e+00  9.2993715137525057e-01
2.9399999999998400e+01  8.3528070386773550e+01  2.8093470466296892e-02  1.6033991558523503e+01  1.1588779405883802e-01  3.1969462961524055e+01  3.1973049872664522e+01  3.1972757924518003e+01  4.7999999999999998e+00  8.7180914774644748e+01  1.5873409690674567e+01  1.2152544272411729e-01  1.6033991558523503e+01  1.1588779405883802e-01  nan  nan  1.0000000000000000e+00  9.2946215518473940e-01
2.9599999999998399e+01  8.4685647498673958e+01  2.7226757095105039e-02  1.6122340311858451e+01  1.1475163595527565e-01  3.1969440138310802e+01  3.1973936956740907e+01  3.1973638990098472e+01  4.7999999999999998e+00  8.8406472381094062e+01  1.5958619393301154e+01  1.2050112214975055e-01  1.6122340311858451e+01  1.1475163595527565e-01  nan  nan  1.0000000000000000e+00  9.2871892730617722e-01
2.9799999999998398e+01  8.5822284858775390e+01  2.6508491179276703e-02  1.6213760158340552e+01  1.1313021515963716e-01  3.1969518955009498e+01  3.1974834489488078e+01  3.1974530437560794e+01  4.7999999999999998e+00  8.9608111266451573e+01  1.6047060509829485e+01  1.1894349452701948e-01  1.6213760158340552e+01  1.1313021515963716e-01  nan  nan  1.0000000000000000e+00  9.2779094011519969e-01
2.9999999999998298e+01  8.6896114101371637e+01  2.6868239130190569e-02  1.6311747069779376e+01  1.1074705571302813e-01  3.1969703540313848e+01  3.1975700262728473e+01  3.1975389907116906e+01  4.7999999999999998e+00  9.0739680472093738e+01  1.6142390094732960e+01  1.1655127765979841e-01  1.6311747069779376e+01  1.1074705571302813e-01  nan  nan  1.0000000000000000e+00  9.2676889209157720e-01
3.0199999999998301e+01  8.7916678460909793e+01  2.7166167751157259e-02  1.6415001093317695e+01  1.0784556123850270e-01  3.1970015983473949e+01  3.1976544430434814e+01  3.1976227599369647e+01  4.7999999999999998e+00  9.1812261346653798e+01  1.6243202260249038e+01  1.1363374712344899e-01  1.6415001093317695e+01  1.0784556123850270e-01  nan  nan  1.0000000000000000e+00  9.2552229260357322e-01
3.0399999999998201e+01  8.8903285941694861e+01  2.6927792637262287e-02  1.6521412869977066e+01  1.0476539015321704e-01  3.1970451947285365e+01  3.1977388625694029e+01  3.1977065366817936e+01  4.7999999999999998e+00  9.2847923692892607e+01  1.6347227819811231e+01  1.1053418160018970e-01  1.6521412869977066e+01  1.0476539015321704e-01  nan  nan  1.0000000000000000e+00  9.2434773093347888e-01
3.0599999999998200e+01  8.9867917883226127e+01  2.6255116250092570e-02  1.6629618954658969e+01  1.0174892990152226e-01  3.1970984200494556e+01  3.1978241310548505e+01  3.1977912069139737e+01  4.7999999999999998e+00  9.3860628955102825e+01  1.6452984301086829e+01  1.0748917445377268e-01  1.6629618954658969e+01  1.0174892990152226e-01  nan  nan  1.0000000000000000e+00  9.2326298363576709e-01
3.0799999999998199e+01  9.0814833341398995e+01  2.5311119371160328e-02  1.6739027382978794e+01  9.9002934926077826e-02  3.1971579339271713e+01  3.1979088478888837e+01  3.1978754108004384e+01  4.7999999999999998e+00  9.4855703076730009e+01  1.6559809258493416e+01  1.0470935527564236e-01  1.6739027382978794e+01  9.9002934926077826e-02  nan  nan  1.0000000000000000e+00  9.2206544163652093e-01
3.0999999999998099e+01  9.1743403045482737e+01  2.4274213760360534e-02  1.6849541583789694e+01  9.6677749175128766e-02  3.1972209254848238e+01  3.1979943544422202e+01  3.1979604466290660e+01  4.7999999999999998e+00  9.5833018389435040e+01  1.6667562301643105e+01  1.0236298929438878e-01  1.6849541583789694e+01  9.6677749175128766e-02  nan  nan  1.0000000000000000e+00  9.2087294624717519e-01
3.1199999999998099e+01  9.2651754714741344e+01  2.3256768737949698e-02  1.6961157085868010e+01  9.4843064254093418e-02  3.1972854735754634e+01  3.1980858868852675e+01  3.1980514928610262e+01  4.7999999999999998e+00  9.6791160149180996e+01  1.6776191300778713e+01  1.0054567544945031e-01  1.6961157085868010e+01  9.4843064254093418e-02  nan  nan  1.0000000000000000e+00  9.1966220550665267e-01
3.1399999999997998e+01  9.3540048267111942e+01  2.2660817774006810e-02  1.7073596173931790e+01  9.3611421594110941e-02  3.1973497931065783e+01  3.1981834925788441e+01  3.1981486186468189e+01  4.7999999999999998e+00  9.7731106670080834e+01  1.6885351164464797e+01  9.9361772405698032e-02  1.7073596173931790e+01  9.3611421594110941e-02  nan  nan  1.0000000000000000e+00  9.1829652171449594e-01
3.1599999999998001e+01  9.4411049959280149e+01  2.2489988064501535e-02  1.7186303995158294e+01  9.3096244102121431e-02  3.1974113135586336e+01  3.1982855401388438e+01  3.1982502355303907e+01  4.7999999999999998e+00  9.8656749317037907e+01  1.6994409768452222e+01  9.8946303872116309e-02  1.7186303995158294e+01  9.3096244102121431e-02  nan  nan  1.0000000000000000e+00  9.1682227656814352e-01
3.1799999999998001e+01  9.5267284842764440e+01  2.2482452399484733e-02  1.7298855067950157e+01  9.3293828984020943e-02  3.1974661092394818e+01  3.1983907229300453e+01  3.1983550536806913e+01  4.7999999999999998e+00  9.9571529004627507e+01  1.7102880466399391e+01  9.9299250177326409e-02  1.7298855067950157e+01  9.3293828984020943e-02  nan  nan  1.0000000000000000e+00  9.1537403017987484e-01
3.1999999999997900e+01  9.6106352600403781e+01  2.2405883671582555e-02  1.7411540664106639e+01  9.4176218909834297e-02  3.1975084767493261e+01  3.1984969993214033e+01  3.1984610058724826e+01  4.7999999999999998e+00  1.0047301884490132e+02  1.7211042897862693e+01  1.0034582405563132e-01  1.7411540664106639e+01  9.4176218909834297e-02  nan  nan  1.0000000000000000e+00  9.1402846659301695e-01
3.2199999999997999e+01  9.6913726381233261e+01  2.3348337345702810e-02  1.7525817802873878e+01  9.5486791993058540e-02  3.1975306828006129e+01  3.1986030921579587e+01  3.1985667708564183e+01  4.7999999999999998e+00  1.0134481294551185e+02  1.7320437168854045e+01  1.0189556507255894e-01  1.7525817802873878e+01  9.5486791993058540e-02  nan  nan  1.0000000000000000e+00  9.1283566646094771e-01
3.2399999999998101e+01  9.7656544646620887e+01  2.4593593328568239e-02  1.7644507280845172e+01  9.6889542280832339e-02  3.1975243376960293e+01  3.1987090008796756e+01  3.1986723362816200e+01  4.7999999999999998e+00  1.0214960831795028e+02  1.7434095213182324e+01  1.0354026925320543e-01  1.7644507280845172e+01  9.6889542280832339e-02  nan  nan  1.0000000000000000e+00  9.1179493739996265e-01
3.2599999999998197e+01  9.8295089647224174e+01  2.5118324615178451e-02  1.7770808649818854e+01  9.7928006599160067e-02  3.1974875431806623e+01  3.1988112445209747e+01  3.1987742497067618e+01  4.7999999999999998e+00  1.0284224759009783e+02  1.7555474529339737e+01  1.0479910890457184e-01  1.7770808649818854e+01  9.7928006599160067e-02  nan  nan  1.0000000000000000e+00  9.1082925940465664e-01
3.2799999999998299e+01  9.8821798821639192e+01  2.4652588025662649e-02  1.7905345053322826e+01  9.8513587900786834e-02  3.1974328813866041e+01  3.1989035230034585e+01  3.1988662353858661e+01  4.7999999999999998e+00  1.0341392369084596e+02  1.7685253236371540e+01  1.0555200036798110e-01  1.7905345053322826e+01  9.8513587900786834e-02  nan  nan  1.0000000000000000e+00  9.0986927903865600e-01
3.2999999999998401e+01  9.9268411129461512e+01  2.4350501352211538e-02  1.8046001116738513e+01  9.8818679331150017e-02  3.1973693272793774e+01  3.1989826578057777e+01  3.1989450953714524e+01  4.7999999999999998e+00  1.0389997608216990e+02  1.7821151269054862e+01  1.0605673797893105e-01  1.8046001116738513e+01  9.8818679331150017e-02  nan  nan  1.0000000000000000e+00  9.0890307355282429e-01
3.3199999999998496e+01  9.9637701492517721e+01  2.5209094465113557e-02  1.8193396273600804e+01  9.8839305070988870e-02  3.1972811075010444e+01  3.1990534567033617e+01  3.1990155721664820e+01  4.7999999999999998e+00  1.0430225536857864e+02  1.7963863244372455e+01  1.0621247266058045e-01  1.8193396273600804e+01  9.8839305070988870e-02  nan  nan  1.0000000000000000e+00  9.0798037501665918e-01
3.3399999999998599e+01  9.9891395474011176e+01  2.5005208835452181e-02  1.8350915962021531e+01  9.8196262493691414e-02  3.1971636705628647e+01  3.1991180983136417e+01  3.1990798476742029e+01  4.7999999999999998e+00  1.0457609847763285e+02  1.8117121629112440e+01  1.0567152878310727e-01  1.8350915962021531e+01  9.8196262493691414e-02  nan  nan  1.0000000000000000e+00  9.0712517046492236e-01
3.3599999999998701e+01  1.0001279711198313e+02  2.3463425542252031e-02  1.8519395903964114e+01  9.6726259548194457e-02  3.1970332636451342e+01  3.1991706795239928e+01  3.1991320811080168e+01  4.7999999999999998e+00  1.0470183075253240e+02  1.8281948739574670e+01  1.0425547517121324e-01  1.8519395903964114e+01  9.6726259548194457e-02  nan  nan  1.0000000000000000e+00  9.0631023070397931e-01
3.3799999999998803e+01  1.0002326288126670e+02  2.2173873765386948e-02  1.8696829838582051e+01  9.4664427462888626e-02  3.1969033527383633e+01  3.1992027812350823e+01  3.1991638858254355e+01  4.7999999999999998e+00  1.0470295357959601e+02  1.8456283452081834e+01  1.0215407896889100e-01  1.8696829838582051e+01  9.4664427462888626e-02  nan  nan  1.0000000000000000e+00  9.0548915940582386e-01
3.3999999999998899e+01  9.9962897542929966e+01  2.2481429967560470e-02  1.8880762858588977e+01  9.2233254018500729e-02  3.1967800243235299e+01  3.1992053998370171e+01  3.1991662426494180e+01  4.7999999999999998e+00  1.0462374619266647e+02  1.8637516703327076e+01  9.9676329878969197e-02  1.8880762858588977e+01  9.2233254018500729e-02  nan  nan  1.0000000000000000e+00  9.0462426443811206e-01
3.4199999999999001e+01  9.9873385660944876e+01  2.2817409094830019e-02  1.9068867497914656e+01  8.9739273918031243e-02  3.1966669169490849e+01  3.1991877957752539e+01  3.1991483856560006e+01  4.7999999999999998e+00  1.0451016309433001e+02  1.8823156447357789e+01  9.7142428809757583e-02  1.9068867497914656e+01  8.9739273918031243e-02  nan  nan  1.0000000000000000e+00  9.0367027868481542e-01
3.4399999999999103e+01  9.9786262816389552e+01  2.3100620171787063e-02  1.9257897180346326e+01  8.7433634924843823e-02  3.1965649952076479e+01  3.1991689675262961e+01  3.1991293368918406e+01  4.7999999999999998e+00  1.0439758258635433e+02  1.9009806049721995e+01  9.4789395151045563e-02  1.9257897180346326e+01  8.7433634924843823e-02  nan  nan  1.0000000000000000e+00  9.0263454291435685e-01
3.4599999999999199e+01  9.9721783001625866e+01  2.3328387454783668e-02  1.9444116848172104e+01  8.5488971889144005e-02  3.1964688097409777e+01  3.1991561317668779e+01  3.1991163556556561e+01  4.7999999999999998e+00  1.0430968686533157e+02  1.9193577665461312e+01  9.2841579252178438e-02  1.9444116848172104e+01  8.5488971889144005e-02  nan  nan  1.0000000000000000e+00  9.0152431925876109e-01
3.4799999999999400e+01  9.9699046342515089e+01  2.3533026583122951e-02  1.9624487907144466e+01  8.4049753501349564e-02  3.1963805569272857e+01  3.1991426923708104e+01  3.1991028323813531e+01  4.7999999999999998e+00  1.0426882843065627e+02  1.9371266977632875e+01  9.1444592624664117e-02  1.9624487907144466e+01  8.4049753501349564e-02  nan  nan  1.0000000000000000e+00  9.0034121864215999e-01
3.4999999999999503e+01  9.9747496419400107e+01  2.3626701745205515e-02  1.9797035687492862e+01  8.3170816749368326e-02  3.1963119106765809e+01  3.1991094451898157e+01  3.1990695126915064e+01  4.7999999999999998e+00  1.0430772058759254e+02  1.9540741515628625e+01  9.0684700806459698e-02  1.9797035687492862e+01  8.3170816749368326e-02  nan  nan  1.0000000000000000e+00  8.9908568018136681e-01
3.5199999999999598e+01  9.9900394966487852e+01  2.3732493401454013e-02  1.9960723165782515e+01  8.2919060909810965e-02  3.1962670579608911e+01  3.1990546189785469e+01  3.1990146267383000e+01  4.7999999999999998e+00  1.0446260943032817e+02  1.9700824204496250e+01  9.0587086939360920e-02  1.9960723165782515e+01  8.2919060909810965e-02  nan  nan  1.0000000000000000e+00  8.9775535884908553e-01
3.5399999999999700e+01  1.0017398913414851e+02  2.3530393903682594e-02  2.0113872833048124e+01  8.3306881172609329e-02  3.1962409727074810e+01  3.1990089359673135e+01  3.1989689336440311e+01  4.7999999999999998e+00  1.0475187569419566e+02  1.9849726155292114e+01  9.1183145196337981e-02  2.0113872833048124e+01  8.3306881172609329e-02  nan  nan  1.0000000000000000e+00  8.9634707174226524e-01
3.5599999999999802e+01  1.0056363594665565e+02  2.3169075108401709e-02  2.0254318647960829e+01  8.4347511295891034e-02  3.1962367268259452e+01  3.1989958877345241e+01  3.1989559262899558e+01  4.7999999999999998e+00  1.0517181212744777e+02  1.9985214675754328e+01  9.2482387345928327e-02  2.0254318647960829e+01  8.4347511295891034e-02  nan  nan  1.0000000000000000e+00  8.9486135602809003e-01
3.5799999999999898e+01  1.0105075068709317e+02  2.2751396755093398e-02  2.0381406448893834e+01  8.5995830648963087e-02  3.1962590678329029e+01  3.1990140302099629e+01  3.1989739822229161e+01  4.7999999999999998e+00  1.0570322663090343e+02  2.0106631806968707e+01  9.4442386706000886e-02  2.0381406448893834e+01  8.5995830648963087e-02  nan  nan  1.0000000000000000e+00  8.9330772728317986e-01
3.6000000000000000e+01  1.0161073731516699e+02  2.2203403269468847e-02  2.0497615140397848e+01  8.8154057713953751e-02  3.1963052008363547e+01  3.1990497894568183e+01  3.1990094051700307e+01  4.7999999999999998e+00  1.0631893651529873e+02  2.0216554380699986e+01  9.6928350065553517e-02  2.0497615140397848e+01  8.8154057713953751e-02  nan  nan  1.0000000000000000e+00  8.9170462740885870e-01
3.6200000000000102e+01  1.0220966444298054e+02  2.2785230025948521e-02  2.0608836541829714e+01  9.0576835245615023e-02  3.1963634681964177e+01  3.1990907336123257e+01  3.1990497750050373e+01  4.7999999999999998e+00  1.0697967998461645e+02  2.0321123006871815e+01  9.9720192614972683e-02  2.0608836541829714e+01  9.0576835245615023e-02  nan  nan  1.0000000000000000e+00  8.9003295970666474e-01
3.6400000000000198e+01  1.0279159664628625e+02  2.3922762541383029e-02  2.0722191091152979e+01  9.2868855312891962e-02  3.1964158422411039e+01  3.1991581319289988e+01  3.1991164557110476e+01  4.7999999999999998e+00  1.0762103604499006e+02  2.0427884041467092e+01  1.0239687671204839e-01  2.0722191091152979e+01  9.2868855312891962e-02  nan  nan  1.0000000000000000e+00  8.8838044142070027e-01
3.6600000000000300e+01  1.0328110924910024e+02  2.4022498437604487e-02  2.0843305699828424e+01  9.4650007540432152e-02  3.1964499606522011e+01  3.1992638917416311e+01  3.1992214284760415e+01  4.7999999999999998e+00  1.0815783039467283e+02  2.0542949639571763e+01  1.0451436531101664e-01  2.0843305699828424e+01  9.4650007540432152e-02  nan  nan  1.0000000000000000e+00  8.8674153385231036e-01
