# downsampled to dt=0.5 from the every-step stream
# time L2_Ham L2_Mom min_rho_req max_rho_req integral_neg_rho L2_Ham_rel L2_Mom_rel pump_force_L2 governor pump_fi_L2 L2_Ham_amr L2_Mom_amr L2_Ham_amr_rel L2_Mom_amr_rel Linf_Ham_amr L2_Ham_amr_ref
   0.0100000    4.8142106822e-04    1.3123142800e-07   -1.4980781033e-04    1.3327419126e-04    2.9151208333e-01    9.5637175250e-01    4.5592364325e-01    0.0000000000e+00    9.9999999990e-01    0.0000000000e+00    1.2922134890e-06    1.4452781146e-07    7.9757116326e-03    4.5582222429e-01    9.6593732955e-05    0.0000000000e+00
   0.5100000    2.5210836807e-04    2.6629554092e-06   -3.7203253015e-05    1.3300678552e-04    1.8955653233e-01    8.6387626178e-01    7.0512056473e-01    0.0000000000e+00    9.9999999991e-01    0.0000000000e+00    1.6282611128e-05    2.3039672470e-06    1.0004272389e-01    6.5478645634e-01    1.7798588455e-04    0.0000000000e+00
   1.0100000    1.5336172437e-04    4.0500118754e-06   -4.5037048402e-05    1.3354450714e-04    1.1956067013e-01    7.2205850816e-01    7.4900804900e-01    0.0000000000e+00    9.9999999992e-01    0.0000000000e+00    2.4966925612e-05    3.4861323126e-06    1.5243048019e-01    7.1841195585e-01    2.6750760259e-04    0.0000000000e+00
   1.5100000    1.1752847238e-04    4.5586864161e-06   -4.8415537039e-05    1.3270673925e-04    9.7652797262e-02    6.2468463071e-01    7.4984388856e-01    0.0000000000e+00    9.9999999992e-01    0.0000000000e+00    2.6735793415e-05    3.8883346577e-06    1.6298175171e-01    7.3278615540e-01    2.4118966125e-04    0.0000000000e+00
   2.0100000    9.1216102283e-05    4.2803113513e-06   -3.6244674228e-05    1.3233330062e-04    8.0341616098e-02    5.2751099613e-01    7.3576547852e-01    0.0000000000e+00    9.9999999992e-01    0.0000000000e+00    2.3176418236e-05    3.6400581460e-06    1.4176427135e-01    7.1870719068e-01    1.7998630218e-04    0.0000000000e+00
   2.5100000    6.5989147021e-05    3.6041096725e-06   -2.3873124133e-05    1.3313960781e-04    6.2962685999e-02    4.0974882793e-01    7.2135341728e-01    0.0000000000e+00    9.9999999992e-01    0.0000000000e+00    1.7879295119e-05    3.0698334019e-06    1.0980676194e-01    6.8950382598e-01    1.5327299408e-04    0.0000000000e+00
   3.0100000    4.7086437889e-05    2.9059509773e-06   -1.9788156438e-05    1.3290751989e-04    4.6083932739e-02    3.0516911977e-01    7.4348674165e-01    0.0000000000e+00    9.9999999992e-01    0.0000000000e+00    1.3698409249e-05    2.4850502491e-06    8.4323639288e-02    7.1546482738e-01    1.1036995485e-04    0.0000000000e+00
   3.5100000    3.6647089992e-05    2.3743263950e-06   -1.8114381312e-05    1.3359353711e-04    3.7906741376e-02    2.4189851253e-01    7.4933705206e-01    0.0000000000e+00    9.9999999992e-01    0.0000000000e+00    1.1537272925e-05    2.0319435553e-06    7.1063680214e-02    7.2929563115e-01    9.2590508075e-05    0.0000000000e+00
   4.0100000    3.1534609616e-05    2.0076694326e-06   -1.3614237482e-05    1.3267387274e-04    3.4043095758e-02    2.0964056760e-01    7.0029050972e-01    0.0000000000e+00    9.9999999992e-01    0.0000000000e+00    1.0551749349e-05    1.7072650779e-06    6.4984505826e-02    6.6498416695e-01    7.7212683097e-05    0.0000000000e+00
   4.5100000    2.7852486604e-05    1.7259768070e-06   -9.3015721932e-06    1.3273316731e-04    3.1454517476e-02    1.8596692161e-01    7.0102774603e-01    0.0000000000e+00    9.9999999993e-01    0.0000000000e+00    9.7402719647e-06    1.4540315892e-06    5.9973579890e-02    6.6816221420e-01    7.8270627033e-05    0.0000000000e+00
   5.0100000    2.4040867103e-05    1.4711880241e-06   -7.7343755034e-06    1.3278554004e-04    2.8491349562e-02    1.6115961907e-01    6.9512431352e-01    0.0000000000e+00    9.9999999993e-01    0.0000000000e+00    8.7748710649e-06    1.2289720029e-06    5.4023592743e-02    6.5758878026e-01    7.9838455354e-05    0.0000000000e+00
   5.5100000    2.0087563287e-05    1.2312799291e-06   -6.2162753024e-06    1.3249084106e-04    2.5071835134e-02    1.3514117526e-01    6.4458105842e-01    0.0000000000e+00    9.9999999993e-01    0.0000000000e+00    7.7089165584e-06    1.0224064407e-06    4.7459536542e-02    5.8439024700e-01    7.2791860558e-05    0.0000000000e+00
   6.0100000    1.6398031849e-05    1.0152738172e-06   -5.7508477105e-06    1.3248597403e-04    2.1726826017e-02    1.1062782106e-01    5.7568315301e-01    0.0000000000e+00    9.9999999993e-01    0.0000000000e+00    6.6876358582e-06    8.4120822534e-07    4.1172544586e-02    4.9832823621e-01    6.3791305921e-05    0.0000000000e+00
   6.5100000    1.3321304305e-05    8.3406359680e-07   -5.4051545335e-06    1.3224934481e-04    1.8920272164e-02    9.0037913301e-02    5.3425146376e-01    0.0000000000e+00    9.9999999993e-01    0.0000000000e+00    5.8198731404e-06    6.9440598944e-07    3.5829249994e-02    4.5372726131e-01    6.9184541401e-05    0.0000000000e+00
   7.0100000    1.1023049084e-05    6.8863330424e-07   -4.8093259005e-06    1.3198564036e-04    1.6808890216e-02    7.4577685523e-02    4.7656765449e-01    0.0000000000e+00    9.9999999993e-01    0.0000000000e+00    5.1442262529e-06    5.7984499542e-07    3.1664848163e-02    3.9813777690e-01    7.2137809216e-05    0.0000000000e+00
   7.5100000    9.4881977421e-06    5.7692168192e-07   -4.0942267068e-06    1.3181706558e-04    1.5319612462e-02    6.4215069463e-02    4.1642274499e-01    0.0000000000e+00    9.9999999993e-01    0.0000000000e+00    4.6573633876e-06    4.9448267715e-07    2.8659533217e-02    3.4576747499e-01    7.5603948372e-05    0.0000000000e+00
   8.0100000    8.5625163438e-06    4.9442798565e-07   -3.4674642586e-06    1.3170128418e-04    1.4315673310e-02    5.7945261105e-02    3.7253130624e-01    0.0000000000e+00    9.9999999993e-01    0.0000000000e+00    4.3231403636e-06    4.3408191934e-07    2.6591907337e-02    3.1200941454e-01    7.8956725695e-05    0.0000000000e+00
   8.5100000    8.0353825525e-06    4.3300197993e-07   -2.9019600665e-06    1.3164915608e-04    1.3680725506e-02    5.4360714437e-02    3.3468526989e-01    0.0000000000e+00    9.9999999993e-01    0.0000000000e+00    4.0942842481e-06    3.9008096503e-07    2.5172045483e-02    2.8428467869e-01    8.2177461044e-05    0.0000000000e+00
   9.0100000    7.7246453159e-06    3.8615470425e-07   -2.3904847814e-06    1.3165025371e-04    1.3269496611e-02    5.2237242619e-02    3.0603782655e-01    0.0000000000e+00    9.9999999993e-01    0.0000000000e+00    3.9317280278e-06    3.5625990026e-07    2.4160651020e-02    2.6408960637e-01    8.5300949268e-05    0.0000000000e+00
   9.5100000    7.5126240726e-06    3.4976724707e-07   -1.9633361252e-06    1.3165099599e-04    1.2989953245e-02    5.0782342921e-02    2.8502575275e-01    0.0000000000e+00    9.9999999993e-01    0.0000000000e+00    3.8077395115e-06    3.2933909742e-07    2.3387679086e-02    2.4965692505e-01    8.8358900234e-05    0.0000000000e+00
  10.0100000    7.3393999060e-06    3.2061107926e-07   -1.6315933265e-06    1.3160455849e-04    1.2776039805e-02    4.9591419587e-02    2.6310464132e-01    0.0000000000e+00    9.9999999993e-01    0.0000000000e+00    3.7052919817e-06    3.0690334752e-07    2.2748231070e-02    2.3317729453e-01    9.1328372408e-05    0.0000000000e+00
  10.5100000    7.1815115545e-06    2.9635933658e-07   -1.4366311655e-06    1.3150270148e-04    1.2594478316e-02    4.8504822075e-02    2.4535392348e-01    0.0000000000e+00    9.9999999993e-01    0.0000000000e+00    3.6155527069e-06    2.8734581861e-07    2.2187339519e-02    2.1950802689e-01    9.4173637394e-05    0.0000000000e+00
  11.0100000    7.0335503202e-06    2.7573692526e-07   -1.4186258846e-06    1.3137003186e-04    1.2423670288e-02    4.7484363862e-02    2.3267506767e-01    0.0000000000e+00    9.9999999993e-01    0.0000000000e+00    3.5345718210e-06    2.7000367681e-07    2.1679927841e-02    2.0975878547e-01    9.6882067988e-05    0.0000000000e+00
  11.5100000    6.8968554322e-06    2.5799902327e-07   -1.4045511756e-06    1.3124695332e-04    1.2257496689e-02    4.6537820354e-02    2.2138235262e-01    0.0000000000e+00    9.9999999993e-01    0.0000000000e+00    3.4608948986e-06    2.5455832860e-07    2.1216477153e-02    2.0073119784e-01    9.9444489113e-05    0.0000000000e+00
  12.0100000    6.7738020896e-06    2.4263220637e-07   -1.3934896758e-06    1.3116977571e-04    1.2099259479e-02    4.5681090351e-02    2.0744507566e-01    0.0000000000e+00    9.9999999993e-01    0.0000000000e+00    3.3941656321e-06    2.4077716045e-07    2.0794744701e-02    1.8881845008e-01    1.0187651629e-04    0.0000000000e+00
  12.5100000    6.6656123604e-06    2.2923292592e-07   -1.3845519880e-06    1.3115122888e-04    1.1952300731e-02    4.4923574359e-02    1.9698502192e-01    0.0000000000e+00    9.9999999993e-01    0.0000000000e+00    3.3343804719e-06    2.2845024303e-07    2.0415239090e-02    1.7981836889e-01    1.0422499501e-04    0.0000000000e+00
  13.0100000    6.5720781877e-06    2.1749255170e-07   -1.3771000334e-06    1.3117275520e-04    1.1819632229e-02    4.4265685423e-02    1.9088648589e-01    0.0000000000e+00    9.9999999993e-01    0.0000000000e+00    3.2815172228e-06    2.1742437639e-07    2.0078645880e-02    1.7465468410e-01    1.0653548711e-04    0.0000000000e+00
  13.5100000    6.4920222021e-06    2.0718563186e-07   -1.3704276711e-06    1.3119479103e-04    1.1702875455e-02    4.3700930933e-02    1.8238242311e-01    0.0000000000e+00    9.9999999993e-01    0.0000000000e+00    3.2354138818e-06    2.0761482693e-07    1.9784611869e-02    1.6712447685e-01    1.0882693511e-04    0.0000000000e+00
  14.0100000    6.4237735428e-06    1.9813197868e-07   -1.3636333645e-06    1.3117911577e-04    1.1601651436e-02    4.3218313519e-02    1.7457584202e-01    0.0000000000e+00    9.9999999993e-01    0.0000000000e+00    3.1957039614e-06    1.9894788969e-07    1.9530986158e-02    1.6018382437e-01    1.1108613112e-04    0.0000000000e+00
  14.5100000    6.3655500060e-06    1.9021964701e-07   -1.3567128514e-06    1.3111032790e-04    1.1512691016e-02    4.2804776866e-02    1.6963320305e-01    0.0000000000e+00    9.9999999993e-01    0.0000000000e+00    3.1617505071e-06    1.9137606908e-07    1.9313368872e-02    1.5594334457e-01    1.1327276186e-04    0.0000000000e+00
  15.0100000    6.3158177552e-06    1.8328945595e-07   -1.3509122100e-06    1.3100412958e-04    1.1433478284e-02    4.2448241834e-02    1.6457741087e-01    0.0000000000e+00    9.9999999993e-01    0.0000000000e+00    3.1328061291e-06    1.8472082393e-07    1.9126377402e-02    1.5155567359e-01    1.1535511103e-04    0.0000000000e+00
  15.5100000    6.2733456727e-06    1.7720699989e-07   -1.3468510056e-06    1.3089782662e-04    1.1363473116e-02    4.2138975908e-02    1.5946469914e-01    0.0000000000e+00    9.9999999993e-01    0.0000000000e+00    3.1083266353e-06    1.7876181905e-07    1.8966016695e-02    1.4698773256e-01    1.1731959923e-04    0.0000000000e+00
  16.0100000    6.2369270291e-06    1.7178019731e-07   -1.3435800241e-06    1.3082854393e-04    1.1301949939e-02    4.1868527897e-02    1.5500153854e-01    0.0000000000e+00    9.9999999993e-01    0.0000000000e+00    3.0880490512e-06    1.7336850517e-07    1.8830511158e-02    1.4301470416e-01    1.1919538042e-04    0.0000000000e+00
  16.5100000    6.2052999977e-06    1.6702070006e-07   -1.3406349744e-06    1.3081207665e-04    1.1246749980e-02    4.1629333102e-02    1.5127618409e-01    0.0000000000e+00    9.9999999993e-01    0.0000000000e+00    3.0716435663e-06    1.6857639951e-07    1.8718237430e-02    1.3961857574e-01    1.2100246412e-04    0.0000000000e+00
  17.0100000    6.1776372917e-06    1.6307901065e-07   -1.3393419163e-06    1.3083440069e-04    1.1196216483e-02    4.1417409944e-02    1.4900467655e-01    0.0000000000e+00    9.9999999993e-01    0.0000000000e+00    3.0583859585e-06    1.6457846340e-07    1.8625468596e-02    1.3758442990e-01    1.2281506646e-04    0.0000000000e+00
  17.5100000    6.1539878546e-06    1.5970820223e-07   -1.3405640425e-06    1.3086078705e-04    1.1150058160e-02    4.1234373467e-02    1.4753440395e-01    0.0000000000e+00    9.9999999993e-01    0.0000000000e+00    3.0474546317e-06    1.6117191167e-07    1.8547771503e-02    1.3646780167e-01    1.2559213124e-04    0.0000000000e+00
  18.0100000    6.1348209069e-06    1.5684741708e-07   -1.3424711309e-06    1.3085568414e-04    1.1109158153e-02    4.1083640060e-02    1.4603301682e-01    0.0000000000e+00    9.9999999993e-01    0.0000000000e+00    3.0385360403e-06    1.5805741263e-07    1.8483361629e-02    1.3504829984e-01    1.2864554544e-04    0.0000000000e+00
  18.5100000    6.1198860115e-06    1.5463169967e-07   -1.3421534181e-06    1.3080267755e-04    1.1074029392e-02    4.0962682557e-02    1.4477138375e-01    0.0000000000e+00    9.9999999993e-01    0.0000000000e+00    3.0319723460e-06    1.5532141473e-07    1.8433935875e-02    1.3369039537e-01    1.3150927609e-04    0.0000000000e+00
  19.0100000    6.1076533746e-06    1.5289842921e-07   -1.3387150999e-06    1.3071363934e-04    1.1043753049e-02    4.0859830770e-02    1.4354431444e-01    0.0000000000e+00    9.9999999993e-01    0.0000000000e+00    3.0281341303e-06    1.5288513410e-07    1.8401087993e-02    1.3227556983e-01    1.3414103161e-04    0.0000000000e+00
  19.5100000    6.0964776539e-06    1.5186724397e-07   -1.3337685189e-06    1.3062001832e-04    1.1015053441e-02    4.0762903627e-02    1.4357609218e-01    0.0000000000e+00    9.9999999993e-01    0.0000000000e+00    3.0266978162e-06    1.5093727951e-07    1.8382299200e-02    1.3167554075e-01    1.3654146268e-04    0.0000000000e+00
  20.0100000    6.0863976847e-06    1.5137578697e-07   -1.3293906080e-06    1.3055579774e-04    1.0986387733e-02    4.0671878121e-02    1.4429522813e-01    0.0000000000e+00    9.9999999993e-01    0.0000000000e+00    3.0268901855e-06    1.4954594065e-07    1.8372729135e-02    1.3168832532e-01    1.3884160815e-04    0.0000000000e+00
  20.5100000    6.0790059261e-06    1.5089988473e-07   -1.3267453370e-06    1.3053594925e-04    1.0959100173e-02    4.0598087970e-02    1.4492775139e-01    0.0000000000e+00    9.9999999993e-01    0.0000000000e+00    3.0281193164e-06    1.4824262263e-07    1.8369097832e-02    1.3166150371e-01    1.4114043512e-04    0.0000000000e+00
  21.0100000    6.0756706405e-06    1.5043295181e-07   -1.3262760195e-06    1.3055005252e-04    1.0935837842e-02    4.0551862507e-02    1.4829130251e-01    0.0000000000e+00    9.9999999993e-01    0.0000000000e+00    3.0302328286e-06    1.4706050526e-07    1.8371033132e-02    1.3423944313e-01    1.4354769878e-04    0.0000000000e+00
  21.5100000    6.0762570636e-06    1.5004643656e-07   -1.3282028524e-06    1.3056969037e-04    1.0917889654e-02    4.0533276213e-02    1.4738192803e-01    0.0000000000e+00    9.9999999993e-01    0.0000000000e+00    3.0334710287e-06    1.4606066108e-07    1.8380444785e-02    1.3293722223e-01    1.4610279013e-04    0.0000000000e+00
  22.0100000    6.0793140853e-06    1.4978320333e-07   -1.3331280295e-06    1.3056456898e-04    1.0903056667e-02    4.0532871732e-02    1.4376741698e-01    0.0000000000e+00    9.9999999993e-01    0.0000000000e+00    3.0380482897e-06    1.4510743386e-07    1.8398732616e-02    1.2906064737e-01    1.4864466385e-04    0.0000000000e+00
  22.5100000    6.0832787328e-06    1.4973826980e-07   -1.3414571660e-06    1.3052209367e-04    1.0890628220e-02    4.0539622493e-02    1.5237031038e-01    0.0000000000e+00    9.9999999993e-01    0.0000000000e+00    3.0439476538e-06    1.4415390008e-07    1.8425509731e-02    1.3640542301e-01    1.5103868124e-04    0.0000000000e+00
  23.0100000    6.0873752071e-06    1.4980263391e-07   -1.3524220342e-06    1.3044960057e-04    1.0878176778e-02    4.0547308608e-02    1.5830740225e-01    0.0000000000e+00    9.9999999993e-01    0.0000000000e+00    3.0511108433e-06    1.4339277114e-07    1.8459934420e-02    1.4140286122e-01    1.5316277609e-04    0.0000000000e+00
  23.5100000    6.0917339033e-06    1.4958378894e-07   -1.3631844435e-06    1.3037009091e-04    1.0865337301e-02    4.0555903234e-02    1.5216594989e-01    0.0000000000e+00    9.9999999993e-01    0.0000000000e+00    3.0596868269e-06    1.4261295335e-07    1.8502488696e-02    1.3523200428e-01    1.5510027671e-04    0.0000000000e+00
  24.0100000    6.0970571872e-06    1.4938020433e-07   -1.3718084961e-06    1.3030946756e-04    1.0852994270e-02    4.0569803520e-02    1.5112545181e-01    0.0000000000e+00    9.9999999993e-01    0.0000000000e+00    3.0695349678e-06    1.4174825636e-07    1.8552185728e-02    1.3369059225e-01    1.5701478218e-04    0.0000000000e+00
  24.5100000    6.1041804462e-06    1.4940601123e-07   -1.3782152968e-06    1.3028181199e-04    1.0841433338e-02    4.0594986489e-02    1.5366507811e-01    0.0000000000e+00    9.9999999993e-01    0.0000000000e+00    3.0797004835e-06    1.4098174859e-07    1.8603446610e-02    1.3546864558e-01    1.5897435608e-04    0.0000000000e+00
  25.0100000    6.1134729541e-06    1.4974949299e-07   -1.3834918859e-06    1.3028387560e-04    1.0832772521e-02    4.0634723823e-02    1.5578159716e-01    0.0000000000e+00    9.9999999993e-01    0.0000000000e+00    3.0891242204e-06    1.4041675633e-07    1.8650260666e-02    1.3676028772e-01    1.6102374178e-04    0.0000000000e+00
  25.5100000    6.1244557639e-06    1.5024948875e-07   -1.3873065067e-06    1.3029545507e-04    1.0828223871e-02    4.0686571277e-02    1.5864421218e-01    0.0000000000e+00    9.9999999993e-01    0.0000000000e+00    3.0981523572e-06    1.4011222498e-07    1.8695071552e-02    1.3874715265e-01    1.6312191978e-04    0.0000000000e+00
  26.0100000    6.1358025140e-06    1.5066622495e-07   -1.3879916022e-06    1.3029288788e-04    1.0826864367e-02    4.0741994420e-02    1.6162145764e-01    0.0000000000e+00    9.9999999993e-01    0.0000000000e+00    3.1082705213e-06    1.3972185421e-07    1.8746968559e-02    1.4106352254e-01    1.6521694220e-04    0.0000000000e+00
  26.5100000    6.1460800641e-06    1.5064381759e-07   -1.3873412039e-06    1.3026155574e-04    1.0825828809e-02    4.0791170649e-02    1.6376626420e-01    0.0000000000e+00    9.9999999993e-01    0.0000000000e+00    3.1201157116e-06    1.3912704309e-07    1.8809634060e-02    1.4280278828e-01    1.6722415800e-04    0.0000000000e+00
  27.0100000    6.1551434325e-06    1.5101769812e-07   -1.3973728593e-06    1.3020337386e-04    1.0822900004e-02    4.0832423017e-02    1.6598856941e-01    0.0000000000e+00    9.9999999993e-01    0.0000000000e+00    3.1329106277e-06    1.3865139410e-07    1.8878037435e-02    1.4411745752e-01    1.6909150433e-04    0.0000000000e+00
  27.5100000    6.1646072418e-06    1.5147907667e-07   -1.4083395054e-06    1.3013479053e-04    1.0819068303e-02    4.0875715123e-02    1.6860442783e-01    0.0000000000e+00    9.9999999993e-01    0.0000000000e+00    3.1458993677e-06    1.3825575668e-07    1.8947278597e-02    1.4564891470e-01    1.7082572253e-04    0.0000000000e+00
  28.0100000    6.1762259953e-06    1.5191312760e-07   -1.4182363835e-06    1.3007717211e-04    1.0816869140e-02    4.0932285670e-02    1.7220726613e-01    0.0000000000e+00    9.9999999993e-01    0.0000000000e+00    3.1589670772e-06    1.3779075780e-07    1.9016492490e-02    1.4795857453e-01    1.7248214107e-04    0.0000000000e+00
  28.5100000    6.1903000558e-06    1.5239926105e-07   -1.4275836512e-06    1.3004510121e-04    1.0817835386e-02    4.1004268089e-02    1.7566192562e-01    0.0000000000e+00    9.9999999993e-01    0.0000000000e+00    3.1720415548e-06    1.3772241074e-07    1.9085319910e-02    1.5049501057e-01    1.7414354916e-04    0.0000000000e+00
  29.0100000    6.2056187541e-06    1.5249291549e-07   -1.4347112591e-06    1.3003888927e-04    1.0821520913e-02    4.1084214526e-02    1.7832363562e-01    0.0000000000e+00    9.9999999993e-01    0.0000000000e+00    3.1849609402e-06    1.3795796913e-07    1.9153056290e-02    1.5310078575e-01    1.7587755689e-04    0.0000000000e+00
  29.5100000    6.2206238801e-06    1.5200998901e-07   -1.4395586206e-06    1.3004526076e-04    1.0826150165e-02    4.1162475625e-02    1.8144453699e-01    0.0000000000e+00    9.9999999993e-01    0.0000000000e+00    3.1980556349e-06    1.3749509752e-07    1.9221995024e-02    1.5577281000e-01    1.7769152572e-04    0.0000000000e+00
  30.0100000    6.2343784138e-06    1.5246219260e-07   -1.4425692370e-06    1.3004513703e-04    1.0830086430e-02    4.1233240544e-02    1.8556648634e-01    0.0000000000e+00    9.9999999993e-01    0.0000000000e+00    3.2117040425e-06    1.3652694801e-07    1.9294582687e-02    1.5790240673e-01    1.7952587054e-04    0.0000000000e+00
  30.5100000    6.2471373489e-06    1.5232514734e-07   -1.4425681979e-06    1.3002381560e-04    1.0833722671e-02    4.1298090785e-02    1.8725583452e-01    0.0000000000e+00    9.9999999993e-01    0.0000000000e+00    3.2260524640e-06    1.3637887142e-07    1.9371641646e-02    1.5934478893e-01    1.8130359368e-04    0.0000000000e+00
  31.0100000    6.2597480434e-06    1.5148949871e-07   -1.4393203274e-06    1.2997859854e-04    1.0837844384e-02    4.1362089759e-02    1.8752403297e-01    0.0000000000e+00    9.9999999993e-01    0.0000000000e+00    3.2412063080e-06    1.3663510661e-07    1.9453548650e-02    1.6048171973e-01    1.8297956300e-04    0.0000000000e+00
  31.5100000    6.2725919347e-06    1.5122947840e-07   -1.4366639158e-06    1.2992017592e-04    1.0843445511e-02    4.1427089742e-02    1.9068605033e-01    0.0000000000e+00    9.9999999993e-01    0.0000000000e+00    3.2568586448e-06    1.3598111236e-07    1.9538143443e-02    1.6257507423e-01    1.8454809649e-04    0.0000000000e+00
  32.0100000    6.2850975609e-06    1.5152681196e-07   -1.4347160880e-06    1.2986655795e-04    1.0849435050e-02    4.1488888358e-02    1.9289106196e-01    0.0000000000e+00    9.9999999993e-01    0.0000000000e+00    3.2720137721e-06    1.3537477698e-07    1.9619246202e-02    1.6341056365e-01    1.8603905967e-04    0.0000000000e+00
  32.5100000    6.2966931479e-06    1.5078017615e-07   -1.4328878404e-06    1.2983278332e-04    1.0855280095e-02    4.1543743709e-02    1.9368118373e-01    0.0000000000e+00    9.9999999993e-01    0.0000000000e+00    3.2864979065e-06    1.3526429188e-07    1.9695826795e-02    1.6458273127e-01    1.8751656340e-04    0.0000000000e+00
  33.0100000    6.3072448400e-06    1.5022941698e-07   -1.4310419001e-06    1.2982267345e-04    1.0861467720e-02    4.1591230411e-02    1.9603048889e-01    0.0000000000e+00    9.9999999993e-01    0.0000000000e+00    3.3009014101e-06    1.3521805848e-07    1.9771635531e-02    1.6694751282e-01    1.8904962759e-04    0.0000000000e+00
  33.5100000    6.3172029116e-06    1.4879486483e-07   -1.4296589958e-06    1.2982722342e-04    1.0868773527e-02    4.1634929277e-02    1.9864777131e-01    0.0000000000e+00    9.9999999993e-01    0.0000000000e+00    3.3160895183e-06    1.3447662062e-07    1.9852139259e-02    1.6962253178e-01    1.9066414222e-04    0.0000000000e+00
  34.0100000    6.3268119886e-06    1.4806891285e-07   -1.4294176458e-06    1.2982996431e-04    1.0877493651e-02    4.1676873116e-02    1.9929505074e-01    0.0000000000e+00    9.9999999993e-01    0.0000000000e+00    3.3317101488e-06    1.3357269007e-07    1.9935425682e-02    1.6972754160e-01    1.9232587632e-04    0.0000000000e+00
  34.5100000    6.3364078896e-06    1.4676684814e-07   -1.4295771345e-06    1.2981619037e-04    1.0886929911e-02    4.1719263626e-02    1.9857717061e-01    0.0000000000e+00    9.9999999993e-01    0.0000000000e+00    3.3472664744e-06    1.3326068863e-07    2.0018519097e-02    1.6985176881e-01    1.9396586524e-04    0.0000000000e+00
  35.0100000    6.3460701264e-06    1.4584363519e-07   -1.4295945216e-06    1.2978107881e-04    1.0896834595e-02    4.1762197507e-02    1.9955271489e-01    0.0000000000e+00    9.9999999993e-01    0.0000000000e+00    3.3629669255e-06    1.3289357844e-07    2.0102462978e-02    1.7091275575e-01    1.9552130585e-04    0.0000000000e+00
  35.5100000    6.3555402659e-06    1.4446591197e-07   -1.4291746935e-06    1.2973212819e-04    1.0907204870e-02    4.1803384162e-02    1.9826880997e-01    0.0000000000e+00    9.9999999993e-01    0.0000000000e+00    3.3791359474e-06    1.3239740352e-07    2.0188907671e-02    1.7038066508e-01    1.9697037017e-04    0.0000000000e+00
  36.0100000    6.3643624467e-06    1.4316255389e-07   -1.4284735283e-06    1.2968459077e-04    1.0917719798e-02    4.1839413603e-02    1.9717063488e-01    0.0000000000e+00    9.9999999993e-01    0.0000000000e+00    3.3955827298e-06    1.3184189444e-07    2.0276503971e-02    1.6986198825e-01    1.9834499533e-04    0.0000000000e+00
  36.5100000    6.3723502725e-06    1.4267757479e-07   -1.4278858192e-06    1.2965268606e-04    1.0927308383e-02    4.1869053764e-02    1.9698346975e-01    0.0000000000e+00    9.9999999993e-01    0.0000000000e+00    3.4116348882e-06    1.3166744085e-07    2.0361225852e-02    1.6986488345e-01    1.9971221313e-04    0.0000000000e+00
  37.0100000    6.3799295135e-06    1.4117790693e-07   -1.4276330799e-06    1.2964166086e-04    1.0936240671e-02    4.1895484147e-02    1.9665318312e-01    0.0000000000e+00    9.9999999993e-01    0.0000000000e+00    3.4274064261e-06    1.3168868193e-07    2.0443938045e-02    1.7085307472e-01    2.0113479866e-04    0.0000000000e+00
  37.5100000    6.3872165722e-06    1.4035754598e-07   -1.4275957173e-06    1.2964517264e-04    1.0945961203e-02    4.1920013771e-02    1.9662082667e-01    0.0000000000e+00    9.9999999993e-01    0.0000000000e+00    3.4434542731e-06    1.3139381326e-07    2.0528225435e-02    1.7113224388e-01    2.0263369979e-04    0.0000000000e+00
  38.0100000    6.3941779366e-06    1.3928139075e-07   -1.4272815903e-06    1.2964929814e-04    1.0955532251e-02    4.1942815136e-02    1.9676169805e-01    0.0000000000e+00    9.9999999993e-01    0.0000000000e+00    3.4596878891e-06    1.3091743707e-07    2.0613737684e-02    1.7173954812e-01    2.0417607717e-04    0.0000000000e+00
  38.5100000    6.4007662881e-06    1.3841715593e-07   -1.4262532372e-06    1.2964056872e-04    1.0964886892e-02    4.1963603031e-02    1.9605123383e-01    0.0000000000e+00    9.9999999993e-01    0.0000000000e+00    3.4760232978e-06    1.3087294773e-07    2.0699985880e-02    1.7179539889e-01    2.0570136746e-04    0.0000000000e+00
  39.0100000    6.4070981704e-06    1.3735651500e-07   -1.4244100761e-06    1.2961343922e-04    1.0973991040e-02    4.1982802626e-02    1.9422417686e-01    0.0000000000e+00    9.9999999993e-01    0.0000000000e+00    3.4923943922e-06    1.3088660069e-07    2.0786409240e-02    1.7123976268e-01    2.0716253810e-04    0.0000000000e+00
  39.5100000    6.4130734921e-06    1.3641174331e-07   -1.4216988566e-06    1.2957319593e-04    1.0983434821e-02    4.1999274654e-02    1.9394605034e-01    0.0000000000e+00    9.9999999993e-01    0.0000000000e+00    3.5090148565e-06    1.3049474941e-07    2.0874036104e-02    1.7145471443e-01    2.0854554132e-04    0.0000000000e+00
  40.0100000    6.4184138232e-06    1.3588030581e-07   -1.4187342963e-06    1.2953264877e-04    1.0992340504e-02    4.2010859320e-02    1.9281975186e-01    0.0000000000e+00    9.9999999993e-01    0.0000000000e+00    3.5256387727e-06    1.3019793749e-07    2.0961228562e-02    1.7067306774e-01    2.0986643743e-04    0.0000000000e+00
  40.5100000    6.4232441991e-06    1.3471945198e-07   -1.4166349407e-06    1.2950441697e-04    1.1000536226e-02    4.2018370126e-02    1.9224030568e-01    0.0000000000e+00    9.9999999993e-01    0.0000000000e+00    3.5423064647e-06    1.3074865658e-07    2.1048217050e-02    1.7182532898e-01    2.1116713894e-04    0.0000000000e+00
  41.0100000    6.4278789286e-06    1.3430370171e-07   -1.4162924680e-06    1.2949358845e-04    1.1008265390e-02    4.2024175586e-02    1.9162458869e-01    0.0000000000e+00    9.9999999993e-01    0.0000000000e+00    3.5588415708e-06    1.3063294706e-07    2.1134106964e-02    1.7156252432e-01    2.1250295978e-04    0.0000000000e+00
  41.5100000    6.4326275555e-06    1.3370551964e-07   -1.4164256209e-06    1.2949531770e-04    1.1018093165e-02    4.2030735570e-02    1.9071508933e-01    0.0000000000e+00    9.9999999993e-01    0.0000000000e+00    3.5748975257e-06    1.3043365215e-07    2.1217063183e-02    1.7145906981e-01    2.1390814793e-04    0.0000000000e+00
  42.0100000    6.4373053780e-06    1.3289669742e-07   -1.4152513492e-06    1.2949834663e-04    1.1029638015e-02    4.2037159524e-02    1.8921968804e-01    0.0000000000e+00    9.9999999993e-01    0.0000000000e+00    3.5908729540e-06    1.3024068267e-07    2.1299614064e-02    1.7210696038e-01    2.1536558580e-04    0.0000000000e+00
  42.5100000    6.4411461187e-06    1.3214502750e-07   -1.4125372438e-06    1.2949171136e-04    1.1038579350e-02    4.2038484795e-02    1.8763046484e-01    0.0000000000e+00    9.9999999993e-01    0.0000000000e+00    3.6072694368e-06    1.2973752418e-07    2.1384749311e-02    1.7269804123e-01    2.1681763719e-04    0.0000000000e+00
  43.0100000    6.4436715288e-06    1.3166339955e-07   -1.4120393454e-06    1.2947064147e-04    1.1039998051e-02    4.2031362380e-02    1.8963756103e-01    0.0000000000e+00    9.9999999993e-01    0.0000000000e+00    3.6242324864e-06    1.2952911555e-07    2.1473203845e-02    1.7581879425e-01    2.1820967889e-04    0.0000000000e+00
  43.5100000    6.4462925938e-06    1.3275258716e-07   -1.4163534692e-06    1.2943867404e-04    1.1034593589e-02    4.2024636500e-02    1.9203922180e-01    0.0000000000e+00    9.9999999993e-01    0.0000000000e+00    3.6412527031e-06    1.3051046452e-07    2.1561776754e-02    1.7909036141e-01    2.1952541202e-04    0.0000000000e+00
  44.0100000    6.4522611818e-06    1.3361322483e-07   -1.4254741454e-06    1.2940517586e-04    1.1031696778e-02    4.2039206313e-02    1.9268967280e-01    0.0000000000e+00    9.9999999993e-01    0.0000000000e+00    3.6579006133e-06    1.3235657161e-07    2.1647796812e-02    1.8102214842e-01    2.2078995712e-04    0.0000000000e+00
  44.5100000    6.4632122459e-06    1.3529730846e-07   -1.4318787167e-06    1.2937986896e-04    1.1045988293e-02    4.2085648009e-02    2.0267147737e-01    0.0000000000e+00    9.9999999993e-01    0.0000000000e+00    3.6741164196e-06    1.3395780941e-07    2.1730904995e-02    1.8839648490e-01    2.2204797182e-04    0.0000000000e+00
  45.0100000    6.4763225134e-06    1.3681272677e-07   -1.4291210244e-06    1.2936749209e-04    1.1080783487e-02    4.2145778280e-02    2.1107599741e-01    0.0000000000e+00    9.9999999993e-01    0.0000000000e+00    3.6903087266e-06    1.3504768750e-07    2.1813629308e-02    1.9835842679e-01    2.2333671610e-04    0.0000000000e+00
  45.5100000    6.4851110157e-06    1.3652125343e-07   -1.4177645580e-06    1.2936552136e-04    1.1118258090e-02    4.2177811095e-02    2.0456363314e-01    0.0000000000e+00    9.9999999993e-01    0.0000000000e+00    3.7070322774e-06    1.3459464246e-07    2.1899408318e-02    1.9838292746e-01    2.2466882431e-04    0.0000000000e+00
  46.0100000    6.4846924500e-06    1.3661153301e-07   -1.4050781088e-06    1.2936600673e-04    1.1134317073e-02    4.2150341856e-02    2.0356105321e-01    0.0000000000e+00    9.9999999993e-01    0.0000000000e+00    3.7240965283e-06    1.3414073338e-07    2.1987238989e-02    1.9681150973e-01    2.2603043251e-04    0.0000000000e+00
  46.5100000    6.4768913709e-06    1.3968584524e-07   -1.3992303501e-06    1.2936024736e-04    1.1122643358e-02    4.2075360279e-02    2.1590359553e-01    0.0000000000e+00    9.9999999993e-01    0.0000000000e+00    3.7411642949e-06    1.3550851208e-07    2.2075159265e-02    2.0137999422e-01    2.2739139082e-04    0.0000000000e+00
  47.0100000    6.4689651547e-06    1.4167292287e-07   -1.4000631869e-06    1.2934358285e-04    1.1101176355e-02    4.1999843378e-02    2.2576391345e-01    0.0000000000e+00    9.9999999993e-01    0.0000000000e+00    3.7581581802e-06    1.3656901495e-07    2.2162641795e-02    2.0524393412e-01    2.2871885348e-04    0.0000000000e+00
  47.5100000    6.4670847177e-06    1.3958510764e-07   -1.4072582656e-06    1.2931763271e-04    1.1087280273e-02    4.1963529612e-02    2.2641725340e-01    0.0000000000e+00    9.9999999993e-01    0.0000000000e+00    3.7747253916e-06    1.3554643722e-07    2.2247486571e-02    2.0508932121e-01    2.2999127278e-04    0.0000000000e+00
  48.0100000    6.4720045781e-06    1.3632332997e-07   -1.4137895274e-06    1.2928888442e-04    1.1087651785e-02    4.1971045769e-02    2.2354915653e-01    0.0000000000e+00    9.9999999993e-01    0.0000000000e+00    3.7905805442e-06    1.3411660680e-07    2.2327916168e-02    2.0359033045e-01    2.3121228333e-04    0.0000000000e+00
  48.5100000    6.4795699343e-06    1.3484415870e-07   -1.4137510073e-06    1.2926477594e-04    1.1102710397e-02    4.1995388462e-02    2.2256776763e-01    0.0000000000e+00    9.9999999993e-01    0.0000000000e+00    3.8062660890e-06    1.3356688472e-07    2.2407104063e-02    2.0327767243e-01    2.3241293722e-04    0.0000000000e+00
  49.0100000    6.4840762744e-06    1.3456516493e-07   -1.4043780697e-06    1.2924971634e-04    1.1126955501e-02    4.1999758507e-02    2.2164959019e-01    0.0000000000e+00    9.9999999993e-01    0.0000000000e+00    3.8224846527e-06    1.3326161792e-07    2.2489244778e-02    2.0223133778e-01    2.3363245323e-04    0.0000000000e+00
  49.5100000    6.4818977996e-06    1.3379536550e-07   -1.3881373848e-06    1.2924310644e-04    1.1148243345e-02    4.1960973121e-02    2.1949486936e-01    0.0000000000e+00    9.9999999993e-01    0.0000000000e+00    3.8392770991e-06    1.3260035718e-07    2.2574686527e-02    2.0031570797e-01    2.3488958153e-04    0.0000000000e+00
  50.0100000    6.4730885362e-06    1.3238124016e-07   -1.3740277447e-06    1.2924003737e-04    1.1157112081e-02    4.1879655266e-02    2.1856094719e-01    0.0000000000e+00    9.9999999993e-01    0.0000000000e+00    3.8561349340e-06    1.3180676453e-07    2.2660544665e-02    2.0028959351e-01    2.3617025401e-04    0.0000000000e+00
  50.5100000    6.4605883418e-06    1.3075457741e-07   -1.3680332182e-06    1.2923396873e-04    1.1153660727e-02    4.1774941765e-02    2.1651545517e-01    0.0000000000e+00    9.9999999993e-01    0.0000000000e+00    3.8725900753e-06    1.3135070023e-07    2.2744120778e-02    1.9998902158e-01    2.3744436350e-04    0.0000000000e+00
  51.0100000    6.4480466113e-06    1.2913253958e-07   -1.3731512938e-06    1.2922005745e-04    1.1143213015e-02    4.1670357647e-02    2.1317125685e-01    0.0000000000e+00    9.9999999993e-01    0.0000000000e+00    3.8886710918e-06    1.3113843315e-07    2.2825558235e-02    1.9877136612e-01    2.3869157092e-04    0.0000000000e+00
  51.5100000    6.4378917772e-06    1.2801136156e-07   -1.3830580782e-06    1.2919773000e-04    1.1131110774e-02    4.1581400120e-02    2.1037421124e-01    0.0000000000e+00    9.9999999993e-01    0.0000000000e+00    3.9045846044e-06    1.3094458273e-07    2.2905986520e-02    1.9743320656e-01    2.3990485071e-04    0.0000000000e+00
  52.0100000    6.4310026550e-06    1.2723630152e-07   -1.3858270879e-06    1.2917104586e-04    1.1121583445e-02    4.1513535992e-02    2.0870414830e-01    0.0000000000e+00    9.9999999993e-01    0.0000000000e+00    3.9204694471e-06    1.3093524419e-07    2.2986127547e-02    1.9692423622e-01    2.4108001429e-04    0.0000000000e+00
  52.5100000    6.4272066599e-06    1.2685897678e-07   -1.3762248652e-06    1.2914625646e-04    1.1116609690e-02    4.1465530547e-02    2.0912873351e-01    0.0000000000e+00    9.9999999993e-01    0.0000000000e+00    3.9364555766e-06    1.3109580451e-07    2.3066693496e-02    1.9806166575e-01    2.4222401783e-04    0.0000000000e+00
  53.0100000    6.4258290746e-06    1.2675124856e-07   -1.3593315005e-06    1.2912810242e-04    1.1116131583e-02    4.1433048042e-02    2.0859702747e-01    0.0000000000e+00    9.9999999993e-01    0.0000000000e+00    3.9525500715e-06    1.3131102061e-07    2.3147746795e-02    1.9797527903e-01    2.4336585354e-04    0.0000000000e+00
  53.5100000    6.4261015488e-06    1.2652362697e-07   -1.3479097879e-06    1.2911742179e-04    1.1118613591e-02    4.1411269856e-02    2.0801591675e-01    0.0000000000e+00    9.9999999993e-01    0.0000000000e+00    3.9687385789e-06    1.3152509141e-07    2.3229286540e-02    1.9802615238e-01    2.4453576688e-04    0.0000000000e+00
  54.0100000    6.4273747593e-06    1.2658608830e-07   -1.3437023324e-06    1.2911109631e-04    1.1122890204e-02    4.1396183297e-02    2.0861729802e-01    0.0000000000e+00    9.9999999993e-01    0.0000000000e+00    3.9849377106e-06    1.3179107388e-07    2.3310926377e-02    1.9889473928e-01    2.4572746208e-04    0.0000000000e+00
  54.5100000    6.4293278867e-06    1.2658831808e-07   -1.3479437501e-06    1.2910370031e-04    1.1127988371e-02    4.1385826900e-02    2.0816437508e-01    0.0000000000e+00    9.9999999993e-01    0.0000000000e+00    4.0011053135e-06    1.3218301062e-07    2.3392484369e-02    1.9898968820e-01    2.4692015951e-04    0.0000000000e+00
  55.0100000    6.4317740703e-06    1.2667338992e-07   -1.3583142623e-06    1.2909023457e-04    1.1132615888e-02    4.1378973226e-02    2.0788010672e-01    0.0000000000e+00    9.9999999993e-01    0.0000000000e+00    4.0172878247e-06    1.3252698374e-07    2.3474222968e-02    1.9906735906e-01    2.4809557783e-04    0.0000000000e+00
  55.5100000    6.4346096468e-06    1.2694532350e-07   -1.3674725794e-06    1.2906906401e-04    1.1136708127e-02    4.1374815184e-02    2.0694454647e-01    0.0000000000e+00    9.9999999993e-01    0.0000000000e+00    4.0334235882e-06    1.3291209306e-07    2.3555706524e-02    1.9831095863e-01    2.4924340328e-04    0.0000000000e+00
  56.0100000    6.4379130555e-06    1.2705017860e-07   -1.3724451631e-06    1.2904302496e-04    1.1140302253e-02    4.1373681014e-02    2.0680619693e-01    0.0000000000e+00    9.9999999993e-01    0.0000000000e+00    4.0495444332e-06    1.3338792788e-07    2.3637024693e-02    1.9866408694e-01    2.5035169102e-04    0.0000000000e+00
  56.5100000    6.4417671489e-06    1.2730745669e-07   -1.3733724662e-06    1.2901750692e-04    1.1143577436e-02    4.1375988952e-02    2.0787523317e-01    0.0000000000e+00    9.9999999993e-01    0.0000000000e+00    4.0656760917e-06    1.3378443745e-07    2.3718265830e-02    1.9988202577e-01    2.5142245968e-04    0.0000000000e+00
  57.0100000    6.4462300435e-06    1.2751318590e-07   -1.3720190457e-06    1.2899714752e-04    1.1146688422e-02    4.1382120373e-02    2.0860500139e-01    0.0000000000e+00    9.9999999993e-01    0.0000000000e+00    4.0817590277e-06    1.3414519618e-07    2.3799090970e-02    2.0081212392e-01    2.5249149125e-04    0.0000000000e+00
  57.5100000    6.4513239831e-06    1.2773623885e-07   -1.3703056521e-06    1.2898353923e-04    1.1150319208e-02    4.1392340232e-02    2.0865764290e-01    0.0000000000e+00    9.9999999993e-01    0.0000000000e+00    4.0977761164e-06    1.3454053188e-07    2.3879474983e-02    2.0110725538e-01    2.5358522416e-04    0.0000000000e+00
  58.0100000    6.4570740844e-06    1.2795201854e-07   -1.3691684959e-06    1.2897456594e-04    1.1153877330e-02    4.1406966935e-02    2.0773063601e-01    0.0000000000e+00    9.9999999993e-01    0.0000000000e+00    4.1137530686e-06    1.3497943864e-07    2.3959663710e-02    2.0050298116e-01    2.5469853977e-04    0.0000000000e+00
  58.5100000    6.4634887466e-06    1.2808984767e-07   -1.3695975187e-06    1.2896532370e-04    1.1158112632e-02    4.1426146006e-02    2.0806541772e-01    0.0000000000e+00    9.9999999993e-01    0.0000000000e+00    4.1297523426e-06    1.3535816951e-07    2.4040079427e-02    2.0113846886e-01    2.5581439889e-04    0.0000000000e+00
  59.0100000    6.4705303468e-06    1.2835300254e-07   -1.3725234581e-06    1.2895089318e-04    1.1162634521e-02    4.1449603951e-02    2.0829142266e-01    0.0000000000e+00    9.9999999993e-01    0.0000000000e+00    4.1457576665e-06    1.3568195239e-07    2.4120613794e-02    2.0142090096e-01    2.5692120047e-04    0.0000000000e+00
  59.5100000    6.4782071718e-06    1.2853114546e-07   -1.3768485792e-06    1.2892959886e-04    1.1167373244e-02    4.1477256197e-02    2.0715539628e-01    0.0000000000e+00    9.9999999993e-01    0.0000000000e+00    4.1617671025e-06    1.3606425330e-07    2.4201180355e-02    2.0058315669e-01    2.5800001924e-04    0.0000000000e+00
  60.0100000    6.4864919914e-06    1.2868098814e-07   -1.3783040175e-06    1.2890390051e-04    1.1172325257e-02    4.1508764726e-02    2.0720397363e-01    0.0000000000e+00    9.9999999993e-01    0.0000000000e+00    4.1778586277e-06    1.3641836976e-07    2.4282140494e-02    2.0095295354e-01    2.5903280245e-04    0.0000000000e+00
  60.5100000    6.4952222851e-06    1.2886155112e-07   -1.3732495751e-06    1.2887833632e-04    1.1177965136e-02    4.1542987381e-02    2.0911483837e-01    0.0000000000e+00    9.9999999993e-01    0.0000000000e+00    4.1940248318e-06    1.3669059453e-07    2.4363392772e-02    2.0305255164e-01    2.6003833974e-04    0.0000000000e+00
  61.0100000    6.5041877212e-06    1.2893629852e-07   -1.3645192651e-06    1.2885687501e-04    1.1183891598e-02    4.1578588059e-02    2.0897656156e-01    0.0000000000e+00    9.9999999993e-01    0.0000000000e+00    4.2101342216e-06    1.3693320237e-07    2.4444179415e-02    2.0319967086e-01    2.6104631954e-04    0.0000000000e+00
  61.5100000    6.5132817822e-06    1.2907908180e-07   -1.3634000175e-06    1.2884154273e-04    1.1189881608e-02    4.1614990926e-02    2.0816884678e-01    0.0000000000e+00    9.9999999993e-01    0.0000000000e+00    4.2259936153e-06    1.3715016913e-07    2.4523442799e-02    2.0247114290e-01    2.6207758084e-04    0.0000000000e+00
  62.0100000    6.5226368481e-06    1.2921711571e-07   -1.3681022739e-06    1.2883056757e-04    1.1196083950e-02    4.1653168989e-02    2.0849733260e-01    0.0000000000e+00    9.9999999993e-01    0.0000000000e+00    4.2414983342e-06    1.3737977832e-07    2.4600655722e-02    2.0287370501e-01    2.6312000604e-04    0.0000000000e+00
  62.5100000    6.5324866476e-06    1.2929977971e-07   -1.3824088538e-06    1.2881968520e-04    1.1202796148e-02    4.1694680657e-02    2.0829665452e-01    0.0000000000e+00    9.9999999993e-01    0.0000000000e+00    4.2567993937e-06    1.3756344431e-07    2.4676739528e-02    2.0276535521e-01    2.6417087757e-04    0.0000000000e+00
  63.0100000    6.5428945321e-06    1.2943364402e-07   -1.3943471102e-06    1.2880480127e-04    1.1210341457e-02    4.1739896528e-02    2.0730263991e-01    0.0000000000e+00    9.9999999993e-01    0.0000000000e+00    4.2721467554e-06    1.3770023392e-07    2.4753127756e-02    2.0176623552e-01    2.6521199005e-04    0.0000000000e+00
  63.5100000    6.5537088937e-06    1.2953386398e-07   -1.3973154624e-06    1.2878441895e-04    1.1219173274e-02    4.1787741005e-02    2.0707031208e-01    0.0000000000e+00    9.9999999993e-01    0.0000000000e+00    4.2877081148e-06    1.3787037988e-07    2.4830728764e-02    2.0166630008e-01    2.6622739605e-04    0.0000000000e+00
  64.0100000    6.5646903346e-06    1.2967169071e-07   -1.3926945430e-06    1.2876031958e-04    1.1228935048e-02    4.1836570506e-02    2.0966621414e-01    0.0000000000e+00    9.9999999993e-01    0.0000000000e+00    4.3034702264e-06    1.3806915382e-07    2.4909394907e-02    2.0433139003e-01    2.6722047792e-04    0.0000000000e+00
  64.5100000    6.5757669201e-06    1.2975640156e-07   -1.3861704052e-06    1.2873627248e-04    1.1239041452e-02    4.1885861716e-02    2.0927921165e-01    0.0000000000e+00    9.9999999993e-01    0.0000000000e+00    4.3192888018e-06    1.3831372351e-07    2.4988251758e-02    2.0415978855e-01    2.6818361099e-04    0.0000000000e+00
  65.0100000    6.5870557907e-06    1.2985517579e-07   -1.3821051496e-06    1.2871540206e-04    1.1248689223e-02    4.1936372959e-02    2.0802513403e-01    0.0000000000e+00    9.9999999993e-01    0.0000000000e+00    4.3350473354e-06    1.3855064865e-07    2.5066634161e-02    2.0309547436e-01    2.6914070485e-04    0.0000000000e+00
  65.5100000    6.5987347945e-06    1.2992194981e-07   -1.3819125728e-06    1.2869865331e-04    1.1257876112e-02    4.1989302971e-02    2.1060426519e-01    0.0000000000e+00    9.9999999993e-01    0.0000000000e+00    4.3506750689e-06    1.3877974863e-07    2.5144176412e-02    2.0588544942e-01    2.7010961967e-04    0.0000000000e+00
  66.0100000    6.6108588799e-06    1.2982575010e-07   -1.3856435428e-06    1.2868473963e-04    1.1267820892e-02    4.2045068661e-02    2.1173442203e-01    0.0000000000e+00    9.9999999993e-01    0.0000000000e+00    4.3662130937e-06    1.3893055094e-07    2.5221160101e-02    2.0738896774e-01    2.7109158170e-04    0.0000000000e+00
  66.5100000    6.6231762218e-06    1.2987167424e-07   -1.3922905168e-06    1.2867095133e-04    1.1278236954e-02    4.2102088902e-02    2.0752761440e-01    0.0000000000e+00    9.9999999993e-01    0.0000000000e+00    4.3816608127e-06    1.3896010835e-07    2.5297595584e-02    2.0319673237e-01    2.7208483721e-04    0.0000000000e+00
  67.0100000    6.6353888386e-06    1.2997561233e-07   -1.3982591382e-06    1.2865483221e-04    1.1289305531e-02    4.2158432471e-02    2.0471408003e-01    0.0000000000e+00    9.9999999993e-01    0.0000000000e+00    4.3969842591e-06    1.3902630890e-07    2.5373264321e-02    2.0033499543e-01    2.7308316972e-04    0.0000000000e+00
  67.5100000    6.6473412312e-06    1.3017992328e-07   -1.3984795764e-06    1.2863577567e-04    1.1301571131e-02    4.2213041731e-02    2.0825115618e-01    0.0000000000e+00    9.9999999993e-01    0.0000000000e+00    4.4122490185e-06    1.3915645421e-07    2.5448501618e-02    2.0375908398e-01    2.7406156889e-04    0.0000000000e+00
  68.0100000    6.6590825518e-06    1.3038684272e-07   -1.3917618518e-06    1.2861519004e-04    1.1314264366e-02    4.2266162918e-02    2.0985727050e-01    0.0000000000e+00    9.9999999993e-01    0.0000000000e+00    4.4275130092e-06    1.3935838503e-07    2.5523600704e-02    2.0537673280e-01    2.7498734371e-04    0.0000000000e+00
  68.5100000    6.6708830423e-06    1.3053508623e-07   -1.3848093784e-06    1.2859482287e-04    1.1326637834e-02    4.2319477712e-02    2.0883929528e-01    0.0000000000e+00    9.9999999993e-01    0.0000000000e+00    4.4428171219e-06    1.3959740447e-07    2.5598777619e-02    2.0443560771e-01    2.7590519840e-04    0.0000000000e+00
  69.0100000    6.6831128910e-06    1.3069460605e-07   -1.3869276833e-06    1.2857604729e-04    1.1338787359e-02    4.2375345339e-02    2.0854965528e-01    0.0000000000e+00    9.9999999993e-01    0.0000000000e+00    4.4581527105e-06    1.3983396818e-07    2.5673992105e-02    2.0420871306e-01    2.7685993676e-04    0.0000000000e+00
  69.5100000    6.6960150623e-06    1.3076202860e-07   -1.3950723954e-06    1.2856006043e-04    1.1351507389e-02    4.2435351959e-02    2.0809121520e-01    0.0000000000e+00    9.9999999993e-01    0.0000000000e+00    4.4734942914e-06    1.4004209060e-07    2.5749129470e-02    2.0398005671e-01    2.7783412485e-04    0.0000000000e+00
  70.0100000    6.7094363368e-06    1.3083297455e-07   -1.4071531914e-06    1.2854647666e-04    1.1364627473e-02    4.2498578553e-02    2.0869916425e-01    0.0000000000e+00    9.9999999993e-01    0.0000000000e+00    4.4888025850e-06    1.4017295005e-07    2.5823998027e-02    2.0470542647e-01    2.7878961463e-04    0.0000000000e+00
  70.5100000    6.7229075092e-06    1.3093477858e-07   -1.4145164962e-06    1.2853312648e-04    1.1377643759e-02    4.2562083791e-02    2.0871036895e-01    0.0000000000e+00    9.9999999993e-01    0.0000000000e+00    4.5040277710e-06    1.4028807378e-07    2.5898329453e-02    2.0471866436e-01    2.7972880181e-04    0.0000000000e+00
  71.0100000    6.7359431159e-06    1.3115646750e-07   -1.4138259428e-06    1.2851787021e-04    1.1390958345e-02    4.2622794406e-02    2.0885966943e-01    0.0000000000e+00    9.9999999993e-01    0.0000000000e+00    4.5191923625e-06    1.4041003416e-07    2.5972249941e-02    2.0467944930e-01    2.8066795628e-04    0.0000000000e+00
  71.5100000    6.7483577312e-06    1.3141659735e-07   -1.4086063694e-06    1.2850002803e-04    1.1404750062e-02    4.2679509798e-02    2.0771652382e-01    0.0000000000e+00    9.9999999993e-01    0.0000000000e+00    4.5343460713e-06    1.4059173683e-07    2.6046024553e-02    2.0341227097e-01    2.8161232308e-04    0.0000000000e+00
  72.0100000    6.7604080839e-06    1.3156058824e-07   -1.4019955120e-06    1.2848016290e-04    1.1418561741e-02    4.2733803524e-02    2.0844074367e-01    0.0000000000e+00    9.9999999993e-01    0.0000000000e+00    4.5495323344e-06    1.4084937854e-07    2.6119870561e-02    2.0424005621e-01    2.8253455465e-04    0.0000000000e+00
  72.5100000    6.7725655353e-06    1.3168343590e-07   -1.3964103101e-06    1.2845997804e-04    1.1432224130e-02    4.2788599226e-02    2.1010233482e-01    0.0000000000e+00    9.9999999993e-01    0.0000000000e+00    4.5647425019e-06    1.4108767866e-07    2.6193705776e-02    2.0598047679e-01    2.8343883299e-04    0.0000000000e+00
  73.0100000    6.7851407950e-06    1.3185536915e-07   -1.3930202408e-06    1.2844099174e-04    1.1445796292e-02    4.2845825942e-02    2.1039137323e-01    0.0000000000e+00    9.9999999993e-01    0.0000000000e+00    4.5799225730e-06    1.4127239258e-07    2.6267202827e-02    2.0627957324e-01    2.8434841817e-04    0.0000000000e+00
  73.5100000    6.7980566499e-06    1.3199170100e-07   -1.3933469660e-06    1.2842461227e-04    1.1459208198e-02    4.2905002028e-02    2.1000387039e-01    0.0000000000e+00    9.9999999993e-01    0.0000000000e+00    4.5950297589e-06    1.4143290520e-07    2.6340122022e-02    2.0601470164e-01    2.8527093695e-04    0.0000000000e+00
  74.0100000    6.8109816597e-06    1.3204391496e-07   -1.3980035679e-06    1.2841119071e-04    1.1472827056e-02    4.2964077392e-02    2.0886982692e-01    0.0000000000e+00    9.9999999993e-01    0.0000000000e+00    4.6100420584e-06    1.4155965270e-07    2.6412362495e-02    2.0496073690e-01    2.8619825109e-04    0.0000000000e+00
  74.5100000    6.8236726652e-06    1.3227009122e-07   -1.4046970963e-06    1.2839939383e-04    1.1486274814e-02    4.3021572126e-02    2.0950501255e-01    0.0000000000e+00    9.9999999993e-01    0.0000000000e+00    4.6249727817e-06    1.4164374546e-07    2.6484032148e-02    2.0528553822e-01    2.8712932778e-04    0.0000000000e+00
  75.0100000    6.8361330310e-06    1.3257798385e-07   -1.4112862693e-06    1.2838716935e-04    1.1499579065e-02    4.3077546724e-02    2.0835492326e-01    0.0000000000e+00    9.9999999993e-01    0.0000000000e+00    4.6398595570e-06    1.4181510612e-07    2.6555369698e-02    2.0397275488e-01    2.8806576506e-04    0.0000000000e+00
  75.5100000    6.8485106181e-06    1.3264279205e-07   -1.4157317554e-06    1.2837319733e-04    1.1512976735e-02    4.3132944263e-02    2.0782905017e-01    0.0000000000e+00    9.9999999993e-01    0.0000000000e+00    4.6547366911e-06    1.4204015052e-07    2.6626578644e-02    2.0364597771e-01    2.8899590718e-04    0.0000000000e+00
  76.0100000    6.8609204012e-06    1.3275679070e-07   -1.4162097524e-06    1.2835720811e-04    1.1526572317e-02    4.3188475478e-02    2.1056325530e-01    0.0000000000e+00    9.9999999993e-01    0.0000000000e+00    4.6696079083e-06    1.4217301118e-07    2.6697672685e-02    2.0630348655e-01    2.8990778383e-04    0.0000000000e+00
  76.5100000    6.8733604142e-06    1.3300444484e-07   -1.4121130941e-06    1.2833956552e-04    1.1540137494e-02    4.3244102118e-02    2.1071048458e-01    0.0000000000e+00    9.9999999993e-01    0.0000000000e+00    4.6844508142e-06    1.4233721287e-07    2.6768508178e-02    2.0634663524e-01    2.9081048499e-04    0.0000000000e+00
  77.0100000    6.8857528304e-06    1.3314713624e-07   -1.4053786907e-06    1.2832120223e-04    1.1553368753e-02    4.3299313088e-02    2.1114150393e-01    0.0000000000e+00    9.9999999993e-01    0.0000000000e+00    4.6992596495e-06    1.4258064437e-07    2.6839038625e-02    2.0695718632e-01    2.9170304399e-04    0.0000000000e+00
  77.5100000    6.8980362203e-06    1.3319393624e-07   -1.4004180157e-06    1.2830354782e-04    1.1566605026e-02    4.3353719329e-02    2.1105050798e-01    0.0000000000e+00    9.9999999993e-01    0.0000000000e+00    4.7140442406e-06    1.4275827481e-07    2.6909317700e-02    2.0701439543e-01    2.9259212955e-04    0.0000000000e+00
  78.0100000    6.9102007448e-06    1.3339449117e-07   -1.4014223626e-06    1.2828771386e-04    1.1579978057e-02    4.3407278739e-02    2.1141209808e-01    0.0000000000e+00    9.9999999993e-01    0.0000000000e+00    4.7288041233e-06    1.4285763652e-07    2.6979354391e-02    2.0716179024e-01    2.9347786941e-04    0.0000000000e+00
  78.5100000    6.9222724376e-06    1.3374718737e-07   -1.4088833886e-06    1.2827357000e-04    1.1593343623e-02    4.3460185597e-02    2.1126833186e-01    0.0000000000e+00    9.9999999993e-01    0.0000000000e+00    4.7435217529e-06    1.4305951717e-07    2.7049067559e-02    2.0683584832e-01    2.9437281414e-04    0.0000000000e+00
  79.0100000    6.9342830783e-06    1.3387827240e-07   -1.4189899773e-06    1.2825989875e-04    1.1606678625e-02    4.3512657378e-02    2.1042864117e-01    0.0000000000e+00    9.9999999993e-01    0.0000000000e+00    4.7582050910e-06    1.4336175505e-07    2.7118513875e-02    2.0625698732e-01    2.9527792056e-04    0.0000000000e+00
  79.5100000    6.9462050942e-06    1.3403170662e-07   -1.4258614264e-06    1.2824545659e-04    1.1619942901e-02    4.3564507931e-02    2.1234513402e-01    0.0000000000e+00    9.9999999993e-01    0.0000000000e+00    4.7728824600e-06    1.4352973432e-07    2.7187846088e-02    2.0812246695e-01    2.9618327293e-04    0.0000000000e+00
  80.0100000    6.9579601588e-06    1.3442612742e-07   -1.4266808680e-06    1.2822971632e-04    1.1633546415e-02    4.3615202882e-02    2.1289534535e-01    0.0000000000e+00    9.9999999993e-01    0.0000000000e+00    4.7875419738e-06    1.4365489860e-07    2.7256968373e-02    2.0828367360e-01    2.9707102142e-04    0.0000000000e+00
  80.5100000    6.9695130522e-06    1.3470734443e-07   -1.4234343493e-06    1.2821303471e-04    1.1646898616e-02    4.3664473250e-02    2.1262497585e-01    0.0000000000e+00    9.9999999993e-01    0.0000000000e+00    4.8021633319e-06    1.4392814365e-07    2.7325733793e-02    2.0803619338e-01    2.9795158472e-04    0.0000000000e+00
  81.0100000    6.9808909897e-06    1.3486506698e-07   -1.4207100044e-06    1.2819671032e-04    1.1659713768e-02    4.3712474444e-02    2.1252714239e-01    0.0000000000e+00    9.9999999993e-01    0.0000000000e+00    4.8167581058e-06    1.4419569129e-07    2.7394197759e-02    2.0807312731e-01    2.9883849151e-04    0.0000000000e+00
  81.5100000    6.9921200608e-06    1.3516221248e-07   -1.4221320446e-06    1.2818236632e-04    1.1672253111e-02    4.3759409636e-02    2.1275555297e-01    0.0000000000e+00    9.9999999993e-01    0.0000000000e+00    4.8313275802e-06    1.4434171508e-07    2.7462391706e-02    2.0802958192e-01    2.9972218849e-04    0.0000000000e+00
  82.0100000    7.0032200213e-06    1.3546437587e-07   -1.4277333884e-06    1.2817043118e-04    1.1684834649e-02    4.3805480897e-02    2.1377982439e-01    0.0000000000e+00    9.9999999993e-01    0.0000000000e+00    4.8458544314e-06    1.4453288146e-07    2.7530265953e-02    2.0888346720e-01    3.0059686400e-04    0.0000000000e+00
  82.5100000    7.0142143502e-06    1.3561174028e-07   -1.4344611749e-06    1.2815967009e-04    1.1697389554e-02    4.3850910467e-02    2.1443004312e-01    0.0000000000e+00    9.9999999993e-01    0.0000000000e+00    4.8603432154e-06    1.4478542471e-07    2.7597893691e-02    2.0967412684e-01    3.0148037385e-04    0.0000000000e+00
  83.0100000    7.0250797774e-06    1.3586502234e-07   -1.4381306601e-06    1.2814794589e-04    1.1709759529e-02    4.3895594933e-02    2.1501258404e-01    0.0000000000e+00    9.9999999993e-01    0.0000000000e+00    4.8747897989e-06    1.4495366720e-07    2.7665277716e-02    2.1014209343e-01    3.0237824978e-04    0.0000000000e+00
  83.5100000    7.0357392527e-06    1.3608397272e-07   -1.4357224072e-06    1.2813408652e-04    1.1722048642e-02    4.3939056915e-02    2.1574764675e-01    0.0000000000e+00    9.9999999993e-01    0.0000000000e+00    4.8891941030e-06    1.4510991087e-07    2.7732419326e-02    2.1085316030e-01    3.0326542134e-04    0.0000000000e+00
  84.0100000    7.0460998645e-06    1.3620251638e-07   -1.4274443221e-06    1.2811825113e-04    1.1734114973e-02    4.3980697274e-02    2.1639384329e-01    0.0000000000e+00    9.9999999993e-01    0.0000000000e+00    4.9035909660e-06    1.4528196023e-07    2.7799502462e-02    2.1157171465e-01    3.0412927331e-04    0.0000000000e+00
  84.5100000    7.0561634049e-06    1.3647699662e-07   -1.4177283032e-06    1.2810101988e-04    1.1745351534e-02    4.4020507055e-02    2.1657448935e-01    0.0000000000e+00    9.9999999993e-01    0.0000000000e+00    4.9179788834e-06    1.4544727044e-07    2.7866504362e-02    2.1147197566e-01    3.0497438772e-04    0.0000000000e+00
  85.0100000    7.0661547344e-06    1.3661062721e-07   -1.4132307094e-06    1.2808356146e-04    1.1756512864e-02    4.4059885036e-02    2.1566293099e-01    0.0000000000e+00    9.9999999993e-01    0.0000000000e+00    4.9323228028e-06    1.4571529570e-07    2.7933224774e-02    2.1063939476e-01    3.0582590538e-04    0.0000000000e+00
  85.5100000    7.0763823280e-06    1.3670767337e-07   -1.4175707500e-06    1.2806716897e-04    1.1768914869e-02    4.4100769865e-02    2.1576840215e-01    0.0000000000e+00    9.9999999993e-01    0.0000000000e+00    4.9465997881e-06    1.4598291596e-07    2.7999546825e-02    2.1094498619e-01    3.0667814955e-04    0.0000000000e+00
  86.0100000    7.0868253071e-06    1.3716831497e-07   -1.4274763305e-06    1.2805218305e-04    1.1782938426e-02    4.4143056154e-02    2.1711085998e-01    0.0000000000e+00    9.9999999993e-01    0.0000000000e+00    4.9607671940e-06    1.4619948911e-07    2.8065247319e-02    2.1215500351e-01    3.0752669232e-04    0.0000000000e+00
  86.5100000    7.0969083214e-06    1.3742148321e-07   -1.4358278926e-06    1.2803786142e-04    1.1797470478e-02    4.4183184773e-02    2.1657344590e-01    0.0000000000e+00    9.9999999993e-01    0.0000000000e+00    4.9748541196e-06    1.4645196963e-07    2.8130503395e-02    2.1227000027e-01    3.0837297745e-04    0.0000000000e+00
  87.0100000    7.1057497122e-06    1.3752133165e-07   -1.4391553631e-06    1.2802311759e-04    1.1809608478e-02    4.4215681656e-02    2.1614775479e-01    0.0000000000e+00    9.9999999993e-01    0.0000000000e+00    4.9889694533e-06    1.4651007786e-07    2.8195929708e-02    2.1238902198e-01    3.0921647142e-04    0.0000000000e+00
  87.5100000    7.1130340497e-06    1.3787599112e-07   -1.4402016146e-06    1.2800718640e-04    1.1816495315e-02    4.4238580542e-02    2.1832548778e-01    0.0000000000e+00    9.9999999993e-01    0.0000000000e+00    5.0030980150e-06    1.4650785173e-07    2.8261427853e-02    2.1391819665e-01    3.1005462810e-04    0.0000000000e+00
  88.0100000    7.1198239205e-06    1.3821170029e-07   -1.4421512866e-06    1.2798991007e-04    1.1818714272e-02    4.4258459453e-02    2.2052385606e-01    0.0000000000e+00    9.9999999993e-01    0.0000000000e+00    5.0171789922e-06    1.4681156960e-07    2.8326636432e-02    2.1571398487e-01    3.1088768468e-04    0.0000000000e+00
  88.5100000    7.1280808849e-06    1.3834722779e-07   -1.4429788259e-06    1.2797181638e-04    1.1822429037e-02    4.4287462334e-02    2.1948763268e-01    0.0000000000e+00    9.9999999993e-01    0.0000000000e+00    5.0312251565e-06    1.4725209773e-07    2.8391612672e-02    2.1531816441e-01    3.1171493816e-04    0.0000000000e+00
  89.0100000    7.1391228463e-06    1.3855344346e-07   -1.4382482219e-06    1.2795388058e-04    1.1833691366e-02    4.4333735500e-02    2.1961256364e-01    0.0000000000e+00    9.9999999993e-01    0.0000000000e+00    5.0452651642e-06    1.4768278727e-07    2.8456513499e-02    2.1566955239e-01    3.1253171245e-04    0.0000000000e+00
  89.5100000    7.1523741050e-06    1.3935362251e-07   -1.4281984949e-06    1.2793691457e-04    1.1853954376e-02    4.4393695266e-02    2.2312303751e-01    0.0000000000e+00    9.9999999993e-01    0.0000000000e+00    5.0593401217e-06    1.4828136874e-07    2.8521576348e-02    2.1826581828e-01    3.1333647795e-04    0.0000000000e+00
  90.0100000    7.1654801051e-06    1.4011182076e-07   -1.4192633236e-06    1.2792101334e-04    1.1878416868e-02    4.4452758260e-02    2.2392917588e-01    0.0000000000e+00    9.9999999993e-01    0.0000000000e+00    5.0734742161e-06    1.4881571939e-07    2.8586947302e-02    2.1879938162e-01    3.1413677986e-04    0.0000000000e+00
  90.5100000    7.1757755848e-06    1.4013902310e-07   -1.4176243794e-06    1.2790555479e-04    1.1899594034e-02    4.4494442371e-02    2.2340737938e-01    0.0000000000e+00    9.9999999993e-01    0.0000000000e+00    5.0875757934e-06    1.4873474267e-07    2.8652116792e-02    2.1871173007e-01    3.1494269361e-04    0.0000000000e+00
  91.0100000    7.1822354523e-06    1.4004945111e-07   -1.4231622598e-06    1.2788973684e-04    1.1910959813e-02    4.4512430557e-02    2.2375890180e-01    0.0000000000e+00    9.9999999993e-01    0.0000000000e+00    5.1014695077e-06    1.4838681191e-07    2.8716097347e-02    2.1877590197e-01    3.1575565157e-04    0.0000000000e+00
  91.5100000    7.1864017026e-06    1.4034907340e-07   -1.4303273442e-06    1.2787315749e-04    1.1911951644e-02    4.4516277358e-02    2.2433805045e-01    0.0000000000e+00    9.9999999993e-01    0.0000000000e+00    5.1151403971e-06    1.4846648942e-07    2.8778797976e-02    2.1849538727e-01    3.1656691697e-04    0.0000000000e+00
  92.0100000    7.1912107499e-06    1.4060170931e-07   -1.4338370985e-06    1.2785597685e-04    1.1909168635e-02    4.4524130886e-02    2.2456327906e-01    0.0000000000e+00    9.9999999993e-01    0.0000000000e+00    5.1287679395e-06    1.4878619053e-07    2.8841217898e-02    2.1829572060e-01    3.1736697128e-04    0.0000000000e+00
  92.5100000    7.1988350125e-06    1.4046622100e-07   -1.4326335453e-06    1.2783865089e-04    1.1910252394e-02    4.4549390170e-02    2.2495418634e-01    0.0000000000e+00    9.9999999993e-01    0.0000000000e+00    5.1424720895e-06    1.4888894488e-07    2.8904023409e-02    2.1871214798e-01    3.1815446410e-04    0.0000000000e+00
  93.0100000    7.2095388469e-06    1.4033867960e-07   -1.4286614804e-06    1.2782158863e-04    1.1918655619e-02    4.4593659913e-02    2.2553435460e-01    0.0000000000e+00    9.9999999993e-01    0.0000000000e+00    5.1561924978e-06    1.4897863608e-07    2.8966874372e-02    2.1950448273e-01    3.1893567252e-04    0.0000000000e+00
  93.5100000    7.2220679061e-06    1.4018422324e-07   -1.4244932518e-06    1.2780500163e-04    1.1933643460e-02    4.4649181148e-02    2.2490932686e-01    0.0000000000e+00    9.9999999993e-01    0.0000000000e+00    5.1699199052e-06    1.4934144907e-07    2.9029724457e-02    2.1961603576e-01    3.1971704954e-04    0.0000000000e+00
  94.0100000    7.2346061387e-06    1.4024247084e-07   -1.4235075372e-06    1.2778889751e-04    1.1951975098e-02    4.4704749583e-02    2.2529561189e-01    0.0000000000e+00    9.9999999993e-01    0.0000000000e+00    5.1837494030e-06    1.4959187970e-07    2.9093114743e-02    2.2026039382e-01    3.2049992754e-04    0.0000000000e+00
  94.5100000    7.2456835962e-06    1.4049908898e-07   -1.4295916289e-06    1.2777308248e-04    1.1969619454e-02    4.4751313104e-02    2.2603713693e-01    0.0000000000e+00    9.9999999993e-01    0.0000000000e+00    5.1976159222e-06    1.4966200535e-07    2.9156685400e-02    2.2077530154e-01    3.2128184208e-04    0.0000000000e+00
  95.0100000    7.2547890374e-06    1.4058532830e-07   -1.4429925464e-06    1.2775721153e-04    1.1983694224e-02    4.4785738345e-02    2.2584904394e-01    0.0000000000e+00    9.9999999993e-01    0.0000000000e+00    5.2113725663e-06    1.4984269512e-07    2.9219615323e-02    2.2066983752e-01    3.2206057090e-04    0.0000000000e+00
  95.5100000    7.2622884785e-06    1.4084286558e-07   -1.4571516055e-06    1.2774097309e-04    1.1993588150e-02    4.4810297750e-02    2.2599349482e-01    0.0000000000e+00    9.9999999993e-01    0.0000000000e+00    5.2249480010e-06    1.5004414000e-07    2.9281506656e-02    2.2063007127e-01    3.2283522492e-04    0.0000000000e+00
  96.0100000    7.2689113299e-06    1.4096733603e-07   -1.4616611464e-06    1.2772428726e-04    1.2001425348e-02    4.4829498684e-02    2.2599415332e-01    0.0000000000e+00    9.9999999993e-01    0.0000000000e+00    5.2383781805e-06    1.5019366810e-07    2.9342564620e-02    2.2057305655e-01    3.2360452596e-04    0.0000000000e+00
  96.5100000    7.2752986242e-06    1.4097479510e-07   -1.4518045676e-06    1.2770729102e-04    1.2008206880e-02    4.4847299387e-02    2.2564064752e-01    0.0000000000e+00    9.9999999993e-01    0.0000000000e+00    5.2518028503e-06    1.5032364782e-07    2.9403576860e-02    2.2029650875e-01    3.2436669489e-04    0.0000000000e+00
  97.0100000    7.2818841276e-06    1.4104986491e-07   -1.4341515497e-06    1.2769012223e-04    1.2015211226e-02    4.4866373271e-02    2.2558221367e-01    0.0000000000e+00    9.9999999993e-01    0.0000000000e+00    5.2653175335e-06    1.5052836143e-07    2.9465080498e-02    2.2036687512e-01    3.2512190942e-04    0.0000000000e+00
  97.5100000    7.2889174776e-06    1.4102640121e-07   -1.4217774412e-06    1.2767278130e-04    1.2022906146e-02    4.4888249339e-02    2.2638135218e-01    0.0000000000e+00    9.9999999993e-01    0.0000000000e+00    5.2789416424e-06    1.5077593026e-07    2.9527181274e-02    2.2145698721e-01    3.2587309252e-04    0.0000000000e+00
  98.0100000    7.2963987045e-06    1.4110881614e-07   -1.4202907068e-06    1.2765523435e-04    1.2031187186e-02    4.4912913564e-02    2.2655118324e-01    0.0000000000e+00    9.9999999993e-01    0.0000000000e+00    5.2926162591e-06    1.5095941375e-07    2.9589542722e-02    2.2170905402e-01    3.2662288478e-04    0.0000000000e+00
  98.5100000    7.3041288900e-06    1.4115504277e-07   -1.4290730546e-06    1.2763757378e-04    1.2040473409e-02    4.4939131659e-02    2.2593289977e-01    0.0000000000e+00    9.9999999993e-01    0.0000000000e+00    5.3062431409e-06    1.5112967277e-07    2.9651610259e-02    2.2124976704e-01    3.2737094261e-04    0.0000000000e+00
  99.0100000    7.3118546444e-06    1.4118318756e-07   -1.4395734321e-06    1.2761997170e-04    1.2050040373e-02    4.4965343577e-02    2.2644114788e-01    0.0000000000e+00    9.9999999993e-01    0.0000000000e+00    5.3197754484e-06    1.5132448246e-07    2.9713121273e-02    2.2195237830e-01    3.2811546888e-04    0.0000000000e+00
  99.5100000    7.3193975246e-06    1.4137864521e-07   -1.4453154390e-06    1.2760246257e-04    1.2059054428e-02    4.4990456385e-02    2.2656177688e-01    0.0000000000e+00    9.9999999993e-01    0.0000000000e+00    5.3332091714e-06    1.5154982258e-07    2.9774055440e-02    2.2207504034e-01    3.2885614991e-04    0.0000000000e+00
 100.0100000    7.3267497620e-06    1.4143976000e-07   -1.4445400819e-06    1.2758484680e-04    1.2067827390e-02    4.5014420536e-02    2.2546319946e-01    0.0000000000e+00    9.9999999993e-01    0.0000000000e+00    5.3465806796e-06    1.5175166483e-07    2.9834614185e-02    2.2112760230e-01    3.2959378559e-04    0.0000000000e+00
 100.5100000    7.3339970632e-06    1.4152037623e-07   -1.4396811138e-06    1.2756687367e-04    1.2076682186e-02    4.5037745865e-02    2.2580387646e-01    0.0000000000e+00    9.9999999993e-01    0.0000000000e+00    5.3599445724e-06    1.5186477285e-07    2.9895091098e-02    2.2147303865e-01    3.3032796427e-04    0.0000000000e+00
 101.0100000    7.3412497879e-06    1.4173938856e-07   -1.4346510627e-06    1.2754860832e-04    1.2085163154e-02    4.5061080026e-02    2.2660776845e-01    0.0000000000e+00    9.9999999993e-01    0.0000000000e+00    5.3732975620e-06    1.5204463379e-07    2.9955448582e-02    2.2219775021e-01    3.3105744737e-04    0.0000000000e+00
 101.5100000    7.3486506572e-06    1.4177262461e-07   -1.4325956821e-06    1.2753036967e-04    1.2093344539e-02    4.5085267767e-02    2.2645171532e-01    0.0000000000e+00    9.9999999993e-01    0.0000000000e+00    5.3866597552e-06    1.5231385787e-07    3.0015779358e-02    2.2231185540e-01    3.3178280653e-04    0.0000000000e+00
 102.0100000    7.3562177156e-06    1.4186625442e-07   -1.4345835751e-06    1.2751240975e-04    1.2101484941e-02    4.5110403208e-02    2.2633471777e-01    0.0000000000e+00    9.9999999993e-01    0.0000000000e+00    5.4000482761e-06    1.5248777646e-07    3.0076168577e-02    2.2225845729e-01    3.3250656481e-04    0.0000000000e+00
 102.5100000    7.3638345591e-06    1.4201237807e-07   -1.4393574101e-06    1.2749510739e-04    1.2109345339e-02    4.5135778620e-02    2.2658639633e-01    0.0000000000e+00    9.9999999993e-01    0.0000000000e+00    5.4134071098e-06    1.5261808367e-07    3.0136308249e-02    2.2248147770e-01    3.3323029931e-04    0.0000000000e+00
 103.0100000    7.3714095404e-06    1.4214554511e-07   -1.4442506557e-06    1.2747876509e-04    1.2116674586e-02    4.5160851274e-02    2.2679031574e-01    0.0000000000e+00    9.9999999993e-01    0.0000000000e+00    5.4266996886e-06    1.5285253702e-07    3.0196007331e-02    2.2282141235e-01    3.3395342190e-04    0.0000000000e+00
 103.5100000    7.3789653295e-06    1.4221861630e-07   -1.4467845731e-06    1.2746275797e-04    1.2123817554e-02    4.5185774698e-02    2.2637755104e-01    0.0000000000e+00    9.9999999993e-01    0.0000000000e+00    5.4399585914e-06    1.5313258395e-07    3.0255457178e-02    2.2263737534e-01    3.3467539214e-04    0.0000000000e+00
 104.0100000    7.3865517471e-06    1.4231000242e-07   -1.4459191015e-06    1.2744648213e-04    1.2131043171e-02    4.5210851644e-02    2.2645728326e-01    0.0000000000e+00    9.9999999993e-01    0.0000000000e+00    5.4532224625e-06    1.5325177481e-07    3.0314871557e-02    2.2269498964e-01    3.3539705385e-04    0.0000000000e+00
 104.5100000    7.3941751881e-06    1.4257222875e-07   -1.4423678691e-06    1.2742954309e-04    1.2138429815e-02    4.5236102639e-02    2.2671451335e-01    0.0000000000e+00    9.9999999993e-01    0.0000000000e+00    5.4664357608e-06    1.5337205025e-07    3.0373929864e-02    2.2275271462e-01    3.3611823466e-04    0.0000000000e+00
 105.0100000    7.4018818504e-06    1.4267162843e-07   -1.4382216753e-06    1.2741201836e-04    1.2146095414e-02    4.5261784442e-02    2.2656396827e-01    0.0000000000e+00    9.9999999993e-01    0.0000000000e+00    5.4795929692e-06    1.5369420058e-07    3.0432585150e-02    2.2286818863e-01    3.3683561412e-04    0.0000000000e+00
 105.5100000    7.4096893072e-06    1.4280808262e-07   -1.4361938560e-06    1.2739439688e-04    1.2154283812e-02    4.5287988072e-02    2.2679351693e-01    0.0000000000e+00    9.9999999993e-01    0.0000000000e+00    5.4927550179e-06    1.5394048009e-07    3.0491165281e-02    2.2320268681e-01    3.3754561050e-04    0.0000000000e+00
 106.0100000    7.4175494184e-06    1.4299623003e-07   -1.4380214180e-06    1.2737723703e-04    1.2162852889e-02    4.5314421657e-02    2.2664574416e-01    0.0000000000e+00    9.9999999993e-01    0.0000000000e+00    5.5059013530e-06    1.5406892818e-07    3.0549557837e-02    2.2298628897e-01    3.3824953452e-04    0.0000000000e+00
 106.5100000    7.4254661460e-06    1.4310965175e-07   -1.4432254969e-06    1.2736080679e-04    1.2171130523e-02    4.5341124527e-02    2.2669865103e-01    0.0000000000e+00    9.9999999993e-01    0.0000000000e+00    5.5190013701e-06    1.5427305141e-07    3.0607603827e-02    2.2316903570e-01    3.3895369804e-04    0.0000000000e+00
 107.0100000    7.4335511874e-06    1.4322026437e-07   -1.4487850910e-06    1.2734493760e-04    1.2179057382e-02    4.5368791661e-02    2.2704371612e-01    0.0000000000e+00    9.9999999993e-01    0.0000000000e+00    5.5320784794e-06    1.5450974872e-07    3.0665443449e-02    2.2363573155e-01    3.3966312257e-04    0.0000000000e+00
 107.5100000    7.4418841338e-06    1.4338123043e-07   -1.4511104988e-06    1.2732914380e-04    1.2186874915e-02    4.5397904662e-02    2.2674404711e-01    0.0000000000e+00    9.9999999993e-01    0.0000000000e+00    5.5451559674e-06    1.5466389444e-07    3.0723204764e-02    2.2326202400e-01    3.4037616759e-04    0.0000000000e+00
 108.0100000    7.4504309550e-06    1.4356457711e-07   -1.4490860376e-06    1.2731294325e-04    1.2194766202e-02    4.5428233071e-02    2.2619920554e-01    0.0000000000e+00    9.9999999993e-01    0.0000000000e+00    5.5582157856e-06    1.5485015095e-07    3.0780773486e-02    2.2267343468e-01    3.4108658365e-04    0.0000000000e+00
 108.5100000    7.4591162153e-06    1.4368153801e-07   -1.4449046640e-06    1.2729623655e-04    1.2203113642e-02    4.5459288665e-02    2.2647020524e-01    0.0000000000e+00    9.9999999993e-01    0.0000000000e+00    5.5712728771e-06    1.5511565872e-07    3.0838213591e-02    2.2309845007e-01    3.4179018753e-04    0.0000000000e+00
 109.0100000    7.4678510663e-06    1.4386268098e-07   -1.4420483613e-06    1.2727947920e-04    1.2212280669e-02    4.5490517226e-02    2.2689719812e-01    0.0000000000e+00    9.9999999993e-01    0.0000000000e+00    5.5843453252e-06    1.5534446175e-07    3.0895616130e-02    2.2357312074e-01    3.4248827549e-04    0.0000000000e+00
 109.5100000    7.4765745717e-06    1.4403363854e-07   -1.4425722115e-06    1.2726340555e-04    1.2221798268e-02    4.5521561091e-02    2.2623086711e-01    0.0000000000e+00    9.9999999993e-01    0.0000000000e+00    5.5974084167e-06    1.5555453314e-07    3.0952853130e-02    2.2298300629e-01    3.4318514035e-04    0.0000000000e+00
 110.0100000    7.4853145764e-06    1.4414191273e-07   -1.4462047426e-06    1.2724843134e-04    1.2231160563e-02    4.5552620035e-02    2.2569805002e-01    0.0000000000e+00    9.9999999993e-01    0.0000000000e+00    5.6104411619e-06    1.5579389724e-07    3.1009829448e-02    2.2263005693e-01    3.4388416190e-04    0.0000000000e+00
 110.5100000    7.4941644996e-06    1.4423969292e-07   -1.4512129665e-06    1.2723427088e-04    1.2240668546e-02    4.5584288997e-02    2.2650258623e-01    0.0000000000e+00    9.9999999993e-01    0.0000000000e+00    5.6234505441e-06    1.5598677303e-07    3.1066602918e-02    2.2351949948e-01    3.4458647011e-04    0.0000000000e+00
 111.0100000    7.5031657410e-06    1.4444296672e-07   -1.4553068264e-06    1.2722018439e-04    1.2250034076e-02    4.5616830938e-02    2.2741240015e-01    0.0000000000e+00    9.9999999993e-01    0.0000000000e+00    5.6364213362e-06    1.5609807512e-07    3.1123098439e-02    2.2425682834e-01    3.4529120334e-04    0.0000000000e+00
 111.5100000    7.5122984758e-06    1.4465296909e-07   -1.4563285717e-06    1.2720562064e-04    1.2258723359e-02    4.5650126562e-02    2.2712388633e-01    0.0000000000e+00    9.9999999993e-01    0.0000000000e+00    5.6493294331e-06    1.5630622478e-07    3.1179184985e-02    2.2390645565e-01    3.4599550952e-04    0.0000000000e+00
 112.0100000    7.5215315903e-06    1.4474705014e-07   -1.4535274267e-06    1.2719057987e-04    1.2267593733e-02    4.5683992313e-02    2.2678888791e-01    0.0000000000e+00    9.9999999993e-01    0.0000000000e+00    5.6622276719e-06    1.5660093971e-07    3.1235158515e-02    2.2377169385e-01    3.4669550597e-04    0.0000000000e+00
 112.5100000    7.5307849510e-06    1.4490177771e-07   -1.4491802959e-06    1.2717536350e-04    1.2277033328e-02    4.5717960354e-02    2.2701457658e-01    0.0000000000e+00    9.9999999993e-01    0.0000000000e+00    5.6751540050e-06    1.5678977010e-07    3.1291240884e-02    2.2404686726e-01    3.4738928573e-04    0.0000000000e+00
 113.0100000    7.5399855506e-06    1.4506142469e-07   -1.4476001878e-06    1.2716009790e-04    1.2286830952e-02    4.5751614384e-02    2.2760333148e-01    0.0000000000e+00    9.9999999993e-01    0.0000000000e+00    5.6880792931e-06    1.5695974995e-07    3.1347289307e-02    2.2467281382e-01    3.4807894349e-04    0.0000000000e+00
 113.5100000    7.5491878231e-06    1.4518711433e-07   -1.4507433585e-06    1.2714462024e-04    1.2296534213e-02    4.5785305503e-02    2.2699735230e-01    0.0000000000e+00    9.9999999993e-01    0.0000000000e+00    5.7009844277e-06    1.5721306053e-07    3.1403213319e-02    2.2424903516e-01    3.4876800882e-04    0.0000000000e+00
 114.0100000    7.5585314554e-06    1.4523700170e-07   -1.4543604624e-06    1.2712876835e-04    1.2306376286e-02    4.5819888195e-02    2.2597260392e-01    0.0000000000e+00    9.9999999993e-01    0.0000000000e+00    5.7138814488e-06    1.5741833371e-07    3.1459086000e-02    2.2341571327e-01    3.4945668132e-04    0.0000000000e+00
 114.5100000    7.5680501161e-06    1.4541610433e-07   -1.4522660732e-06    1.2711258384e-04    1.2316223962e-02    4.5855563986e-02    2.2689136036e-01    0.0000000000e+00    9.9999999993e-01    0.0000000000e+00    5.7267532892e-06    1.5750293973e-07    3.1514813229e-02    2.2416156295e-01    3.5014155421e-04    0.0000000000e+00
 115.0100000    7.5776966590e-06    1.4562515639e-07   -1.4442740293e-06    1.2709614447e-04    1.2325599216e-02    4.5892039911e-02    2.2770511268e-01    0.0000000000e+00    9.9999999993e-01    0.0000000000e+00    5.7395549614e-06    1.5769410124e-07    3.1570143702e-02    2.2488959780e-01    3.5082092807e-04    0.0000000000e+00
 115.5100000    7.5874235151e-06    1.4572225040e-07   -1.4387770425e-06    1.2707936003e-04    1.2334824410e-02    4.5929016856e-02    2.2732129515e-01    0.0000000000e+00    9.9999999993e-01    0.0000000000e+00    5.7523343786e-06    1.5796468183e-07    3.1625333952e-02    2.2466800946e-01    3.5149787621e-04    0.0000000000e+00
 116.0100000    7.5971510405e-06    1.4588035324e-07   -1.4425837400e-06    1.2706214617e-04    1.2344744283e-02    4.5966000078e-02    2.2671833076e-01    0.0000000000e+00    9.9999999993e-01    0.0000000000e+00    5.7651295078e-06    1.5813926642e-07    3.1680583628e-02    2.2408531529e-01    3.5217540157e-04    0.0000000000e+00
 116.5100000    7.6068265640e-06    1.4599097182e-07   -1.4554888287e-06    1.2704476666e-04    1.2355099284e-02    4.6002659886e-02    2.2728722880e-01    0.0000000000e+00    9.9999999993e-01    0.0000000000e+00    5.7779305797e-06    1.5831616211e-07    3.1735830943e-02    2.2473854400e-01    3.5285055251e-04    0.0000000000e+00
 117.0100000    7.6164816101e-06    1.4615145946e-07   -1.4675237182e-06    1.2702776498e-04    1.2365383000e-02    4.6039179980e-02    2.2739066188e-01    0.0000000000e+00    9.9999999993e-01    0.0000000000e+00    5.7907232579e-06    1.5853381349e-07    3.1790992545e-02    2.2491374187e-01    3.5351789804e-04    0.0000000000e+00
 117.5100000    7.6262017329e-06    1.4623666002e-07   -1.4697626892e-06    1.2701144962e-04    1.2375621579e-02    4.6076073968e-02    2.2631389562e-01    0.0000000000e+00    9.9999999993e-01    0.0000000000e+00    5.8034981353e-06    1.5874203942e-07    3.1846015364e-02    2.2398984490e-01    3.5417879636e-04    0.0000000000e+00
 118.0100000    7.6359835309e-06    1.4633973780e-07   -1.4625867583e-06    1.2699559602e-04    1.2386204134e-02    4.6113319331e-02    2.2703638159e-01    0.0000000000e+00    9.9999999993e-01    0.0000000000e+00    5.8162493561e-06    1.5886119916e-07    3.1900866518e-02    2.2469960631e-01    3.5484182942e-04    0.0000000000e+00
 118.5100000    7.6457618011e-06    1.4655528127e-07   -1.4534594221e-06    1.2697978500e-04    1.2396116045e-02    4.6150520559e-02    2.2758158574e-01    0.0000000000e+00    9.9999999993e-01    0.0000000000e+00    5.8289347834e-06    1.5901430358e-07    3.1955313934e-02    2.2514010597e-01    3.5551148838e-04    0.0000000000e+00
 119.0100000    7.6555257772e-06    1.4667246791e-07   -1.4496239664e-06    1.2696391355e-04    1.2405641867e-02    4.6187613134e-02    2.2675872558e-01    0.0000000000e+00    9.9999999993e-01    0.0000000000e+00    5.8415817781e-06    1.5925255017e-07    3.2009508151e-02    2.2444190877e-01    3.5618107726e-04    0.0000000000e+00
 119.5100000    7.6652624085e-06    1.4682594165e-07   -1.4534286493e-06    1.2694819442e-04    1.2415296798e-02    4.6224526995e-02    2.2655407458e-01    0.0000000000e+00    9.9999999993e-01    0.0000000000e+00    5.8542434025e-06    1.5943656612e-07    3.2063745650e-02    2.2425367954e-01    3.5684141739e-04    0.0000000000e+00
