# time  chi_mean_R8  chi_min_R8  chi_max_R8  lapse_mean_R8  lapse_min_R8  lapse_max_R8  K_mean_R8  K_min_R8  K_max_R8  chi_mean_R16  chi_min_R16  chi_max_R16  lapse_mean_R16  lapse_min_R16  lapse_max_R16  K_mean_R16  K_min_R16  K_max_R16
0.0000000000000000e+00  9.9796780871625157e-01  9.9536487144377017e-01  9.9869656534645945e-01  9.9888484300279001e-01  9.9754145539638983e-01  9.9924299798977867e-01  0.0000000000000000e+00  0.0000000000000000e+00  0.0000000000000000e+00  9.9908731532325734e-01  9.9865663727561438e-01  9.9931826480855135e-01  9.9943188301747177e-01  9.9922140268181303e-01  9.9954551376821843e-01  0.0000000000000000e+00  0.0000000000000000e+00  0.0000000000000000e+00
8.0000000000000004e-01  9.9796792275333090e-01  9.9536379448789991e-01  9.9869657525798528e-01  9.9888449915773636e-01  9.9754641314311954e-01  9.9924298865309280e-01  4.9163574928003424e-07  -1.9411508861004672e-05  1.4906376714621438e-05  9.9908731570876008e-01  9.9865665329236009e-01  9.9931826567928705e-01  9.9943188260264804e-01  9.9922138667901639e-01  9.9954551285319571e-01  1.2170427699069987e-09  -1.9407751181356002e-08  5.0579779360479083e-08
1.6000000000000001e+00  9.9796838967021551e-01  9.9536061541014431e-01  9.9869659734435767e-01  9.9888309617231985e-01  9.9756193053803777e-01  9.9924294783790912e-01  1.0443253747844250e-06  -3.7161933747945376e-06  1.0846311559884121e-05  9.9908731658906469e-01  9.9865668838373356e-01  9.9931826748063124e-01  9.9943188091051560e-01  9.9922132170693245e-01  9.9954550960820010e-01  2.0721380769873714e-09  -2.9546964322844859e-08  8.7594139328468337e-08
2.3999999999999901e+00  9.9796926165740407e-01  9.9536639496112456e-01  9.9869662368876433e-01  9.9888059118793149e-01  9.9755484783050208e-01  9.9924288233622938e-01  2.0449905106492291e-06  -2.1619432003557814e-06  8.3622828129564919e-06  9.9908731794739536e-01  9.9865672572504782e-01  9.9931827030065590e-01  9.9943187779053511e-01  9.9922123446933986e-01  9.9954550342154758e-01  2.9208853121024791e-09  -3.9900074920338967e-08  1.3616496244491538e-07
3.1999999999999802e+00  9.9797018032912188e-01  9.9536706149572673e-01  9.9869674541090270e-01  9.9887742936842083e-01  9.9755061368062325e-01  9.9924264404637853e-01  1.6467759740409955e-06  -8.8947711730237638e-07  7.4372590904402525e-06  9.9908732120241650e-01  9.9865684889605200e-01  9.9931827374740745e-01  9.9943187080466123e-01  9.9922092033475785e-01  9.9954549500044809e-01  7.5040878395879348e-09  -1.8452666006556311e-07  2.6318101856588545e-07
3.9999999999999600e+00  9.9797074713005995e-01  9.9536789322834751e-01  9.9869650150403544e-01  9.9887484385234404e-01  9.9754522348375585e-01  9.9924301455707787e-01  1.4650035044816199e-06  -1.1843549834955055e-06  6.1511750136882502e-06  9.9908732086884378e-01  9.9865680189189832e-01  9.9931827829970699e-01  9.9943186800045702e-01  9.9922110525440977e-01  9.9954548366130724e-01  -7.2731897447113961e-10  -7.0080532515602132e-07  1.3471715670946442e-06
4.7999999999999403e+00  9.9797116168306932e-01  9.9536708879763158e-01  9.9869843384395562e-01  9.9887273690853617e-01  9.9754477679998010e-01  9.9923959840179877e-01  1.0749981385381511e-06  -2.6005686151407137e-06  4.6333528248157253e-06  9.9908736588513292e-01  9.9865964839317412e-01  9.9931828361541641e-01  9.9943178824447265e-01  9.9921549858872316e-01  9.9954546984521431e-01  1.4464688529360930e-07  -6.5607482427242305e-07  4.5856957488488094e-06
5.5999999999999304e+00  9.9797150405502810e-01  9.9536725664844805e-01  9.9870039839104918e-01  9.9887101706525239e-01  9.9754434901215427e-01  9.9923427367579098e-01  1.0192888378022795e-06  -2.3200783857867884e-06  4.7981666687904967e-06  9.9908758674408005e-01  9.9866051102986719e-01  9.9931828996454186e-01  9.9943133398064277e-01  9.9921191508346463e-01  9.9954545310788734e-01  4.0596909636921338e-07  -6.0091328592547069e-07  5.2996535190931515e-06
6.3999999999999098e+00  9.9797203594342498e-01  9.9537595117383337e-01  9.9869969032744232e-01  9.9886908198321356e-01  9.9752607341244492e-01  9.9923413423348595e-01  1.3013925283568299e-06  -8.7099118224739714e-07  1.3530038314191467e-05  9.9908785987376703e-01  9.9865979444955988e-01  9.9931829683111340e-01  9.9943064645642088e-01  9.9921204020540766e-01  9.9954543451881805e-01  4.3501983852823043e-07  -7.7344540475440432e-07  4.6852203515922178e-06
7.1999999999998900e+00  9.9797279574644671e-01  9.9537815702079224e-01  9.9869948890597515e-01  9.9886664156770222e-01  9.9751441151025821e-01  9.9923407009669685e-01  1.5490149636887778e-06  -5.5415151445649391e-07  1.2786850796287367e-05  9.9908818179665448e-01  9.9865956523875277e-01  9.9931830616565109e-01  9.9942980187624375e-01  9.9921219124903615e-01  9.9954540885906196e-01  6.9408308374817742e-07  -7.1765457235856491e-07  3.7182216315448879e-06
7.9999999999998703e+00  9.9797344202604799e-01  9.9537565305537767e-01  9.9869971745268293e-01  9.9886425117961297e-01  9.9751400623478492e-01  9.9923344343654674e-01  1.2827979803692307e-06  -3.2463812965322775e-06  9.8731434303691985e-06  9.9908875063227787e-01  9.9866009598777361e-01  9.9931831374110680e-01  9.9942838602560657e-01  9.9921101245586152e-01  9.9954539306841372e-01  1.0047769572382024e-06  -4.9742645353235600e-07  3.6777787153015485e-06
8.7999999999998604e+00  9.9797398706724616e-01  9.9537395413530472e-01  9.9870074406006615e-01  9.9886209961091643e-01  9.9751451590877405e-01  9.9923116591530936e-01  1.3579299498483343e-06  -2.3649886651787600e-06  8.0928004844163094e-06  9.9908924568099167e-01  9.9866117501435736e-01  9.9931835624571175e-01  9.9942691368035264e-01  9.9920848809184604e-01  9.9954528235495399e-01  8.0907824248517959e-07  -4.7247179364630921e-07  3.8981291700215135e-06
9.5999999999998398e+00  9.9797484860258234e-01  9.9537259768258168e-01  9.9870140004953090e-01  9.9885940633438453e-01  9.9751505969421828e-01  9.9922897582485992e-01  1.8690671726906979e-06  -2.4940080307245671e-06  7.4988077325482181e-06  9.9908962291129855e-01  9.9866170235958440e-01  9.9931821637960339e-01  9.9942566980168590e-01  9.9920640440536024e-01  9.9954556190914357e-01  7.4779626183638633e-07  -6.7181170856072404e-07  3.4957958222698672e-06
1.0399999999999800e+01  9.9797574000417311e-01  9.9537184072668150e-01  9.9870116403232723e-01  9.9885642484597792e-01  9.9751461744741443e-01  9.9922860068745512e-01  1.5261148684072622e-06  -1.6907669721111047e-06  7.0849215381443273e-06  9.9908986427491575e-01  9.9866079185250212e-01  9.9931908050006746e-01  9.9942471522497778e-01  9.9920743012681856e-01  9.9954400402359356e-01  4.1146952266713837e-07  -1.0140216055712046e-06  2.5529309091553555e-06
1.1199999999999800e+01  9.9797615760067115e-01  9.9537138024465588e-01  9.9870091040360365e-01  9.9885433357167985e-01  9.9751346340039337e-01  9.9922887726658616e-01  9.7448447212202055e-07  -1.4108199491195711e-06  6.0188831403707797e-06  9.9908994155194963e-01  9.9866121582854572e-01  9.9931965408221091e-01  9.9942421376031287e-01  9.9920697444079498e-01  9.9954222225302658e-01  3.0663759157074175e-07  -8.6617754025413182e-07  2.5500240647325245e-06
1.1999999999999799e+01  9.9797624654576633e-01  9.9537066077627456e-01  9.9870266410871900e-01  9.9885310810917760e-01  9.9751257957798201e-01  9.9922549112489933e-01  3.6464867458333955e-07  -1.6644611128522829e-06  4.4235033340336421e-06  9.9909017217010010e-01  9.9866498916379043e-01  9.9931862810045613e-01  9.9942354722198434e-01  9.9919922635164304e-01  9.9954373201870350e-01  5.2246733852796132e-07  -1.4854845415449115e-06  6.1088468048641521e-06
1.2799999999999800e+01  9.9797603082777242e-01  9.9536948499720257e-01  9.9870470464634165e-01  9.9885279135199356e-01  9.9751243292201919e-01  9.9922007689916470e-01  -7.3342171962555901e-08  -2.1842488385140407e-06  2.1982064259394234e-06  9.9909047115658045e-01  9.9866706732167565e-01  9.9931782630311361e-01  9.9942269002404427e-01  9.9919232541418213e-01  9.9954573601213359e-01  4.9726757126819380e-07  -1.5622527559058576e-06  6.5483234140412895e-06
1.3599999999999801e+01  9.9797578423127331e-01  9.9536817891486584e-01  9.9870433127025227e-01  9.9885284504587690e-01  9.9751257047413600e-01  9.9921901922457412e-01  -1.2578308624419163e-07  -2.4342312075971863e-06  5.4092753711408658e-07  9.9909058931995709e-01  9.9866556667093731e-01  9.9931752912586225e-01  9.9942213110199618e-01  9.9919297381163885e-01  9.9954695515957903e-01  1.7059839774518170e-07  -1.9026643424448615e-06  4.6730248867048185e-06
1.4399999999999700e+01  9.9797564392333460e-01  9.9536723923104808e-01  9.9870378150428274e-01  9.9885282226321825e-01  9.9751199660903045e-01  9.9921956823778701e-01  -2.9617393746571064e-08  -2.0883464061889468e-06  4.6533942328345098e-07  9.9909052767784368e-01  9.9866406822131004e-01  9.9931759068292092e-01  9.9942203188570367e-01  9.9919580143185838e-01  9.9954728271934246e-01  2.8133953690339876e-08  -1.9386129297059183e-06  4.7624271227697736e-06
1.5199999999999701e+01  9.9797556601315018e-01  9.9536653793908614e-01  9.9870370761133964e-01  9.9885266086050684e-01  9.9751065126092786e-01  9.9921966727525668e-01  -2.1828875254847458e-09  -1.7469906596345315e-06  2.8545608435399106e-07  9.9909050691318546e-01  9.9866314520311272e-01  9.9931756543410510e-01  9.9942198259558734e-01  9.9919829674702310e-01  9.9954744020074160e-01  -2.7208779632097538e-08  -2.4740950382018269e-06  5.3362099523570214e-06
1.5999999999999700e+01  9.9797536514933938e-01  9.9536519538402346e-01  9.9870353480996032e-01  9.9885268099042424e-01  9.9751026159542511e-01  9.9921992721726749e-01  -2.8162769885201888e-07  -2.7689678207247686e-06  7.1604276072303146e-07  9.9909027139781670e-01  9.9866233658726744e-01  9.9931692490328505e-01  9.9942237093605790e-01  9.9920063853068208e-01  9.9954876060799036e-01  -4.9210489265989931e-07  -3.3128234360733553e-06  4.1339546833511390e-06
1.6799999999999802e+01  9.9797495271338676e-01  9.9536392208022717e-01  9.9870298436084692e-01  9.9885318571406578e-01  9.9750998283490566e-01  9.9922099023848254e-01  -5.0278387297750844e-07  -2.6175268711975481e-06  6.0224946303736135e-07  9.9908974444668519e-01  9.9866166959855285e-01  9.9931620687268918e-01  9.9942349727752045e-01  9.9920265534586095e-01  9.9955065258472842e-01  -8.9951510887117951e-07  -3.3022121599408902e-06  2.8706660469987122e-06
1.7600000000000001e+01  9.9797460691158146e-01  9.9536382934917877e-01  9.9870224007964958e-01  9.9885370869131052e-01  9.9750712608453251e-01  9.9922270518016854e-01  -3.6385634941571034e-07  -1.7580416902746510e-06  1.8172896161964199e-06  9.9908899271890517e-01  9.9866101414439079e-01  9.9931664831361156e-01  9.9942528672715303e-01  9.9920454118375579e-01  9.9955049135401686e-01  -1.3519506710043271e-06  -4.2326932996290351e-06  2.0602074058536477e-06
1.8400000000000102e+01  9.9797431402413705e-01  9.9536330067822754e-01  9.9870162892043612e-01  9.9885410889105630e-01  9.9750416834194600e-01  9.9922444536044297e-01  -4.5962640669645239e-07  -2.7208774844790244e-06  1.8582737278770454e-06  9.9908800767086614e-01  9.9866025902286570e-01  9.9931753624508701e-01  9.9942777665671545e-01  9.9920657261622436e-01  9.9954864845607361e-01  -1.7348515479437182e-06  -3.7755491314086681e-06  1.1553405159339579e-06
1.9200000000000198e+01  9.9797376897374868e-01  9.9536144287945139e-01  9.9870101071476647e-01  9.9885496459711920e-01  9.9750387086156489e-01  9.9922643956256751e-01  -8.9695631809880278e-07  -3.7540539274738163e-06  3.2420378850478859e-06  9.9908690289753255e-01  9.9865945642550180e-01  9.9931694071225730e-01  9.9943074599592163e-01  9.9920874900585355e-01  9.9954948065394844e-01  -1.9517736145595363e-06  -4.4222434460568436e-06  1.1845577325928562e-06
2.0000000000000298e+01  9.9797290525134685e-01  9.9535930113884086e-01  9.9870008688279199e-01  9.9885657787914561e-01  9.9750490528904079e-01  9.9922899279626654e-01  -1.4015467430820441e-06  -4.9887349858268341e-06  3.1834014882045815e-06  9.9908576305279984e-01  9.9865888881429843e-01  9.9931540962479581e-01  9.9943395729413131e-01  9.9921052048619829e-01  9.9955271800845136e-01  -2.0569946288680774e-06  -4.6568635251110951e-06  1.1670170512645012e-06
2.0800000000000502e+01  9.9797172993566741e-01  9.9535672714249090e-01  9.9869953263233369e-01  9.9885903413177801e-01  9.9750682208650299e-01  9.9923230827550957e-01  -1.9696112361541730e-06  -5.9815177832910601e-06  2.1743582729041350e-06  9.9908458363574038e-01  9.9865828661356038e-01  9.9931448250064014e-01  9.9943733945285751e-01  9.9921215317841627e-01  9.9955704135980450e-01  -2.1814194769857269e-06  -4.2600878095704430e-06  1.1153126471655835e-06
2.1600000000000598e+01  9.9797025087711089e-01  9.9535298860719423e-01  9.9869906587785640e-01  9.9886237121696486e-01  9.9751182605900934e-01  9.9923640725700813e-01  -2.4776620286444196e-06  -7.9561525295974015e-06  2.0711984123466659e-06  9.9908332364586239e-01  9.9865665534538228e-01  9.9931397799458466e-01  9.9944094831258612e-01  9.9921577882195467e-01  9.9956118954504136e-01  -2.3268933338583188e-06  -3.8378072323328906e-06  1.1285875927318472e-06
2.2400000000000698e+01  9.9796860234681550e-01  9.9534896771665637e-01  9.9869854905954958e-01  9.9886633728465934e-01  9.9751657097297142e-01  9.9924134761151095e-01  -2.7793254371284988e-06  -7.0683543061463139e-06  1.0566178613829697e-06  9.9908200981800588e-01  9.9865452338499394e-01  9.9931351215349551e-01  9.9944474553591234e-01  9.9922092319835798e-01  9.9956464800670242e-01  -2.4080040005444285e-06  -4.1058762974615049e-06  2.0438957072709983e-07
2.3200000000000799e+01  9.9796681852040603e-01  9.9534708922032711e-01  9.9869626818448787e-01  9.9887076911271810e-01  9.9751872860850976e-01  9.9924640551815047e-01  -3.1458596100818810e-06  -7.0971029701983562e-06  -6.0803998308755377e-09  9.9908068375692904e-01  9.9865324721590898e-01  9.9931231199780179e-01  9.9944863199125422e-01  9.9922479591753044e-01  9.9956877551415180e-01  -2.4549766987734666e-06  -4.0768487602541196e-06  -8.6561651733980030e-07
2.4000000000000998e+01  9.9796469924257258e-01  9.9534500564513773e-01  9.9869331771531589e-01  9.9887601385504288e-01  9.9752182800159850e-01  9.9925140219585429e-01  -3.8088674259435828e-06  -8.8976327630420718e-06  -2.5014365574906238e-07  9.9907932133367550e-01  9.9865217114599647e-01  9.9931015595904837e-01  9.9945262434621640e-01  9.9922821285450403e-01  9.9957347874537172e-01  -2.5437636640025551e-06  -5.4449177960649563e-06  -2.1431843905250591e-07
2.4800000000001098e+01  9.9796215307338521e-01  9.9534027825158611e-01  9.9869060922789898e-01  9.9888237450134021e-01  9.9752876343775732e-01  9.9925541523231032e-01  -4.4880165776603210e-06  -1.0077099338605852e-05  -4.3899271971483843e-07  9.9907790192155188e-01  9.9865018378521264e-01  9.9930765442068137e-01  9.9945677006533673e-01  9.9923354894315775e-01  9.9957820169416056e-01  -2.6343207091684096e-06  -5.6466358197147127e-06  1.5969051057543331e-07
2.5600000000001199e+01  9.9795935420296011e-01  9.9533480928306817e-01  9.9868859836223511e-01  9.9888960345088684e-01  9.9753856433297705e-01  9.9926085177246626e-01  -4.9045985024568535e-06  -1.0996997436102580e-05  -5.1910570070800494e-07  9.9907645393852607e-01  9.9864733639563541e-01  9.9930589693095562e-01  9.9946102582253538e-01  9.9924059098428353e-01  9.9958096931335083e-01  -2.6775017687101353e-06  -5.2040252562941921e-06  2.3632805118273536e-07
2.6400000000001299e+01  9.9795644870137812e-01  9.9532972311224865e-01  9.9868553889376865e-01  9.9889733555549698e-01  9.9754864798342102e-01  9.9926824883131060e-01  -5.1559064663506611e-06  -1.0775758849597807e-05  4.1542197472663887e-07  9.9907501786940878e-01  9.9864454746544229e-01  9.9930524946776556e-01  9.9946530034891534e-01  9.9924838384678849e-01  9.9958537658261659e-01  -2.6534040593150775e-06  -4.8144806286908026e-06  5.0382029154833733e-07
2.7200000000001499e+01  9.9795352695420725e-01  9.9532503119696769e-01  9.9868244810749573e-01  9.9890529346431811e-01  9.9755802724007880e-01  9.9927678933240471e-01  -5.1673571733614775e-06  -1.0612598199180445e-05  -5.8576847335072125e-07  9.9907363651461889e-01  9.9864230470357507e-01  9.9930380024485754e-01  9.9946947943904130e-01  9.9925542790543687e-01  9.9958990968868389e-01  -2.5661193150119501e-06  -4.5485158718491965e-06  8.7174779992061228e-07
2.8000000000001599e+01  9.9795077200636928e-01  9.9532038057537742e-01  9.9868062912919109e-01  9.9891301021121515e-01  9.9756709575256153e-01  9.9928326225271891e-01  -4.9257751803495312e-06  -1.0748065157148509e-05  -1.7924160225135138e-06  9.9907230970784666e-01  9.9864053367832062e-01  9.9930195467908500e-01  9.9947352182472771e-01  9.9926129096386351e-01  9.9959438255322741e-01  -2.4946920964861018e-06  -4.0592317455209205e-06  1.0095699575678505e-06
2.8800000000001699e+01  9.9794812515874098e-01  9.9531564785538629e-01  9.9868014270964334e-01  9.9892042994746610e-01  9.9757621376941630e-01  9.9928662389855571e-01  -4.8777234679484927e-06  -1.0858935060298120e-05  -1.4108602197288013e-06  9.9907100993708320e-01  9.9863890485101914e-01  9.9930029417899624e-01  9.9947747015247579e-01  9.9926652978315667e-01  9.9959834308540241e-01  -2.4355173716242000e-06  -4.0105391365007985e-06  1.0328405368072548e-06
2.9600000000001799e+01  9.9794540708573365e-01  9.9531105468721026e-01  9.9867884107306371e-01  9.9892790505381157e-01  9.9758509724944300e-01  9.9929068930789766e-01  -4.9322737444688088e-06  -1.0624134842016679e-05  -3.0264101558338201e-06  9.9906976101484513e-01  9.9863730583994725e-01  9.9929908857663152e-01  9.9948128806205716e-01  9.9927141570878841e-01  9.9960173042055267e-01  -2.3301287494760837e-06  -4.5214740826540149e-06  1.2776718439933792e-06
3.0400000000001999e+01  9.9794279141837516e-01  9.9530692635766482e-01  9.9867629113168432e-01  9.9893519923739582e-01  9.9759303306905200e-01  9.9929694086665266e-01  -4.6322331071431149e-06  -9.8889854689854973e-06  -3.6342570609187141e-06  9.9906858124212183e-01  9.9863590447070694e-01  9.9929828843295954e-01  9.9948492466489136e-01  9.9927576886187974e-01  9.9960468346834519e-01  -2.2184711938311871e-06  -4.6906697777292630e-06  9.2962274915221765e-07
3.1200000000002099e+01  9.9794052572316894e-01  9.9530358799023555e-01  9.9867377523264300e-01  9.9894173827730537e-01  9.9759906904999507e-01  9.9930354167348079e-01  -4.0596653776666814e-06  -8.6043186753742251e-06  -3.3302057084472540e-06  9.9906744704283568e-01  9.9863505816548515e-01  9.9929763952040207e-01  9.9948841047395409e-01  9.9927890641533945e-01  9.9960729730280251e-01  -2.1499712301994430e-06  -4.7703728355640697e-06  1.2770624897872011e-06
3.2000000000002203e+01  9.9793863138200045e-01  9.9530098251414234e-01  9.9867181463580701e-01  9.9894730453383285e-01  9.9760295553580014e-01  9.9930916240323642e-01  -3.4590104233914009e-06  -7.7199053254073264e-06  -2.5422299661591592e-06  9.9906630673408503e-01  9.9863475157025727e-01  9.9929686068567625e-01  9.9949185379493766e-01  9.9928045843181013e-01  9.9960997787384676e-01  -2.1640857181721241e-06  -4.4619907070275100e-06  1.5343946491188144e-07
3.2800000000002001e+01  9.9793706201484256e-01  9.9529855310824045e-01  9.9867042508603487e-01  9.9895191073325817e-01  9.9760574092865717e-01  9.9931384293639935e-01  -2.8878642199562331e-06  -7.4653290893311292e-06  -2.0495242112373216e-06  9.9906515296688148e-01  9.9863422445232719e-01  9.9929609138417141e-01  9.9949531257091895e-01  9.9928192603089527e-01  9.9961258932340624e-01  -2.1304773624701152e-06  -4.1520530913344829e-06  4.7772783302800180e-07
3.3600000000001899e+01  9.9793576826083541e-01  9.9529605874014804e-01  9.9866938456705701e-01  9.9895564348749144e-01  9.9760823306940649e-01  9.9931711269200574e-01  -2.3949266450038821e-06  -7.4167360469239717e-06  -1.4952738760543090e-06  9.9906409991597489e-01  9.9863313218209859e-01  9.9929625258098331e-01  9.9949857848550860e-01  9.9928453740545042e-01  9.9961330610334753e-01  -1.9371150265415108e-06  -3.7476401726129096e-06  1.2381301191239162e-06
3.4400000000001697e+01  9.9793472015237783e-01  9.9529368958455666e-01  9.9866845784614044e-01  9.9895859333814341e-01  9.9761023898695367e-01  9.9931958614680172e-01  -1.9040598584753381e-06  -7.0912659245093004e-06  -9.5618465547141193e-07  9.9906314752645708e-01  9.9863200505953964e-01  9.9929713208306492e-01  9.9950157364294745e-01  9.9928754135221365e-01  9.9961183646843454e-01  -1.8462695072067513e-06  -3.4650134482234434e-06  1.1558040977634670e-06
3.5200000000001602e+01  9.9793398766395858e-01  9.9529171647046322e-01  9.9866771370896135e-01  9.9896065072411044e-01  9.9761125655724769e-01  9.9932160060867059e-01  -1.3055821107573950e-06  -6.4926095213279284e-06  -4.4390109241150654e-07  9.9906213494175899e-01  9.9863108318414595e-01  9.9929698444721193e-01  9.9950459969608241e-01  9.9929023299294550e-01  9.9961150508883123e-01  -1.9433282744797768e-06  -3.2019167501214203e-06  -7.4887733869788082e-07
3.6000000000001400e+01  9.9793358496230189e-01  9.9529019790894302e-01  9.9866705293967584e-01  9.9896174495645262e-01  9.9761108038169710e-01  9.9932333250001593e-01  -7.6829657609525064e-07  -5.9504538356763291e-06  2.2077574745252285e-07  9.9906108023232765e-01  9.9863022124902112e-01  9.9929555184509478e-01  9.9950772246238839e-01  9.9929273554733156e-01  9.9961401885040979e-01  -1.9142318558001237e-06  -2.9145777423604921e-06  -8.1279475989832759e-07
3.6800000000001198e+01  9.9793337035013874e-01  9.9528886959799079e-01  9.9866648479527109e-01  9.9896213636805753e-01  9.9761014351453070e-01  9.9932483091400781e-01  -4.5583252145791756e-07  -5.7514304580376318e-06  6.1795250795582876e-07  9.9906016293189626e-01  9.9862944508194507e-01  9.9929400101596866e-01  9.9951060327573715e-01  9.9929497955342728e-01  9.9961770154804597e-01  -1.6595711774301434e-06  -2.6835072376750100e-06  -5.5723461879511453e-07
3.7600000000001103e+01  9.9793323547816648e-01  9.9528749994994281e-01  9.9866598591782230e-01  9.9896212561813713e-01  9.9760881400969648e-01  9.9932591690227668e-01  -2.6116287871577572e-07  -5.6860731156065388e-06  7.1355313520507967e-07  9.9905943791821650e-01  9.9862876193271066e-01  9.9929278177726411e-01  9.9951302741492021e-01  9.9929699294443208e-01  9.9962115762267456e-01  -1.3759512504150601e-06  -2.5515025614507837e-06  -1.6008169734643566e-07
3.8400000000000901e+01  9.9793319432651073e-01  9.9528613349230421e-01  9.9866567546054708e-01  9.9896178105540401e-01  9.9760728522848774e-01  9.9932663792714971e-01  -5.7540117283660447e-08  -5.7388495381519780e-06  9.9752116907340727e-07  9.9905884515098120e-01  9.9862811935621543e-01  9.9929185151294742e-01  9.9951504564146088e-01  9.9929886618259289e-01  9.9962420157410625e-01  -1.1457141692154246e-06  -2.1818224669452053e-06  3.3968353280613103e-07
3.9200000000000799e+01  9.9793326466016563e-01  9.9528464024272822e-01  9.9866556365211467e-01  9.9896109352572404e-01  9.9760582034503953e-01  9.9932711383096129e-01  1.3006921843358303e-07  -6.0169364502102275e-06  1.1249864538610729e-06  9.9905837344266069e-01  9.9862749591672506e-01  9.9929104456048035e-01  9.9951668953387152e-01  9.9930062134788622e-01  9.9962695362754272e-01  -8.9655079371886409e-07  -2.2377818809928695e-06  3.1930335031075763e-07
4.0000000000000597e+01  9.9793341197739527e-01  9.9528314087613678e-01  9.9866561521274666e-01  9.9896013377600945e-01  9.9760438378128047e-01  9.9932707348459504e-01  2.4902974504138998e-07  -5.9381593479972163e-06  1.3555934196345159e-06  9.9905804738583259e-01  9.9862682837182082e-01  9.9929011180496885e-01  9.9951791419231939e-01  9.9930241950890630e-01  9.9962971029347347e-01  -6.3174637436618177e-07  -1.8487697008228995e-06  4.3040956641889227e-07
4.0800000000000502e+01  9.9793357810400829e-01  9.9528196389665835e-01  9.9866594140954246e-01  9.9895903974947209e-01  9.9760231680173672e-01  9.9932626987207751e-01  2.6559505798318996e-07  -5.5449579499453922e-06  9.9408508833734066e-07  9.9905784848906587e-01  9.9862638353794453e-01  9.9928935244860573e-01  9.9951874289347376e-01  9.9930381226985887e-01  9.9963218454315117e-01  -4.0346481336912772e-07  -1.6646999979466762e-06  5.0357924467175115e-07
4.1600000000000300e+01  9.9793370576926799e-01  9.9528083536140555e-01  9.9866612471476268e-01  9.9895797185258806e-01  9.9759977132981070e-01  9.9932546502380326e-01  2.0125423026377500e-07  -5.6755240326822631e-06  1.1528924598555053e-06  9.9905775767893246e-01  9.9862653971747861e-01  9.9928894654687739e-01  9.9951922243970515e-01  9.9930388128878878e-01  9.9963389082454157e-01  -1.8971619735015141e-07  -2.2011597677960162e-06  6.2326013411060815e-07
4.2400000000000098e+01  9.9793379715966779e-01  9.9527934871254353e-01  9.9866620389660654e-01  9.9895698128023025e-01  9.9759771893934013e-01  9.9932477825975774e-01  1.5289498525331364e-07  -6.2608567695595540e-06  1.0638647891921305e-06  9.9905776705345783e-01  9.9862694133024910e-01  9.9928862864400037e-01  9.9951937905577193e-01  9.9930301612967265e-01  9.9963519256718691e-01  -1.0716552691720879e-08  -1.3202402862910019e-06  8.3234219749865934e-07
4.3200000000000003e+01  9.9793387654653687e-01  9.9527758590698723e-01  9.9866635940363646e-01  9.9895603377207010e-01  9.9759624914805889e-01  9.9932391296762180e-01  1.0061446420154351e-07  -6.5958492615726403e-06  1.1167770484384706e-06  9.9905783087826894e-01  9.9862707933469252e-01  9.9928824203427458e-01  9.9951931248894976e-01  9.9930235275835533e-01  9.9963664328496016e-01  9.1742829635184122e-08  -1.0026226788991831e-06  7.3768089410424242e-07
4.3999999999999801e+01  9.9793389625158968e-01  9.9527589635287161e-01  9.9866655957405082e-01  9.9895521549188981e-01  9.9759483856696318e-01  9.9932279749239983e-01  -4.0409164087205828e-08  -6.5325082046475629e-06  1.0312196793095222e-06  9.9905792661808424e-01  9.9862707203828771e-01  9.9928793822028972e-01  9.9951910359230756e-01  9.9930200680599890e-01  9.9963787519721714e-01  1.8055535487585497e-07  -6.0321331557551518e-07  9.2396628936735773e-07
4.4799999999999699e+01  9.9793382813101705e-01  9.9527442206972172e-01  9.9866670206350017e-01  9.9895461791604112e-01  9.9759295466877651e-01  9.9932215339467145e-01  -1.7717844443090371e-07  -6.3292290437425191e-06  6.3317497332536535e-07  9.9905807000136493e-01  9.9862722505465129e-01  9.9928807141825526e-01  9.9951874538461050e-01  9.9930145325431852e-01  9.9963802348010433e-01  2.7081837164456280e-07  -5.5241504146807033e-07  8.5199000363944561e-07
4.5599999999999497e+01  9.9793374108990540e-01  9.9527289328304680e-01  9.9866666925028769e-01  9.9895413281657119e-01  9.9759086451856849e-01  9.9932172988037449e-01  -2.1306935276302360e-07  -6.6280487321668147e-06  8.9819156205206079e-07  9.9905824156084466e-01  9.9862765760901429e-01  9.9928850368723532e-01  9.9951827622836731e-01  9.9930030038783346e-01  9.9963712976611063e-01  3.1679506986014463e-07  -3.4493437077368262e-07  1.0786170848035870e-06
4.6399999999999302e+01  9.9793366198288336e-01  9.9527088072395875e-01  9.9866667166867362e-01  9.9895366770285132e-01  9.9758959046574402e-01  9.9932150078709081e-01  -2.5767558451507257e-07  -7.4280817567628205e-06  6.4754223120687131e-07  9.9905841634557246e-01  9.9862802038281329e-01  9.9928879513464564e-01  9.9951776056041441e-01  9.9929903855370494e-01  9.9963638748204153e-01  3.3326593461095585e-07  -3.2285169013258718e-07  8.8387332186131055e-07
4.7199999999999200e+01  9.9793353305182431e-01  9.9526857121646461e-01  9.9866669221431559e-01  9.9895330999262222e-01  9.9758917009727088e-01  9.9932118792871272e-01  -3.6901084460063343e-07  -7.7157850619325780e-06  8.1141967769812624e-07  9.9905858246501822e-01  9.9862773527462756e-01  9.9928873968484844e-01  9.9951724068861914e-01  9.9929901321691095e-01  9.9963630629074807e-01  3.1919916894247715e-07  -2.9036640269470773e-07  1.0458118705320405e-06
4.7999999999998998e+01  9.9793334824185820e-01  9.9526656271971548e-01  9.9866685354504237e-01  9.9895309879586613e-01  9.9758839311969350e-01  9.9932060630224051e-01  -4.5913128955387127e-07  -7.3220055992101243e-06  5.7182698661700901e-07  9.9905872137927687e-01  9.9862745851236590e-01  9.9928873524877149e-01  9.9951676955922220e-01  9.9929943460846304e-01  9.9963636242858112e-01  2.7795998708919187e-07  -5.7421908459284855e-07  8.0160306567574095e-07
4.8799999999998903e+01  9.9793314066824523e-01  9.9526480495992875e-01  9.9866673788963511e-01  9.9895297795832061e-01  9.9758693698839485e-01  9.9932045295414229e-01  -5.1862416295537373e-07  -7.2270929022306095e-06  5.2154385385964998e-07  9.9905883513955740e-01  9.9862799649692524e-01  9.9928904216360981e-01  9.9951636221315332e-01  9.9929835674352918e-01  9.9963582548465524e-01  2.4251856615274594e-07  -4.4271401813349836e-07  1.1374657925695366e-06
4.9599999999998701e+01  9.9793291994045641e-01  9.9526281045462417e-01  9.9866650761842746e-01  9.9895291466937319e-01  9.9758562867986078e-01  9.9932054646206925e-01  -5.5943661725554957e-07  -7.6924610436791051e-06  5.0737610702173915e-07  9.9905892760832526e-01  9.9862841048849083e-01  9.9928946923954920e-01  9.9951601512490218e-01  9.9929701885371502e-01  9.9963487794837214e-01  1.9677105174824832e-07  -3.4584258354152201e-07  8.1143390040024193e-07
5.0399999999998499e+01  9.9793269744206636e-01  9.9526043339646986e-01  9.9866636588996360e-01  9.9895287348369122e-01  9.9758505628411431e-01  9.9932060586430416e-01  -5.8354814731248089e-07  -8.1942796414919167e-06  4.0322620512139178e-07  9.9905898266596704e-01  9.9862813868638445e-01  9.9928976776229561e-01  9.9951576160592825e-01  9.9929699583256715e-01  9.9963406502719021e-01  1.3120022209340727e-07  -6.7262489536538208e-07  1.1172309621560329e-06
5.1199999999998397e+01  9.9793245922626894e-01  9.9525815690493380e-01  9.9866642987514420e-01  9.9895286621193702e-01  9.9758451448921182e-01  9.9932019919671000e-01  -6.3872522344328372e-07  -7.8425874135840615e-06  3.9418038207612159e-07  9.9905901166323785e-01  9.9862795074148192e-01  9.9928975870628722e-01  9.9951559234673226e-01  9.9929721971699625e-01  9.9963384118519061e-01  1.0049515084649925e-07  -4.8910503576868680e-07  8.7495728585550851e-07
5.1999999999998202e+01  9.9793218636856440e-01  9.9525638782181947e-01  9.9866638372134020e-01  9.9895293665308893e-01  9.9758292188824527e-01  9.9932005631038945e-01  -6.9984352284696557e-07  -7.3948767937841502e-06  2.4607261601680216e-07  9.9905904403840140e-01  9.9862808954012738e-01  9.9928955121587915e-01  9.9951544347422183e-01  9.9929686039301757e-01  9.9963414052368871e-01  9.4717654367774960e-08  -8.3164963336905634e-07  8.5918338567909240e-07
5.2799999999998100e+01  9.9793191241576107e-01  9.9525438607543815e-01  9.9866620288967889e-01  9.9895303336887453e-01  9.9758138949551600e-01  9.9932027311347371e-01  -6.9664989578242876e-07  -8.1280036993988609e-06  2.7068354650712359e-07  9.9905906449707971e-01  9.9862811290070097e-01  9.9928968135209595e-01  9.9951532560828049e-01  9.9929655204682366e-01  9.9963392842286247e-01  6.1794469122773162e-08  -7.4830966730944625e-07  7.1506079255781642e-07
5.3599999999997898e+01  9.9793167521611426e-01  9.9525177815940136e-01  9.9866606242444544e-01  9.9895306194270717e-01  9.9758104584775875e-01  9.9932046908295258e-01  -6.6471375642315627e-07  -8.7819194897637302e-06  3.8817510828231318e-07  9.9905906828846613e-01  9.9862785257931741e-01  9.9929018830521021e-01  9.9951525391368934e-01  9.9929682955394195e-01  9.9963280735161641e-01  4.6757308034768709e-08  -7.8440068502097402e-07  9.1026942701511969e-07
5.4399999999997704e+01  9.9793143674551821e-01  9.9524923497496287e-01  9.9866598903429382e-01  9.9895306510409676e-01  9.9758088334687445e-01  9.9932037950938313e-01  -7.0558517420155898e-07  -8.6125733899868834e-06  5.6390293580189845e-07  9.9905907430764784e-01  9.9862758520701811e-01  9.9929023821353224e-01  9.9951519093728958e-01  9.9929732884979305e-01  9.9963233502491777e-01  4.0230982403984151e-08  -6.9656331787228030e-07  9.4271524467068833e-07
5.5199999999997601e+01  9.9793115408733368e-01  9.9524696261889634e-01  9.9866590129545041e-01  9.9895314382054679e-01  9.9758020813537018e-01  9.9932035058839042e-01  -7.7287078893157653e-07  -8.4902997690207482e-06  4.5164502840155049e-07  9.9905906608910411e-01  9.9862778367788407e-01  9.9928961279697659e-01  9.9951515970241256e-01  9.9929699277920114e-01  9.9963347126020785e-01  1.4785625166024275e-08  -9.2305782196533951e-07  1.0003256895063454e-06
5.7599999999997102e+01  9.9793021977759166e-01  9.9524002909878073e-01  9.9866558257956906e-01  9.9895362811176547e-01  9.9757790585489725e-01  9.9932061052946997e-01  -8.8479933095038991e-07  -8.5993479635051404e-06  8.3466612763499199e-07  9.9905914718336608e-01  9.9862768479384856e-01  9.9929040520714729e-01  9.9951486656989696e-01  9.9929628930462921e-01  9.9963235055294386e-01  7.4583161225739259e-08  -9.8616095672890468e-07  9.4318089264638626e-07
5.8399999999997000e+01  9.9792989473989968e-01  9.9523770718163751e-01  9.9866555730192685e-01  9.9895383566747831e-01  9.9757696609341828e-01  9.9932070968646347e-01  -8.7727684422545361e-07  -8.8514784105754328e-06  7.3336983982551302e-07  9.9905912812228448e-01  9.9862787663585828e-01  9.9929047577485897e-01  9.9951482911252298e-01  9.9929590930217604e-01  9.9963177995446961e-01  -1.2006929318960098e-08  -8.5199176283453575e-07  1.1790970055336914e-06
5.9199999999996798e+01  9.9792962275012265e-01  9.9523537084533009e-01  9.9866553124171031e-01  9.9895393896481055e-01  9.9757607456080222e-01  9.9932052029913754e-01  -7.9583421996117287e-07  -8.8088181075761103e-06  6.8733221846113929e-07  9.9905907167651553e-01  9.9862767129838625e-01  9.9929037829685508e-01  9.9951490021635325e-01  9.9929602428825837e-01  9.9963176532348519e-01  -4.8743618808204712e-08  -9.0152552018846314e-07  1.4771914072076339e-06
5.9999999999996597e+01  9.9792939377156320e-01  9.9523307623626767e-01  9.9866543521240014e-01  9.9895391364310926e-01  9.9757507703568160e-01  9.9932061086178015e-01  -7.8012109566610811e-07  -9.0302203566176032e-06  6.1529749211258737e-07  9.9905902501804988e-01  9.9862697322438287e-01  9.9929042964956649e-01  9.9951498643140191e-01  9.9929733251269204e-01  9.9963162763599134e-01  -4.3655545546632277e-08  -1.1342552485237825e-06  1.0723448898620567e-06
6.0799999999996501e+01  9.9792911407668750e-01  9.9523057869118536e-01  9.9866493463649098e-01  9.9895394108432567e-01  9.9757447311985570e-01  9.9932128297689893e-01  -8.7455255107880455e-07  -9.3149225886424293e-06  1.0240646374621888e-06  9.9905897074571626e-01  9.9862657230702467e-01  9.9929055487726581e-01  9.9951509281250661e-01  9.9929841818242937e-01  9.9963137533485869e-01  -8.4718217746579536e-08  -1.3904044105009465e-06  9.2271055640496363e-07
6.1599999999996299e+01  9.9792880395561079e-01  9.9522815352149374e-01  9.9866469159492788e-01  9.9895404505348506e-01  9.9757382559341079e-01  9.9932192620425242e-01  -8.7591760447432962e-07  -9.2569795650102160e-06  1.4416249395306962e-06  9.9905886292386714e-01  9.9862637335696547e-01  9.9929058084794786e-01  9.9951531268229232e-01  9.9929903732861425e-01  9.9963123815237054e-01  -1.7607336756810023e-07  -1.2466469329656968e-06  1.0611750462392057e-06
6.2399999999996197e+01  9.9792857830415782e-01  9.9522569110097781e-01  9.9866473168746916e-01  9.9895400135720047e-01  9.9757316331156065e-01  9.9932181601764825e-01  -7.4524853251861133e-07  -9.5374630015511140e-06  1.2048073642252679e-06  9.9905870565302957e-01  9.9862612772265924e-01  9.9929058757338118e-01  9.9951566851792029e-01  9.9929962163672104e-01  9.9963116619859638e-01  -2.4156266537879317e-07  -1.1094813117396741e-06  9.4503448852073385e-07
6.3199999999996002e+01  9.9792842332607690e-01  9.9522313708415155e-01  9.9866496374475833e-01  9.9895376118084256e-01  9.9757272801587704e-01  9.9932105022225626e-01  -7.0697046651706648e-07  -9.5198797838894949e-06  1.1906904784587150e-06  9.9905854282796858e-01  9.9862573305167346e-01  9.9929069492285261e-01  9.9951608135540226e-01  9.9930045982407123e-01  9.9963127238858207e-01  -2.4944936938391285e-07  -1.7039698514542285e-06  1.1632233809412777e-06
6.3999999999995801e+01  9.9792819038152525e-01  9.9522093790790844e-01  9.9866530484661864e-01  9.9895360344008921e-01  9.9757156938784930e-01  9.9932051063312255e-01  -8.6827170475105349e-07  -9.0070210644148645e-06  8.3506073817784689e-07  9.9905839365084614e-01  9.9862484697512277e-01  9.9929062083314724e-01  9.9951648825500417e-01  9.9930233750662067e-01  9.9963189224294091e-01  -2.4251874365115163e-07  -1.4129876321800549e-06  7.7141639128904586e-07
6.4799999999996203e+01  9.9792784404445611e-01  9.9521898009230347e-01  9.9866539462328530e-01  9.9895369305313508e-01  9.9756982751673406e-01  9.9932047052970119e-01  -1.0068204538603782e-06  -9.0861531280231508e-06  1.4150874517228447e-06  9.9905824181552472e-01  9.9862468658430570e-01  9.9929024691487134e-01  9.9951690067597299e-01  9.9930325665271802e-01  9.9963298295087943e-01  -2.6042271332141850e-07  -1.3924202616471339e-06  6.6399270136458057e-07
6.5599999999996697e+01  9.9792748783979213e-01  9.9521651669091615e-01  9.9866555739994600e-01  9.9895387533862057e-01  9.9756842323692618e-01  9.9932053825914136e-01  -1.0324037796976527e-06  -9.9895332619998539e-06  1.4099335311935850e-06  9.9905805944737425e-01  9.9862558970223947e-01  9.9929018622178911e-01  9.9951737483500247e-01  9.9930149612460728e-01  9.9963340406525270e-01  -3.2041487116890968e-07  -1.3881363254721045e-06  1.2048319364350426e-06
6.6399999999997107e+01  9.9792714852178332e-01  9.9521329272607673e-01  9.9866573722487506e-01  9.9895405411882365e-01  9.9756902922545454e-01  9.9931986865719868e-01  -1.0455738297987572e-06  -1.1229808849103185e-05  1.0370509070954851e-06  9.9905782769582685e-01  9.9862525928595847e-01  9.9929032267622331e-01  9.9951796664846793e-01  9.9930146380621043e-01  9.9963303391010971e-01  -3.9619087487546408e-07  -1.4487801007342588e-06  8.1169127459281221e-07
6.7199999999997502e+01  9.9792681047948117e-01  9.9521022238727541e-01  9.9866573205772946e-01  9.9895423114370618e-01  9.9757022631603842e-01  9.9931878066392354e-01  -1.0721391847675196e-06  -1.0380741645262487e-05  1.0760089804817226e-06  9.9905757873648282e-01  9.9862411762421799e-01  9.9929003637623193e-01  9.9951863451855427e-01  9.9930374674371458e-01  9.9963332873223587e-01  -4.0164256163683824e-07  -1.9731390832240366e-06  8.0546083012596445e-07
6.7999999999997897e+01  9.9792643217118560e-01  9.9520847524158562e-01  9.9866550379811569e-01  9.9895448092943440e-01  9.9756850167488731e-01  9.9931863079569339e-01  -1.1774689483061037e-06  -9.2796076617998344e-06  5.6417600184345213e-07  9.9905736928657141e-01  9.9862432697639980e-01  9.9928946059750978e-01  9.9951925073321579e-01  9.9930383692792057e-01  9.9963404469740513e-01  -3.5161617592451525e-07  -1.3930176235491182e-06  9.8841197930980090e-07
6.8799999999998306e+01  9.9792597610803790e-01  9.9520658361728609e-01  9.9866500570256089e-01  9.9895490699038558e-01  9.9756638358984895e-01  9.9932007319109772e-01  -1.3095630723063922e-06  -9.8845107211021998e-06  4.9837392389945510e-07  9.9905716114228071e-01  9.9862484961702014e-01  9.9928939039121201e-01  9.9951984604758570e-01  9.9930275624108778e-01  9.9963540854391297e-01  -3.9253344680072718e-07  -1.7214828668354869e-06  8.6101344435403061e-07
6.9599999999998701e+01  9.9792546327649156e-01  9.9520353353533730e-01  9.9866437616612347e-01  9.9895549897331226e-01  9.9756644047728316e-01  9.9932151754439069e-01  -1.4235947081069770e-06  -1.0960816934785549e-05  3.6898204333184582e-07  9.9905688713584961e-01  9.9862433928877514e-01  9.9928950063146305e-01  9.9952056818847801e-01  9.9930336891274218e-01  9.9963603178796701e-01  -4.8351558294802065e-07  -1.8093708667712773e-06  5.9287801503484720e-07
7.0399999999999096e+01  9.9792489503212201e-01  9.9520057510429261e-01  9.9866415932144015e-01  9.9895625262954091e-01  9.9756679122844560e-01  9.9932242377713665e-01  -1.5494874619967938e-06  -1.0657279409841502e-05  2.7455678910867694e-08  9.9905658531936137e-01  9.9862370634511943e-01  9.9928937064724865e-01  9.9952138698875004e-01  9.9930466427060927e-01  9.9963614970851000e-01  -5.0849398395860367e-07  -1.6085664170339817e-06  6.8329518967913196e-07
7.1199999999999505e+01  9.9792425763919734e-01  9.9519785016435414e-01  9.9866353274522557e-01  9.9895719596182364e-01  9.9756667274433719e-01  9.9932341844124806e-01  -1.6958090849829513e-06  -1.0872185568010047e-05  2.3195387877273743e-07  9.9905629311507904e-01  9.9862320528541026e-01  9.9928879077907595e-01  9.9952221770838157e-01  9.9930592367814919e-01  9.9963688264069350e-01  -5.0843664359537884e-07  -1.8513121593116384e-06  3.9801459973225952e-07
7.1999999999999901e+01  9.9792354821312901e-01  9.9519468464483074e-01  9.9866299424447424e-01  9.9895834490365865e-01  9.9756738243185761e-01  9.9932531587043416e-01  -1.8309909740522592e-06  -1.1540630028821678e-05  -5.0396247388361873e-07  9.9905600624252155e-01  9.9862268928928322e-01  9.9928818876613368e-01  9.9952304669542180e-01  9.9930726341978848e-01  9.9963809953833505e-01  -5.0472813946378772e-07  -2.0889633202914536e-06  6.9059285338945200e-07
7.2800000000000296e+01  9.9792279391066319e-01  9.9519161244466992e-01  9.9866234578130764e-01  9.9895965017591148e-01  9.9756830302917510e-01  9.9932631088920421e-01  -1.9343867214728308e-06  -1.1204106952195909e-05  1.6969146927800114e-08  9.9905572116603913e-01  9.9862264896296371e-01  9.9928808935034008e-01  9.9952387283614796e-01  9.9930767618955652e-01  9.9963868335353001e-01  -5.1182831942436778e-07  -1.7280743293337511e-06  5.5860239071696694e-07
7.3600000000000705e+01  9.9792198108059971e-01  9.9518874953974590e-01  9.9866182476043908e-01  9.9896112105356405e-01  9.9756873714986549e-01  9.9932750025868222e-01  -2.0819620645932900e-06  -1.1482049003657843e-05  -5.4313236611481534e-07  9.9905541008404741e-01  9.9862236401889048e-01  9.9928791617851120e-01  9.9952474825121995e-01  9.9930829228033569e-01  9.9963931989024590e-01  -5.6815412974430126e-07  -1.9429301553639881e-06  9.0192949735536045e-07
7.4400000000001199e+01  9.9792108425255854e-01  9.9518537351262493e-01  9.9866105533772953e-01  9.9896281649164131e-01  9.9756989318698530e-01  9.9932918660290493e-01  -2.2290992682860649e-06  -1.1787166787809862e-05  -4.5699645556754763e-07  9.9905505718704868e-01  9.9862175076809778e-01  9.9928720624616874e-01  9.9952572481325097e-01  9.9930963482887958e-01  9.9964106382577889e-01  -6.1900583181945948e-07  -1.5985729980238320e-06  1.0586465713485758e-06
7.5200000000001594e+01  9.9792016103914438e-01  9.9518273218482078e-01  9.9866032210781974e-01  9.9896464120232631e-01  9.9756996363188266e-01  9.9933123142794700e-01  -2.2700562744987640e-06  -1.0463506456788296e-05  -7.3378316207651141e-07  9.9905471638510535e-01  9.9862166280725895e-01  9.9928679314214475e-01  9.9952671386821290e-01  9.9931014843657695e-01  9.9964255229428833e-01  -5.8335714046324005e-07  -1.6478152330227774e-06  8.1435488513996745e-07
7.6000000000002004e+01  9.9791927656188117e-01  9.9518034138134159e-01  9.9865945098403908e-01  9.9896643334143587e-01  9.9756897297397840e-01  9.9933345759892389e-01  -2.2407229317637762e-06  -1.1059973041195397e-05  -7.5412822964998579e-07  9.9905440860042760e-01  9.9862138456114380e-01  9.9928654327878974e-01  9.9952764005442352e-01  9.9931068619097785e-01  9.9964348622877219e-01  -5.6738325500036951e-07  -2.1948711414509978e-06  1.0797962046963039e-06
7.6800000000002399e+01  9.9791841966174422e-01  9.9517699449805552e-01  9.9865875156617756e-01  9.9896816254797516e-01  9.9756962415288120e-01  9.9933566232991522e-01  -2.2347108439180020e-06  -1.1904290492223736e-05  -5.9661968140869706e-07  9.9905407275946656e-01  9.9862035982235342e-01  9.9928603946326666e-01  9.9952860487786621e-01  9.9931282360680873e-01  9.9964470466441824e-01  -6.1446802056398994e-07  -1.5841682209777584e-06  4.3243752391600153e-07
7.7600000000002794e+01  9.9791756892450123e-01  9.9517403882839905e-01  9.9865821823520606e-01  9.9896986174880442e-01  9.9756995916467872e-01  9.9933733107332523e-01  -2.2218456999643427e-06  -1.1156017605947439e-05  -5.0296365397162224e-07  9.9905373055493840e-01  9.9861942855725638e-01  9.9928593471126748e-01  9.9952959968649346e-01  9.9931529424014665e-01  9.9964535055548387e-01  -5.9068832216742104e-07  -1.6492746313436510e-06  6.2241922149553155e-07
7.8400000000003203e+01  9.9791677261456391e-01  9.9517130598634918e-01  9.9865749769331580e-01  9.9897144428535856e-01  9.9756964784462465e-01  9.9933911452457524e-01  -2.1190033839661542e-06  -1.1416999376306345e-05  3.7236425622929559e-08  9.9905342656713647e-01  9.9861923744134462e-01  9.9928587709624483e-01  9.9953052497257455e-01  9.9931639310367160e-01  9.9964571554497872e-01  -5.5529889153712911e-07  -1.5244598439589172e-06  2.1917251501861277e-07
7.9200000000003598e+01  9.9791606490567930e-01  9.9516820347576795e-01  9.9865693810999734e-01  9.9897280796694321e-01  9.9756989887095016e-01  9.9934099306478863e-01  -2.0131343471233979e-06  -1.1710769675296738e-05  -3.8615923574901391e-07  9.9905309894315431e-01  9.9861931998327425e-01  9.9928541707424368e-01  9.9953147363916006e-01  9.9931650265169381e-01  9.9964680075974321e-01  -6.2346135457863408e-07  -1.9347261657480904e-06  7.2415910464947816e-08
8.0000000000003993e+01  9.9791537427358956e-01  9.9516518495667827e-01  9.9865651052904336e-01  9.9897406109527598e-01  9.9757008451738993e-01  9.9934209037318478e-01  -2.0110489231765492e-06  -1.1632416105614217e-05  1.0592875830396217e-07  9.9905270439596716e-01  9.9861875450612025e-01  9.9928507410491429e-01  9.9953256553317249e-01  9.9931759217763194e-01  9.9964802947549836e-01  -7.0675368692800504e-07  -1.4515326799402151e-06  3.2554774413537013e-07
8.0800000000004403e+01  9.9791468623375923e-01  9.9516222133670207e-01  9.9865629560720182e-01  9.9897527286374055e-01  9.9757009912798622e-01  9.9934317611892420e-01  -1.9667723162461993e-06  -1.1648921835032886e-05  -2.6589144767091364e-07  9.9905230962237368e-01  9.9861819791554030e-01  9.9928470399911351e-01  9.9953370741267267e-01  9.9931902277602036e-01  9.9964926564937917e-01  -6.7752444357413451e-07  -1.4323686851587397e-06  1.0194711820567337e-07
8.1600000000004798e+01  9.9791407413247013e-01  9.9515926525170240e-01  9.9865585273301283e-01  9.9897631303760270e-01  9.9757001649097599e-01  9.9934415547817512e-01  -1.8496994628656920e-06  -1.1595090993272955e-05  4.6334264135136366e-08  9.9905197753822783e-01  9.9861847185710129e-01  9.9928415718688235e-01  9.9953474296073175e-01  9.9931882056904386e-01  9.9965074141532273e-01  -5.9755914504635211e-07  -1.4271183127427515e-06  5.3479360304551641e-07
8.2400000000005207e+01  9.9791353080830902e-01  9.9515644315017926e-01  9.9865556134303013e-01  9.9897715564890677e-01  9.9756958292522879e-01  9.9934512298501921e-01  -1.7627923469562725e-06  -1.1444859779411169e-05  -7.5061538917885724e-08  9.9905167521880611e-01  9.9861864242295839e-01  9.9928376693194587e-01  9.9953568851472818e-01  9.9931834164062350e-01  9.9965199017415385e-01  -5.7082907871270647e-07  -1.2793269828744967e-06  1.1770885194262738e-07
8.3200000000005701e+01  9.9791302334886089e-01  9.9515344736726286e-01  9.9865533274937646e-01  9.9897785847422160e-01  9.9756930722380999e-01  9.9934561059645732e-01  -1.7074636244891998e-06  -1.2032365298149840e-05  1.2574318552708924e-08  9.9905136746910139e-01  9.9861831453371097e-01  9.9928355862324325e-01  9.9953661840788977e-01  9.9931878946587738e-01  9.9965288318015089e-01  -5.6589804900901134e-07  -1.1393267174667282e-06  1.5737912180323484e-07
8.4000000000006096e+01  9.9791253877498365e-01  9.9515006091318048e-01  9.9865511791206296e-01  9.9897846145497304e-01  9.9756987556337928e-01  9.9934621054592621e-01  -1.6698476482441963e-06  -1.2222221304542646e-05  -1.2478312083399676e-07  9.9905107805275906e-01  9.9861790362252401e-01  9.9928319934149779e-01  9.9953750801363550e-01  9.9931964302299359e-01  9.9965398018789031e-01  -5.1032386014411509e-07  -1.1648421466134196e-06  9.3459540788522416e-08
8.4800000000006506e+01  9.9791207665080395e-01  9.9514731798611411e-01  9.9865488929707857e-01  9.9897897886750842e-01  9.9756942829730277e-01  9.9934681080732368e-01  -1.6359642541212428e-06  -1.1126172096664219e-05  -2.2227647053525969e-07  9.9905085399074089e-01  9.9861754672341074e-01  9.9928300088766919e-01  9.9953825639008964e-01  9.9932051980896475e-01  9.9965473835870367e-01  -4.0064870869141849e-07  -1.0421549572243762e-06  3.1592866591342103e-07
8.5600000000006901e+01  9.9791163582650177e-01  9.9514498476137125e-01  9.9865465369391559e-01  9.9897941903036114e-01  9.9756773103715823e-01  9.9934730399640870e-01  -1.6047678884144450e-06  -1.1110465674614267e-05  -1.0936649406468798e-07  9.9905068209791736e-01  9.9861728530007021e-01  9.9928296351128509e-01  9.9953885434054601e-01  9.9932125649474146e-01  9.9965500009215147e-01  -3.3780900823783063e-07  -1.0661932162880605e-06  2.7983121220578177e-07
8.6400000000007296e+01  9.9791122846283753e-01  9.9514213483382097e-01  9.9865444482624255e-01  9.9897976310290881e-01  9.9756666265855021e-01  9.9934783203219180e-01  -1.5507322247821259e-06  -1.1713476059068981e-05  -1.0068637491266045e-07  9.9905051143448820e-01  9.9861715806985119e-01  9.9928276613165778e-01  9.9953940173981592e-01  9.9932167303823205e-01  9.9965547720214210e-01  -3.2501389366011931e-07  -9.3821488048935756e-07  1.8260350983583687e-07
8.7200000000007705e+01  9.9791085437674276e-01  9.9513915531166452e-01  9.9865430103105379e-01  9.9898000181097735e-01  9.9756599923402889e-01  9.9934824410199119e-01  -1.5181834905121546e-06  -1.1762271949941421e-05  1.1921095588889241e-07  9.9905035038538004e-01  9.9861668695646344e-01  9.9928265389839932e-01  9.9953991313903667e-01  9.9932264410978100e-01  9.9965588223153834e-01  -2.8438018814107429e-07  -8.9760529796217166e-07  4.0514627817101224e-07
8.8000000000008100e+01  9.9791048909759916e-01  9.9513631141562386e-01  9.9865422744172527e-01  9.9898018369678898e-01  9.9756517115898136e-01  9.9934840681107506e-01  -1.5046355690814597e-06  -1.1694062098303394e-05  3.6181824115348083e-08  9.9905023269169790e-01  9.9861603976074120e-01  9.9928256655399450e-01  9.9954032621240851e-01  9.9932419654948579e-01  9.9965619733837041e-01  -2.0683095838048369e-07  -7.8324767890793549e-07  2.6964628608361349e-07
8.8800000000008495e+01  9.9791014560062363e-01  9.9513359760741960e-01  9.9865417226092479e-01  9.9898029791294607e-01  9.9756406090111238e-01  9.9934855544403811e-01  -1.4698551948959730e-06  -1.1564978549645075e-05  7.1215775072507713e-08  9.9905016095464116e-01  9.9861606934822689e-01  9.9928250232668814e-01  9.9954061629134183e-01  9.9932458654616452e-01  9.9965650204797862e-01  -1.4116161918544047e-07  -7.3128800878012709e-07  3.2914843903484806e-07
8.9600000000008905e+01  9.9790982560616581e-01  9.9513093317738122e-01  9.9865410641324726e-01  9.9898033543265552e-01  9.9756274247469956e-01  9.9934879809271271e-01  -1.4502705422802451e-06  -1.1636468166483943e-05  3.2907537452973289e-08  9.9905010361878521e-01  9.9861625190638359e-01  9.9928260750104481e-01  9.9954083729230248e-01  9.9932426938569419e-01  9.9965645523933011e-01  -1.1987719246910015e-07  -8.0026724771021317e-07  3.1198976238852990e-07
9.0400000000009300e+01  9.9790951087687640e-01  9.9512815889158834e-01  9.9865406903114962e-01  9.9898033170736977e-01  9.9756155903535215e-01  9.9934891819978933e-01  -1.4496191756199547e-06  -1.1798917929496558e-05  2.1149144923070532e-07  9.9905004408792286e-01  9.9861614422388878e-01  9.9928267592934306e-01  9.9954103936832461e-01  9.9932434420498917e-01  9.9965630973766717e-01  -1.1137017395665970e-07  -5.0580122220010844e-07  3.9073551206846418e-07
9.1200000000009794e+01  9.9790920070945632e-01  9.9512537832608117e-01  9.9865408489825158e-01  9.9898029861613602e-01  9.9756040277339286e-01  9.9934888457533655e-01  -1.4464842502833531e-06  -1.1786212586290770e-05  2.6086600959582119e-07  9.9904999302970343e-01  9.9861605217083882e-01  9.9928257759590744e-01  9.9954121756342817e-01  9.9932447544048775e-01  9.9965646089782312e-01  -8.7035405703089649e-08  -6.6131582118077571e-07  7.1132690425368398e-07
9.2000000000010203e+01  9.9790890165802149e-01  9.9512263336437634e-01  9.9865406819339897e-01  9.9898022689074739e-01  9.9755913275044339e-01  9.9934869398700410e-01  -1.4372775611646766e-06  -1.1840158197870177e-05  1.7635077871719789e-07  9.9904996872300111e-01  9.9861593987996389e-01  9.9928248569824119e-01  9.9954133585531313e-01  9.9932464384642616e-01  9.9965678625546539e-01  -3.9405272533314551e-08  -5.1405893808937256e-07  2.9782032415677364e-07
9.2800000000010598e+01  9.9790861326807145e-01  9.9511980372437958e-01  9.9865400677015115e-01  9.9898011498590567e-01  9.9755797031552751e-01  9.9934874764737214e-01  -1.4343257720673989e-06  -1.2029926572627128e-05  1.4638195412907738e-07  9.9904996945240165e-01  9.9861572790004360e-01  9.9928260275045988e-01  9.9954138451005303e-01  9.9932503444543330e-01  9.9965669906126953e-01  -9.0756957572314010e-09  -6.3210229366668058e-07  4.1839143567162031e-07
9.3600000000010994e+01  9.9790832411381714e-01  9.9511695382820053e-01  9.9865400646348368e-01  9.9897998526992571e-01  9.9755686638138774e-01  9.9934874693146403e-01  -1.4512049005611150e-06  -1.2018806027600085e-05  3.1369582850931616e-07  9.9904996923127043e-01  9.9861549448297660e-01  9.9928277475419780e-01  9.9954141253625683e-01  9.9932554187966993e-01  9.9965629588659621e-01  -9.9956022940204466e-09  -3.8602381089503135e-07  4.3760231146291221e-07
9.4400000000011403e+01  9.9790802415895041e-01  9.9511421539303613e-01  9.9865415307060867e-01  9.9897986563892505e-01  9.9755553635415151e-01  9.9934858262139803e-01  -1.4774298338549266e-06  -1.1909200435585153e-05  3.6119756632370909e-07  9.9904996301384763e-01  9.9861541874965987e-01  9.9928271943659086e-01  9.9954144535854694e-01  9.9932578564138774e-01  9.9965619190996824e-01  -1.3292665899870232e-08  -3.4065671395254797e-07  4.1582832633461243e-07
9.5200000000011798e+01  9.9790772566105979e-01  9.9511152998758157e-01  9.9865425407431940e-01  9.9897974258659961e-01  9.9755402638288626e-01  9.9934820116065359e-01  -1.4761129266856069e-06  -1.1942212935219333e-05  6.0036045882965409e-07  9.9904995369749994e-01  9.9861552565540956e-01  9.9928253258384558e-01  9.9954148475063520e-01  9.9932558394214666e-01  9.9965650093954617e-01  -1.9121835975593353e-08  -6.9758479341227020e-07  5.3622772225767793e-07
9.6000000000012193e+01  9.9790745305595141e-01  9.9510875998208770e-01  9.9865432209501359e-01  9.9897956293692292e-01  9.9755262902359587e-01  9.9934809317786899e-01  -1.4494885175008154e-06  -1.2196106461549401e-05  3.6557257026075170e-07  9.9904994560865745e-01  9.9861550602035121e-01  9.9928253079012053e-01  9.9954152540458929e-01  9.9932547813886896e-01  9.9965657512363992e-01  -1.1032066529623711e-08  -4.2830926596718784e-07  3.3740461300017713e-07
9.6800000000012602e+01  9.9790719112431847e-01  9.9510578528409988e-01  9.9865434790608554e-01  9.9897933769745850e-01  9.9755167161710612e-01  9.9934787361942135e-01  -1.4645759327800876e-06  -1.2573951697451868e-05  3.2529332522326143e-07  9.9904995382777873e-01  9.9861528196220239e-01  9.9928273332254558e-01  9.9954153520759736e-01  9.9932580819458128e-01  9.9965617830188025e-01  1.3737475039601158e-08  -6.9408101766875677e-07  3.9790167186032878e-07
9.7600000000012997e+01  9.9790690096245871e-01  9.9510275564689477e-01  9.9865441473679750e-01  9.9897914933258769e-01  9.9755098775036466e-01  9.9934773649219943e-01  -1.5196297811541174e-06  -1.2557881989490570e-05  2.7898226324863533e-07  9.9904996795625278e-01  9.9861522872359920e-01  9.9928281312629963e-01  9.9954152253861284e-01  9.9932594617249992e-01  9.9965595644602923e-01  8.6539804438396622e-09  -4.4880365922254751e-07  4.1933424718138643e-07
9.8400000000013407e+01  9.9790659568353435e-01  9.9510008900381119e-01  9.9865433308260665e-01  9.9897899937506462e-01  9.9754968154230272e-01  9.9934755909195860e-01  -1.5396050942970061e-06  -1.2031401042920449e-05  4.1821347847136748e-07  9.9904995903437210e-01  9.9861544263873891e-01  9.9928260816210479e-01  9.9954154854439081e-01  9.9932548511072194e-01  9.9965624674315534e-01  -2.8083620415416986e-08  -6.7863786824218280e-07  5.0626823386828542e-07
9.9200000000013802e+01  9.9790630165380545e-01  9.9509767191521070e-01  9.9865433655333924e-01  9.9897883337795756e-01  9.9754764234239279e-01  9.9934752095049473e-01  -1.5485592340488829e-06  -1.1958079224173687e-05  2.9347000316729918e-07  9.9904993569378597e-01  9.9861544244344291e-01  9.9928247252620517e-01  9.9954161706622946e-01  9.9932524516003929e-01  9.9965665950142724e-01  -3.6341103435609653e-08  -4.6472486476078489e-07  6.8748830316339224e-07
1.0000000000001400e+02  9.9790598921637519e-01  9.9509485819103516e-01  9.9865427305121246e-01  9.9897869371515857e-01  9.9754612420769884e-01  9.9934755477010673e-01  -1.6102104182093740e-06  -1.2689639827410448e-05  1.1026438637728897e-07  9.9904993066864156e-01  9.9861497949265920e-01  9.9928259626206961e-01  9.9954166381911769e-01  9.9932598583678844e-01  9.9965662053352211e-01  -7.7875099010886351e-09  -6.9893366045976262e-07  5.0210491889839192e-07
1.0080000000001500e+02  9.9790563551931921e-01  9.9509163350168095e-01  9.9865421376235686e-01  9.9897864205029419e-01  9.9754558592470521e-01  9.9934774448555941e-01  -1.6800025584690282e-06  -1.3102291585830851e-05  1.2498726725360814e-07  9.9904994387476953e-01  9.9861453258194788e-01  9.9928281633986249e-01  9.9954166822461177e-01  9.9932702850210076e-01  9.9965622047000913e-01  7.8234732873955644e-09  -7.7248738291915948e-07  4.5569256752253401e-07
1.0160000000001500e+02  9.9790526955172387e-01  9.9508861242877422e-01  9.9865422738319209e-01  9.9897864005164105e-01  9.9754494708113006e-01  9.9934767140001601e-01  -1.7059671581335478e-06  -1.2756169724687187e-05  2.1046222814925952e-07  9.9904994975124239e-01  9.9861452622242153e-01  9.9928285618210921e-01  9.9954167410473715e-01  9.9932730036041151e-01  9.9965602496379824e-01  -9.9133633443643424e-09  -6.7755847089643762e-07  5.3840508162767123e-07
1.0240000000001500e+02  9.9790491280558957e-01  9.9508595724413473e-01  9.9865434155215282e-01  9.9897863297696898e-01  9.9754353933698670e-01  9.9934751111788678e-01  -1.7173214002010883e-06  -1.2406609347108451e-05  2.9630422157600579e-07  9.9904993395809982e-01  9.9861471811764890e-01  9.9928273378387888e-01  9.9954172294274435e-01  9.9932693395904315e-01  9.9965618773192921e-01  -4.2373459776389720e-08  -7.2842793280329839e-07  9.4503406260537239e-07
1.0320000000001600e+02  9.9790454804521977e-01  9.9508332326255899e-01  9.9865426267492619e-01  9.9897863748339710e-01  9.9754183008690966e-01  9.9934755484557847e-01  -1.7618184158929114e-06  -1.2518864896067911e-05  3.1462056130460371e-07  9.9904990295450913e-01  9.9861466977416402e-01  9.9928271468162533e-01  9.9954181591259150e-01  9.9932683223904972e-01  9.9965626098297988e-01  -6.2186194763212447e-08  -7.2767563403495637e-07  6.8074856028485556e-07
1.0400000000001600e+02  9.9790414240584746e-01  9.9508041742476416e-01  9.9865404925460999e-01  9.9897872298444279e-01  9.9754052793909320e-01  9.9934799575742339e-01  -1.8490893458691833e-06  -1.2992624452863581e-05  -1.5146129938655781e-07  9.9904987366736242e-01  9.9861440938951229e-01  9.9928285669142858e-01  9.9954192100281858e-01  9.9932723259603562e-01  9.9965597924955907e-01  -5.9779404657814527e-08  -7.9029825748074774e-07  5.3894270031704436e-07
1.0480000000001699e+02  9.9790369786767108e-01  9.9507729644479170e-01  9.9865389648907610e-01  9.9897891082507417e-01  9.9753976615202566e-01  9.9934839311291379e-01  -1.9077927483179246e-06  -1.3213600460345842e-05  -9.2791810828276422e-08  9.9904985208331221e-01  9.9861433326147853e-01  9.9928291514957635e-01  9.9954201606457305e-01  9.9932743186405848e-01  9.9965574210234576e-01  -5.5393403488057371e-08  -1.0744802858294041e-06  5.3281992617325124e-07
1.0560000000001700e+02  9.9790327145147240e-01  9.9507440527211566e-01  9.9865384640062160e-01  9.9897909610178093e-01  9.9753872109471775e-01  9.9934863768230253e-01  -1.8843279329895390e-06  -1.2774532979809308e-05  4.4461986642030076e-08  9.9904982702899647e-01  9.9861451960035896e-01  9.9928277134436860e-01  9.9954211573671992e-01  9.9932704365736447e-01  9.9965589125392296e-01  -6.7755953076253879e-08  -5.8486132729915870e-07  4.6326907512513458e-07
1.0640000000001800e+02  9.9790287765540953e-01  9.9507182987164355e-01  9.9865377356624396e-01  9.9897921247732235e-01  9.9753692307688824e-01  9.9934880397854642e-01  -1.8812908710880623e-06  -1.2583822663715886e-05  1.3257854523404233e-07  9.9904978849521697e-01  9.9861449908347000e-01  9.9928260229933219e-01  9.9954224415362891e-01  9.9932685966909363e-01  9.9965636250167766e-01  -8.9868591026486291e-08  -6.6959245745491394e-07  6.8116596730603749e-07
1.0720000000001799e+02  9.9790244822425578e-01  9.9506893727342360e-01  9.9865372596572755e-01  9.9897937463691422e-01  9.9753546449289532e-01  9.9934917290893854e-01  -1.9712556774991804e-06  -1.3304583294028688e-05  -8.5172763823129272e-08  9.9904973907161065e-01  9.9861400940501532e-01  9.9928262287859138e-01  9.9954240392094762e-01  9.9932766942112350e-01  9.9965667025571991e-01  -1.0626230041499628e-07  -7.5408466706891521e-07  2.6950045763460369e-07
1.0800000000001801e+02  9.9790196510656148e-01  9.9506550199887156e-01  9.9865359063671832e-01  9.9897965786016640e-01  9.9753520480648472e-01  9.9934975775847834e-01  -2.0438294814306128e-06  -1.4010600374391818e-05  -3.8273552475128790e-08  9.9904968695396379e-01  9.9861368642910076e-01  9.9928279187468216e-01  9.9954258020145093e-01  9.9932850263409412e-01  9.9965646379965378e-01  -1.1197769874666326e-07  -9.0538966198122914e-07  5.8124067441683031e-07
1.0880000000001900e+02  9.9790148918551758e-01  9.9506211708600711e-01  9.9865354622346059e-01  9.9897996339580897e-01  9.9753515529592263e-01  9.9935019129029445e-01  -2.0401825917406918e-06  -1.3742716710243047e-05  -3.0001947242954625e-08  9.9904963686037906e-01  9.9861400032780689e-01  9.9928277687388878e-01  9.9954275919489355e-01  9.9932804010042242e-01  9.9965632094801693e-01  -1.1250502496526757e-07  -5.6550938776868715e-07  5.1955438341114946e-07
1.0960000000001899e+02  9.9790103524074536e-01  9.9505920024447736e-01  9.9865345002216321e-01  9.9898023013662762e-01  9.9753430256015774e-01  9.9935030333789410e-01  -2.0453687151426010e-06  -1.3223015584914470e-05  3.4173657974530721e-08  9.9904958618736750e-01  9.9861420572874871e-01  9.9928246197273363e-01  9.9954294114996878e-01  9.9932740286290600e-01  9.9965680343340568e-01  -1.1906568658340310e-07  -8.2584070017515936e-07  5.2856990815961321e-07
1.1040000000002000e+02  9.9790056779165748e-01  9.9505640298501397e-01  9.9865324310514303e-01  9.9898051132255650e-01  9.9753290391590699e-01  9.9935049151868038e-01  -2.0867384236395196e-06  -1.3180478825438362e-05  -8.8617122153811334e-08  9.9904952658995971e-01  9.9861377187004330e-01  9.9928220249382560e-01  9.9954314229892316e-01  9.9932798707430948e-01  9.9965738614973454e-01  -1.3736534939502552e-07  -7.2186851646278032e-07  5.7634139166658783e-07
1.1120000000002000e+02  9.9790008788739648e-01  9.9505344940867246e-01  9.9865299700717725e-01  9.9898082081463579e-01  9.9753155428002671e-01  9.9935115115469375e-01  -2.1060892330714064e-06  -1.3385831348454567e-05  -1.0512925744516496e-07  9.9904945614307183e-01  9.9861333837473254e-01  9.9928222421474922e-01  9.9954337221476619e-01  9.9932892082989999e-01  9.9965756598237721e-01  -1.5263554633415819e-07  -6.4315571384085830e-07  3.4671513169670508e-07
1.1200000000001999e+02  9.9789962644531616e-01  9.9505043918220548e-01  9.9865291419836399e-01  9.9898109982550665e-01  9.9753036813343487e-01  9.9935158987528749e-01  -2.0870577891087463e-06  -1.3396273083665415e-05  -9.9729917700698699e-08  9.9904938655413811e-01  9.9861331369388751e-01  9.9928224813777633e-01  9.9954361108321599e-01  9.9932921124815000e-01  9.9965762220791898e-01  -1.4982251708973925e-07  -8.4196120576550722e-07  4.6496043563295722e-07
1.1280000000002100e+02  9.9789918818113243e-01  9.9504754809180218e-01  9.9865281494075875e-01  9.9898131941523061e-01  9.9752896383515444e-01  9.9935179315896261e-01  -2.0757643068784274e-06  -1.3290828618134529e-05  -9.2546815955717285e-08  9.9904932443347794e-01  9.9861338797156030e-01  9.9928215713640001e-01  9.9954383890851806e-01  9.9932907129090043e-01  9.9965775364741560e-01  -1.4486083010634047e-07  -7.5517007894924152e-07  3.1654591389361903e-07
1.1360000000002100e+02  9.9789874558504121e-01  9.9504460712999121e-01  9.9865268734946855e-01  9.9898152437349030e-01  9.9752753403559391e-01  9.9935214614294721e-01  -2.1022963391321928e-06  -1.3577169943125743e-05  -3.6868786613573808e-08  9.9904925999868888e-01  9.9861328296494689e-01  9.9928210667023976e-01  9.9954406876487778e-01  9.9932915041909198e-01  9.9965805541289643e-01  -1.5372523137097827e-07  -7.6833313251692243e-07  3.3540544245036355e-07
1.1440000000002200e+02  9.9789828986122897e-01  9.9504133537577399e-01  9.9865260248562915e-01  9.9898174741742629e-01  9.9752672334684855e-01  9.9935250350343030e-01  -2.1211359617070847e-06  -1.4083901553850445e-05  4.2860214317347591e-09  9.9904918909333906e-01  9.9861293132703766e-01  9.9928205436492257e-01  9.9954431334311733e-01  9.9932980599962096e-01  9.9965837249407896e-01  -1.6155495296203581e-07  -7.7546249096918390e-07  4.6945359750322840e-07
1.1520000000002200e+02  9.9789785387961594e-01  9.9503798395691023e-01  9.9865263500738644e-01  9.9898193353089648e-01  9.9752625929796601e-01  9.9935276146458196e-01  -2.0913756503215832e-06  -1.3994986730198028e-05  -7.6277948584349597e-09  9.9904911782746664e-01  9.9861278508789753e-01  9.9928198124842571e-01  9.9954456368982236e-01  9.9933025137451414e-01  9.9965852543425771e-01  -1.6516224237114881e-07  -6.9764179848755344e-07  3.3504551465364098e-07
1.1600000000002200e+02  9.9789745060257440e-01  9.9503502103425567e-01  9.9865259512997406e-01  9.9898203728796053e-01  9.9752512423661410e-01  9.9935287310717191e-01  -2.0660847000441461e-06  -1.3469860026771589e-05  8.6717065960912033e-08  9.9904903994809136e-01  9.9861316226139807e-01  9.9928187624677567e-01  9.9954482905752429e-01  9.9932956675497586e-01  9.9965875390141723e-01  -1.8440952768542438e-07  -7.8252109274054459e-07  5.4243513755246440e-07
1.1680000000002300e+02  9.9789704444974892e-01  9.9503227249003146e-01  9.9865246440454170e-01  9.9898211465086606e-01  9.9752331191041876e-01  9.9935321399372701e-01  -2.0928127049487532e-06  -1.3395561142366437e-05  -1.6281610168936839e-07  9.9904894510563991e-01  9.9861331483909954e-01  9.9928174491785871e-01  9.9954513402403178e-01  9.9932894250955873e-01  9.9965907832968393e-01  -2.1184189875558174e-07  -8.5266638680070283e-07  2.4398919552573127e-07
1.1760000000002300e+02  9.9789661483745173e-01  9.9502927531310581e-01  9.9865230395382865e-01  9.9898222488492672e-01  9.9752175693021827e-01  9.9935365153795364e-01  -2.1318056287521722e-06  -1.3794309152183751e-05  -2.2657577835563996e-07  9.9904884257411153e-01  9.9861273834375186e-01  9.9928165621888265e-01  9.9954546863757154e-01  9.9932980283420714e-01  9.9965930284350379e-01  -2.2014642982126577e-07  -9.6808410864247666e-07  3.4651302385732599e-07
1.1840000000002399e+02  9.9789617808952591e-01  9.9502609169438272e-01  9.9865216089447695e-01  9.9898235377109912e-01  9.9752063669732316e-01  9.9935413858402944e-01  -2.1502820945723766e-06  -1.3966637616553841e-05  -2.1187357174737890e-07  9.9904874719994718e-01  9.9861226545999393e-01  9.9928158783369858e-01  9.9954579998411908e-01  9.9933093765453385e-01  9.9965954383968636e-01  -2.1356845138675314e-07  -6.9115093205717582e-07  4.4398073025661169e-07
1.1920000000002400e+02  9.9789574501909439e-01  9.9502297505540838e-01  9.9865202923503882e-01  9.9898247635984427e-01  9.9751950142709922e-01  9.9935465602602336e-01  -2.1602886423091191e-06  -1.3938428394949412e-05  9.9712356124239849e-08  9.9904865424540246e-01  9.9861242479620549e-01  9.9928146872595724e-01  9.9954612657892128e-01  9.9933089047159029e-01  9.9966001870441690e-01  -2.1966119937797644e-07  -8.3126766168874641e-07  1.7232949416218944e-07
1.2000000000002400e+02  9.9789531721342439e-01  9.9501991295624415e-01  9.9865190415139082e-01  9.9898258303609011e-01  9.9751825430491059e-01  9.9935508197833778e-01  -2.1647056707183583e-06  -1.3969623073624572e-05  -9.4544497958619326e-08  9.9904855050344565e-01  9.9861245136891263e-01  9.9928140354213724e-01  9.9954647429210763e-01  9.9933073808123596e-01  9.9966038504825461e-01  -2.3798592047650235e-07  -8.2074009339778689e-07  1.9659421568431462e-07
