# time  P_total  P_z_beam  beam_ratio  beaming_gain  wavezone_std
0.0000000000000000e+00  2.3842700827601895e-06  1.3223216289359478e-06  7.0048120892434795e-01  3.8019248356973918e+00  6.2715320851754552e-01
4.0000000000000002e-01  1.6216866488936008e-06  9.7757288845083824e-07  6.7095889126819686e-01  3.6838355650727874e+00  7.1602388346629298e-01
8.0000000000000004e-01  1.4832262050632587e-06  8.1942665522917891e-07  6.3492830815380175e-01  3.5397132326152070e+00  7.1216313781604279e-01
1.2000000000000000e+00  2.0458928069653657e-06  1.2333969783506161e-06  6.5765972414823182e-01  3.6306388965929273e+00  7.2145287674021297e-01
1.6000000000000001e+00  2.9719218643453675e-06  2.0840513098418516e-06  6.9983194755326794e-01  3.7993277902130718e+00  7.6155970686886032e-01
2.0000000000000000e+00  3.3328170492740757e-06  2.4968891601895218e-06  6.8247532741472505e-01  3.7299013096589002e+00  8.1838970355187846e-01
2.3999999999999901e+00  2.4982543324344595e-06  1.8884596651143566e-06  6.1585813145755586e-01  3.4634325258302234e+00  8.5357831073155421e-01
2.7999999999999798e+00  9.7273387131182434e-07  7.0342506246059659e-07  6.5615547935973251e-01  3.6246219174389300e+00  7.8102830410474422e-01
3.1999999999999802e+00  2.7504525863872708e-07  1.3775021646981221e-07  5.6509094576011765e-01  3.2603637830404706e+00  5.0934016672976867e-01
3.5999999999999699e+00  6.0718497171283179e-07  3.3991631236837527e-07  5.9974037963571381e-01  3.3989615185428552e+00  4.6262465981704465e-01
3.9999999999999600e+00  8.6452212080542862e-07  4.9857062596423620e-07  6.3927255649790382e-01  3.5570902259916153e+00  3.0486197539212206e-01
4.3999999999999497e+00  9.5903721628176546e-07  5.4653048868593991e-07  6.5289637830304159e-01  3.6115855132121664e+00  1.2766910294705988e-01
4.7999999999999403e+00  1.0938481073935806e-06  6.0791796602355036e-07  6.3080317660735907e-01  3.5232127064294363e+00  4.0154871679842340e-03
5.1999999999999300e+00  1.3743014894588053e-06  7.5828188863875734e-07  5.9821163408654665e-01  3.3928465363461866e+00  9.8964359091783943e-02
5.5999999999999304e+00  1.7158515163635106e-06  9.5410479181994273e-07  5.7487609245745774e-01  3.2995043698298310e+00  2.1327123030312575e-01
5.9999999999999201e+00  2.1917871546757414e-06  1.2298316812567201e-06  5.6569263100026002e-01  3.2627705240010401e+00  2.8364504746109920e-01
6.3999999999999098e+00  2.8380244621105122e-06  1.6103596462939194e-06  5.6797803292597004e-01  3.2719121317038802e+00  3.0580109500487296e-01
6.7999999999999003e+00  3.4169962265568870e-06  1.9464951733263483e-06  5.6974228790340886e-01  3.2789691516136354e+00  3.3896103176441239e-01
7.1999999999998900e+00  4.3326605636698153e-06  2.5460915192148803e-06  5.8740641449833508e-01  3.3496256579933403e+00  3.2999882998541263e-01
7.5999999999998797e+00  5.3505731195651290e-06  3.2704226619144940e-06  6.0421259778066128e-01  3.4168503911226451e+00  2.7573797785035570e-01
7.9999999999998703e+00  4.6532623219387005e-06  2.7767145969285785e-06  5.9269211476189243e-01  3.3707684590475697e+00  2.9104338127289164e-01
8.3999999999998707e+00  2.9546153599818039e-06  1.6134443706877885e-06  5.4359593021407604e-01  3.1743837208563042e+00  3.8478920476253919e-01
8.7999999999998604e+00  2.5020393643502867e-06  1.4328039348706166e-06  5.7310815184463815e-01  3.2924326073785526e+00  3.2541034538016850e-01
9.1999999999998501e+00  3.2522264515625937e-06  2.1013669919083502e-06  6.4750763451864590e-01  3.5900305380745836e+00  1.5205726223984725e-01
9.5999999999998398e+00  5.2648555474497126e-06  3.6710760796383846e-06  6.9813019703345058e-01  3.7925207881338023e+00  2.3176091030004672e-02
9.9999999999998295e+00  8.7536609718181946e-06  6.3468128526614281e-06  7.2446543198061364e-01  3.8978617279224546e+00  6.4533124729128644e-02
1.0399999999999800e+01  1.1676905852695061e-05  8.5904200656138941e-06  7.3443381654824735e-01  3.9377352661929894e+00  1.2081429579080107e-01
1.0799999999999800e+01  1.0451933765576973e-05  7.7145088782291442e-06  7.3552558742239882e-01  3.9421023496895953e+00  1.2552145210382121e-01
1.1199999999999800e+01  6.1221957960182688e-06  4.4983475943807026e-06  7.2341787214173214e-01  3.8936714885669286e+00  4.5967128863261632e-02
1.1599999999999801e+01  3.0724681289562860e-06  2.1938608236602323e-06  6.9158513330346616e-01  3.7663405332138646e+00  1.2341178492613594e-01
1.1999999999999799e+01  1.4277840102595499e-06  8.8159335653721762e-07  6.3754756141741975e-01  3.5501902456696790e+00  4.3268244971090875e-01
1.2399999999999800e+01  1.0810902704221199e-06  5.3719545201824439e-07  5.4460530653909900e-01  3.1784212261563960e+00  7.2649825453185557e-01
1.2799999999999800e+01  1.7223195820373926e-06  9.3568146817592324e-07  5.8894401796758955e-01  3.3557760718703582e+00  6.1840805781989749e-01
1.3199999999999800e+01  2.3110690816623372e-06  1.2488918977001252e-06  5.2416568243566364e-01  3.0966627297426546e+00  5.9306680685581648e-01
1.3599999999999801e+01  2.9906555343290103e-06  1.6644703292068333e-06  5.6051499814038031e-01  3.2420599925615212e+00  4.5805998915804941e-01
1.3999999999999700e+01  3.3831476535981728e-06  1.7426326658003422e-06  5.1028500236824237e-01  3.0411400094729695e+00  4.2502585907933754e-01
1.4399999999999700e+01  6.1628337264790558e-06  3.2898523493406888e-06  5.3213750371518143e-01  3.1285500148607257e+00  2.0773852445982327e-01
1.4799999999999701e+01  1.1776524640979054e-05  6.7406468885618684e-06  5.4951404559388051e-01  3.1980561823755220e+00  1.3342308860919413e-02
1.5199999999999701e+01  1.6030672188256788e-05  9.2962571614607565e-06  5.4554115068275710e-01  3.1821646027310284e+00  1.2736600424504121e-01
1.5599999999999699e+01  1.5090863899677512e-05  8.4613953485567222e-06  5.4095730200988279e-01  3.1638292080395312e+00  9.6368649416151420e-02
1.5999999999999700e+01  1.1210029543645739e-05  6.0322988899562006e-06  5.4129428443583305e-01  3.1651771377433322e+00  4.1135596530419261e-02
1.6399999999999800e+01  7.1080313426152711e-06  3.7506476190463735e-06  5.3819558968333991e-01  3.1527823587333597e+00  1.9213195978166944e-01
1.6799999999999802e+01  3.6761141850968721e-06  1.9028729667784796e-06  5.2197009400770078e-01  3.0878803760308031e+00  2.5352888267292151e-01
1.7199999999999900e+01  2.7585281115875765e-06  1.6342572689002776e-06  5.8174354533927852e-01  3.3269741813571141e+00  2.2302114270343601e-01
1.7600000000000001e+01  6.3019914829373921e-06  4.3760216254245762e-06  6.9537858471875014e-01  3.7815143388750005e+00  3.9590572875283531e-01
1.8000000000000000e+01  1.1251422248403988e-05  7.9968283742501246e-06  7.0748108615628058e-01  3.8299243446251223e+00  4.4552276043491323e-01
1.8400000000000102e+01  1.4161451517258917e-05  1.0106287976278311e-05  7.0811787440468410e-01  3.8324714976187364e+00  4.2038897977871376e-01
1.8800000000000100e+01  1.5325463953944226e-05  1.0945932580231881e-05  7.1098337703216941e-01  3.8439335081286776e+00  3.7316778812470153e-01
1.9200000000000198e+01  1.3759915352453558e-05  9.7911212758597447e-06  7.1557357624616746e-01  3.8622943049846699e+00  2.8660620154614075e-01
1.9600000000000300e+01  9.7241367560534509e-06  6.8381455246878672e-06  7.2278534955127449e-01  3.8911413982050980e+00  7.2798667997494418e-02
2.0000000000000298e+01  6.6419636468944377e-06  4.6352382266019834e-06  7.2471064275044283e-01  3.8988425710017713e+00  4.1500399193587600e-01
2.0400000000000400e+01  5.3964451884277065e-06  3.7821565027899937e-06  5.9583018950552402e-01  3.3833207580220961e+00  4.1986498523257032e-01
2.0800000000000502e+01  4.5509422543827328e-06  3.1536237313398749e-06  6.0961100913905730e-01  3.4384440365562292e+00  1.1086588360491056e-01
2.1200000000000500e+01  4.0884761192253550e-06  2.7451623270486373e-06  6.2104261876225109e-01  3.4841704750490043e+00  1.1517180105081590e-01
2.1600000000000598e+01  4.2698064839393579e-06  2.7644434250394023e-06  6.3182648258486229e-01  3.5273059303394492e+00  2.7031906076204698e-01
2.2000000000000600e+01  4.9252379646076724e-06  3.0192548647288293e-06  6.2024372266584726e-01  3.4809748906633891e+00  3.5854475538387609e-01
2.2400000000000698e+01  7.0653981328069003e-06  4.1590180942390625e-06  6.3093420446980630e-01  3.5237368178792252e+00  4.9374290467000559e-01
2.2800000000000800e+01  1.0639329660327141e-05  6.2154428378027823e-06  6.4452093599285654e-01  3.5780837439714261e+00  6.0605008004325456e-01
2.3200000000000799e+01  1.3533918737426728e-05  7.9338106289675295e-06  6.4803201651642861e-01  3.5921280660657144e+00  6.2209120714319310e-01
2.3600000000000900e+01  1.4137530119875440e-05  8.3874053965244176e-06  6.4389164031505319e-01  3.5755665612602128e+00  5.5066259771079018e-01
2.4000000000000998e+01  1.2068053282602343e-05  7.3142019446829801e-06  6.3297036443169707e-01  3.5318814577267883e+00  4.3630449586911985e-01
2.4400000000001000e+01  8.6979167008146697e-06  5.5197154957424589e-06  6.2612898560140140e-01  3.5045159424056056e+00  3.0168628759852484e-01
2.4800000000001098e+01  5.7760518615968315e-06  3.9322473267116645e-06  6.6300824970996930e-01  3.6520329988398772e+00  2.3428684480719228e-01
2.5200000000001101e+01  3.8246680334173632e-06  2.7210158007666110e-06  7.1756774618311447e-01  3.8702709847324579e+00  4.5553877904853046e-01
2.5600000000001199e+01  4.0807183839795623e-06  2.8839895341043496e-06  6.4906422286408161e-01  3.5962568914563264e+00  8.7129236664052945e-01
2.6000000000001300e+01  6.3910622001683239e-06  4.4490106823042141e-06  7.2590524271371559e-01  3.9036209708548624e+00  8.1378375333978958e-01
2.6400000000001299e+01  8.1390452574901920e-06  5.5475416074081256e-06  7.0692887080888078e-01  3.8277154832355231e+00  8.4633812738176883e-01
2.6800000000001400e+01  9.0455975645811429e-06  6.0642081063520141e-06  6.3790906425832961e-01  3.5516362570333184e+00  8.4405658278481632e-01
2.7200000000001499e+01  1.0376363378365552e-05  7.0425877849532914e-06  6.9743265981322278e-01  3.7897306392528911e+00  6.4169259772902187e-01
2.7600000000001501e+01  1.1083473641525843e-05  7.6573292503389355e-06  7.0467062727174268e-01  3.8186825090869707e+00  5.1026980591636606e-01
2.8000000000001599e+01  1.0713009533711342e-05  7.5166093496034128e-06  7.0682506068511963e-01  3.8273002427404785e+00  3.9949387000674980e-01
2.8400000000001601e+01  1.0118584358141971e-05  7.2479364548863564e-06  7.1069258513107281e-01  3.8427703405242912e+00  2.5922896144985558e-01
2.8800000000001699e+01  9.2666913431049806e-06  6.7684518067711443e-06  7.1708760862278131e-01  3.8683504344911253e+00  1.1966534672685387e-01
2.9200000000001801e+01  8.2166357043289827e-06  6.0689294839309196e-06  7.2483779823170758e-01  3.8993511929268303e+00  2.4811954315455249e-03
2.9600000000001799e+01  8.0901721137905647e-06  5.9892259804092363e-06  7.2905166651403042e-01  3.9162066660561217e+00  1.5051054581107773e-01
3.0000000000001901e+01  9.2792593387542413e-06  6.8619524606625810e-06  7.3027312064859506e-01  3.9210924825943803e+00  3.6362102509474808e-01
3.0400000000001999e+01  1.1094741330519620e-05  8.2330174143252654e-06  7.3367502442181787e-01  3.9347000976872715e+00  5.5320462930386372e-01
3.0800000000002001e+01  1.2573694088240894e-05  9.3759576882304026e-06  7.3781610326657732e-01  3.9512644130663093e+00  6.3781736024982494e-01
3.1200000000002099e+01  1.2879794489981689e-05  9.6082217826666880e-06  7.4109003264191142e-01  3.9643601305676457e+00  6.2851439003990084e-01
3.1600000000002101e+01  1.1507351631885112e-05  8.5543555547785225e-06  7.4403006894608481e-01  3.9761202757843392e+00  5.5213918629983227e-01
3.2000000000002203e+01  8.5410043068503324e-06  6.3189800940794517e-06  7.4430609603176934e-01  3.9772243841270774e+00  3.9893022241457077e-01
3.2400000000002102e+01  4.7731385680097343e-06  3.5022420900493199e-06  7.4229848438881829e-01  3.9691939375552732e+00  1.8491601391437509e-01
3.2800000000002001e+01  1.5519486979881864e-06  1.1030629941446045e-06  7.2417395070393320e-01  3.8966958028157328e+00  2.8308459861742779e-02
3.3200000000001999e+01  1.6914717222129142e-07  8.3093759328821567e-08  4.9262120178418634e-01  2.9704848071367453e+00  2.9011160505580869e-01
3.3600000000001899e+01  1.3383703881761046e-06  9.7879024217372584e-07  7.3075286465961842e-01  3.9230114586384737e+00  3.2420401998359416e-01
3.4000000000001798e+01  3.4049362676336888e-06  2.5538535010529391e-06  7.5232303389775834e-01  4.0092921355910338e+00  4.3022746746747897e-01
3.4400000000001697e+01  3.7960573373582154e-06  2.8534522753360303e-06  7.5346959992396678e-01  4.0138783996958676e+00  5.8258073723616599e-01
3.4800000000001603e+01  2.6270995889016678e-06  1.9486607848068278e-06  6.9835906338979092e-01  3.7934362535591637e+00  7.6574498781969913e-01
3.5200000000001602e+01  1.3873881979072010e-06  9.8371993334846109e-07  6.6324156345732777e-01  3.6529662538293111e+00  6.4325299969216909e-01
3.5600000000001501e+01  9.7185105229718984e-07  6.6336795746491467e-07  6.6631696794550865e-01  3.6652678717820346e+00  1.0725724690028110e-01
3.6000000000001400e+01  1.2904299272897911e-06  9.1959368092016090e-07  6.4833434368622866e-01  3.5933373747449147e+00  1.8202853281897602e-01
3.6400000000001299e+01  1.5191427796163984e-06  1.1100764183742903e-06  7.2614107853331755e-01  3.9045643141332702e+00  3.9639881581713284e-02
3.6800000000001198e+01  1.1081332790134299e-06  8.1433467271042154e-07  7.3619193798297133e-01  3.9447677519318853e+00  2.7460029329691288e-01
3.7200000000001197e+01  5.5183385933125379e-07  4.0228454436535521e-07  6.8780691296765495e-01  3.7512276518706198e+00  6.4868811637748491e-01
3.7600000000001103e+01  4.8095441520079642e-07  3.5140645910662929e-07  7.2031625097207019e-01  3.8812650038882808e+00  6.0180301710027762e-01
3.8000000000001002e+01  7.0615318873434011e-07  5.2348438131297500e-07  7.4199272193376320e-01  3.9679708877350528e+00  3.5733957502632124e-01
3.8400000000000901e+01  1.0064370842797964e-06  7.4884451556156627e-07  7.4517954839339873e-01  3.9807181935735949e+00  3.6869212967894405e-01
3.8800000000000800e+01  1.3269838728243597e-06  9.8685851481491483e-07  7.4780760652602840e-01  3.9912304261041136e+00  4.9619149818628766e-01
3.9200000000000799e+01  1.3856790048038576e-06  1.0288626547054498e-06  7.4324538756124969e-01  3.9729815502449988e+00  6.7608459562782020e-01
3.9600000000000698e+01  1.1556514010760581e-06  8.5425423779591624e-07  6.1976488280043407e-01  3.4790595312017363e+00  8.4597275385926385e-01
4.0000000000000597e+01  9.8016553295758839e-07  7.1930306864065724e-07  7.2332092756148847e-01  3.8932837102459539e+00  5.4445890437833733e-01
4.0400000000000503e+01  8.3822893161333285e-07  6.0348928255410863e-07  7.1347342242991152e-01  3.8538936897196461e+00  1.2228402980043573e-01
4.0800000000000502e+01  8.3665783260990639e-07  5.8223682654857473e-07  6.5172395055536025e-01  3.6068958022214410e+00  3.8502112857862571e-02
4.1200000000000401e+01  1.8985109695465188e-06  1.3620435997616547e-06  7.1940241936406712e-01  3.8776096774562685e+00  5.8754827570203561e-01
4.1600000000000300e+01  4.5233994486959200e-06  3.3401327925993478e-06  7.1170518857763654e-01  3.8468207543105462e+00  8.2647985687922587e-01
4.2000000000000199e+01  7.3355533063301442e-06  5.4735093591511005e-06  6.7529215387192187e-01  3.7011686154876875e+00  9.0648908212166912e-01
4.2400000000000098e+01  8.5064284028853585e-06  6.3591520939769998e-06  6.8923491223095912e-01  3.7569396489238365e+00  8.9004413247933101e-01
4.2800000000000097e+01  7.9301695022101400e-06  5.9105567312465709e-06  7.1901912194375117e-01  3.8760764877750047e+00  7.9491424919625508e-01
4.3200000000000003e+01  6.7033691734921803e-06  4.9668776883876787e-06  7.3147610536896768e-01  3.9259044214758707e+00  6.3319142538163509e-01
4.3599999999999902e+01  5.7942409682203284e-06  4.2717621349904386e-06  7.3600276428394351e-01  3.9440110571357740e+00  4.1251348336193844e-01
4.3999999999999801e+01  5.7670292090239316e-06  4.2497019904611806e-06  7.3846276255466958e-01  3.9538510502186783e+00  1.4944237055124987e-01
4.4399999999999700e+01  6.5515468180888657e-06  4.8354714812318794e-06  7.4196125296020354e-01  3.9678450118408142e+00  6.7390820633531315e-02
4.4799999999999699e+01  7.4869959468696360e-06  5.5270537413759952e-06  7.4173060453110518e-01  3.9669224181244207e+00  1.1221765886730692e-01
4.5199999999999598e+01  8.1859886476442017e-06  6.0393651846489823e-06  7.3950656377030022e-01  3.9580262550812009e+00  8.6447612524060847e-03
4.5599999999999497e+01  8.9711110896689200e-06  6.6202057888234998e-06  7.3950568484722368e-01  3.9580227393888947e+00  1.2766955618773029e-01
4.5999999999999403e+01  1.0209044222280179e-05  7.5472648500790789e-06  7.4053079986592452e-01  3.9621231994636981e+00  2.2944497040152695e-01
4.6399999999999302e+01  1.1652886494182132e-05  8.6315601138541177e-06  7.4148179101250267e-01  3.9659271640500107e+00  2.8643483999517866e-01
4.6799999999999301e+01  1.2777708503716821e-05  9.4682935689682612e-06  7.4153696533946367e-01  3.9661478613578547e+00  3.0675868958813252e-01
4.7199999999999200e+01  1.3437649814810590e-05  9.9458979098549238e-06  7.4120904309382585e-01  3.9648361723753034e+00  2.8666157158900285e-01
4.7599999999999099e+01  1.3670332304528437e-05  1.0102751964331805e-05  7.4144187159804642e-01  3.9657674863921857e+00  2.2140194640688271e-01
4.7999999999998998e+01  1.3500448108480941e-05  9.9574573199650914e-06  7.4159152371486792e-01  3.9663660948594717e+00  1.1675939883961425e-01
4.8399999999998897e+01  1.3537383565347435e-05  9.9531191112591294e-06  7.4085914494477789e-01  3.9634365797791116e+00  2.1042430075438798e-02
4.8799999999998903e+01  1.4745983495260055e-05  1.0813930396192831e-05  7.3997792078076419e-01  3.9599116831230567e+00  1.7085888595076168e-01
4.9199999999998802e+01  1.7175061691443699e-05  1.2587905873201829e-05  7.3932924306403547e-01  3.9573169722561419e+00  2.8032486609846452e-01
4.9599999999998701e+01  1.9667069276182802e-05  1.4415931151057234e-05  7.3874478475352745e-01  3.9549791390141098e+00  3.1476366982533066e-01
4.9999999999998600e+01  2.0973052725873523e-05  1.5364323257921713e-05  7.3910238065655165e-01  3.9564095226262066e+00  2.9178107141334886e-01
5.0399999999998499e+01  2.0427533710812605e-05  1.4945845063311484e-05  7.4070861012586242e-01  3.9628344405034497e+00  2.4721776710919585e-01
5.0799999999998498e+01  1.7951918042644523e-05  1.3112189445828156e-05  7.4277178900300667e-01  3.9710871560120267e+00  2.0774911979396266e-01
5.1199999999998397e+01  1.4266268321110431e-05  1.0388614585827731e-05  7.4430683194377800e-01  3.9772273277751120e+00  1.9595654324185580e-01
5.1599999999998303e+01  1.0591948312195234e-05  7.6648879480785598e-06  7.4480557338129971e-01  3.9792222935251989e+00  2.4558035125102484e-01
5.1999999999998202e+01  7.9032676883637904e-06  5.6593224037109921e-06  7.4444919322696523e-01  3.9777967729078609e+00  4.0984556321346105e-01
5.2399999999998101e+01  6.5920920757220085e-06  4.6682032956667846e-06  7.3435510959351991e-01  3.9374204383740796e+00  7.4532192274220088e-01
5.2799999999998100e+01  6.5295792671598440e-06  4.6003416156714181e-06  6.9910807629285887e-01  3.7964323051714355e+00  7.3582027563703989e-01
5.3199999999997999e+01  7.3082579650111612e-06  5.1535583418157542e-06  7.2264216397183223e-01  3.8905686558873289e+00  4.9567850732044522e-01
5.3599999999997898e+01  8.5188883893087071e-06  6.0222824926520311e-06  7.2424112255686235e-01  3.8969644902274494e+00  3.9878221178780232e-01
5.3999999999997797e+01  9.9895280572589306e-06  7.0743290132916261e-06  7.2286363248474483e-01  3.8914545299389793e+00  3.9659034671576060e-01
5.4399999999997704e+01  1.1919952047144154e-05  8.4524839576713771e-06  7.2027828397677940e-01  3.8811131359071176e+00  4.6245544306024089e-01
5.4799999999997702e+01  1.4640903682760976e-05  1.0402406210639678e-05  7.1833414089570269e-01  3.8733365635828108e+00  5.5298780234312772e-01
5.5199999999997601e+01  1.8131996422852557e-05  1.2917454496864232e-05  7.2056277309663730e-01  3.8822510923865492e+00  6.1881087554651470e-01
5.5599999999997500e+01  2.1855436709168285e-05  1.5610710989102009e-05  7.2715162074217354e-01  3.9086064829686942e+00  6.4579961275969056e-01
5.5999999999997399e+01  2.4972836885372587e-05  1.7868256183066018e-05  7.3331408998993475e-01  3.9332563599597390e+00  6.4942964023558891e-01
5.6399999999997299e+01  2.6696908684123304e-05  1.9106571719227580e-05  7.3510152156169672e-01  3.9404060862467869e+00  6.3808943674049945e-01
5.6799999999997297e+01  2.6655667509041705e-05  1.9045609792095716e-05  7.3241200354495173e-01  3.9296480141798069e+00  6.0426706381455886e-01
5.7199999999997203e+01  2.5033433513410590e-05  1.7818704704637734e-05  7.2813547378355747e-01  3.9125418951342299e+00  5.4034965806128110e-01
5.7599999999997102e+01  2.2355777337684617e-05  1.5816053783217320e-05  7.2478304192672183e-01  3.8991321677068873e+00  4.5278376332233877e-01
5.7999999999997002e+01  1.9173259471409383e-05  1.3448548205033232e-05  7.2252445382507235e-01  3.8900978153002894e+00  3.5817112747974233e-01
5.8399999999997000e+01  1.5929440335108406e-05  1.1046652856593633e-05  7.2026817448713176e-01  3.8810726979485271e+00  2.6987838742561743e-01
5.8799999999996899e+01  1.2958751680957591e-05  8.8569389517418579e-06  7.1674475782281633e-01  3.8669790312912653e+00  1.9560037127329641e-01
5.9199999999996798e+01  1.0441490437477460e-05  7.0073849454294143e-06  7.1111260315533786e-01  3.8444504126213515e+00  1.4791493826641600e-01
5.9599999999996697e+01  8.3880229033804183e-06  5.4965839637699440e-06  7.0339216052765452e-01  3.8135686421106181e+00  1.5198543884532723e-01
5.9999999999996597e+01  6.7749351066468327e-06  4.3007176336166020e-06  6.9383547293832848e-01  3.7753418917533139e+00  2.4363903525739491e-01
6.0009999999996602e+01  6.7406289426252734e-06  4.2751337580259182e-06  6.9356419188837437e-01  3.7742567675534975e+00  2.4742230375475302e-01
