# time  total_canon  bary_x_canon  bary_y_canon  bary_z_canon  rms_radius_canon  total_phantom  bary_x_phantom  bary_y_phantom  bary_z_phantom  rms_radius_phantom
0.0000000000000000e+00  3.3710642630613004e+00  3.7000377309632562e+01  3.2000000000000554e+01  3.2000000000000199e+01  4.6609956179039083e+00  4.0361475461490564e+00  2.7000240818102384e+01  3.2000000000000142e+01  3.2000000000000050e+01  4.4068808717776706e+00
8.0000000000000004e-01  3.3737476489221683e+00  3.7000422317974873e+01  3.2000000000000448e+01  3.2000000000000007e+01  4.6611596349804820e+00  4.0396409533801663e+00  2.7000268386892024e+01  3.2000000000000462e+01  3.2000000000000007e+01  4.4067865624083664e+00
1.6000000000000001e+00  3.3764413786201457e+00  3.7000511817447354e+01  3.2000000000005542e+01  3.2000000000000057e+01  4.6614493368249148e+00  4.0433294082604112e+00  2.7000324883835134e+01  3.2000000000006061e+01  3.2000000000000007e+01  4.4066309825884806e+00
2.3999999999999901e+00  3.3801004317125871e+00  3.7000586183771894e+01  3.2000000000017756e+01  3.2000000000000000e+01  4.6615785578854707e+00  4.0463246565652558e+00  2.7000368583237716e+01  3.2000000000016733e+01  3.1999999999999993e+01  4.4064566493383470e+00
3.1999999999999802e+00  3.3847368340581205e+00  3.7000671327570544e+01  3.2000000000037538e+01  3.1999999999999808e+01  4.6617015900435002e+00  4.0482143946321356e+00  2.7000407769448600e+01  3.2000000000017160e+01  3.1999999999999950e+01  4.4061638558051284e+00
3.9999999999999600e+00  3.3893546273103468e+00  3.7000844797750418e+01  3.2000000000064873e+01  3.1999999999999496e+01  4.6621474936086322e+00  4.0494708012487806e+00  2.7000498849729421e+01  3.1999999999982762e+01  3.1999999999999886e+01  4.4056095324237949e+00
4.7999999999999403e+00  3.3930645836144935e+00  3.7001121205436100e+01  3.2000000000076177e+01  3.1999999999998987e+01  4.6629289056753240e+00  4.0508166052751458e+00  2.7000680319818162e+01  3.1999999999904670e+01  3.1999999999999833e+01  4.4048127334837561e+00
5.5999999999999304e+00  3.3962196440527443e+00  3.7001437274707229e+01  3.2000000000028557e+01  3.1999999999998014e+01  4.6637264084926677e+00  4.0526277957640353e+00  2.7000927761969201e+01  3.1999999999802061e+01  3.1999999999999719e+01  4.4038151689308043e+00
6.3999999999999098e+00  3.3999365974812443e+00  3.7001764713439108e+01  3.1999999999913829e+01  3.1999999999996213e+01  4.6644336839497091e+00  4.0545943306856245e+00  2.7001198917159119e+01  3.1999999999674312e+01  3.1999999999999524e+01  4.4026015410611850e+00
7.1999999999998900e+00  3.4044766087719482e+00  3.7002171421351157e+01  3.1999999999734783e+01  3.1999999999992891e+01  4.6653853664820097e+00  4.0562407648992291e+00  2.7001512971612197e+01  3.1999999999445837e+01  3.1999999999999137e+01  4.4011072382542409e+00
7.9999999999998703e+00  3.4087275868219677e+00  3.7002725098912357e+01  3.1999999999481751e+01  3.1999999999986709e+01  4.6668284709002892e+00  4.0576714179426290e+00  2.7001941813315185e+01  3.1999999999003627e+01  3.1999999999998369e+01  4.3993213783201268e+00
8.7999999999998604e+00  3.4116731407795897e+00  3.7003391035703636e+01  3.1999999999151388e+01  3.1999999999975255e+01  4.6684904597555885e+00  4.0593608461845436e+00  2.7002515733035203e+01  3.1999999998289464e+01  3.1999999999996877e+01  4.3974016306394876e+00
9.5999999999998398e+00  3.4138024947981540e+00  3.7004095540878559e+01  3.1999999998712099e+01  3.1999999999953971e+01  4.6700655165693465e+00  4.0615261030624357e+00  2.7003184744856679e+01  3.1999999997313115e+01  3.1999999999993648e+01  4.3955426889841664e+00
1.0399999999999800e+01  3.4163737109832759e+00  3.7004854664893053e+01  3.1999999998105331e+01  3.1999999999915794e+01  4.6719222527650484e+00  4.0639820248732796e+00  2.7003901947488604e+01  3.1999999996088864e+01  3.1999999999988784e+01  4.3939947976064433e+00
1.1199999999999800e+01  3.4195848400648186e+00  3.7005754093620411e+01  3.1999999997246949e+01  3.1999999999841634e+01  4.6747923176172934e+00  4.0666051103349563e+00  2.7004707642179454e+01  3.1999999994574569e+01  3.1999999999976826e+01  4.3934588336596407e+00
1.1999999999999799e+01  3.4223478910896565e+00  3.7006806716835669e+01  3.1999999996083218e+01  3.1999999999709949e+01  4.6788002303930405e+00  4.0696268333376784e+00  2.7005681665914530e+01  3.1999999992637054e+01  3.1999999999943523e+01  4.3949585553320150e+00
1.2799999999999800e+01  3.4239960539164853e+00  3.7007912359173211e+01  3.1999999994144797e+01  3.1999999999388361e+01  4.6837931322144968e+00  4.0733688801099195e+00  2.7006805506757949e+01  3.1999999989967144e+01  3.1999999999800430e+01  4.3991632342817750e+00
1.3599999999999801e+01  3.4254017684857656e+00  3.7008980592757268e+01  3.1999999991849567e+01  3.1999999998872692e+01  4.6913251378169338e+00  4.0781132492193759e+00  2.7007973245350673e+01  3.1999999986523285e+01  3.1999999999532122e+01  4.4075100150437425e+00
1.4399999999999700e+01  3.4277295114659685e+00  3.7010042455915922e+01  3.1999999988670247e+01  3.1999999998240416e+01  4.7039509964091257e+00  4.0840019534587597e+00  2.7009269949907907e+01  3.1999999982107081e+01  3.1999999999090441e+01  4.4223029732468300e+00
1.5199999999999701e+01  3.4308832857332163e+00  3.7011155657231633e+01  3.1999999983007946e+01  3.1999999996991157e+01  4.7224404184897040e+00  4.0906491895149806e+00  2.7010817729216654e+01  3.1999999977454934e+01  3.1999999998809756e+01  4.4435182387204106e+00
1.5999999999999700e+01  3.4341657033061526e+00  3.7012313445369657e+01  3.1999999974984860e+01  3.1999999995056065e+01  4.7478007406809297e+00  4.0974843094820823e+00  2.7012556865709140e+01  3.1999999971194185e+01  3.1999999998465409e+01  4.4689327996310446e+00
1.6799999999999802e+01  3.4371475606612689e+00  3.7013515175567697e+01  3.1999999961296080e+01  3.1999999991864744e+01  4.7792458300104590e+00  4.1049393167621977e+00  2.7014492651563671e+01  3.1999999961685869e+01  3.1999999997827960e+01  4.4994104061344169e+00
1.7600000000000001e+01  3.4401368591258321e+00  3.7014850615606321e+01  3.1999999935453953e+01  3.1999999985326394e+01  4.8154338613960341e+00  4.1131493836428703e+00  2.7016486229507247e+01  3.1999999945422751e+01  3.1999999996380588e+01  4.5355250499077755e+00
1.8400000000000102e+01  3.4432877616433695e+00  3.7016528078050676e+01  3.1999999889253807e+01  3.1999999972696969e+01  4.8544766357440263e+00  4.1211544930695370e+00  2.7018393692514227e+01  3.1999999910686611e+01  3.1999999991473874e+01  4.5737807212631090e+00
1.9200000000000198e+01  3.4462508880728602e+00  3.7018438274923014e+01  3.1999999810999316e+01  3.1999999950442348e+01  4.8945225400805112e+00  4.1285864089412758e+00  2.7020333778939069e+01  3.1999999845550363e+01  3.1999999980256025e+01  4.6130674137291523e+00
2.0000000000000298e+01  3.4487762074324451e+00  3.7020430728122165e+01  3.1999999678502753e+01  3.1999999910890669e+01  4.9356227917423547e+00  4.1357289895034874e+00  2.7022396733686310e+01  3.1999999721664153e+01  3.1999999955083808e+01  4.6544772141399235e+00
2.0800000000000502e+01  3.4510048900909238e+00  3.7022426774867341e+01  3.1999999458578589e+01  3.1999999841485927e+01  4.9787303505591955e+00  4.1431974977639907e+00  2.7024441554783525e+01  3.1999999473896292e+01  3.1999999894934970e+01  4.7002037695895416e+00
2.1600000000000598e+01  3.4532340358334128e+00  3.7024466562931522e+01  3.1999999132923559e+01  3.1999999728133336e+01  5.0243202526914130e+00  4.1511836870503060e+00  2.7026406427853846e+01  3.1999999037952577e+01  3.1999999773545184e+01  4.7512282789354501e+00
2.2400000000000698e+01  3.4556267757806678e+00  3.7026659473228641e+01  3.1999998737410792e+01  3.1999999571240348e+01  5.0720957038347665e+00  4.1590705066365157e+00  2.7028417526175421e+01  3.1999998467439518e+01  3.1999999599761463e+01  4.8055368047817177e+00
2.3200000000000799e+01  3.4582623211352139e+00  3.7029026627371657e+01  3.1999998330999674e+01  3.1999999395601979e+01  5.1219750783445512e+00  4.1666489547241987e+00  2.7030474684044322e+01  3.1999997916294706e+01  3.1999999420462814e+01  4.8629436115012936e+00
2.4000000000000998e+01  3.4611391116148207e+00  3.7031258361199079e+01  3.1999997918113777e+01  3.1999999228833978e+01  5.1741124349587029e+00  4.1738600110926374e+00  2.7032747711117690e+01  3.1999997432271567e+01  3.1999999255027671e+01  4.9234483773109998e+00
2.4800000000001098e+01  3.4643356248634110e+00  3.7033195073517930e+01  3.1999997455996045e+01  3.1999999072984423e+01  5.2296515759129942e+00  4.1805507349210131e+00  2.7035189688946904e+01  3.1999996898501720e+01  3.1999999069800694e+01  4.9854977307660446e+00
2.5600000000001199e+01  3.4679438843470947e+00  3.7034965782745914e+01  3.1999996915010701e+01  3.1999998903578724e+01  5.2897894702540720e+00  4.1867145887366535e+00  2.7037818454940794e+01  3.1999996199453509e+01  3.1999998829629867e+01  5.0478056525872139e+00
2.6400000000001299e+01  3.4719477211039651e+00  3.7036564649501528e+01  3.1999996301665256e+01  3.1999998696738302e+01  5.3535521337477796e+00  4.1923945656333119e+00  2.7040705576275926e+01  3.1999995352978601e+01  3.1999998543594909e+01  5.1105161174830007e+00
2.7200000000001499e+01  3.4764179232989445e+00  3.7037821049755841e+01  3.1999995648648170e+01  3.1999998454176726e+01  5.4196329466913440e+00  4.1975307605319774e+00  2.7043964030697214e+01  3.1999994459365986e+01  3.1999998247026024e+01  5.1736862862783246e+00
2.8000000000001599e+01  3.4816711681302324e+00  3.7038389410197148e+01  3.1999994997170067e+01  3.1999998201257078e+01  5.4889579377348561e+00  4.2021196455491747e+00  2.7047546152287453e+01  3.1999993603483201e+01  3.1999997965019379e+01  5.2370666081546791e+00
2.8800000000001699e+01  3.4879331600959476e+00  3.7038629514498233e+01  3.1999994362052689e+01  3.1999997956776898e+01  5.5645328329656074e+00  4.2063343501121038e+00  2.7051448733916185e+01  3.1999992823366625e+01  3.1999997702871017e+01  5.3001488212969665e+00
2.9600000000001799e+01  3.4943171288177322e+00  3.7038908806226175e+01  3.1999993738150611e+01  3.1999997724800874e+01  5.6437876832043772e+00  4.2103645022053424e+00  2.7055842385027159e+01  3.1999992122933193e+01  3.1999997455135613e+01  5.3625152894458248e+00
3.0400000000001999e+01  3.5005586718359831e+00  3.7038553171492687e+01  3.1999993153511046e+01  3.1999997513192866e+01  5.7231859003003986e+00  4.2142661015588718e+00  2.7060756344007416e+01  3.1999991487892927e+01  3.1999997219332815e+01  5.4245971166838647e+00
3.1200000000002099e+01  3.5079716714612621e+00  3.7036779913202224e+01  3.1999992632538252e+01  3.1999997328686216e+01  5.8063881903125143e+00  4.2178727064215629e+00  2.7066242032768177e+01  3.1999990906263282e+01  3.1999997002002143e+01  5.4853693272875370e+00
3.2000000000002203e+01  3.5180158357940741e+00  3.7033586078365019e+01  3.1999992158699474e+01  3.1999997161801449e+01  5.9000690408096785e+00  4.2212288312927848e+00  2.7072110659680423e+01  3.1999990369075366e+01  3.1999996812587725e+01  5.5451955450152930e+00
3.2800000000002001e+01  3.5282164291191247e+00  3.7031652468401688e+01  3.1999991671514881e+01  3.1999996989577788e+01  5.9969438187307480e+00  4.2244474696778536e+00  2.7078443474096851e+01  3.1999989879138884e+01  3.1999996657984028e+01  5.6023616849011351e+00
3.3600000000001899e+01  3.5371592846945985e+00  3.7029849230479947e+01  3.1999991223389927e+01  3.1999996827109079e+01  6.0893432219448425e+00  4.2278465941501029e+00  2.7085260924726327e+01  3.1999989442753325e+01  3.1999996534402534e+01  5.6584047228956882e+00
3.4400000000001697e+01  3.5457339225546711e+00  3.7027479103635095e+01  3.1999990827680971e+01  3.1999996681170234e+01  6.1790196733635474e+00  4.2313545926073477e+00  2.7092602189180599e+01  3.1999989067415058e+01  3.1999996435211695e+01  5.7118979455081620e+00
3.5200000000001602e+01  3.5545106333830234e+00  3.7024610186098293e+01  3.1999990472350493e+01  3.1999996546644631e+01  6.2681628184673768e+00  4.2349203189094045e+00  2.7100252350174607e+01  3.1999988744549277e+01  3.1999996346801144e+01  5.7642741276762921e+00
3.6000000000001400e+01  3.5627703988486230e+00  3.7021449204748265e+01  3.1999990133699516e+01  3.1999996420920937e+01  6.3546081147160063e+00  4.2383986881456952e+00  2.7107999694329731e+01  3.1999988452432582e+01  3.1999996265048523e+01  5.8132646823835934e+00
3.6800000000001198e+01  3.5699220285547844e+00  3.7018704182440636e+01  3.1999989815862442e+01  3.1999996301705977e+01  6.4368219901878030e+00  4.2420809550674647e+00  2.7116031131516412e+01  3.1999988173820636e+01  3.1999996187813618e+01  5.8601454950547529e+00
3.7600000000001103e+01  3.5761237523241216e+00  3.7016287403363691e+01  3.1999989523340457e+01  3.1999996194811189e+01  6.5121684714184820e+00  4.2461757345983955e+00  2.7124383084792321e+01  3.1999987897094055e+01  3.1999996119551849e+01  5.9041173766393094e+00
3.8400000000000901e+01  3.5819039244777917e+00  3.7013708761867100e+01  3.1999989256177216e+01  3.1999996101648939e+01  6.5825933065049416e+00  4.2507954768407892e+00  2.7133065071883596e+01  3.1999987598462202e+01  3.1999996047659494e+01  5.9468356061612164e+00
3.9200000000000799e+01  3.5870656586983731e+00  3.7011354569993451e+01  3.1999989010517634e+01  3.1999996016477962e+01  6.6477179817244352e+00  4.2557960269191790e+00  2.7141888012049691e+01  3.1999987270171591e+01  3.1999995964576858e+01  5.9877566001892610e+00
4.0000000000000597e+01  3.5911654732777727e+00  3.7008962194268889e+01  3.1999988765211679e+01  3.1999995934384447e+01  6.7074339201144371e+00  4.2609373662729508e+00  2.7150192905964211e+01  3.1999986948321155e+01  3.1999995877341345e+01  6.0264528340059460e+00
4.0800000000000502e+01  3.5943751954901040e+00  3.7006532394556750e+01  3.1999988518521992e+01  3.1999995844941985e+01  6.7630591864771006e+00  4.2660451790894527e+00  2.7158428343192167e+01  3.1999986640057365e+01  3.1999995792577760e+01  6.0616044075692734e+00
4.1600000000000300e+01  3.5969360420208556e+00  3.7004742370351622e+01  3.1999988270803268e+01  3.1999995753193090e+01  6.8118244791867104e+00  4.2710494997008492e+00  2.7166337095648334e+01  3.1999986336280159e+01  3.1999995708479478e+01  6.0928163618081843e+00
4.2400000000000098e+01  3.5989460516663394e+00  3.7003739523204750e+01  3.1999988004868140e+01  3.1999995660792663e+01  6.8549574644547340e+00  4.2757650872769570e+00  2.7174019639948241e+01  3.1999986027304448e+01  3.1999995623000753e+01  6.1195790939671957e+00
4.3200000000000003e+01  3.6001258234588507e+00  3.7003598114273792e+01  3.1999987726942543e+01  3.1999995556092220e+01  6.8913091409706659e+00  4.2801713080806305e+00  2.7181342003096979e+01  3.1999985694405641e+01  3.1999995530659707e+01  6.1426579918721451e+00
4.3999999999999801e+01  3.6004601659851732e+00  3.7003673821168796e+01  3.1999987435964862e+01  3.1999995447408235e+01  6.9205399898011075e+00  4.2842793957470100e+00  2.7188504228939731e+01  3.1999985348222616e+01  3.1999995434030367e+01  6.1621450655103960e+00
4.4799999999999699e+01  3.6005954572765191e+00  3.7003981308365674e+01  3.1999987138179392e+01  3.1999995334395351e+01  6.9476873754112480e+00  4.2880484865579405e+00  2.7195313896066391e+01  3.1999984983341907e+01  3.1999995332101079e+01  6.1768348215144968e+00
4.5599999999999497e+01  3.6005494698764768e+00  3.7004938450255899e+01  3.1999986821941832e+01  3.1999995211660536e+01  6.9713033254165424e+00  4.2915044704776815e+00  2.7201890323250947e+01  3.1999984602460071e+01  3.1999995223990886e+01  6.1874198066944643e+00
4.6399999999999302e+01  3.5999211047407380e+00  3.7006540765921130e+01  3.1999986468860349e+01  3.1999995085373463e+01  6.9880044583623837e+00  4.2944342229242958e+00  2.7208023915149987e+01  3.1999984212570009e+01  3.1999995107879894e+01  6.1920869435375447e+00
4.7199999999999200e+01  3.5988103952137287e+00  3.7009282157766272e+01  3.1999986090472870e+01  3.1999994947891906e+01  6.9994071373161528e+00  4.2968706863422756e+00  2.7213953130296250e+01  3.1999983811104141e+01  3.1999994990940216e+01  6.1911758883469989e+00
4.7999999999998998e+01  3.5975399007083175e+00  3.7012187945736670e+01  3.1999985702636948e+01  3.1999994802804427e+01  7.0055332107384878e+00  4.2990273913037562e+00  2.7219662493290876e+01  3.1999983389390025e+01  3.1999994864247334e+01  6.1880253226215070e+00
4.8799999999998903e+01  3.5964885039067767e+00  3.7015401862635088e+01  3.1999985297335748e+01  3.1999994653571783e+01  7.0100577218607851e+00  4.3008209662723695e+00  2.7225224147262431e+01  3.1999982968474569e+01  3.1999994741110701e+01  6.1799082660186953e+00
4.9599999999998701e+01  3.5955538107670204e+00  3.7019044121003866e+01  3.1999984867908822e+01  3.1999994500309501e+01  7.0134829420510094e+00  4.3023758442439846e+00  2.7230443526364830e+01  3.1999982516251226e+01  3.1999994610086301e+01  6.1691547860054090e+00
5.0399999999998499e+01  3.5946439772941847e+00  3.7023400565889006e+01  3.1999984413230784e+01  3.1999994336402153e+01  7.0172088078321027e+00  4.3036501456538643e+00  2.7235072683653922e+01  3.1999982060883024e+01  3.1999994481837838e+01  6.1545220759280408e+00
5.1199999999998397e+01  3.5937573664640214e+00  3.7028397198541860e+01  3.1999983955575210e+01  3.1999994171307669e+01  7.0172368001584084e+00  4.3046263976143093e+00  2.7239780861406640e+01  3.1999981595272882e+01  3.1999994349315735e+01  6.1362833441333979e+00
5.1999999999998202e+01  3.5932231374405168e+00  3.7033959829689955e+01  3.1999983497780718e+01  3.1999994011508239e+01  7.0122520444470391e+00  4.3054212756415948e+00  2.7244023906668797e+01  3.1999981141528391e+01  3.1999994218524744e+01  6.1152483430162015e+00
5.2799999999998100e+01  3.5933690248946797e+00  3.7039784292210406e+01  3.1999983043652406e+01  3.1999993854667643e+01  7.0087361774902428e+00  4.3061895473440641e+00  2.7248312430623276e+01  3.1999980686273787e+01  3.1999994084531135e+01  6.0936624722237349e+00
5.3599999999997898e+01  3.5937617203920413e+00  3.7045759727940968e+01  3.1999982573573501e+01  3.1999993695284346e+01  7.0059269073481421e+00  4.3069427577347881e+00  2.7252353344370015e+01  3.1999980201745050e+01  3.1999993945574399e+01  6.0705791931570285e+00
5.4399999999997704e+01  3.5942681551579341e+00  3.7051920076731747e+01  3.1999982097964111e+01  3.1999993538852753e+01  7.0033182217862953e+00  4.3077019058159642e+00  2.7256194184214202e+01  3.1999979687793537e+01  3.1999993794753987e+01  6.0465739041930870e+00
5.5199999999997601e+01  3.5956615752558170e+00  3.7058047101663448e+01  3.1999981616558202e+01  3.1999993381389483e+01  7.0042261491771418e+00  4.3085295689600311e+00  2.7259682764336560e+01  3.1999979155613506e+01  3.1999993643140002e+01  6.0217331838966475e+00
5.5999999999997399e+01  3.5983543139153440e+00  3.7064146647509858e+01  3.1999981113542354e+01  3.1999993202835043e+01  7.0064521135107478e+00  4.3094571493545661e+00  2.7263376845464826e+01  3.1999978651500481e+01  3.1999993492222981e+01  5.9968868631638257e+00
5.6799999999997297e+01  3.6018182749556029e+00  3.7071240826966765e+01  3.1999980590006775e+01  3.1999993016768556e+01  7.0068617123291599e+00  4.3105011204123915e+00  2.7266790446178558e+01  3.1999978182374239e+01  3.1999993358515280e+01  5.9714014251926635e+00
5.7599999999997102e+01  3.6055396044536119e+00  3.7078307891974902e+01  3.1999980054251441e+01  3.1999992822171958e+01  7.0086652617691945e+00  4.3118492796892856e+00  2.7270416667859266e+01  3.1999977729745087e+01  3.1999993226685064e+01  5.9484904388856865e+00
5.8399999999997000e+01  3.6099725042970330e+00  3.7084472251970446e+01  3.1999979555946130e+01  3.1999992640983898e+01  7.0155252692839500e+00  4.3135438595193367e+00  2.7274277556576088e+01  3.1999977267140935e+01  3.1999993091089557e+01  5.9271144569620482e+00
5.9199999999996798e+01  3.6152629165128243e+00  3.7090924687173718e+01  3.1999979082573926e+01  3.1999992464980874e+01  7.0267538342695985e+00  4.3155387209634108e+00  2.7278216202801708e+01  3.1999976788534077e+01  3.1999992955973735e+01  5.9066197871263553e+00
5.9999999999996597e+01  3.6208512572112639e+00  3.7097650879681169e+01  3.1999978588386341e+01  3.1999992283525195e+01  7.0419123745857855e+00  4.3179486291532205e+00  2.7282374093910256e+01  3.1999976303865999e+01  3.1999992821337848e+01  5.8890839349809472e+00
6.0799999999996501e+01  3.6260134543952689e+00  3.7104491482372708e+01  3.1999978088960336e+01  3.1999992103417235e+01  7.0526627556784627e+00  4.3207349198503628e+00  2.7286599468324127e+01  3.1999975798221190e+01  3.1999992683190388e+01  5.8719781129789910e+00
6.1599999999996299e+01  3.6309391052392375e+00  3.7111777437145690e+01  3.1999977593669495e+01  3.1999991918521069e+01  7.0620583308133273e+00  4.3240605066346021e+00  2.7291286704015363e+01  3.1999975250255520e+01  3.1999992532970591e+01  5.8605411860063867e+00
6.2399999999996197e+01  3.6359826814592653e+00  3.7119186128914940e+01  3.1999977086881366e+01  3.1999991740456878e+01  7.0721566128403177e+00  4.3277208501391167e+00  2.7295853188028548e+01  3.1999974681653356e+01  3.1999992361625630e+01  5.8496287011112340e+00
6.3199999999996002e+01  3.6409866096665482e+00  3.7126200532722024e+01  3.1999976566631080e+01  3.1999991557553219e+01  7.0828904342865231e+00  4.3316807506095154e+00  2.7300706401087606e+01  3.1999974099918798e+01  3.1999992186303441e+01  5.8425399590361531e+00
6.3999999999995801e+01  3.6456688053894606e+00  3.7132933668041062e+01  3.1999976011372322e+01  3.1999991348793934e+01  7.0978867147411373e+00  4.3356932005326652e+00  2.7305538060044189e+01  3.1999973505871878e+01  3.1999992000380576e+01  5.8350481543667039e+00
6.4799999999996203e+01  3.6498174941014758e+00  3.7139920584448731e+01  3.1999975414849267e+01  3.1999991121727970e+01  7.1130564121389632e+00  4.3397614655853740e+00  2.7310048981455505e+01  3.1999972868938702e+01  3.1999991800155541e+01  5.8298649780033296e+00
6.5599999999996697e+01  3.6534818330330716e+00  3.7147558793664693e+01  3.1999974812420309e+01  3.1999990890428709e+01  7.1215493969001287e+00  4.3437671249661296e+00  2.7315022837723991e+01  3.1999972228816386e+01  3.1999991612534206e+01  5.8231430613218400e+00
6.6399999999997107e+01  3.6570016117958084e+00  3.7154613595391936e+01  3.1999974221462601e+01  3.1999990665552694e+01  7.1311442331489872e+00  4.3477989337458371e+00  2.7320257461366168e+01  3.1999971622944027e+01  3.1999991433890042e+01  5.8196652524578090e+00
6.7199999999997502e+01  3.6600707248981452e+00  3.7162207962716145e+01  3.1999973628251297e+01  3.1999990439843526e+01  7.1400289765243681e+00  4.3516746108110596e+00  2.7325413702060917e+01  3.1999971054931343e+01  3.1999991282440632e+01  5.8166264189207810e+00
6.7999999999997897e+01  3.6624640930710122e+00  3.7170136887730116e+01  3.1999973029700325e+01  3.1999990210016119e+01  7.1477446340263855e+00  4.3552454890611987e+00  2.7330772367989155e+01  3.1999970500259479e+01  3.1999991128747176e+01  5.8117333876068269e+00
6.8799999999998306e+01  3.6644749321603145e+00  3.7176850765024000e+01  3.1999972422425916e+01  3.1999989976766607e+01  7.1558333011268971e+00  4.3586553623654467e+00  2.7336157703058415e+01  3.1999969942641943e+01  3.1999990957562012e+01  5.8074284953899076e+00
6.9599999999998701e+01  3.6663764678107955e+00  3.7183967160996758e+01  3.1999971826678813e+01  3.1999989746849916e+01  7.1656369350425573e+00  4.3619501016352213e+00  2.7341772355081190e+01  3.1999969374520862e+01  3.1999990768641549e+01  5.8041894053065199e+00
7.0399999999999096e+01  3.6677829534620301e+00  3.7192064661788507e+01  3.1999971239566481e+01  3.1999989519399808e+01  7.1708518485222266e+00  4.3649657536685744e+00  2.7346975137275578e+01  3.1999968806555252e+01  3.1999990566171341e+01  5.7974477374307840e+00
7.1199999999999505e+01  3.6685303370866382e+00  3.7199746805534616e+01  3.1999970660027163e+01  3.1999989295730785e+01  7.1724932449469359e+00  4.3677584301428123e+00  2.7352844767742027e+01  3.1999968263520554e+01  3.1999990371137510e+01  5.7924019907047422e+00
7.1999999999999901e+01  3.6689666417691047e+00  3.7207281579550603e+01  3.1999970102565552e+01  3.1999989075668800e+01  7.1757830518911776e+00  4.3703093114877962e+00  2.7358582042161402e+01  3.1999967686714783e+01  3.1999990168230529e+01  5.7864762613286738e+00
7.2800000000000296e+01  3.6692766867174669e+00  3.7215444593748060e+01  3.1999969558300833e+01  3.1999988854218223e+01  7.1776713878924934e+00  4.3726310052743020e+00  2.7363945556713471e+01  3.1999967125261904e+01  3.1999989992558870e+01  5.7781563666624081e+00
7.3600000000000705e+01  3.6693817220264702e+00  3.7223019888889496e+01  3.1999969026956670e+01  3.1999988635437393e+01  7.1780735256677133e+00  4.3748385632789848e+00  2.7370070222853155e+01  3.1999966583231156e+01  3.1999989836756011e+01  5.7708389123214836e+00
7.4400000000001199e+01  3.6691978461363197e+00  3.7230293328099926e+01  3.1999968512717754e+01  3.1999988435561047e+01  7.1794444318459538e+00  4.3768795119919961e+00  2.7375876879681300e+01  3.1999966049605693e+01  3.1999989706397734e+01  5.7617412367029566e+00
7.5200000000001594e+01  3.6686929804536046e+00  3.7238927173663598e+01  3.1999968013037289e+01  3.1999988248694038e+01  7.1775747132495482e+00  4.3787668445422625e+00  2.7381629798281296e+01  3.1999965532634423e+01  3.1999989609462837e+01  5.7525548928443104e+00
7.6000000000002004e+01  3.6681137476019110e+00  3.7247155565077733e+01  3.1999967516583709e+01  3.1999988059026531e+01  7.1739131906316196e+00  4.3805297986555569e+00  2.7387697778831967e+01  3.1999965020623232e+01  3.1999989514578054e+01  5.7423994533507168e+00
7.6800000000002399e+01  3.6676902818435591e+00  3.7254891936378669e+01  3.1999967032910078e+01  3.1999987887030301e+01  7.1713053687273165e+00  4.3822620417717930e+00  2.7393834000066452e+01  3.1999964529967393e+01  3.1999989413917870e+01  5.7322738538575759e+00
7.7600000000002794e+01  3.6672751679082123e+00  3.7263383012280002e+01  3.1999966551105796e+01  3.1999987720416968e+01  7.1674888887764165e+00  4.3840067608304292e+00  2.7399913137229579e+01  3.1999964045882578e+01  3.1999989315189854e+01  5.7213203802955555e+00
7.8400000000003203e+01  3.6667286275574495e+00  3.7271895925694658e+01  3.1999966052451644e+01  3.1999987532776490e+01  7.1625548141335216e+00  4.3857802416233920e+00  2.7406179635268327e+01  3.1999963599981289e+01  3.1999989199163885e+01  5.7098691265025545e+00
7.9200000000003598e+01  3.6662646218064960e+00  3.7279977807635731e+01  3.1999965548712723e+01  3.1999987343699662e+01  7.1580977576324694e+00  4.3875990111408489e+00  2.7412544748374852e+01  3.1999963144721129e+01  3.1999989075931087e+01  5.6990804582579013e+00
8.0000000000003993e+01  3.6662290652218115e+00  3.7288673538518147e+01  3.1999965030648184e+01  3.1999987143110395e+01  7.1530565700351785e+00  4.3895227319314856e+00  2.7418754932659365e+01  3.1999962664026071e+01  3.1999988926992643e+01  5.6878086527163711e+00
8.0800000000004403e+01  3.6666297738350044e+00  3.7297487829149773e+01  3.1999964494063850e+01  3.1999986919582753e+01  7.1484372087412895e+00  4.3916351333180703e+00  2.7425364347090529e+01  3.1999962176607962e+01  3.1999988729957082e+01  5.6770083608231330e+00
8.1600000000004798e+01  3.6671722280959393e+00  3.7306188477455215e+01  3.1999963931408285e+01  3.1999986684445865e+01  7.1440939960620060e+00  4.3939689648862750e+00  2.7432169933242914e+01  3.1999961661447632e+01  3.1999988504340639e+01  5.6672528141606877e+00
8.2400000000005207e+01  3.6678206563560201e+00  3.7315352809318718e+01  3.1999963348760247e+01  3.1999986431715797e+01  7.1383510632135874e+00  4.3964731533011543e+00  2.7438785120596414e+01  3.1999961095402767e+01  3.1999988232389693e+01  5.6570036144313587e+00
8.3200000000005701e+01  3.6691739632666600e+00  3.7324327115440752e+01  3.1999962763961353e+01  3.1999986165796699e+01  7.1341875543976618e+00  4.3992539061566305e+00  2.7445615935552837e+01  3.1999960505497882e+01  3.1999987991053946e+01  5.6480349195063244e+00
8.4000000000006096e+01  3.6715925321098881e+00  3.7333062874735845e+01  3.1999962173796419e+01  3.1999985880431751e+01  7.1336073295925351e+00  4.4023786101567843e+00  2.7452686310478622e+01  3.1999959916739520e+01  3.1999987783209807e+01  5.6404646684738911e+00
8.4800000000006506e+01  3.6744581517460597e+00  3.7342279228981134e+01  3.1999961564708229e+01  3.1999985582547090e+01  7.1346346460506505e+00  4.4058348796614464e+00  2.7459756272684295e+01  3.1999959343025672e+01  3.1999987607177367e+01  5.6342531821072956e+00
8.5600000000006901e+01  3.6774979431093247e+00  3.7351838071492878e+01  3.1999960948033266e+01  3.1999985289167409e+01  7.1347575881236986e+00  4.4094770851919947e+00  2.7466876474071025e+01  3.1999958735200462e+01  3.1999987444370770e+01  5.6283053370849219e+00
8.6400000000007296e+01  3.6810272032656224e+00  3.7361468804338550e+01  3.1999960339101534e+01  3.1999985009120543e+01  7.1351492830757577e+00  4.4132888726826049e+00  2.7473945667122198e+01  3.1999958130032439e+01  3.1999987277624147e+01  5.6232585715659962e+00
8.7200000000007705e+01  3.6851615191794749e+00  3.7371072955706943e+01  3.1999959704727804e+01  3.1999984727984565e+01  7.1387226658898539e+00  4.4172506207129896e+00  2.7481052466498348e+01  3.1999957474998521e+01  3.1999987099664839e+01  5.6193643945698346e+00
8.8000000000008100e+01  3.6894207952803679e+00  3.7380771918013821e+01  3.1999959058259101e+01  3.1999984467480967e+01  7.1432373206849382e+00  4.4212467263717485e+00  2.7488237636691331e+01  3.1999956791563811e+01  3.1999986933188229e+01  5.6157749937303816e+00
8.8800000000008495e+01  3.6933654025373848e+00  3.7390712054766794e+01  3.1999958410728414e+01  3.1999984226383187e+01  7.1444939684024220e+00  4.4251955923485378e+00  2.7495501032708216e+01  3.1999956122611252e+01  3.1999986733080618e+01  5.6109259978241370e+00
8.9600000000008905e+01  3.6972955333246245e+00  3.7400671977002901e+01  3.1999957787696484e+01  3.1999984008268175e+01  7.1472265547004135e+00  4.4291174765432020e+00  2.7502718763643347e+01  3.1999955415312602e+01  3.1999986557490292e+01  5.6075570467886173e+00
9.0400000000009300e+01  3.7013836930736996e+00  3.7410735368917372e+01  3.1999957159169863e+01  3.1999983805442454e+01  7.1516835989530776e+00  4.4329209805905503e+00  2.7509970076799082e+01  3.1999954714355582e+01  3.1999986375479100e+01  5.6036721455277778e+00
9.1200000000009794e+01  3.7053112378580546e+00  3.7420908408800940e+01  3.1999956517448307e+01  3.1999983601835680e+01  7.1528987905691697e+00  4.4366060999085342e+00  2.7517405579494071e+01  3.1999953998975588e+01  3.1999986194130383e+01  5.5993182019700676e+00
9.2000000000010203e+01  3.7088796937086665e+00  3.7431340310990699e+01  3.1999955876126918e+01  3.1999983404847644e+01  7.1533385528727047e+00  4.4401189662979528e+00  2.7524771086464664e+01  3.1999953295285142e+01  3.1999986026841270e+01  5.5939168456659925e+00
9.2800000000010598e+01  3.7121682672404610e+00  3.7441763078286492e+01  3.1999955236843743e+01  3.1999983194469472e+01  7.1559821683505769e+00  4.4435032730313777e+00  2.7532381442441629e+01  3.1999952583639011e+01  3.1999985817216199e+01  5.5893785242718828e+00
9.3600000000010994e+01  3.7152788564257220e+00  3.7452113316655435e+01  3.1999954588395518e+01  3.1999982954121815e+01  7.1570779032324872e+00  4.4467003163569219e+00  2.7539841986608860e+01  3.1999951899986730e+01  3.1999985631444208e+01  5.5830303621045863e+00
9.4400000000011403e+01  3.7181381086042240e+00  3.7462881613713272e+01  3.1999953940584021e+01  3.1999982700362018e+01  7.1547232082788783e+00  4.4497616909699236e+00  2.7547493345372693e+01  3.1999951299862520e+01  3.1999985437387682e+01  5.5762593443269646e+00
9.5200000000011798e+01  3.7207296453127765e+00  3.7473567486683912e+01  3.1999953282291965e+01  3.1999982418945216e+01  7.1552112909082188e+00  4.4527368311816273e+00  2.7555298319673106e+01  3.1999950629417082e+01  3.1999985207236680e+01  5.5712875112848481e+00
9.6000000000012193e+01  3.7229183479610128e+00  3.7484413415829664e+01  3.1999952584653911e+01  3.1999982101132805e+01  7.1555299386398277e+00  4.4554985328571979e+00  2.7562945608486878e+01  3.1999949990851313e+01  3.1999984992778469e+01  5.5643642904465933e+00
9.6800000000012602e+01  3.7246388339501997e+00  3.7495575248552313e+01  3.1999951864488271e+01  3.1999981750334420e+01  7.1500856258048717e+00  4.4580811836307070e+00  2.7570651708257802e+01  3.1999949401763519e+01  3.1999984744985809e+01  5.5566065973759633e+00
9.7600000000012997e+01  3.7261996942980886e+00  3.7506523613557789e+01  3.1999951125365506e+01  3.1999981382573782e+01  7.1459974224524885e+00  4.4604965132881418e+00  2.7578437181178124e+01  3.1999948756818021e+01  3.1999984496114166e+01  5.5481793432641648e+00
9.8400000000013407e+01  3.7276105676420581e+00  3.7517554432821086e+01  3.1999950370425591e+01  3.1999980994440644e+01  7.1444860702286972e+00  4.4628793448715047e+00  2.7586541052160843e+01  3.1999948200024278e+01  3.1999984279148290e+01  5.5406376289656025e+00
9.9200000000013802e+01  3.7285307932785043e+00  3.7529006243885618e+01  3.1999949588399357e+01  3.1999980575064086e+01  7.1380532630297635e+00  4.4651530218565831e+00  2.7594453547093615e+01  3.1999947674077973e+01  3.1999984067116262e+01  5.5312449296878601e+00
1.0000000000001400e+02  3.7290569544741401e+00  3.7540460803210777e+01  3.1999948787648023e+01  3.1999980173126115e+01  7.1289563907869109e+00  4.4673093541457485e+00  2.7602536789658831e+01  3.1999947137368054e+01  3.1999983856824315e+01  5.5214767198462793e+00
1.0080000000001500e+02  3.7295967661040912e+00  3.7551781244589264e+01  3.1999948005910007e+01  3.1999979796721590e+01  7.1237721167832282e+00  4.4695191069093720e+00  2.7610828624524089e+01  3.1999946633908738e+01  3.1999983644893636e+01  5.5134571691055667e+00
1.0160000000001500e+02  3.7300690901518609e+00  3.7563507326431818e+01  3.1999947218931474e+01  3.1999979408895133e+01  7.1174751301385895e+00  4.4717235908491499e+00  2.7618805196221029e+01  3.1999946103267980e+01  3.1999983439143495e+01  5.5037685752348899e+00
1.0240000000001500e+02  3.7302167922357210e+00  3.7575544071050025e+01  3.1999946418489547e+01  3.1999979042003321e+01  7.1064528997974010e+00  4.4739551380664047e+00  2.7626918698173832e+01  3.1999945508242561e+01  3.1999983248014104e+01  5.4934659947548656e+00
1.0320000000001600e+02  3.7301630134312247e+00  3.7587253771603592e+01  3.1999945635690914e+01  3.1999978706861853e+01  7.0974516443118025e+00  4.4763276974875659e+00  2.7635332653592872e+01  3.1999944934954286e+01  3.1999983056590299e+01  5.4850794281124005e+00
1.0400000000001600e+02  3.7301272218078743e+00  3.7598909485256776e+01  3.1999944868148564e+01  3.1999978381348264e+01  7.0906273337013834e+00  4.4787697421170201e+00  2.7643864138855040e+01  3.1999944310613625e+01  3.1999982879845685e+01  5.4764767971326336e+00
1.0480000000001699e+02  3.7300916421845587e+00  3.7611114628432219e+01  3.1999944087286178e+01  3.1999978059367582e+01  7.0789863475734949e+00  4.4812957157739390e+00  2.7652532265672463e+01  3.1999943610371439e+01  3.1999982680322578e+01  5.4667508349034764e+00
1.0560000000001700e+02  3.7300995351302655e+00  3.7623047087909519e+01  3.1999943315431562e+01  3.1999977745198827e+01  7.0670925299161205e+00  4.4841725843376068e+00  2.7661580632788283e+01  3.1999942881503724e+01  3.1999982450523376e+01  5.4592070700556032e+00
1.0640000000001800e+02  3.7300977609116703e+00  3.7634757853232259e+01  3.1999942581451176e+01  3.1999977436955128e+01  7.0584025492016451e+00  4.4873416898028200e+00  2.7670803114077668e+01  3.1999942161152344e+01  3.1999982245625478e+01  5.4532113177966846e+00
1.0720000000001799e+02  3.7300709191962653e+00  3.7647166832817568e+01  3.1999941848954844e+01  3.1999977118389896e+01  7.0471868475372546e+00  4.4906257022501475e+00  2.7679872238408862e+01  3.1999941407746928e+01  3.1999982017671840e+01  5.4463808883933709e+00
1.0800000000001801e+02  3.7303702465891244e+00  3.7659798034173875e+01  3.1999941108810049e+01  3.1999976789519636e+01  7.0340914732203625e+00  4.4941907642942054e+00  2.7688999724379457e+01  3.1999940574383199e+01  3.1999981744561179e+01  5.4414926268380448e+00
1.0880000000001900e+02  3.7311712684111473e+00  3.7672122231432539e+01  3.1999940404602903e+01  3.1999976466484064e+01  7.0253013282927848e+00  4.4979737020401629e+00  2.7698336617846650e+01  3.1999939770358022e+01  3.1999981499625662e+01  5.4382423406900164e+00
1.0960000000001899e+02  3.7321539715598835e+00  3.7685023395770855e+01  3.1999939712461849e+01  3.1999976166684011e+01  7.0188620438457070e+00  4.5019423606780506e+00  2.7707654158135039e+01  3.1999939014844667e+01  3.1999981250213569e+01  5.4362834755090468e+00
1.1040000000002000e+02  3.7332011347348732e+00  3.7698639451032420e+01  3.1999938999652958e+01  3.1999975869891834e+01  7.0090197778575272e+00  4.5060755363029648e+00  2.7716738353230117e+01  3.1999938200351700e+01  3.1999980946530233e+01  5.4349736781923186e+00
1.1120000000002000e+02  3.7349266939018904e+00  3.7711879181344969e+01  3.1999938307062664e+01  3.1999975596644294e+01  7.0008424888390692e+00  4.5102235519284850e+00  2.7726120969971280e+01  3.1999937454925341e+01  3.1999980658144477e+01  5.4346893446227549e+00
1.1200000000001999e+02  3.7374905315216758e+00  3.7724847482462486e+01  3.1999937605654992e+01  3.1999975328372571e+01  6.9983847416677722e+00  4.5143211479679977e+00  2.7735436953214521e+01  3.1999936657462264e+01  3.1999980351285206e+01  5.4345634669920351e+00
1.1280000000002100e+02  3.7403697762125452e+00  3.7738349305794650e+01  3.1999936866621436e+01  3.1999975051583249e+01  6.9948103657661571e+00  4.5183763330826210e+00  2.7744733459310208e+01  3.1999935838686248e+01  3.1999980037210555e+01  5.4337077720284235e+00
1.1360000000002100e+02  3.7432794939553222e+00  3.7752010267021419e+01  3.1999936119547073e+01  3.1999974767458379e+01  6.9876069085643913e+00  4.5222863426600304e+00  2.7753947942036937e+01  3.1999935083829534e+01  3.1999979755563960e+01  5.4310451242404598e+00
1.1440000000002200e+02  3.7464664777170595e+00  3.7764823740311499e+01  3.1999935397119870e+01  3.1999974508848091e+01  6.9831929552531449e+00  4.5260338870031021e+00  2.7763321592983427e+01  3.1999934325901943e+01  3.1999979479083773e+01  5.4284201180641301e+00
1.1520000000002200e+02  3.7500427315347022e+00  3.7777477541031701e+01  3.1999934656324850e+01  3.1999974248758296e+01  6.9809920690107541e+00  4.5296574553073041e+00  2.7772832227679196e+01  3.1999933579592430e+01  3.1999979208125097e+01  5.4250907634959580e+00
1.1600000000002200e+02  3.7537009231914933e+00  3.7790819821019888e+01  3.1999933893682005e+01  3.1999973965250859e+01  6.9757840929786292e+00  4.5330924466733471e+00  2.7782173496755181e+01  3.1999932835653038e+01  3.1999978931830761e+01  5.4195093269161543e+00
1.1680000000002300e+02  3.7572205114245065e+00  3.7803874357625595e+01  3.1999933129145255e+01  3.1999973681517904e+01  6.9709876669414523e+00  4.5364201340558514e+00  2.7791767495304228e+01  3.1999932038905921e+01  3.1999978629021037e+01  5.4146417717387454e+00
1.1760000000002300e+02  3.7607562578936609e+00  3.7816454693978869e+01  3.1999932354439380e+01  3.1999973376835289e+01  6.9707271211340158e+00  4.5395632766053300e+00  2.7801435588409163e+01  3.1999931217307989e+01  3.1999978327650037e+01  5.4089109143409555e+00
1.1840000000002399e+02  3.7643914396067730e+00  3.7829605090007362e+01  3.1999931564817970e+01  3.1999973043525063e+01  6.9709955662228689e+00  4.5425787240450974e+00  2.7811100887641050e+01  3.1999930389210121e+01  3.1999978027656002e+01  5.4021114092649603e+00
1.1920000000002400e+02  3.7679938628403384e+00  3.7843296925871712e+01  3.1999930749592760e+01  3.1999972697258887e+01  6.9705516523396200e+00  4.5454848955393157e+00  2.7820780418879220e+01  3.1999929504419658e+01  3.1999977705357676e+01  5.3952343794655739e+00
1.2000000000002400e+02  3.7714106039477473e+00  3.7857017286106938e+01  3.1999929938463513e+01  3.1999972344821707e+01  6.9729230280318895e+00  4.5482907048181627e+00  2.7830652654621989e+01  3.1999928695324947e+01  3.1999977425716086e+01  5.3891122860208522e+00
1.2080000000002499e+02  3.7745687059712747e+00  3.7870832467881321e+01  3.1999929099190769e+01  3.1999971964329220e+01  6.9762971572024179e+00  4.5510317403767964e+00  2.7840656183565834e+01  3.1999927905981504e+01  3.1999977154124934e+01  5.3827313405519925e+00
1.2160000000002501e+02  3.7774580929820800e+00  3.7885299874934816e+01  3.1999928236089985e+01  3.1999971561414061e+01  6.9760054625847792e+00  4.5536731306650386e+00  2.7850630683707710e+01  3.1999927098949730e+01  3.1999976871425002e+01  5.3756877482019476e+00
1.2240000000002600e+02  3.7801241063445667e+00  3.7900107533820098e+01  3.1999927356178272e+01  3.1999971154726570e+01  6.9738716146349962e+00  4.5562769102093084e+00  2.7860725099237499e+01  3.1999926312606664e+01  3.1999976618637003e+01  5.3696048866026223e+00
1.2320000000002599e+02  3.7825471076710819e+00  3.7914611534594393e+01  3.1999926451192891e+01  3.1999970730707453e+01  6.9718170132390558e+00  4.5588430565913178e+00  2.7870981449169623e+01  3.1999925531389849e+01  3.1999976365696650e+01  5.3635189440965965e+00
1.2400000000002700e+02  3.7845766614158443e+00  3.7929461862918032e+01  3.1999925549409898e+01  3.1999970305228128e+01  6.9660851835014093e+00  4.5614440053510554e+00  2.7881339551249816e+01  3.1999924704782593e+01  3.1999976079408942e+01  5.3576554015436368e+00
1.2480000000002700e+02  3.7861718093041707e+00  3.7944818427146515e+01  3.1999924625573243e+01  3.1999969865064930e+01  6.9548474086645546e+00  4.5640745683500867e+00  2.7891593928328604e+01  3.1999923903054530e+01  3.1999975813710599e+01  5.3516967470105286e+00
1.2560000000002699e+02  3.7875544344945200e+00  3.7959892330120759e+01  3.1999923667964161e+01  3.1999969404035856e+01  6.9423331548241407e+00  4.5667950653389422e+00  2.7901900862711042e+01  3.1999923096338012e+01  3.1999975517233214e+01  5.3470010527712137e+00
1.2640000000002800e+02  3.7888249293815894e+00  3.7974569048825330e+01  3.1999922737877426e+01  3.1999968954574353e+01  6.9298479461866735e+00  4.5696805095049200e+00  2.7912376694771243e+01  3.1999922259178305e+01  3.1999975217561744e+01  5.3432408833733316e+00
1.2720000000002800e+02  3.7897957665507338e+00  3.7989778885353061e+01  3.1999921816503182e+01  3.1999968503962755e+01  6.9140149807487052e+00  4.5726988549807679e+00  2.7922916309245647e+01  3.1999921388572712e+01  3.1999974911460935e+01  5.3389426556147512e+00
1.2800000000002899e+02  3.7904646245436897e+00  3.8005328157478914e+01  3.1999920865860879e+01  3.1999968020573224e+01  6.8968548419626217e+00  4.5758358467204054e+00  2.7933455164132980e+01  3.1999920497806198e+01  3.1999974575695912e+01  5.3346822389787398e+00
1.2880000000002801e+02  3.7911194532021812e+00  3.8020278950282453e+01  3.1999919941739375e+01  3.1999967548100386e+01  6.8828723851881382e+00  4.5791183454029500e+00  2.7944010663244555e+01  3.1999919628566641e+01  3.1999974259793881e+01  5.3311962143629765e+00
1.2960000000002699e+02  3.7918936816060596e+00  3.8035322696660302e+01  3.1999919049277704e+01  3.1999967101455606e+01  6.8709974106187168e+00  4.5824994252379287e+00  2.7954681292498943e+01  3.1999918800974157e+01  3.1999973972737973e+01  5.3270929642609994e+00
1.3040000000002601e+02  3.7926343267032321e+00  3.8051114446535067e+01  3.1999918115681233e+01  3.1999966630532562e+01  6.8593456941551079e+00  4.5860430961490977e+00  2.7965379538409820e+01  3.1999917947717787e+01  3.1999973661730486e+01  5.3231249478643452e+00
1.3120000000002599e+02  3.7932316743467855e+00  3.8066863869133762e+01  3.1999917176061448e+01  3.1999966172293849e+01  6.8499820093915300e+00  4.5898035308995935e+00  2.7976318100967653e+01  3.1999917131172278e+01  3.1999973365490597e+01  5.3200166652420551e+00
1.3200000000002501e+02  3.7939205015820248e+00  3.8082125975888978e+01  3.1999916244897733e+01  3.1999965741812581e+01  6.8452871543382203e+00  4.5937010145680421e+00  2.7987330859775220e+01  3.1999916308436330e+01  3.1999973066126220e+01  5.3172943095814169e+00
1.3280000000002400e+02  3.7948421458777073e+00  3.8097597263547833e+01  3.1999915279454335e+01  3.1999965297896118e+01  6.8412580305002955e+00  4.5976873853097864e+00  2.7998232813845430e+01  3.1999915474869766e+01  3.1999972740711627e+01  5.3145195374293595e+00
1.3360000000002299e+02  3.7958651136041395e+00  3.8113419880408834e+01  3.1999914298534819e+01  3.1999964846189755e+01  6.8375843512840193e+00  4.6017622623868037e+00  2.8009272014799745e+01  3.1999914638305913e+01  3.1999972424455763e+01  5.3124331552555937e+00
1.3440000000002300e+02  3.7968824318296623e+00  3.8128817176062896e+01  3.1999913288540338e+01  3.1999964386304207e+01  6.8370774169612405e+00  4.6058902485127149e+00  2.8020406085988355e+01  3.1999913802275540e+01  3.1999972101322072e+01  5.3113558653686859e+00
1.3520000000002199e+02  3.7979838949107072e+00  3.8143803737724831e+01  3.1999912278873669e+01  3.1999963933621320e+01  6.8365315011150578e+00  4.6100594862888640e+00  2.8031486240460914e+01  3.1999912921234650e+01  3.1999971764213495e+01  5.3109590567374045e+00
1.3600000000002100e+02  3.7993717479556581e+00  3.8159152898991188e+01  3.1999911249915566e+01  3.1999963459763524e+01  6.8350090476482865e+00  4.6141253806427489e+00  2.8042479582574487e+01  3.1999912086716446e+01  3.1999971446302954e+01  5.3100525410885213e+00
1.3680000000002099e+02  3.8010528335446629e+00  3.8174668636669018e+01  3.1999910199117810e+01  3.1999962962018689e+01  6.8331428479606933e+00  4.6180724027421505e+00  2.8053521255941110e+01  3.1999911289213138e+01  3.1999971146028386e+01  5.3099537567323125e+00
1.3760000000002000e+02  3.8029412683985875e+00  3.8189830398879586e+01  3.1999909150015196e+01  3.1999962477662280e+01  6.8320468303798245e+00  4.6219292165008525e+00  2.8064636693785854e+01  3.1999910485347311e+01  3.1999970838669100e+01  5.3102407665380422e+00
1.3840000000001899e+02  3.8049569077595011e+00  3.8205188277699328e+01  3.1999908081355628e+01  3.1999961986210899e+01  6.8295601740377689e+00  4.6256708132126647e+00  2.8075668064549458e+01  3.1999909647135205e+01  3.1999970521729349e+01  5.3100811133321937e+00
1.3920000000001801e+02  3.8072384383499953e+00  3.8220971183236252e+01  3.1999907032871636e+01  3.1999961492999880e+01  6.8242199107888402e+00  4.6293003971880822e+00  2.8086838944318529e+01  3.1999908765492901e+01  3.1999970203623882e+01  5.3105263650170427e+00
1.4000000000001799e+02  3.8100924054551912e+00  3.8236383393849863e+01  3.1999905992890433e+01  3.1999961005362767e+01  6.8203808990580796e+00  4.6327547196122927e+00  2.8098228450682161e+01  3.1999907880720826e+01  3.1999969866310074e+01  5.3102014090781395e+00
1.4080000000001701e+02  3.8132920227620901e+00  3.8252037491979713e+01  3.1999904924338601e+01  3.1999960508560548e+01  6.8172560684439771e+00  4.6360887919556903e+00  2.8109698886078530e+01  3.1999906968185460e+01  3.1999969528796388e+01  5.3098433762294972e+00
1.4160000000001600e+02  3.8164264268242709e+00  3.8268578242595382e+01  3.1999903851048010e+01  3.1999959998038563e+01  6.8109078745979703e+00  4.6392795492474619e+00  2.8121274108971967e+01  3.1999906064072487e+01  3.1999969195108765e+01  5.3083858045680481e+00
1.4240000000001501e+02  3.8194984957161422e+00  3.8285296214859962e+01  3.1999902780203282e+01  3.1999959474057974e+01  6.8026850538467771e+00  4.6422925183706294e+00  2.8133019138024956e+01  3.1999905165192843e+01  3.1999968864932978e+01  5.3050390602900963e+00
1.4320000000001500e+02  3.8227560830265306e+00  3.8301651716691090e+01  3.1999901702534430e+01  3.1999958936976675e+01  6.7955585040257409e+00  4.6452059431657746e+00  2.8144887147902658e+01  3.1999904298883671e+01  3.1999968550279725e+01  5.3010686136072396e+00
1.4400000000001401e+02  3.8260574663629341e+00  3.8318558185484981e+01  3.1999900624665322e+01  3.1999958405693285e+01  6.7874928327442756e+00  4.6479941760822943e+00  2.8156733305787871e+01  3.1999903451722695e+01  3.1999968234530161e+01  5.2951567171705216e+00
1.4480000000001300e+02  3.8291322206264842e+00  3.8336177829136254e+01  3.1999899544706690e+01  3.1999957860092056e+01  6.7767019225345724e+00  4.6506920604463744e+00  2.8168692706726116e+01  3.1999902596273838e+01  3.1999967904781712e+01  5.2881301118840698e+00
1.4560000000001301e+02  3.8320377212368051e+00  3.8353492386391565e+01  3.1999898452096780e+01  3.1999957300603832e+01  6.7653598983479402e+00  4.6533495949417567e+00  2.8180776566233071e+01  3.1999901715002743e+01  3.1999967559874975e+01  5.2801423515395207e+00
1.4640000000001200e+02  3.8348986215474987e+00  3.8370804543629909e+01  3.1999897361032254e+01  3.1999956756222364e+01  6.7546109179402878e+00  4.6559872888702785e+00  2.8192835970508497e+01  3.1999900779347755e+01  3.1999967202127785e+01  5.2709284166078687e+00
1.4720000000001099e+02  3.8377322331825736e+00  3.8388753821815882e+01  3.1999896270488112e+01  3.1999956213570975e+01  6.7434745610116673e+00  4.6586519921183962e+00  2.8204859712716029e+01  3.1999899853321551e+01  3.1999966836091382e+01  5.2611356808268628e+00
1.4800000000001000e+02  3.8403906717547498e+00  3.8406685542874186e+01  3.1999895137878049e+01  3.1999955666442421e+01  6.7309471326988248e+00  4.6613961581988130e+00  2.8216960813875708e+01  3.1999898908118322e+01  3.1999966466814964e+01  5.2512203664465495e+00
1.4880000000000999e+02  3.8428250019983921e+00  3.8424604266620975e+01  3.1999894001512157e+01  3.1999955131556387e+01  6.7187251714048992e+00  4.6642637146235320e+00  2.8229171517970521e+01  3.1999897941006122e+01  3.1999966091637511e+01  5.2418930019734056e+00
1.4960000000000900e+02  3.8451335655315630e+00  3.8442920958412692e+01  3.1999892872583132e+01  3.1999954612686377e+01  6.7079731166272243e+00  4.6672642329336256e+00  2.8241364381315062e+01  3.1999896976377197e+01  3.1999965703555134e+01  5.2328680526130533e+00
1.5040000000000799e+02  3.8473216215991028e+00  3.8461203814984195e+01  3.1999891721268114e+01  3.1999954095359939e+01  6.6964065292919175e+00  4.6703935589035677e+00  2.8253592086007430e+01  3.1999896041023138e+01  3.1999965331516215e+01  5.2241602932236919e+00
1.5120000000000701e+02  3.8493706766514046e+00  3.8479362381851409e+01  3.1999890559848570e+01  3.1999953559782057e+01  6.6848104393032806e+00  4.6736474580318790e+00  2.8265957985217231e+01  3.1999895095986943e+01  3.1999964944522269e+01  5.2163563033560738e+00
1.5200000000000699e+02  3.8512322182559302e+00  3.8497708106823985e+01  3.1999889408888595e+01  3.1999953028026500e+01  6.6747332619576811e+00  4.6770551869734653e+00  2.8278227893082299e+01  3.1999894131431279e+01  3.1999964552520435e+01  5.2097341231621010e+00
1.5280000000000601e+02  3.8529115986747549e+00  3.8516096254827502e+01  3.1999888238037787e+01  3.1999952488422874e+01  6.6649198752654266e+00  4.6806266664789273e+00  2.8290592850505732e+01  3.1999893220107555e+01  3.1999964183490150e+01  5.2038270874229156e+00
1.5360000000000500e+02  3.8544634654810634e+00  3.8534311200347574e+01  3.1999887058650504e+01  3.1999951925525600e+01  6.6549137367803040e+00  4.6843622108741991e+00  2.8303109531470032e+01  3.1999892304242447e+01  3.1999963796126444e+01  5.1995859888661187e+00
1.5440000000000501e+02  3.8559497170717894e+00  3.8552445775794837e+01  3.1999885895967047e+01  3.1999951362160878e+01  6.6460997991073487e+00  4.6882116387709338e+00  2.8315559443135278e+01  3.1999891369916849e+01  3.1999963412016204e+01  5.1968433210362130e+00
1.5520000000000400e+02  3.8573950044989846e+00  3.8570770908986411e+01  3.1999884705955751e+01  3.1999950783144797e+01  6.6387063398431003e+00  4.6921867473139045e+00  2.8328209136845508e+01  3.1999890416980975e+01  3.1999963016823461e+01  5.1951275376118202e+00
1.5600000000000301e+02  3.8587209097246866e+00  3.8589116717917101e+01  3.1999883509686217e+01  3.1999950206433027e+01  6.6320512250433952e+00  4.6962623058560720e+00  2.8340958367910297e+01  3.1999889475003812e+01  3.1999962617115816e+01  5.1943566951949309e+00
1.5680000000000200e+02  3.8599433147588167e+00  3.8607286375978376e+01  3.1999882299200390e+01  3.1999949621954510e+01  6.6261464662821030e+00  4.7004461650388887e+00  2.8353799437982556e+01  3.1999888571372633e+01  3.1999962242009129e+01  5.1954022903664425e+00
1.5760000000000201e+02  3.8612472873740380e+00  3.8625309500821224e+01  3.1999881095079928e+01  3.1999949035459558e+01  6.6215845453741080e+00  4.7046773497021475e+00  2.8366816427011379e+01  3.1999887672900869e+01  3.1999961867042121e+01  5.1973833650465524e+00
1.5840000000000100e+02  3.8626940136840471e+00  3.8643211752739397e+01  3.1999879894655518e+01  3.1999948458850238e+01  6.6187502917811418e+00  4.7088803112092501e+00  2.8379859484145150e+01  3.1999886765449613e+01  3.1999961495099825e+01  5.1992155691616100e+00
1.5919999999999999e+02  3.8641266925409727e+00  3.8661112862461991e+01  3.1999878679162524e+01  3.1999947878215565e+01  6.6168891490605919e+00  4.7130897969819401e+00  2.8392987355649531e+01  3.1999885820729912e+01  3.1999961109706366e+01  5.2023656958124453e+00
1.5999999999999901e+02  3.8655671566416858e+00  3.8678699452126509e+01  3.1999877473870498e+01  3.1999947289658429e+01  6.6157708076339530e+00  4.7172647541313859e+00  2.8406130856672490e+01  3.1999884828240212e+01  3.1999960713175341e+01  5.2060630780061308e+00
1.6079999999999899e+02  3.8672894650465888e+00  3.8695794755239504e+01  3.1999876261161543e+01  3.1999946708534434e+01  6.6161852209577541e+00  4.7213705980094778e+00  2.8419223843322179e+01  3.1999883818693771e+01  3.1999960313965971e+01  5.2096932953904735e+00
1.6159999999999800e+02  3.8693293915370939e+00  3.8712974811448269e+01  3.1999875042351537e+01  3.1999946135690280e+01  6.6179918196219392e+00  4.7254001528877101e+00  2.8432271898736712e+01  3.1999882806914229e+01  3.1999959916610386e+01  5.2135716492081903e+00
1.6239999999999699e+02  3.8715507552369610e+00  3.8730380202488384e+01  3.1999873818116107e+01  3.1999945557399105e+01  6.6213859873112710e+00  4.7293335259213203e+00  2.8445295667758053e+01  3.1999881796959091e+01  3.1999959535664818e+01  5.2179656078087673e+00
1.6319999999999700e+02  3.8738068579634648e+00  3.8747773633601469e+01  3.1999872575587222e+01  3.1999944965701385e+01  6.6250475298683336e+00  4.7331367840655325e+00  2.8458457710666746e+01  3.1999880758368981e+01  3.1999959145021627e+01  5.2214790545050898e+00
1.6399999999999599e+02  3.8762764813326909e+00  3.8765319542800043e+01  3.1999871337652330e+01  3.1999944373892724e+01  6.6287799222147541e+00  4.7368381515086391e+00  2.8471648325834135e+01  3.1999879747117799e+01  3.1999958761697616e+01  5.2247474517859445e+00
1.6479999999999501e+02  3.8791588680759359e+00  3.8783103577216522e+01  3.1999870091763960e+01  3.1999943781342797e+01  6.6347600499989063e+00  4.7404530411908281e+00  2.8484911333977866e+01  3.1999878746199897e+01  3.1999958378520137e+01  5.2278832407068503e+00
1.6559999999999400e+02  3.8822827044395107e+00  3.8801124706390027e+01  3.1999868817660374e+01  3.1999943178084070e+01  6.6414340594440970e+00  4.7439524063692495e+00  2.8498211116654726e+01  3.1999877696418157e+01  3.1999957968438313e+01  5.2304310083378631e+00
1.6639999999999401e+02  3.8854745433064499e+00  3.8819427991514111e+01  3.1999867530956127e+01  3.1999942565781542e+01  6.6475450879144500e+00  4.7473330304796946e+00  2.8511547898801027e+01  3.1999876646242818e+01  3.1999957561543958e+01  5.2317716016144118e+00
1.6719999999999300e+02  3.8888320777999099e+00  3.8837811855946150e+01  3.1999866235159367e+01  3.1999941950469633e+01  6.6539527844893129e+00  4.7506595639224081e+00  2.8525039546307042e+01  3.1999875609122096e+01  3.1999957158092730e+01  5.2322109293537080e+00
1.6799999999999201e+02  3.8924942118814174e+00  3.8856320637472187e+01  3.1999864950912503e+01  3.1999941344550578e+01  6.6616517888765294e+00  4.7539399331737417e+00  2.8538604233185204e+01  3.1999874584304798e+01  3.1999956752820225e+01  5.2323720829045204e+00
1.6879999999999100e+02  3.8963521818312747e+00  3.8875090010330545e+01  3.1999863639829787e+01  3.1999940722366510e+01  6.6689907217989184e+00  4.7571314782953547e+00  2.8552259000835662e+01  3.1999873559252762e+01  3.1999956336242452e+01  5.2309817108606973e+00
1.6959999999999101e+02  3.9002407526212632e+00  3.8894071862698702e+01  3.1999862315758271e+01  3.1999940087045090e+01  6.6750020256062044e+00  4.7603073640655937e+00  2.8566127298897271e+01  3.1999872516161552e+01  3.1999955909990295e+01  5.2292714698979417e+00
1.7039999999999000e+02  3.9041299720532123e+00  3.8913303881572517e+01  3.1999861005046363e+01  3.1999939460183370e+01  6.6812611096907881e+00  4.7635044098733310e+00  2.8580071681104027e+01  3.1999871446756025e+01  3.1999955463636244e+01  5.2269197421225062e+00
1.7119999999998899e+02  3.9079469344152580e+00  3.8932834811942961e+01  3.1999859668870009e+01  3.1999938819060855e+01  6.6864007678902428e+00  4.7667283970421161e+00  2.8594062180192218e+01  3.1999870363573233e+01  3.1999955006242182e+01  5.2238406264760400e+00
1.7199999999998900e+02  3.9116634229584419e+00  3.8952467734451162e+01  3.1999858309297803e+01  3.1999938157996841e+01  6.6895216602576850e+00  4.7699912567824523e+00  2.8608217271896272e+01  3.1999869262823545e+01  3.1999954538017455e+01  5.2201552314019732e+00
1.7279999999998799e+02  3.9152674025604037e+00  3.8972301981272103e+01  3.1999856943195638e+01  3.1999937487807184e+01  6.6914296629850742e+00  4.7733140168634556e+00  2.8622561866515127e+01  3.1999868136399069e+01  3.1999954057185143e+01  5.2160072589543072e+00
1.7359999999998701e+02  3.9186300593172394e+00  3.8992622287853585e+01  3.1999855559333287e+01  3.1999936813635973e+01  6.6920601302367446e+00  4.7767372894767774e+00  2.8636942942774617e+01  3.1999867013529595e+01  3.1999953567311039e+01  5.2120746481907618e+00
1.7439999999998599e+02  3.9216563509724085e+00  3.9013203627077360e+01  3.1999854142314966e+01  3.1999936118140461e+01  6.6904466248056744e+00  4.7802565315438734e+00  2.8651391545864801e+01  3.1999865875785780e+01  3.1999953073770325e+01  5.2072915242113558e+00
1.7519999999998601e+02  3.9244159812264803e+00  3.9033710433406412e+01  3.1999852711778040e+01  3.1999935411148037e+01  6.6862464855847970e+00  4.7838994453763259e+00  2.8665902422954684e+01  3.1999864723586544e+01  3.1999952574484801e+01  5.2031420896439995e+00
1.7599999999998499e+02  3.9269837724242462e+00  3.9054388700916746e+01  3.1999851285575065e+01  3.1999934714018899e+01  6.6805931822608695e+00  4.7875969060882975e+00  2.8680384325152957e+01  3.1999863562250734e+01  3.1999952064317949e+01  5.1986625259787953e+00
1.7679999999998401e+02  3.9292727625488340e+00  3.9075555059732444e+01  3.1999849835784101e+01  3.1999934017177207e+01  6.6734704199703563e+00  4.7913256352933802e+00  2.8694762539698008e+01  3.1999862386576744e+01  3.1999951560501483e+01  5.1935379285532601e+00
1.7759999999998300e+02  3.9311821660526851e+00  3.9096892340016254e+01  3.1999848364297115e+01  3.1999933305922820e+01  6.6635975197470492e+00  4.7951194800665196e+00  2.8709151758807423e+01  3.1999861215703188e+01  3.1999951052110234e+01  5.1884925556279242e+00
1.7839999999998301e+02  3.9328355454383139e+00  3.9117910186104346e+01  3.1999846893132297e+01  3.1999932588145032e+01  6.6520409884211578e+00  4.7989605822322954e+00  2.8723557101624536e+01  3.1999860070657313e+01  3.1999950552935001e+01  5.1833363017566247e+00
1.7919999999998200e+02  3.9343883591803417e+00  3.9139087226879212e+01  3.1999845418798902e+01  3.1999931881609918e+01  6.6400591117488084e+00  4.8027886810321405e+00  2.8737920577655384e+01  3.1999858909334428e+01  3.1999950059479282e+01  5.1780749350861850e+00
1.7999999999998099e+02  3.9357505366562404e+00  3.9160899246458953e+01  3.1999843923455146e+01  3.1999931172102329e+01  6.6267371555245065e+00  4.8066127921539437e+00  2.8752239956248914e+01  3.1999857703942777e+01  3.1999949541132480e+01  5.1729694981759931e+00
1.8079999999998100e+02  3.9368616168943227e+00  3.9182743068570844e+01  3.1999842406447801e+01  3.1999930443850506e+01  6.6120863501934117e+00  4.8103802714586887e+00  2.8766560809629759e+01  3.1999856462638480e+01  3.1999949016891318e+01  5.1674093782887818e+00
1.8159999999998001e+02  3.9378462654025830e+00  3.9204202008658683e+01  3.1999840890877085e+01  3.1999929720069915e+01  6.5977302875849775e+00  4.8140951952422402e+00  2.8780909347044087e+01  3.1999855190139218e+01  3.1999948483440047e+01  5.1623486419100031e+00
1.8239999999997900e+02  3.9387995777284797e+00  3.9225977198436631e+01  3.1999839376129298e+01  3.1999929003387376e+01  6.5828500156750378e+00  4.8177794922654549e+00  2.8795155822843515e+01  3.1999853891011025e+01  3.1999947934094834e+01  5.1574947385532948e+00
1.8319999999997799e+02  3.9397131915070438e+00  3.9248365942791928e+01  3.1999837857119644e+01  3.1999928275288013e+01  6.5667916108629401e+00  4.8213984928322748e+00  2.8809352291787995e+01  3.1999852610824576e+01  3.1999947398033047e+01  5.1519584103596099e+00
1.8399999999997800e+02  3.9405145119603118e+00  3.9270550956402296e+01  3.1999836337599032e+01  3.1999927540018842e+01  6.5506885956350036e+00  4.8249391601298406e+00  2.8823615892764799e+01  3.1999851340060367e+01  3.1999946859079618e+01  5.1467542700561637e+00
1.8479999999997699e+02  3.9412434948169901e+00  3.9292352607123888e+01  3.1999834815967862e+01  3.1999926808632885e+01  6.5338821095221054e+00  4.8284148614542302e+00  2.8838008607355682e+01  3.1999850060935557e+01  3.1999946317329055e+01  5.1413308352855021e+00
1.8559999999997601e+02  3.9420772211771467e+00  3.9314728409116604e+01  3.1999833300491066e+01  3.1999926077760044e+01  6.5158656834419704e+00  4.8318227228181954e+00  2.8852401110190037e+01  3.1999848791506782e+01  3.1999945778751005e+01  5.1349678030380668e+00
1.8639999999997499e+02  3.9430704170902029e+00  3.9337732084817333e+01  3.1999831766373688e+01  3.1999925332577810e+01  6.4975634805891431e+00  4.8351543921429769e+00  2.8866870930054436e+01  3.1999847529763041e+01  3.1999945240801654e+01  5.1281781246483398e+00
1.8719999999997501e+02  3.9441402628744786e+00  3.9360260027482930e+01  3.1999830210435093e+01  3.1999924574083646e+01  6.4794252492280595e+00  4.8384407784373780e+00  2.8881598565841927e+01  3.1999846229299862e+01  3.1999944690084668e+01  5.1218271572794141e+00
1.8799999999997399e+02  3.9453100495367739e+00  3.9382717691082114e+01  3.1999828659227735e+01  3.1999923813390339e+01  6.4613389199719178e+00  4.8416984937089209e+00  2.8896358784419238e+01  3.1999844944570995e+01  3.1999944138553087e+01  5.1149055223116084e+00
1.8879999999997301e+02  3.9466752507068019e+00  3.9406108023103492e+01  3.1999827104578902e+01  3.1999923042940711e+01  6.4427195179464434e+00  4.8449067364589817e+00  2.8911084927912885e+01  3.1999843670840537e+01  3.1999943583583313e+01  5.1072786378839297e+00
1.8959999999997299e+02  3.9484003579142755e+00  3.9429257606828976e+01  3.1999825547308379e+01  3.1999922262886891e+01  6.4257064609583043e+00  4.8480963401206978e+00  2.8926042610276426e+01  3.1999842379422056e+01  3.1999943026864802e+01  5.1001374807577999e+00
1.9039999999997201e+02  3.9505066230319006e+00  3.9451512968818612e+01  3.1999823990167464e+01  3.1999921479188242e+01  6.4119310506968636e+00  4.8512921970342795e+00  2.8941218560034347e+01  3.1999841109288862e+01  3.1999942473788629e+01  5.0931619046359193e+00
1.9119999999997100e+02  3.9527577036583623e+00  3.9474493868652822e+01  3.1999822399344566e+01  3.1999920678833636e+01  6.3979452589749632e+00  4.8544864279914552e+00  2.8956349366254020e+01  3.1999839813128990e+01  3.1999941911308142e+01  5.0859302945782412e+00
1.9199999999996999e+02  3.9551350294333689e+00  3.9498161223188802e+01  3.1999820811452842e+01  3.1999919873695166e+01  6.3838708708034968e+00  4.8577003342673146e+00  2.8971573566503338e+01  3.1999838496108993e+01  3.1999941336962983e+01  5.0790249305533814e+00
1.9279999999997000e+02  3.9578126490125780e+00  3.9520620713519655e+01  3.1999819208017477e+01  3.1999919061980670e+01  6.3732609154985740e+00  4.8609868145816959e+00  2.8987225869028247e+01  3.1999837210483513e+01  3.1999940768633049e+01  5.0730034942371880e+00
1.9359999999996899e+02  3.9606654066433560e+00  3.9543067076982190e+01  3.1999817567556640e+01  3.1999918231635487e+01  6.3628080510354446e+00  4.8643047721550641e+00  2.9002792413951195e+01  3.1999835895987488e+01  3.1999940189681823e+01  5.0668597996815796e+00
1.9439999999996800e+02  3.9635708942568977e+00  3.9567169030102562e+01  3.1999815936551663e+01  3.1999917403346579e+01  6.3507189148264533e+00  4.8676840983187866e+00  2.9018236667478615e+01  3.1999834556533820e+01  3.1999939600701715e+01  5.0611102405137718e+00
1.9519999999996699e+02  3.9665522648288865e+00  3.9590947385717236e+01  3.1999814292305484e+01  3.1999916571276007e+01  6.3405376584000210e+00  4.8711628389241257e+00  2.9034035936894419e+01  3.1999833218947174e+01  3.1999939012451353e+01  5.0562547605413082e+00
1.9599999999996700e+02  3.9695104692122340e+00  3.9613722220732953e+01  3.1999812615244295e+01  3.1999915727992772e+01  6.3310972410834960e+00  4.8747113120947629e+00  2.9049889939318565e+01  3.1999831846198461e+01  3.1999938409258220e+01  5.0518826435576267e+00
1.9679999999996599e+02  3.9724535241653651e+00  3.9637561980476470e+01  3.1999810966035437e+01  3.1999914892450818e+01  6.3202261411783063e+00  4.8783770191001512e+00  2.9065478710374617e+01  3.1999830458836655e+01  3.1999937792349730e+01  5.0477376761854531e+00
1.9759999999996501e+02  3.9755018366669015e+00  3.9661851547872317e+01  3.1999809314113833e+01  3.1999914076642405e+01  6.3103905649078333e+00  4.8821929276202383e+00  2.9081329300457217e+01  3.1999829130970550e+01  3.1999937203023798e+01  5.0447229951884189e+00
1.9839999999996499e+02  3.9785353013223324e+00  3.9684964759532100e+01  3.1999807629817290e+01  3.1999913250932053e+01  6.3029134864096017e+00  4.8860365417692497e+00  2.9097340029350644e+01  3.1999827803142427e+01  3.1999936612540715e+01  5.0418558544458119e+00
1.9919999999996401e+02  3.9814278919099522e+00  3.9708268821224081e+01  3.1999805955706421e+01  3.1999912425321838e+01  6.2954115982848391e+00  4.8899161586680773e+00  2.9113162922390369e+01  3.1999826468262970e+01  3.1999936019754770e+01  5.0390894025455024e+00
1.9999999999996299e+02  3.9843340524661617e+00  3.9732113433900295e+01  3.1999804283431601e+01  3.1999911616536163e+01  6.2883041068458843e+00  4.8939139213312277e+00  2.9129232312675970e+01  3.1999825174709922e+01  3.1999935446676510e+01  5.0371714159894454e+00
2.0000999999996299e+02  3.9843711755496720e+00  3.9732407283494936e+01  3.1999804262457413e+01  3.1999911606408823e+01  6.2882340733499280e+00  4.8939644189142193e+00  2.9129435420485031e+01  3.1999825158604729e+01  3.1999935439547404e+01  5.0371512871576183e+00
