# time  R_areal_min  r_at_R_areal_min
0.0000000000000000e+00  1.6576742042284820e-01  1.6666666666666430e-01
8.0000000000000104e-01  1.6576682175077723e-01  1.6666666666666430e-01
1.6000000000000001e+00  1.6576609622064578e-01  1.6666666666666430e-01
2.3999999999999999e+00  1.6576552445548215e-01  1.6666666666666430e-01
3.2000000000000202e+00  1.6576440058441283e-01  1.6666666666666430e-01
4.0000000000000400e+00  1.6576371290500186e-01  1.6666666666666430e-01
4.8000000000000602e+00  1.6576299063642810e-01  1.6666666666666430e-01
5.6000000000000796e+00  1.6576156031453218e-01  1.6666666666666430e-01
6.4000000000000901e+00  1.6575989902740251e-01  1.6666666666666430e-01
7.2000000000001103e+00  1.6575971696444430e-01  1.6666666666666430e-01
8.0000000000001297e+00  1.6575888026273450e-01  1.6666666666666430e-01
8.8000000000000398e+00  1.6575723444827714e-01  1.6666666666666430e-01
9.5999999999999499e+00  1.6575585900288778e-01  1.6666666666666430e-01
1.0399999999999901e+01  1.6575409359998480e-01  1.6666666666666430e-01
1.1199999999999800e+01  1.6575178051481027e-01  1.6666666666666430e-01
1.1999999999999700e+01  1.6574912659916363e-01  1.6666666666666430e-01
1.2799999999999599e+01  1.6574652749898247e-01  1.6666666666666430e-01
1.3599999999999500e+01  1.6574397026051035e-01  1.6666666666666430e-01
1.4399999999999400e+01  1.6574095300262129e-01  1.6666666666666430e-01
1.5199999999999299e+01  1.6573713572887422e-01  1.6666666666666430e-01
1.5999999999999201e+01  1.6573291566214982e-01  1.6666666666666430e-01
1.6799999999999400e+01  1.6572880559816625e-01  1.6666666666666430e-01
1.7599999999999500e+01  1.6572437027550860e-01  1.6666666666666430e-01
1.8399999999999601e+01  1.6571864278741633e-01  1.6666666666666430e-01
1.9199999999999701e+01  1.6571164587475826e-01  1.6666666666666430e-01
1.9999999999999901e+01  1.6570431446151374e-01  1.6666666666666430e-01
2.0800000000000001e+01  1.6569691395756478e-01  1.6666666666666430e-01
2.1600000000000101e+01  1.6568760368613472e-01  1.6666666666666430e-01
2.2400000000000201e+01  1.6567598098547651e-01  1.6666666666666430e-01
2.3200000000000401e+01  1.6566472613906927e-01  1.6666666666666430e-01
2.4000000000000501e+01  1.6565127155607154e-01  1.6666666666666430e-01
2.4800000000000601e+01  1.6563550960106382e-01  1.6666666666666430e-01
2.5600000000000701e+01  1.6561696488253438e-01  1.6666666666666430e-01
2.6400000000000901e+01  1.6559576312060578e-01  1.6666666666666430e-01
2.7200000000001001e+01  1.6557286542665073e-01  1.6666666666666430e-01
2.8000000000001101e+01  1.6554785820718218e-01  1.6666666666666430e-01
2.8800000000001202e+01  1.6551980479692133e-01  1.6666666666666430e-01
2.9600000000001401e+01  1.6549006179104447e-01  1.6666666666666430e-01
3.0400000000001501e+01  1.6545923231606330e-01  1.6666666666666430e-01
3.1200000000001602e+01  1.6542309816259243e-01  1.6666666666666430e-01
3.2000000000001698e+01  1.6538303486354203e-01  1.6666666666666430e-01
3.2800000000001901e+01  1.6534206744655106e-01  1.6666666666666430e-01
3.3600000000001998e+01  1.6530375441737871e-01  1.6666666666666430e-01
3.4400000000002102e+01  1.6526964090156554e-01  1.6666666666666430e-01
3.5200000000002198e+01  1.6523444280541844e-01  1.6666666666666430e-01
3.6000000000002402e+01  1.6519052734054179e-01  1.6666666666666430e-01
3.6800000000002498e+01  1.6513321444968587e-01  1.6666666666666430e-01
3.7600000000002602e+01  1.6506617097363691e-01  1.6666666666666430e-01
3.8400000000002699e+01  1.6501073072867112e-01  1.6666666666666430e-01
3.9200000000002902e+01  1.6497438564657857e-01  1.6666666666666430e-01
4.0000000000002998e+01  1.6497419747376427e-01  1.6666666666666430e-01
4.0800000000003102e+01  1.6502146234113749e-01  1.6666666666666430e-01
4.1600000000003199e+01  1.6508050279232511e-01  1.6666666666666430e-01
4.2400000000003402e+01  1.6513036687827123e-01  1.6666666666666430e-01
4.3200000000003499e+01  1.6516630077075872e-01  1.6666666666666430e-01
4.4000000000003602e+01  1.6518738976439340e-01  1.6666666666666430e-01
4.4800000000003699e+01  1.6519921092709311e-01  1.6666666666666430e-01
4.5600000000003902e+01  1.6521355833607521e-01  1.6666666666666430e-01
4.6400000000003999e+01  1.6522835635615757e-01  1.6666666666666430e-01
4.7200000000004103e+01  1.6518974399399017e-01  1.6666666666666430e-01
4.8000000000004199e+01  1.6508251844676899e-01  1.6666666666666430e-01
4.8800000000004403e+01  1.6501746687282115e-01  1.6666666666666430e-01
4.9600000000004499e+01  1.6502631780792434e-01  1.6666666666666430e-01
5.0400000000004603e+01  1.6507083681172099e-01  1.6666666666666430e-01
5.1200000000004700e+01  1.6511603079946915e-01  1.6666666666666430e-01
5.2000000000004903e+01  1.6513924625863002e-01  1.6666666666666430e-01
5.2800000000004999e+01  1.6513999956708936e-01  1.6666666666666430e-01
5.3600000000005103e+01  1.6513523034444366e-01  1.6666666666666430e-01
5.4400000000005200e+01  1.6514940724442664e-01  1.6666666666666430e-01
5.5200000000005403e+01  1.6519166594532739e-01  1.6666666666666430e-01
5.6000000000005500e+01  1.6522152551239272e-01  1.6666666666666430e-01
5.6800000000005603e+01  1.6514040769729602e-01  1.6666666666666430e-01
5.7600000000005700e+01  1.6503319316668033e-01  1.6666666666666430e-01
5.8400000000005903e+01  1.6504202154682857e-01  1.6666666666666430e-01
5.9200000000006000e+01  1.6509943763280968e-01  1.6666666666666430e-01
6.0000000000006096e+01  1.6512867685315810e-01  1.6666666666666430e-01
6.0800000000006200e+01  1.6512472366587189e-01  1.6666666666666430e-01
6.1600000000006403e+01  1.6512125636765040e-01  1.6666666666666430e-01
6.2400000000006500e+01  1.6513630628107967e-01  1.6666666666666430e-01
6.3200000000006597e+01  1.6517082262032598e-01  1.6666666666666430e-01
6.4000000000006807e+01  1.6521298589896474e-01  1.6666666666666430e-01
6.4800000000005994e+01  1.6522445799328758e-01  1.6666666666666430e-01
6.5600000000005295e+01  1.6516194475205268e-01  1.6666666666666430e-01
6.6400000000004596e+01  1.6509273737169486e-01  1.6666666666666430e-01
6.7200000000003797e+01  1.6509908101304729e-01  1.6666666666666430e-01
6.8000000000003098e+01  1.6513964716621932e-01  1.6666666666666430e-01
6.8800000000002399e+01  1.6514644901051734e-01  1.6666666666666430e-01
6.9600000000001700e+01  1.6512187155583943e-01  1.6666666666666430e-01
7.0400000000000901e+01  1.6511950634439471e-01  1.6666666666666430e-01
7.1200000000000202e+01  1.6514984485991713e-01  1.6666666666666430e-01
7.1999999999999503e+01  1.6518805930706418e-01  1.6666666666666430e-01
7.2799999999998704e+01  1.6520963222002599e-01  1.6666666666666430e-01
7.3599999999998005e+01  1.6520384745762381e-01  1.6666666666666430e-01
7.4399999999997306e+01  1.6517927920840991e-01  1.6666666666666430e-01
7.5199999999996606e+01  1.6515180701389115e-01  1.6666666666666430e-01
7.5999999999995794e+01  1.6514522230096443e-01  1.6666666666666430e-01
7.6799999999995094e+01  1.6515594372440828e-01  1.6666666666666430e-01
7.7599999999994395e+01  1.6513835687520675e-01  1.6666666666666430e-01
7.8399999999993696e+01  1.6509655742993459e-01  1.6666666666666430e-01
7.9199999999992897e+01  1.6509177365783259e-01  1.6666666666666430e-01
7.9999999999992198e+01  1.6512887134522394e-01  1.6666666666666430e-01
8.0799999999991499e+01  1.6517240788310039e-01  1.6666666666666430e-01
8.1599999999990700e+01  1.6519337237847123e-01  1.6666666666666430e-01
8.2399999999990001e+01  1.6518703619886188e-01  1.6666666666666430e-01
8.3199999999989302e+01  1.6517488652492529e-01  1.6666666666666430e-01
8.3999999999988603e+01  1.6517725005327186e-01  1.6666666666666430e-01
8.4799999999987804e+01  1.6519490687136540e-01  1.6666666666666430e-01
8.5599999999987105e+01  1.6520207760167935e-01  1.6666666666666430e-01
8.6399999999986406e+01  1.6516702533584293e-01  1.6666666666666430e-01
8.7199999999985593e+01  1.6511640406342490e-01  1.6666666666666430e-01
8.7999999999984894e+01  1.6510805208779641e-01  1.6666666666666430e-01
8.8799999999984195e+01  1.6514044964769437e-01  1.6666666666666430e-01
8.9599999999983496e+01  1.6517478396178828e-01  1.6666666666666430e-01
9.0399999999982697e+01  1.6518136450742227e-01  1.6666666666666430e-01
9.1199999999981998e+01  1.6516673091585948e-01  1.6666666666666430e-01
9.1999999999981299e+01  1.6516302489502957e-01  1.6666666666666430e-01
9.2799999999980599e+01  1.6518502685561770e-01  1.6666666666666430e-01
9.3599999999979801e+01  1.6521687866648752e-01  1.6666666666666430e-01
9.4399999999979102e+01  1.6522604084796916e-01  1.6666666666666430e-01
9.5199999999978402e+01  1.6519052772280168e-01  1.6666666666666430e-01
9.5999999999977604e+01  1.6514140639322300e-01  1.6666666666666430e-01
9.6799999999976905e+01  1.6513196081020923e-01  1.6666666666666430e-01
9.7599999999976205e+01  1.6515798174593632e-01  1.6666666666666430e-01
9.8399999999975506e+01  1.6517666130292466e-01  1.6666666666666430e-01
9.9199999999974693e+01  1.6516565141919404e-01  1.6666666666666430e-01
9.9999999999973994e+01  1.6514770627751285e-01  1.6666666666666430e-01
1.0079999999997300e+02  1.6515204780273057e-01  1.6666666666666430e-01
1.0159999999997299e+02  1.6517860026124259e-01  1.6666666666666430e-01
1.0239999999997200e+02  1.6520809707030840e-01  1.6666666666666430e-01
1.0319999999997100e+02  1.6521517143894091e-01  1.6666666666666430e-01
1.0399999999997000e+02  1.6518788534938036e-01  1.6666666666666430e-01
1.0479999999997000e+02  1.6515622492245416e-01  1.6666666666666430e-01
1.0559999999996900e+02  1.6515514892493716e-01  1.6666666666666430e-01
1.0639999999996800e+02  1.6517495859427414e-01  1.6666666666666430e-01
1.0719999999996701e+02  1.6517940018792013e-01  1.6666666666666430e-01
1.0799999999996700e+02  1.6515762734514497e-01  1.6666666666666430e-01
1.0879999999996600e+02  1.6514205273521473e-01  1.6666666666666430e-01
1.0959999999996499e+02  1.6515346516186144e-01  1.6666666666666430e-01
1.1039999999996500e+02  1.6517911731342805e-01  1.6666666666666430e-01
1.1119999999996401e+02  1.6520036733149171e-01  1.6666666666666430e-01
1.1199999999996299e+02  1.6520338674064722e-01  1.6666666666666430e-01
1.1279999999996200e+02  1.6518802091748241e-01  1.6666666666666430e-01
1.1359999999996199e+02  1.6517475080678196e-01  1.6666666666666430e-01
1.1439999999996100e+02  1.6518229917220936e-01  1.6666666666666430e-01
1.1519999999996000e+02  1.6519959161661696e-01  1.6666666666666430e-01
1.1599999999995900e+02  1.6519419036685068e-01  1.6666666666666430e-01
1.1679999999995900e+02  1.6515999637706402e-01  1.6666666666666430e-01
1.1759999999995800e+02  1.6513851126613771e-01  1.6666666666666430e-01
1.1839999999995700e+02  1.6515066460232680e-01  1.6666666666666430e-01
1.1919999999995700e+02  1.6517704071722400e-01  1.6666666666666430e-01
1.1999999999995600e+02  1.6519126998941544e-01  1.6666666666666430e-01
1.2079999999995501e+02  1.6518308534789064e-01  1.6666666666666430e-01
1.2159999999995399e+02  1.6516950039727232e-01  1.6666666666666430e-01
1.2239999999995401e+02  1.6517212221824137e-01  1.6666666666666430e-01
1.2319999999995299e+02  1.6519111747792908e-01  1.6666666666666430e-01
1.2399999999995200e+02  1.6521034291275527e-01  1.6666666666666430e-01
1.2479999999995100e+02  1.6520383700910868e-01  1.6666666666666430e-01
1.2559999999995100e+02  1.6516845674428016e-01  1.6666666666666430e-01
1.2639999999995000e+02  1.6514498023815663e-01  1.6666666666666430e-01
1.2719999999994900e+02  1.6515586485364470e-01  1.6666666666666430e-01
1.2799999999994900e+02  1.6517874326633716e-01  1.6666666666666430e-01
1.2879999999994800e+02  1.6518309198236039e-01  1.6666666666666430e-01
1.2959999999994699e+02  1.6516812690079921e-01  1.6666666666666430e-01
1.3039999999994600e+02  1.6515916434136202e-01  1.6666666666666430e-01
1.3119999999994599e+02  1.6516968094575257e-01  1.6666666666666430e-01
1.3199999999994500e+02  1.6519320143338478e-01  1.6666666666666430e-01
1.3279999999994399e+02  1.6521031124111590e-01  1.6666666666666430e-01
1.3359999999994301e+02  1.6520426112229250e-01  1.6666666666666430e-01
1.3439999999994299e+02  1.6517910808194178e-01  1.6666666666666430e-01
1.3519999999994201e+02  1.6516146028015172e-01  1.6666666666666430e-01
1.3599999999994100e+02  1.6516833444763593e-01  1.6666666666666430e-01
1.3679999999994101e+02  1.6518327460817211e-01  1.6666666666666430e-01
1.3759999999994000e+02  1.6517783103529626e-01  1.6666666666666430e-01
1.3839999999993901e+02  1.6515599393254096e-01  1.6666666666666430e-01
1.3919999999993800e+02  1.6514878141957318e-01  1.6666666666666430e-01
1.3999999999993801e+02  1.6516539267730723e-01  1.6666666666666430e-01
1.4079999999993700e+02  1.6519247158622216e-01  1.6666666666666430e-01
1.4159999999993599e+02  1.6520892569372930e-01  1.6666666666666430e-01
1.4239999999993501e+02  1.6520261619399093e-01  1.6666666666666430e-01
1.4319999999993499e+02  1.6518533743966374e-01  1.6666666666666430e-01
1.4399999999993400e+02  1.6517847682829082e-01  1.6666666666666430e-01
1.4479999999993299e+02  1.6518779101499351e-01  1.6666666666666430e-01
1.4559999999993300e+02  1.6519617798623068e-01  1.6666666666666430e-01
1.4639999999993199e+02  1.6517839105361520e-01  1.6666666666666430e-01
1.4719999999993101e+02  1.6514417078963564e-01  1.6666666666666430e-01
1.4799999999993000e+02  1.6513264613603398e-01  1.6666666666666430e-01
1.4879999999993001e+02  1.6515200914771383e-01  1.6666666666666430e-01
1.4959999999992900e+02  1.6517885662191895e-01  1.6666666666666430e-01
1.5039999999992801e+02  1.6518977901325502e-01  1.6666666666666430e-01
1.5119999999992700e+02  1.6518302792461384e-01  1.6666666666666430e-01
1.5199999999992701e+02  1.6517850955073479e-01  1.6666666666666430e-01
1.5279999999992600e+02  1.6518914583968319e-01  1.6666666666666430e-01
1.5359999999992499e+02  1.6520874697596100e-01  1.6666666666666430e-01
1.5439999999992500e+02  1.6521870646583328e-01  1.6666666666666430e-01
1.5519999999992399e+02  1.6519989034926127e-01  1.6666666666666430e-01
1.5599999999992301e+02  1.6516312220484497e-01  1.6666666666666430e-01
1.5679999999992199e+02  1.6514632778640667e-01  1.6666666666666430e-01
1.5759999999992201e+02  1.6516008887796244e-01  1.6666666666666430e-01
1.5839999999992099e+02  1.6517854311035693e-01  1.6666666666666430e-01
1.5919999999992001e+02  1.6517668993361878e-01  1.6666666666666430e-01
1.5999999999991900e+02  1.6516069561965419e-01  1.6666666666666430e-01
1.6079999999991901e+02  1.6515656257392528e-01  1.6666666666666430e-01
1.6159999999991800e+02  1.6517413552968258e-01  1.6666666666666430e-01
1.6239999999991699e+02  1.6519887665702013e-01  1.6666666666666430e-01
1.6319999999991700e+02  1.6520981764325424e-01  1.6666666666666430e-01
1.6399999999991601e+02  1.6519465635505523e-01  1.6666666666666430e-01
1.6479999999991500e+02  1.6516756490144366e-01  1.6666666666666430e-01
1.6559999999991399e+02  1.6515813786672406e-01  1.6666666666666430e-01
1.6639999999991400e+02  1.6517126627339182e-01  1.6666666666666430e-01
1.6719999999991299e+02  1.6518437725154855e-01  1.6666666666666430e-01
1.6799999999991201e+02  1.6517510585959555e-01  1.6666666666666430e-01
1.6879999999991099e+02  1.6515499403345266e-01  1.6666666666666430e-01
1.6959999999991101e+02  1.6515324244446614e-01  1.6666666666666430e-01
1.7039999999990999e+02  1.6517428795697212e-01  1.6666666666666430e-01
1.7119999999990901e+02  1.6519951066856264e-01  1.6666666666666430e-01
1.7199999999990899e+02  1.6520738613986691e-01  1.6666666666666430e-01
1.7279999999990801e+02  1.6519333518440826e-01  1.6666666666666430e-01
1.7359999999990700e+02  1.6517464008672239e-01  1.6666666666666430e-01
1.7439999999990599e+02  1.6517102580506945e-01  1.6666666666666430e-01
1.7519999999990600e+02  1.6518349495474660e-01  1.6666666666666430e-01
1.7599999999990499e+02  1.6518990323646510e-01  1.6666666666666430e-01
1.7679999999990400e+02  1.6517009595175497e-01  1.6666666666666430e-01
1.7759999999990299e+02  1.6514361871880817e-01  1.6666666666666430e-01
1.7839999999990300e+02  1.6514211155654648e-01  1.6666666666666430e-01
1.7919999999990199e+02  1.6516450024686785e-01  1.6666666666666430e-01
1.7999999999990101e+02  1.6518971635867219e-01  1.6666666666666430e-01
1.8079999999990099e+02  1.6519641122267226e-01  1.6666666666666430e-01
1.8159999999990001e+02  1.6518379394986873e-01  1.6666666666666430e-01
1.8239999999989899e+02  1.6517309326549862e-01  1.6666666666666430e-01
1.8319999999989801e+02  1.6517921320643034e-01  1.6666666666666430e-01
1.8399999999989799e+02  1.6519606817648524e-01  1.6666666666666430e-01
1.8479999999989701e+02  1.6520082001238656e-01  1.6666666666666430e-01
1.8559999999989600e+02  1.6517588406944647e-01  1.6666666666666430e-01
1.8639999999989499e+02  1.6514302579591167e-01  1.6666666666666430e-01
1.8719999999989500e+02  1.6513787993157480e-01  1.6666666666666430e-01
1.8799999999989399e+02  1.6515936726608937e-01  1.6666666666666430e-01
1.8879999999989300e+02  1.6517897222507555e-01  1.6666666666666430e-01
1.8959999999989299e+02  1.6517851367953665e-01  1.6666666666666430e-01
1.9039999999989200e+02  1.6516649715179499e-01  1.6666666666666430e-01
1.9119999999989099e+02  1.6516365383271769e-01  1.6666666666666430e-01
1.9199999999989001e+02  1.6517873554209145e-01  1.6666666666666430e-01
1.9279999999988999e+02  1.6520025202861399e-01  1.6666666666666430e-01
1.9359999999988901e+02  1.6520580296403761e-01  1.6666666666666430e-01
1.9439999999988800e+02  1.6518625395820172e-01  1.6666666666666430e-01
1.9519999999988701e+02  1.6515960140251820e-01  1.6666666666666430e-01
1.9599999999988700e+02  1.6515172049206561e-01  1.6666666666666430e-01
1.9679999999988601e+02  1.6516701944983378e-01  1.6666666666666430e-01
1.9759999999988500e+02  1.6518051491223013e-01  1.6666666666666430e-01
1.9839999999988501e+02  1.6517053465451934e-01  1.6666666666666430e-01
1.9919999999988400e+02  1.6515233190415876e-01  1.6666666666666430e-01
1.9999999999988299e+02  1.6515113487483615e-01  1.6666666666666430e-01
2.0000666666654999e+02  1.6515121944794647e-01  1.6666666666666430e-01
