# downsampled to dt=0.5 from the every-step stream
# time min_lapse min_chi max_abs_K min_lapse_x min_lapse_y min_lapse_z max_ah_r min_theta_plus r_at_min_theta_plus min_phi max_phi min_Pi max_Pi pump_work
   0.0100000    9.6612923926e-01    9.8230749026e-01    1.1105168926e-01    6.3250000000e+01    6.3750000000e+01    6.3750000000e+01    0.0000000000e+00    3.0511337145e-02    6.5250682680e+01    9.3801772648e-31    3.3375963818e-02   -5.5518564186e-03    5.2757764347e-05    0.0000000000e+00
   0.5100000    8.6566997904e-01    9.8495493430e-01    1.1222870246e-01    6.3750000000e+01    6.3750000000e+01    6.3750000000e+01    0.0000000000e+00    3.0592760200e-02    6.5081422476e+01    8.0998581830e-31    1.9566786688e-02   -6.9144849612e-02    1.9708987331e-03    0.0000000000e+00
   1.0100000    7.5575516652e-01    9.8596291093e-01    1.1629207532e-01    6.3750000000e+01    6.3750000000e+01    6.3750000000e+01    0.0000000000e+00    3.0596568612e-02    6.5081422476e+01   -1.9480641737e-02    1.7002667197e-02   -5.1536872333e-02    2.0392691957e-03    0.0000000000e+00
   1.5100000    6.8097944083e-01    9.8681034400e-01    1.0973692066e-01    6.3750000000e+01    6.3750000000e+01    6.3750000000e+01    0.0000000000e+00    3.0599752940e-02    6.5081422476e+01   -2.4778697471e-02    1.4105768006e-02   -3.4621361722e-02    3.1337332257e-02    0.0000000000e+00
   2.0100000    6.3494667493e-01    9.8758271778e-01    1.0930409643e-01    6.2750000000e+01    6.3750000000e+01    6.3750000000e+01    0.0000000000e+00    3.0445211218e-02    6.5420811955e+01   -1.9237113002e-02    1.0583329663e-02   -2.7614213244e-02    3.6606104864e-02    0.0000000000e+00
   2.5100000    5.9355768989e-01    9.8830195761e-01    1.0502115916e-01    6.2250000000e+01    6.3750000000e+01    6.3750000000e+01    0.0000000000e+00    3.0636961639e-02    6.5011345102e+01   -1.5378499513e-02    7.7145909802e-03   -2.4985169701e-02    2.8003372369e-02    0.0000000000e+00
   3.0100000    5.5339156948e-01    9.8896396123e-01    1.1906550036e-01    6.1250000000e+01    6.3750000000e+01    6.3750000000e+01    0.0000000000e+00    3.0477042527e-02    6.5352839276e+01   -1.3373821081e-02    5.2737325171e-03   -2.2779897098e-02    2.3973551927e-02    0.0000000000e+00
   3.5100000    5.1425125485e-01    9.8957621264e-01    1.1097981021e-01    6.7250000000e+01    6.3750000000e+01    6.3750000000e+01    0.0000000000e+00    3.0662471433e-02    6.4950062527e+01   -1.3336259278e-02    6.6447413473e-03   -2.0510626858e-02    2.0416443389e-02    0.0000000000e+00
   4.0100000    4.8694161010e-01    9.9013977355e-01    3.6387430245e-02    6.7250000000e+01    6.3750000000e+01    6.3750000000e+01    0.0000000000e+00    3.0662725726e-02    6.4950062527e+01   -1.4623107740e-02    8.6128482246e-03   -1.9226593746e-02    1.6269207708e-02    0.0000000000e+00
   4.5100000    5.1462825775e-01    9.9066109246e-01    1.2974019495e-01    6.0250000000e+01    6.3750000000e+01    6.3750000000e+01    0.0000000000e+00    3.0584049249e-02    6.5121377263e+01   -1.6667848133e-02    9.6472534116e-03   -1.7684552944e-02    1.1656335949e-02    0.0000000000e+00
   5.0100000    5.5946262819e-01    9.9114221502e-01    1.8079261244e-01    6.1750000000e+01    6.3750000000e+01    6.3750000000e+01    0.0000000000e+00    3.0557260532e-02    6.5181671498e+01   -1.8633556978e-02    9.8239206580e-03   -1.4853524306e-02    9.2472516080e-03    0.0000000000e+00
   5.5100000    5.9237582675e-01    9.9158946010e-01    1.3425056272e-01    6.2750000000e+01    6.3750000000e+01    6.3750000000e+01    0.0000000000e+00    3.0448267634e-02    6.5420811955e+01   -2.0504298070e-02    8.7308614051e-03   -1.0736726775e-02    6.9292780068e-03    0.0000000000e+00
   6.0100000    6.2692772919e-01    9.8886693587e-01    1.1619695286e-01    6.3750000000e+01    6.4250000000e+01    6.4250000000e+01    0.0000000000e+00    3.0605358155e-02    6.5081422476e+01   -2.1424561900e-02    5.6075714465e-03   -1.3857702994e-02    5.7580960287e-03    0.0000000000e+00
   6.5100000    6.6890981881e-01    9.8860833952e-01    1.0327881382e-01    6.3750000000e+01    6.4750000000e+01    6.4750000000e+01    0.0000000000e+00    3.0449756798e-02    6.5419504957e+01   -2.0985065996e-02    3.8860008387e-04   -1.9623996719e-02    1.0245861224e-02    0.0000000000e+00
   7.0100000    7.0796415684e-01    9.8934573251e-01    1.0352702509e-01    6.3750000000e+01    6.6250000000e+01    6.6250000000e+01    0.0000000000e+00    3.0515409075e-02    6.5273279564e+01   -1.9578830251e-02    3.2945716323e-04   -1.9852785193e-02    1.2543900952e-02    0.0000000000e+00
   7.5100000    7.3667926236e-01    9.8352764514e-01    1.1405201179e-01    6.3750000000e+01    6.6750000000e+01    6.7250000000e+01    0.0000000000e+00    3.0545903206e-02    6.5205112422e+01   -1.7525939277e-02    2.8001230840e-04   -1.5859890701e-02    1.3297227387e-02    0.0000000000e+00
   8.0100000    7.5994422982e-01    9.6031978931e-01    9.7885214481e-02    6.3750000000e+01    6.7750000000e+01    6.7750000000e+01    0.0000000000e+00    3.1042656677e-02    6.4144759466e+01   -1.9234371529e-02    2.3254581282e-04   -1.2383348113e-02    1.3457414717e-02    0.0000000000e+00
   8.5100000    7.8008285035e-01    9.5173892066e-01    8.3036474149e-02    6.3750000000e+01    6.8750000000e+01    6.8250000000e+01    0.0000000000e+00    3.1070009263e-02    6.4083278108e+01   -2.0857680215e-02    1.8930483778e-04   -1.1577525533e-02    1.4073185923e-02    0.0000000000e+00
   9.0100000    7.9719118534e-01    9.5030035214e-01    7.4468606287e-02    6.3750000000e+01    6.9250000000e+01    6.8750000000e+01    0.0000000000e+00    3.1395351669e-02    6.3409915144e+01   -2.0671756103e-02    1.4820040942e-03   -2.1474388477e-03    1.4011223738e-02    0.0000000000e+00
   9.5100000    8.1165656075e-01    9.4886154932e-01    6.6827963435e-02    6.3750000000e+01    6.9750000000e+01    6.9750000000e+01    0.0000000000e+00    3.1425230014e-02    6.3349754251e+01   -1.5281061736e-02    5.3557343705e-03   -1.5389389177e-03    1.5181621341e-02    0.0000000000e+00
  10.0100000    8.2403961118e-01    9.4881391409e-01    6.0633164546e-02    6.3750000000e+01    7.0750000000e+01    7.0250000000e+01    0.0000000000e+00    3.1452163973e-02    6.3292690204e+01   -1.2148901178e-02    9.1425061181e-03   -1.1112194631e-03    1.2571012218e-02    0.0000000000e+00
  10.5100000    8.3465144418e-01    9.4984994039e-01    5.5502398313e-02    6.3750000000e+01    7.1250000000e+01    7.0750000000e+01    0.0000000000e+00    3.2056423996e-02    6.2086714070e+01   -9.5209018632e-03    1.2363206449e-02   -8.0057737206e-04    1.6185183721e-02    0.0000000000e+00
  11.0100000    8.4397634776e-01    9.5101377310e-01    5.1497194851e-02    6.3750000000e+01    7.1750000000e+01    7.1750000000e+01    0.0000000000e+00    3.2597332613e-02    6.1042937573e+01   -6.7633522681e-03    1.4653122871e-02   -5.8479315565e-04    1.6227108246e-02    0.0000000000e+00
  11.5100000    8.5214389802e-01    9.5143643074e-01    4.8496527535e-02    6.3750000000e+01    7.2250000000e+01    7.2250000000e+01    0.0000000000e+00    3.2438991554e-02    6.1346883748e+01   -4.0711641412e-03    1.6188096741e-02   -4.3345232545e-04    1.2561331534e-02    0.0000000000e+00
  12.0100000    8.5948978106e-01    9.5141750086e-01    4.5754202933e-02    6.3750000000e+01    7.3250000000e+01    7.2250000000e+01    0.0000000000e+00    3.3072493996e-02    6.0152863742e+01   -1.6755017922e-03    1.6716054937e-02   -3.4770268682e-04    1.1490101458e-02    0.0000000000e+00
  12.5100000    8.6603462612e-01    9.5036785213e-01    4.3037686434e-02    6.3750000000e+01    7.6250000000e+01    5.8250000000e+01    0.0000000000e+00    3.3514839930e-02    5.9346269296e+01   -6.4042245875e-04    1.6474485342e-02   -6.1825694588e-03    7.5691173637e-03    0.0000000000e+00
  13.0100000    8.7191742912e-01    9.4915355525e-01    4.0372013382e-02    6.3750000000e+01    7.7250000000e+01    5.8750000000e+01    0.0000000000e+00    3.3142220354e-02    6.0022617329e+01   -4.4078581892e-04    1.6982249067e-02   -9.4379891175e-03    6.8213601620e-03    0.0000000000e+00
  13.5100000    8.7727231843e-01    9.4825360978e-01    3.8057091320e-02    6.3750000000e+01    7.7750000000e+01    5.7750000000e+01    0.0000000000e+00    3.3452613100e-02    5.9459059755e+01   -3.1197099748e-04    1.7619127975e-02   -8.4788011233e-03    6.1227638209e-03    0.0000000000e+00
  14.0100000    8.8218541903e-01    9.4772544672e-01    3.6043521395e-02    6.3750000000e+01    7.8750000000e+01    5.8250000000e+01    0.0000000000e+00    3.3624976514e-02    5.9148150178e+01   -2.2602808849e-04    1.7432045308e-02   -6.3044078733e-03    5.3264342339e-03    0.0000000000e+00
  14.5100000    8.8670875916e-01    9.4786884102e-01    3.4201741400e-02    6.3750000000e+01    7.9250000000e+01    5.7250000000e+01    0.0000000000e+00    3.4222075272e-02    5.8104018820e+01   -1.7379096768e-04    1.6695159225e-02   -7.0458611188e-03    4.8511599685e-03    0.0000000000e+00
  15.0100000    8.9087274869e-01    9.4861741748e-01    3.2514362787e-02    6.3750000000e+01    8.0250000000e+01    5.7750000000e+01    0.0000000000e+00    3.4710530725e-02    5.7275426450e+01   -1.1040749376e-03    1.7462089759e-02   -9.0792447264e-03    4.7563170506e-03    0.0000000000e+00
  15.5100000    8.9474734978e-01    9.4895242365e-01    3.0968711606e-02    6.3750000000e+01    8.1250000000e+01    5.8250000000e+01    0.0000000000e+00    3.4610157346e-02    5.7444197923e+01   -2.6036667710e-03    1.9307211749e-02   -1.3064138556e-02    5.0669483913e-03    0.0000000000e+00
  16.0100000    8.9833549475e-01    9.4844954151e-01    2.9556742596e-02    6.3750000000e+01    8.1750000000e+01    5.7250000000e+01    0.0000000000e+00    3.5246806474e-02    5.6394359660e+01   -4.3340362176e-03    1.9624231879e-02   -1.4912011836e-02    7.9918704949e-03    0.0000000000e+00
  16.5100000    9.0167319199e-01    9.4800370830e-01    2.8274019495e-02    6.3750000000e+01    8.2250000000e+01    5.6750000000e+01    0.0000000000e+00    3.5355178144e-02    5.6220271136e+01   -7.0468717792e-03    1.9575689599e-02   -1.6922951175e-02    1.2590445120e-02    0.0000000000e+00
  17.0100000    9.0479873356e-01    9.4775477534e-01    2.7095566273e-02    6.3750000000e+01    8.3250000000e+01    5.7250000000e+01    0.0000000000e+00    3.6535362191e-02    5.4390388836e+01   -7.8482022226e-03    2.1433294818e-02   -1.8313603969e-02    1.6283666714e-02    0.0000000000e+00
  17.5100000    9.0772577345e-01    9.4758710158e-01    2.6004967509e-02    6.3750000000e+01    8.3750000000e+01    5.6250000000e+01    0.0000000000e+00    3.6574889891e-02    5.4343746306e+01   -8.0676160868e-03    2.4197445262e-02   -1.8405431693e-02    1.1233825119e-02    0.0000000000e+00
  18.0100000    9.1047611830e-01    9.4743966473e-01    2.5019908243e-02    6.3750000000e+01    8.4250000000e+01    5.5750000000e+01    0.0000000000e+00    3.6712886252e-02    5.4180051138e+01   -8.0905912098e-03    1.8695487031e-02   -2.5050915042e-02    8.3558888126e-03    0.0000000000e+00
  18.5100000    9.1305722193e-01    9.4776559239e-01    2.4100288035e-02    6.3750000000e+01    8.5250000000e+01    5.6250000000e+01    0.0000000000e+00    3.8211771753e-02    5.2346271346e+01   -8.4477899577e-03    1.2313793620e-02   -2.5477379418e-02    9.7513254639e-03    0.0000000000e+00
  19.0100000    9.1549513940e-01    9.4797873224e-01    2.3240562693e-02    6.3750000000e+01    5.5250000000e+01    8.5750000000e+01    0.0000000000e+00    3.9092046283e-02    5.1307180641e+01   -1.0446622427e-02    9.6975523599e-03   -2.0339210734e-02    9.7558372874e-03    0.0000000000e+00
  19.5100000    9.1779628373e-01    9.4763035490e-01    2.2435686073e-02    6.3750000000e+01    8.6250000000e+01    5.4750000000e+01    0.0000000000e+00    4.0050392760e-02    5.0162945429e+01   -1.2959067610e-02    5.9051407414e-03   -2.0651009906e-02    8.6613669593e-03    0.0000000000e+00
  20.0100000    9.1996880540e-01    9.4713729701e-01    2.1704938465e-02    6.3750000000e+01    8.7250000000e+01    5.5250000000e+01    0.0000000000e+00    3.9942146760e-02    5.0311590400e+01   -1.4981513942e-02    4.6237165601e-03   -1.7991186584e-02    9.3526544354e-03    0.0000000000e+00
  20.5100000    9.2203545221e-01    9.4677595795e-01    2.2329348787e-02    6.3750000000e+01    8.8250000000e+01    5.5750000000e+01    0.0000000000e+00    4.1353516955e-02    4.8464925076e+01   -1.5470048683e-02    2.5340925358e-03   -1.6316426728e-02    1.0232091103e-02    0.0000000000e+00
  21.0100000    9.2398726717e-01    9.4688960564e-01    2.0366579893e-02    6.3750000000e+01    5.3750000000e+01    8.8250000000e+01    0.0000000000e+00    4.1537509636e-02    4.8142503276e+01   -1.6953461520e-02    1.8556201464e-03   -1.0354394833e-02    8.1954840754e-03    0.0000000000e+00
  21.5100000    9.2584506442e-01    9.4723187257e-01    1.9752586730e-02    6.3750000000e+01    5.4250000000e+01    8.9250000000e+01    0.0000000000e+00    4.2269484205e-02    4.7289662519e+01   -1.9006849870e-02    1.5073491225e-03   -1.0337316449e-02    7.5583520291e-03    0.0000000000e+00
  22.0100000    9.2762179265e-01    9.4764236799e-01    1.9171902988e-02    6.3750000000e+01    5.4750000000e+01    9.0250000000e+01    0.0000000000e+00    4.3031385619e-02    4.6433823359e+01   -1.9831516277e-02    1.2069286899e-03   -1.6112726189e-02    6.3596865739e-03    0.0000000000e+00
  22.5100000    9.2930214966e-01    9.4810534510e-01    2.0483306048e-02    6.3750000000e+01    5.2750000000e+01    9.0250000000e+01    0.0000000000e+00    4.2980871423e-02    4.6473691286e+01   -1.9263481787e-02    9.9536832183e-04   -1.7536185603e-02    5.9027438143e-03    0.0000000000e+00
  23.0100000    9.3090977544e-01    9.4616190583e-01    1.8127594106e-02    6.3750000000e+01    5.2250000000e+01    9.0750000000e+01    0.0000000000e+00    4.4024893973e-02    4.5345809556e+01   -1.7222623698e-02    8.3312809879e-04   -6.5953595224e-03    2.5377437294e-02    0.0000000000e+00
  23.5100000    9.3244173336e-01    9.3985723608e-01    1.7647735271e-02    6.3750000000e+01    5.2750000000e+01    9.1750000000e+01    0.0000000000e+00    4.5891254598e-02    4.3480528049e+01   -1.1913801303e-02    7.4489377767e-04   -8.1438337729e-03    2.2741238328e-02    0.0000000000e+00
  24.0100000    9.3391238493e-01    9.4115057484e-01    1.7190523008e-02    6.3750000000e+01    5.3250000000e+01    9.2750000000e+01    0.0000000000e+00    4.6096157290e-02    4.3290399992e+01   -1.0815681122e-02    5.5364919859e-03   -5.1892423185e-03    2.0351019196e-02    0.0000000000e+00
  24.5100000    9.2939414818e-01    9.4371623756e-01    1.6755661071e-02    6.4250000000e+01    6.5750000000e+01    6.5750000000e+01    0.0000000000e+00    3.0676957650e-02    6.4938625475e+01   -9.3551898133e-03    1.2278638839e-02   -3.3453670087e-03    1.9246029617e-02    0.0000000000e+00
  25.0100000    9.2491539951e-01    9.4432241895e-01    1.6354003380e-02    6.4250000000e+01    6.5250000000e+01    6.5250000000e+01    0.0000000000e+00    3.0567797310e-02    6.5176516632e+01   -7.2629654027e-03    1.7317274276e-02   -2.8056898544e-03    1.6860530630e-02    0.0000000000e+00
  25.5100000    9.2092248639e-01    9.4305900536e-01    1.5971016439e-02    6.4250000000e+01    6.4750000000e+01    6.4750000000e+01    0.0000000000e+00    3.0456116961e-02    6.5419504957e+01   -4.5400281238e-03    2.0828376520e-02   -3.6029275868e-03    1.7695366159e-02    0.0000000000e+00
  26.0100000    9.2099158036e-01    9.4080494536e-01    1.5605274929e-02    6.4250000000e+01    6.4250000000e+01    6.4250000000e+01    0.0000000000e+00    3.0612379664e-02    6.5081422476e+01   -2.2219744323e-03    2.0408456268e-02   -1.5830163148e-02    1.8407721502e-02    0.0000000000e+00
  26.5100000    9.2233774123e-01    9.3867828268e-01    1.5255971488e-02    6.4750000000e+01    6.4750000000e+01    6.4750000000e+01    0.0000000000e+00    3.0647834251e-02    6.5007468861e+01   -2.0203423464e-03    2.0817328823e-02   -1.3873473334e-02    1.8520170492e-02    0.0000000000e+00
  27.0100000    9.2263573303e-01    9.3666178267e-01    1.4922596482e-02    6.4250000000e+01    6.4750000000e+01    6.4750000000e+01    0.0000000000e+00    3.0456532601e-02    6.5419504957e+01   -2.7287484275e-03    2.0508265462e-02   -1.1359907648e-02    1.6657334418e-02    0.0000000000e+00
  27.5100000    9.2298426661e-01    9.3460359416e-01    1.4599685003e-02    6.4750000000e+01    6.4750000000e+01    6.4750000000e+01    0.0000000000e+00    3.0648199227e-02    6.5007468861e+01   -3.4396806275e-03    2.0212021708e-02   -1.0201916754e-02    1.4133621368e-02    0.0000000000e+00
  28.0100000    9.2263006628e-01    9.3288578902e-01    1.4297636231e-02    6.5250000000e+01    6.4750000000e+01    6.4750000000e+01    0.0000000000e+00    3.0569952367e-02    6.5175227852e+01   -3.6463448420e-03    1.9283592859e-02   -8.1930186531e-03    1.2866081232e-02    0.0000000000e+00
  28.5100000    9.2126113773e-01    9.3149182124e-01    1.4028864304e-02    6.5750000000e+01    6.4750000000e+01    6.4750000000e+01    0.0000000000e+00    3.0491397931e-02    6.5343841624e+01   -3.4688279166e-03    1.8063832852e-02   -6.7052230637e-03    1.1992989641e-02    0.0000000000e+00
  29.0100000    9.1941485615e-01    9.3023981756e-01    1.3763775753e-02    6.5750000000e+01    6.4750000000e+01    6.4750000000e+01    0.0000000000e+00    3.0491642651e-02    6.5343841624e+01   -2.6744952557e-03    1.6987600140e-02   -7.0666926325e-03    1.1185786552e-02    0.0000000000e+00
  29.5100000    9.1805806466e-01    9.2836805419e-01    1.3489587351e-02    6.5250000000e+01    6.4750000000e+01    6.4750000000e+01    0.0000000000e+00    3.0570714966e-02    6.5175227852e+01   -1.5233411985e-03    1.6331125138e-02   -7.8321777568e-03    1.0158007248e-02    0.0000000000e+00
  30.0100000    9.1720757462e-01    9.2593241144e-01    1.3225475905e-02    6.4750000000e+01    6.4750000000e+01    6.4750000000e+01    0.0000000000e+00    3.0649541904e-02    6.5007468861e+01   -1.2845051148e-03    1.5841430298e-02   -1.1163259904e-02    8.9385033647e-03    0.0000000000e+00
  30.5100000    9.1611730419e-01    9.2340500563e-01    1.2977006986e-02    6.4750000000e+01    6.4750000000e+01    6.4750000000e+01    0.0000000000e+00    3.0649940917e-02    6.5007468861e+01   -1.1575175125e-03    1.5460622090e-02   -1.4141762193e-02    7.6732356033e-03    0.0000000000e+00
  31.0100000    9.1512468238e-01    9.2067438175e-01    1.2725725340e-02    6.4750000000e+01    6.4750000000e+01    6.4750000000e+01    0.0000000000e+00    3.0650410002e-02    6.5007468861e+01   -3.0139877520e-03    1.5000395783e-02   -1.5530703885e-02    6.0943574354e-03    0.0000000000e+00
  31.5100000    9.1402020153e-01    9.1782276587e-01    1.2492810910e-02    6.4750000000e+01    6.4250000000e+01    6.4250000000e+01    0.0000000000e+00    3.0536817765e-02    6.5250682680e+01   -6.4772037233e-03    1.4462240009e-02   -1.3775367892e-02    4.3083430621e-03    0.0000000000e+00
  32.0100000    9.1369273798e-01    9.1483424142e-01    1.2273416573e-02    6.4750000000e+01    6.4750000000e+01    6.4750000000e+01    0.0000000000e+00    3.0651644893e-02    6.5007468861e+01   -1.1755249620e-02    1.3601118305e-02   -1.0630175448e-02    2.4933599165e-03    0.0000000000e+00
  32.5100000    9.1331403858e-01    9.1188863755e-01    1.2056624805e-02    6.4750000000e+01    6.4750000000e+01    6.4750000000e+01    0.0000000000e+00    3.0652470956e-02    6.5007468861e+01   -1.5555877741e-02    1.1898201113e-02   -1.0406375842e-02    1.1725633069e-03    0.0000000000e+00
  33.0100000    9.1201576158e-01    9.0923982645e-01    1.1848148508e-02    6.4750000000e+01    6.5250000000e+01    6.5250000000e+01    0.0000000000e+00    3.0497110060e-02    6.5342556144e+01   -1.6921255058e-02    9.1594032812e-03   -1.1289105437e-02    4.2927498706e-03    0.0000000000e+00
  33.5100000    9.1101342104e-01    9.0660592369e-01    1.1646502412e-02    6.4750000000e+01    6.5750000000e+01    6.5250000000e+01    0.0000000000e+00    3.0686881606e-02    6.4936083635e+01   -1.6778307781e-02    5.6707986988e-03   -1.2344350115e-02    9.2926735908e-03    0.0000000000e+00
  34.0100000    9.1026021559e-01    9.0364975283e-01    1.1451529816e-02    6.4750000000e+01    6.5250000000e+01    6.5250000000e+01    0.0000000000e+00    3.0499867591e-02    6.5342556144e+01   -1.7952115367e-02    2.3480992068e-03   -1.3007044904e-02    9.2102270640e-03    0.0000000000e+00
  34.5100000    9.0877232893e-01    9.0070260087e-01    1.1261227698e-02    6.4750000000e+01    6.5250000000e+01    6.5250000000e+01    0.0000000000e+00    3.0501944381e-02    6.5342556144e+01   -1.8394495337e-02    8.5180602111e-04   -1.3101590251e-02    4.9577902521e-03    0.0000000000e+00
  35.0100000    9.0702717136e-01    8.9756253745e-01    1.1078207527e-02    6.4750000000e+01    6.4750000000e+01    6.4750000000e+01    0.0000000000e+00    3.0661910754e-02    6.5007468861e+01   -1.8448779678e-02    7.9170863261e-04   -1.1602846638e-02    4.5152104474e-03    0.0000000000e+00
  35.5100000    9.0544209452e-01    8.9415791169e-01    1.0901605897e-02    6.4750000000e+01    6.4750000000e+01    6.4750000000e+01    0.0000000000e+00    3.0666469607e-02    6.5007468861e+01   -1.8331964838e-02    7.4959848310e-04   -9.3921440216e-03    6.1534393798e-03    0.0000000000e+00
  36.0100000    9.0414159663e-01    8.9060206681e-01    1.0730840662e-02    6.4750000000e+01    6.4750000000e+01    6.4750000000e+01    0.0000000000e+00    3.0673326626e-02    6.5007468861e+01   -1.8784233938e-02    7.0430078108e-04   -7.2449013142e-03    6.7772451520e-03    0.0000000000e+00
  36.5100000    9.0295576422e-01    8.8703392464e-01    1.0565820206e-02    6.4750000000e+01    6.4750000000e+01    6.4750000000e+01    0.0000000000e+00    3.0683755230e-02    6.5007468861e+01   -1.9470844402e-02    6.4915909849e-04   -1.0116732357e-02    8.2584332491e-03    0.0000000000e+00
  37.0100000    9.0153521817e-01    8.8344217169e-01    1.1190324934e-02    6.4750000000e+01    6.4750000000e+01    6.4750000000e+01    0.0000000000e+00    3.0699889868e-02    6.5007468861e+01   -2.1211963581e-02    6.1908390237e-04   -1.2311091678e-02    9.1844490166e-03    0.0000000000e+00
  37.5100000    9.0029126524e-01    8.7970647030e-01    1.2395959790e-02    6.4750000000e+01    6.5250000000e+01    6.5250000000e+01    0.0000000000e+00    3.0562655566e-02    6.5342556144e+01   -2.2350896634e-02    8.8962291039e-04   -3.8869225370e-03    9.5870894511e-03    0.0000000000e+00
  38.0100000    8.9757124637e-01    8.7660072648e-01    1.1952862793e-02    6.4750000000e+01    6.5750000000e+01    6.5750000000e+01    0.0000000000e+00    3.0754488919e-02    6.5102364555e+01   -1.8074990841e-02    2.0695716167e-03   -8.1533052213e-04    1.8188204811e-02    0.0000000000e+00
  38.5100000    8.9252188331e-01    8.7465058360e-01    1.5888950765e-02    6.4750000000e+01    6.5750000000e+01    6.5250000000e+01    0.0000000000e+00    3.0931533369e-02    6.4936083635e+01   -1.2802231487e-02    3.7376408977e-03   -8.8519127339e-04    1.9416765694e-02    0.0000000000e+00
  39.0100000    8.8495028677e-01    8.7322919240e-01    1.9423460075e-02    6.4750000000e+01    6.5250000000e+01    6.5250000000e+01    0.0000000000e+00    3.0769861928e-02    6.5342556144e+01   -8.9209211952e-03    5.7648645853e-03   -1.0115380709e-03    1.7533435122e-02    0.0000000000e+00
  39.5100000    8.7453161621e-01    8.7153866202e-01    2.2689517876e-02    6.5250000000e+01    6.4750000000e+01    6.4750000000e+01    0.0000000000e+00    3.1014372854e-02    6.5175227852e+01   -4.3313643737e-03    8.7989719707e-03   -1.1301161917e-03    1.6275031776e-02    0.0000000000e+00
  40.0100000    8.6146500296e-01    8.6929999166e-01    2.5760076120e-02    6.4750000000e+01    6.4750000000e+01    6.4750000000e+01    0.0000000000e+00    3.1283967247e-02    6.5007468861e+01   -6.4514541492e-04    1.1781778176e-02   -1.2334620709e-03    1.5885434130e-02    0.0000000000e+00
  40.5100000    8.4614155709e-01    8.6640921882e-01    3.0121497270e-02    6.4750000000e+01    6.4250000000e+01    6.4250000000e+01    0.0000000000e+00    3.1264117370e-02    6.5250682680e+01   -7.4145497655e-04    1.5043949709e-02   -2.0019033234e-03    1.6335722315e-02    0.0000000000e+00
  41.0100000    8.3087330346e-01    8.6218762801e-01    2.0088440315e-02    6.4250000000e+01    6.4250000000e+01    6.4250000000e+01    0.0000000000e+00    3.1650743202e-02    6.5081422476e+01   -8.3926530360e-04    1.9407518258e-02   -6.9338948924e-03    1.2640407599e-02    0.0000000000e+00
  41.5100000    8.2822049529e-01    8.5476395432e-01    1.9858214813e-02    6.4250000000e+01    6.4750000000e+01    6.4750000000e+01    0.0000000000e+00    3.1598714640e-02    6.5419504957e+01   -9.2753286563e-04    2.0891418773e-02   -5.5464559574e-03    1.1094511015e-02    0.0000000000e+00
  42.0100000    8.2109079538e-01    8.4634226922e-01    2.3843748455e-02    6.4750000000e+01    6.4250000000e+01    6.4250000000e+01    0.0000000000e+00    3.1843385435e-02    6.5250682680e+01   -9.2393486996e-04    2.1088911620e-02   -7.3070965115e-03    1.3582480487e-02    0.0000000000e+00
  42.5100000    8.1074537068e-01    8.4079929736e-01    2.5040737895e-02    6.4250000000e+01    6.4250000000e+01    6.4250000000e+01    0.0000000000e+00    3.2047520249e-02    6.5081422476e+01   -8.6540089417e-04    2.2438113912e-02   -1.1530802820e-02    1.0659859364e-02    0.0000000000e+00
  43.0100000    8.0686242014e-01    8.3531292904e-01    2.3417028983e-02    6.4250000000e+01    6.4750000000e+01    6.4750000000e+01    0.0000000000e+00    3.1887142505e-02    6.5419504957e+01   -8.0412550120e-04    2.0279346838e-02   -2.4287613342e-02    5.4195307182e-03    0.0000000000e+00
  43.5100000    8.0623079077e-01    8.2963984214e-01    2.1048322202e-02    6.4250000000e+01    6.5250000000e+01    6.4750000000e+01    0.0000000000e+00    3.2092520530e-02    6.5008760967e+01   -3.4048834653e-03    1.6598513464e-02   -1.9864098154e-02    1.3244079022e-03    0.0000000000e+00
  44.0100000    8.0177560484e-01    8.2621740067e-01    2.2654958216e-02    6.4750000000e+01    6.4750000000e+01    6.4750000000e+01    0.0000000000e+00    3.2099863784e-02    6.5007468861e+01   -6.3876584136e-03    1.3283032530e-02   -2.0756390122e-02    1.2040786790e-03    0.0000000000e+00
  44.5100000    7.9373619804e-01    8.2308437340e-01    2.4720805921e-02    6.4750000000e+01    6.4750000000e+01    6.4750000000e+01    0.0000000000e+00    3.2061438195e-02    6.5007468861e+01   -8.7166913067e-03    9.5114446407e-03   -1.9268753331e-02    2.0315227595e-03    0.0000000000e+00
  45.0100000    7.8521988112e-01    8.1862223563e-01    2.5762187174e-02    6.4750000000e+01    6.4750000000e+01    6.4750000000e+01    0.0000000000e+00    3.2007036243e-02    6.5007468861e+01   -1.0798090628e-02    5.6696536565e-03   -1.8896643839e-02    4.2933520224e-03    0.0000000000e+00
  45.5100000    7.7675448072e-01    8.1292730969e-01    2.6114882074e-02    6.4250000000e+01    6.4750000000e+01    6.4750000000e+01    0.0000000000e+00    3.1779369438e-02    6.5419504957e+01   -1.4964100986e-02    3.3242348266e-03   -1.8770541342e-02    5.6229687804e-03    0.0000000000e+00
  46.0100000    7.6814078202e-01    8.0645054628e-01    2.6562323849e-02    6.4250000000e+01    6.4750000000e+01    6.4750000000e+01    0.0000000000e+00    3.1723312215e-02    6.5419504957e+01   -1.9426077085e-02    1.5831367148e-03   -1.9371788492e-02    6.4842044110e-03    0.0000000000e+00
  46.5100000    7.6388116892e-01    7.9852630319e-01    2.1062486943e-02    6.3750000000e+01    6.4750000000e+01    6.4750000000e+01    0.0000000000e+00    3.1675496159e-02    6.5419504957e+01   -2.0978285683e-02    1.5192168942e-03   -1.2189786210e-02    1.7127604382e-02    0.0000000000e+00
  47.0100000    7.6372940594e-01    7.9016310462e-01    2.1997533417e-02    6.4750000000e+01    6.4750000000e+01    6.4750000000e+01    0.0000000000e+00    3.1603154979e-02    6.5007468861e+01   -1.8566762653e-02    1.3738326819e-03   -1.1813826053e-02    2.2776364371e-02    0.0000000000e+00
  47.5100000    7.6018121674e-01    7.8310050187e-01    2.5153446714e-02    6.4750000000e+01    6.4750000000e+01    6.4750000000e+01    0.0000000000e+00    3.1338836814e-02    6.5007468861e+01   -2.0672863970e-02    1.0762103901e-03   -1.1125931190e-02    1.5259415267e-02    0.0000000000e+00
  48.0100000    7.5649623655e-01    7.7660242562e-01    2.7293520038e-02    6.4250000000e+01    6.4750000000e+01    6.4750000000e+01    0.0000000000e+00    3.0977966806e-02    6.4420733889e+01   -2.1253715422e-02    7.4661859886e-04   -1.0210880488e-02    8.1573478256e-03    0.0000000000e+00
  48.5100000    7.5151666146e-01    7.6992145389e-01    2.6838649690e-02    6.4250000000e+01    6.4750000000e+01    6.4750000000e+01    0.0000000000e+00    3.0632637506e-02    6.5419504957e+01   -2.0891273504e-02    5.4912285829e-04   -8.9601762702e-03    8.4868475514e-03    0.0000000000e+00
  49.0100000    7.4692732799e-01    7.6284927042e-01    2.6493545191e-02    6.4250000000e+01    6.4750000000e+01    6.4750000000e+01    0.0000000000e+00    3.0311463788e-02    6.5419504957e+01   -2.0117621407e-02    4.5581969835e-04   -1.1395321190e-02    8.1195415846e-03    0.0000000000e+00
  49.5100000    7.4202191431e-01    7.5552257377e-01    2.8083402126e-02    6.4250000000e+01    6.4750000000e+01    6.4750000000e+01    0.0000000000e+00    3.0055029289e-02    6.5419504957e+01   -1.9348331688e-02    4.4132296003e-04   -1.4451963608e-02    8.5780403566e-03    0.0000000000e+00
  50.0100000    7.3597914081e-01    7.4791707886e-01    3.0838635157e-02    6.4250000000e+01    6.4750000000e+01    6.4750000000e+01    0.0000000000e+00    2.9834507325e-02    6.5419504957e+01   -1.8672905921e-02    4.9482304332e-04   -1.5611451031e-02    9.6826814060e-03    0.0000000000e+00
  50.5100000    7.2874397902e-01    7.3986544226e-01    3.2853492250e-02    6.4250000000e+01    6.4750000000e+01    6.4750000000e+01    0.0000000000e+00    2.9638784966e-02    6.5419504957e+01   -2.0588665844e-02    5.7146478077e-04   -1.1512228376e-02    1.0425392291e-02    0.0000000000e+00
  51.0100000    7.2193183490e-01    7.3102171483e-01    3.2807047684e-02    6.4250000000e+01    6.4750000000e+01    6.4750000000e+01    0.0000000000e+00    2.9486514122e-02    6.5419504957e+01   -2.0347881667e-02    7.2733925680e-04   -4.7224290173e-03    1.1551719672e-02    0.0000000000e+00
  51.5100000    7.1694421369e-01    7.2130386849e-01    3.2352820358e-02    6.4750000000e+01    6.4750000000e+01    6.4750000000e+01    0.0000000000e+00    2.9552125919e-02    6.5007468861e+01   -1.6886090816e-02    2.8252416323e-03   -3.4770684457e-03    1.5336691761e-02    0.0000000000e+00
  52.0100000    7.1185579237e-01    7.1162113787e-01    3.5298034435e-02    6.4250000000e+01    6.4750000000e+01    6.4750000000e+01    0.0000000000e+00    2.9360496278e-02    6.5419504957e+01   -1.5032086880e-02    5.2164678634e-03   -1.3125714034e-03    1.4598513579e-02    0.0000000000e+00
  52.5100000    7.0493568055e-01    7.0194407764e-01    3.7530467209e-02    6.4250000000e+01    6.4750000000e+01    6.4750000000e+01    0.0000000000e+00    2.9394126185e-02    6.5419504957e+01   -1.3391319481e-02    7.8088317713e-03   -8.3541219248e-04    1.2976426501e-02    0.0000000000e+00
  53.0100000    6.9746771614e-01    6.9187297060e-01    3.8840018799e-02    6.4250000000e+01    6.4750000000e+01    6.4750000000e+01    0.0000000000e+00    2.9513828221e-02    6.5419504957e+01   -1.1359718710e-02    1.0826383414e-02   -1.1314662979e-03    1.2896188493e-02    0.0000000000e+00
  53.5100000    6.8995750815e-01    6.8148938859e-01    4.0548307806e-02    6.4250000000e+01    6.4750000000e+01    6.4750000000e+01    0.0000000000e+00    2.9728383187e-02    6.5419504957e+01   -8.8366545371e-03    1.3502405959e-02   -1.3391281935e-03    1.2405307502e-02    0.0000000000e+00
  54.0100000    6.8200107502e-01    6.7098312791e-01    4.3272215599e-02    6.4250000000e+01    6.4750000000e+01    6.4750000000e+01    0.0000000000e+00    3.0000090249e-02    6.5419504957e+01   -6.0842621398e-03    1.5250876498e-02   -2.1266037560e-03    1.2937948909e-02    0.0000000000e+00
  54.5100000    6.7304235123e-01    6.6027461987e-01    4.6728910575e-02    6.4250000000e+01    6.4750000000e+01    6.4750000000e+01    0.0000000000e+00    3.0245571184e-02    6.5419504957e+01   -3.1161274417e-03    1.6511692737e-02   -3.9615439372e-03    1.3866491365e-02    0.0000000000e+00
  55.0100000    6.6302904127e-01    6.4911644883e-01    4.9783562543e-02    6.4250000000e+01    6.4750000000e+01    6.4750000000e+01    0.0000000000e+00    3.0392610100e-02    6.5419504957e+01   -9.2040818402e-04    1.6865491641e-02   -6.0576283371e-03    1.2950253057e-02    0.0000000000e+00
  55.5100000    6.5277978767e-01    6.3723629792e-01    5.1330126354e-02    6.4250000000e+01    6.4750000000e+01    6.4750000000e+01    0.0000000000e+00    3.0435253953e-02    6.5419504957e+01   -7.5890160139e-04    1.7405802610e-02   -8.6266229452e-03    1.3757303779e-02    0.0000000000e+00
  56.0100000    6.4286407497e-01    6.2455830614e-01    5.3312776199e-02    6.4250000000e+01    6.4750000000e+01    6.4750000000e+01    0.0000000000e+00    3.0419752641e-02    6.5419504957e+01   -7.0807948646e-04    1.8548344227e-02   -1.0922651475e-02    1.0074653242e-02    0.0000000000e+00
  56.5100000    6.3252599143e-01    6.1127836771e-01    5.6836221368e-02    6.4250000000e+01    6.4750000000e+01    6.4250000000e+01    0.0000000000e+00    3.0461875697e-02    6.5250682680e+01   -1.7037040018e-03    1.8793499160e-02   -1.1948253564e-02    9.1753713141e-03    0.0000000000e+00
  57.0100000    6.2118171591e-01    5.9745403939e-01    6.0618303753e-02    6.4250000000e+01    6.4250000000e+01    6.4250000000e+01    0.0000000000e+00    3.0501286193e-02    6.5081422476e+01   -3.3569670057e-03    1.9435974135e-02   -1.2864435435e-02    8.2705157149e-03    0.0000000000e+00
  57.5100000    6.0923039266e-01    5.8302927630e-01    6.4382338105e-02    6.4250000000e+01    6.4250000000e+01    6.4250000000e+01    0.0000000000e+00    3.0483525727e-02    6.5081422476e+01   -4.5274636620e-03    1.9559919872e-02   -1.4566376262e-02    8.6032081155e-03    0.0000000000e+00
  58.0100000    5.9657362725e-01    5.6804499364e-01    6.8608671945e-02    6.4250000000e+01    6.4250000000e+01    6.4250000000e+01    0.0000000000e+00    3.0483259212e-02    6.5081422476e+01   -4.8198698051e-03    2.0183411451e-02   -1.6431146710e-02    9.7841792738e-03    0.0000000000e+00
  58.5100000    5.8293131209e-01    5.5257459363e-01    7.3539375769e-02    6.4250000000e+01    6.4250000000e+01    6.4250000000e+01    0.0000000000e+00    3.0493390430e-02    6.5081422476e+01   -5.0884745086e-03    2.0564896707e-02   -1.6262208275e-02    1.1565401735e-02    0.0000000000e+00
  59.0100000    5.6826426604e-01    5.3663378908e-01    7.8960864916e-02    6.4250000000e+01    6.4250000000e+01    6.4250000000e+01    0.0000000000e+00    3.0511793375e-02    6.5081422476e+01   -5.5811336797e-03    2.1253616194e-02   -1.4337676650e-02    1.2125258714e-02    0.0000000000e+00
  59.5100000    5.5290085109e-01    5.2012719318e-01    8.3262563225e-02    6.4250000000e+01    6.4750000000e+01    6.4750000000e+01    0.0000000000e+00    3.0368446316e-02    6.5419504957e+01   -5.2507762740e-03    2.2474164538e-02   -1.3566883322e-02    1.3572179849e-02    0.0000000000e+00
  60.0100000    5.3739073176e-01    5.0282893278e-01    8.5209090047e-02    6.4250000000e+01    6.4250000000e+01    6.4250000000e+01    0.0000000000e+00    3.0555962227e-02    6.5081422476e+01   -4.9722993556e-03    2.1862823775e-02   -1.4765007759e-02    1.2053472278e-02    0.0000000000e+00
  60.5100000    5.2173856992e-01    4.8479452852e-01    9.0121015822e-02    6.4250000000e+01    6.4250000000e+01    6.4250000000e+01    0.0000000000e+00    3.0563373295e-02    6.5081422476e+01   -3.7998153571e-03    2.0321330595e-02   -1.9443284656e-02    9.7986595210e-03    0.0000000000e+00
  61.0100000    5.0545603397e-01    4.6607176157e-01    9.7969411345e-02    6.4250000000e+01    6.4250000000e+01    6.4250000000e+01    0.0000000000e+00    3.0565192904e-02    6.5081422476e+01   -3.4741406838e-03    1.7068677592e-02   -2.3238647163e-02    9.2590253223e-03    0.0000000000e+00
  61.5100000    4.8811320949e-01    4.4633685286e-01    1.0635359292e-01    6.4250000000e+01    6.4250000000e+01    6.4250000000e+01    0.0000000000e+00    3.0574370478e-02    6.5081422476e+01   -4.8118746391e-03    1.1888764937e-02   -2.3537654711e-02    7.6218181769e-03    0.0000000000e+00
  62.0100000    4.6959504825e-01    4.2587707850e-01    1.1441203779e-01    6.4250000000e+01    6.4250000000e+01    6.4250000000e+01    0.0000000000e+00    3.0593343966e-02    6.5081422476e+01   -8.0921415829e-03    6.0058539537e-03   -2.4613120185e-02    4.6478646295e-03    0.0000000000e+00
  62.5100000    4.5007316584e-01    4.0463332599e-01    1.2207443423e-01    6.4250000000e+01    6.4250000000e+01    6.4250000000e+01    0.0000000000e+00    3.0615006583e-02    6.5081422476e+01   -1.1197085975e-02    4.7214330644e-03   -2.7032842951e-02    3.1722241176e-03    0.0000000000e+00
  63.0100000    4.2998519814e-01    3.8262333486e-01    1.2938873074e-01    6.4250000000e+01    6.4250000000e+01    6.4250000000e+01    0.0000000000e+00    3.0637044186e-02    6.5081422476e+01   -1.3870597198e-02    3.3734532989e-03   -2.9290616217e-02    1.2730440871e-03    0.0000000000e+00
  63.5100000    4.1003330449e-01    3.5993055635e-01    1.3494097369e-01    6.4250000000e+01    6.4250000000e+01    6.4250000000e+01    0.0000000000e+00    3.0664182664e-02    6.5081422476e+01   -1.6084224387e-02    1.4209049221e-03   -2.9512278293e-02    1.7251148392e-03    0.0000000000e+00
  64.0100000    3.9090302794e-01    3.3668692019e-01    1.3726132648e-01    6.4250000000e+01    6.4250000000e+01    6.4250000000e+01    0.0000000000e+00    3.0695255613e-02    6.5081422476e+01   -2.0082308946e-02    5.8968220928e-04   -1.7009095271e-02    2.8538454360e-03    0.0000000000e+00
  64.5100000    3.7250657797e-01    3.1309639027e-01    1.4346991667e-01    6.4250000000e+01    6.4250000000e+01    6.4250000000e+01    0.0000000000e+00    3.0719389910e-02    6.5081422476e+01   -2.1198179852e-02    5.6093051201e-04   -1.2416904693e-02    5.9918089164e-03    0.0000000000e+00
  65.0100000    3.5427655923e-01    2.8935775887e-01    1.5132036535e-01    6.4250000000e+01    6.4250000000e+01    6.4250000000e+01    0.0000000000e+00    3.0730521055e-02    6.5081422476e+01   -2.0924668588e-02    1.1630071865e-03   -1.1191057104e-02    1.4599638980e-02    0.0000000000e+00
  65.5100000    3.3590948053e-01    2.6563421136e-01    1.6016540565e-01    6.4250000000e+01    6.4250000000e+01    6.4250000000e+01    0.0000000000e+00    3.0736123242e-02    6.5081422476e+01   -2.1735360689e-02    1.8878301774e-03   -1.1874642466e-02    1.3584284387e-02    0.0000000000e+00
  66.0100000    3.1736959281e-01    2.4208720317e-01    1.6948309494e-01    6.4250000000e+01    6.4250000000e+01    6.4250000000e+01    0.0000000000e+00    3.0743036168e-02    6.5081422476e+01   -2.1930976163e-02    2.0977782108e-03   -1.1744983051e-02    1.0381491051e-02    0.0000000000e+00
  66.5100000    2.9880392554e-01    2.1888107542e-01    1.7875924385e-01    6.4250000000e+01    6.4250000000e+01    6.4250000000e+01    0.0000000000e+00    3.0743116875e-02    6.5081422476e+01   -2.1179818090e-02    1.7117696598e-03   -1.1628902762e-02    7.7920654951e-03    0.0000000000e+00
  67.0100000    2.8049199835e-01    1.9619634886e-01    1.8746643680e-01    6.4250000000e+01    6.4250000000e+01    6.4250000000e+01    0.0000000000e+00    3.0724934558e-02    6.5081422476e+01   -2.0804185144e-02    1.1537982942e-03   -1.2307039189e-02    1.2156625799e-02    0.0000000000e+00
  67.5100000    2.6276894653e-01    1.7423237559e-01    1.9524395274e-01    6.4250000000e+01    6.4250000000e+01    6.4250000000e+01    0.0000000000e+00    3.0692784765e-02    6.5081422476e+01   -2.1393970874e-02    1.0069511134e-03   -1.2121679448e-02    1.5971244407e-02    0.0000000000e+00
  68.0100000    2.4590596901e-01    1.5319534047e-01    2.0220734723e-01    6.4250000000e+01    6.4250000000e+01    6.4250000000e+01    0.0000000000e+00    3.0660674086e-02    6.5081422476e+01   -2.2183539234e-02    8.0238331637e-04   -1.3541960730e-02    1.9221037056e-02    0.0000000000e+00
  68.5100000    2.2999435940e-01    1.3328742420e-01    2.0893046199e-01    6.4250000000e+01    6.4250000000e+01    6.4250000000e+01    0.0000000000e+00    2.6640732416e-02    3.4776332621e+00   -2.2527079847e-02    6.8827438312e-04   -1.4659255562e-02    2.4697302472e-02    0.0000000000e+00
  69.0100000    2.1495136216e-01    1.1469799426e-01    2.1585889075e-01    6.4250000000e+01    6.4250000000e+01    6.4250000000e+01    0.0000000000e+00    2.9482009908e-03    3.4776332621e+00   -2.2769021216e-02    1.0467133035e-03   -1.4502516546e-02    2.7850274456e-02    0.0000000000e+00
  69.5100000    2.0066271715e-01    9.7593994989e-02    2.2284394390e-01    6.4250000000e+01    6.4250000000e+01    6.4250000000e+01    4.4712427655e+00   -2.1359513789e-02    3.4776332621e+00   -2.2459168469e-02    1.6295313835e-03   -1.5181618401e-02    2.9272628264e-02    0.0000000000e+00
  70.0100000    1.8710350095e-01    8.2110236381e-02    2.2931240636e-01    6.4250000000e+01    6.4250000000e+01    6.4250000000e+01    4.4712427655e+00   -4.6209483462e-02    3.4776332621e+00   -2.2184684192e-02    2.4945782953e-03   -1.4621709709e-02    2.9281123200e-02    0.0000000000e+00
  70.5100000    1.7433408967e-01    6.8339691149e-02    2.3466047573e-01    6.4250000000e+01    6.4250000000e+01    6.4250000000e+01    4.4712427655e+00   -7.1513962930e-02    3.4776332621e+00   -2.2260795460e-02    3.6036627183e-03   -1.3216308194e-02    2.8206067643e-02    0.0000000000e+00
  71.0100000    1.6243427203e-01    5.6325820434e-02    2.3843863926e-01    6.4250000000e+01    6.4250000000e+01    6.4250000000e+01    4.4712427655e+00   -1.0073536448e-01    2.4840237586e+00   -2.2220601025e-02    4.8746776232e-03   -9.8488995109e-03    2.6752096892e-02    0.0000000000e+00
  71.5100000    1.5145682769e-01    4.6058908260e-02    2.4036230177e-01    6.4250000000e+01    6.4250000000e+01    6.4250000000e+01    5.4648522690e+00   -1.3139440173e-01    2.4840237586e+00   -2.1791941846e-02    6.5377940219e-03   -5.1675040394e-03    2.5305274043e-02    0.0000000000e+00
  72.0100000    1.4141333719e-01    3.7476114614e-02    2.4030517302e-01    6.4250000000e+01    6.4250000000e+01    6.4250000000e+01    5.4648522690e+00   -1.6137366112e-01    2.4840237586e+00   -2.0719772104e-02    8.0076166956e-03   -1.3113206055e-03    2.4028599935e-02    0.0000000000e+00
  72.5100000    1.3227309444e-01    3.0465627880e-02    2.3832269434e-01    6.4250000000e+01    6.4250000000e+01    6.4250000000e+01    5.4648522690e+00   -1.9051734839e-01    2.4840237586e+00   -1.8793489023e-02    9.2762991302e-03   -1.7655576017e-03    2.5628133210e-02    0.0000000000e+00
  73.0100000    1.2396203668e-01    2.4875643666e-02    2.3467679458e-01    6.4250000000e+01    6.4250000000e+01    6.4250000000e+01    5.4648522690e+00   -2.1862199093e-01    2.4840237586e+00   -1.6616825467e-02    1.0168777592e-02   -2.3774522099e-03    2.7869898294e-02    0.0000000000e+00
  73.5100000    1.1636086421e-01    2.0527086375e-02    2.2982583583e-01    6.4250000000e+01    6.4250000000e+01    6.4250000000e+01    5.4648522690e+00   -2.4544064071e-01    2.4840237586e+00   -1.4279701368e-02    1.1177796094e-02   -3.2162227417e-03    2.9150079837e-02    0.0000000000e+00
  74.0100000    1.0930899647e-01    1.7227933816e-02    2.2436445958e-01    6.4250000000e+01    6.4250000000e+01    6.4250000000e+01    5.4648522690e+00   -2.7071185944e-01    2.4840237586e+00   -1.1192377794e-02    1.1936039846e-02   -3.2464475787e-03    2.9033904947e-02    0.0000000000e+00
  74.5100000    1.0262228008e-01    1.4787506991e-02    2.1892437976e-01    6.4250000000e+01    6.4250000000e+01    6.4250000000e+01    5.4648522690e+00   -2.9419398169e-01    2.4840237586e+00   -8.1754188800e-03    1.2197119245e-02   -3.1828822189e-03    2.7795089995e-02    0.0000000000e+00
  75.0100000    9.6125585367e-02    1.2968333190e-02    2.1406556070e-01    6.4250000000e+01    6.4250000000e+01    6.4250000000e+01    5.4648522690e+00   -3.1569108774e-01    2.4840237586e+00   -5.5084308972e-03    1.2544982475e-02   -3.3332500664e-03    2.6106617234e-02    0.0000000000e+00
  75.5100000    8.9689215441e-02    1.1337006641e-02    2.1018976783e-01    6.4250000000e+01    6.4250000000e+01    6.4250000000e+01    5.4648522690e+00   -3.3506708743e-01    2.4840237586e+00   -2.7905504102e-03    1.2991441637e-02   -2.9138552176e-03    2.4460127156e-02    0.0000000000e+00
  76.0100000    8.3251962649e-02    1.0099635166e-02    2.0791620414e-01    6.4250000000e+01    6.4250000000e+01    6.4250000000e+01    5.4648522690e+00   -3.5224936714e-01    2.4840237586e+00   -1.6335264340e-03    1.3424993964e-02   -2.9204859599e-03    2.2057296210e-02    0.0000000000e+00
  76.5100000    7.6639684015e-02    9.1586879407e-03    2.0692887965e-01    6.4750000000e+01    6.4250000000e+01    6.4250000000e+01    5.4790649578e+00   -3.6960071489e-01    1.4942904430e+00   -1.0150157363e-03    1.3093462730e-02   -2.7350815652e-03    1.8595307036e-02    0.0000000000e+00
  77.0100000    7.0077947299e-02    8.4403379970e-03    2.0696320756e-01    6.4750000000e+01    6.4250000000e+01    6.4250000000e+01    5.4790649578e+00   -3.8649111536e-01    1.4942904430e+00   -8.8572170266e-04    1.2048193704e-02   -2.4582386791e-03    1.5950637953e-02    0.0000000000e+00
  77.5100000    6.3690642918e-02    7.8890569387e-03    2.0772148034e-01    6.4750000000e+01    6.4250000000e+01    6.4250000000e+01    5.4790649578e+00   -4.0120271050e-01    1.4942904430e+00   -8.9966659263e-04    1.1130055958e-02   -2.2928524293e-03    1.3147830373e-02    0.0000000000e+00
  78.0100000    5.7587132440e-02    7.4625305029e-03    2.0895440102e-01    6.4750000000e+01    6.4250000000e+01    6.4250000000e+01    5.4790649578e+00   -4.1389426558e-01    1.4942904430e+00   -9.6782305241e-04    1.0394181688e-02   -1.9506719987e-03    1.0099706092e-02    0.0000000000e+00
  78.5100000    5.1858957065e-02    7.1280634328e-03    2.1048581003e-01    6.4750000000e+01    6.4250000000e+01    6.4250000000e+01    5.4790649578e+00   -4.2473806137e-01    1.4942904430e+00   -1.0275582716e-03    9.2996657247e-03   -1.7608248151e-03    8.0393291398e-03    0.0000000000e+00
  79.0100000    4.6570762545e-02    6.8603156609e-03    2.1215253038e-01    6.4750000000e+01    6.4250000000e+01    6.4250000000e+01    5.4790649578e+00   -4.3391156978e-01    1.4942904430e+00   -1.1617191312e-03    7.9898969744e-03   -1.6127594867e-03    6.0157496311e-03    0.0000000000e+00
  79.5100000    4.1760745244e-02    6.6397541154e-03    2.1377776008e-01    6.4750000000e+01    6.4250000000e+01    6.4250000000e+01    5.4790649578e+00   -4.4159144077e-01    1.4942904430e+00   -1.1389968617e-03    6.6138521707e-03   -1.4313749548e-03    4.2547939766e-03    0.0000000000e+00
  80.0100000    3.7443775447e-02    6.4514213447e-03    2.1519630639e-01    6.4750000000e+01    6.4250000000e+01    6.4250000000e+01    5.4790649578e+00   -4.4794867557e-01    1.4942904430e+00   -9.9073382748e-04    5.2942597781e-03   -1.4222330883e-03    2.8631750297e-03    0.0000000000e+00
  80.5100000    3.3615029667e-02    6.2839190455e-03    2.1628261868e-01    6.4750000000e+01    6.4250000000e+01    6.4250000000e+01    5.4790649578e+00   -4.5314487233e-01    1.4942904430e+00   -9.0227936590e-04    4.1129629663e-03   -1.3771887080e-03    1.8429843466e-03    0.0000000000e+00
  81.0100000    3.0254175331e-02    6.1286099349e-03    2.1695765229e-01    6.4750000000e+01    6.4250000000e+01    6.4250000000e+01    5.4790649578e+00   -4.5732965141e-01    1.4942904430e+00   -8.2101080104e-04    3.1110935269e-03   -1.2644649005e-03    1.4500821100e-03    0.0000000000e+00
  81.5100000    2.7330047865e-02    5.9790190980e-03    2.1718131308e-01    6.4750000000e+01    6.4250000000e+01    6.4250000000e+01    5.4790649578e+00   -4.6063923260e-01    1.4942904430e+00   -8.0906708540e-04    2.2976086305e-03   -1.3310483830e-03    1.5001530361e-03    0.0000000000e+00
  82.0100000    2.4805280585e-02    5.8303853392e-03    2.1694146367e-01    6.4750000000e+01    6.4250000000e+01    6.4250000000e+01    5.4790649578e+00   -4.6319612631e-01    1.4942904430e+00   -7.9379860983e-04    1.6603600255e-03   -1.3698027659e-03    1.4767985063e-03    0.0000000000e+00
  82.5100000    2.2640266793e-02    5.6793188107e-03    2.1624460561e-01    6.4750000000e+01    6.4250000000e+01    6.4250000000e+01    5.4790649578e+00   -4.6510990299e-01    1.4942904430e+00   -7.6864714639e-04    1.1760782880e-03   -1.3895910414e-03    1.4491896148e-03    0.0000000000e+00
  83.0100000    2.0796095655e-02    5.5235434347e-03    2.1510914939e-01    6.4750000000e+01    6.4250000000e+01    6.4250000000e+01    5.4790649578e+00   -4.6647873013e-01    1.4942904430e+00   -7.8203191921e-04    8.1773145845e-04   -1.2942094256e-03    1.4297917486e-03    0.0000000000e+00
  83.5100000    1.9236444338e-02    5.3617031333e-03    2.1356083557e-01    6.4750000000e+01    6.4250000000e+01    6.4250000000e+01    5.4790649578e+00   -4.6739092640e-01    1.4942904430e+00   -7.9571666044e-04    8.5602042756e-04   -1.2064289249e-03    1.5640254684e-03    0.0000000000e+00
  84.0100000    1.7928633003e-02    5.1931830674e-03    2.1162986672e-01    6.4750000000e+01    6.4250000000e+01    6.4250000000e+01    5.4790649578e+00   -4.6792568967e-01    1.4942904430e+00   -7.8194113891e-04    9.5310213327e-04   -1.0352344697e-03    1.6786478206e-03    0.0000000000e+00
  84.5100000    1.6844097323e-02    5.0178835934e-03    2.0934951008e-01    6.4750000000e+01    6.4250000000e+01    6.4250000000e+01    4.4828713291e+00   -4.6815279523e-01    1.4942904430e+00   -7.1567015834e-04    1.0224530411e-03   -1.0214824199e-03    1.7514243476e-03    0.0000000000e+00
  85.0100000    1.5958458716e-02    4.8359325003e-03    2.0675577538e-01    6.4750000000e+01    6.4250000000e+01    6.4250000000e+01    4.4828713291e+00   -4.6813214383e-01    1.4942904430e+00   -7.0005413719e-04    1.0598524791e-03   -1.2323590765e-03    1.7536124879e-03    0.0000000000e+00
  85.5100000    1.5251301783e-02    4.6474159321e-03    2.0388725122e-01    6.4750000000e+01    6.4250000000e+01    6.4250000000e+01    4.4828713291e+00   -4.6791464024e-01    1.4942904430e+00   -6.2597330811e-04    1.0764284940e-03   -1.4831321038e-03    1.6873340415e-03    0.0000000000e+00
  86.0100000    1.4705809771e-02    4.4522682251e-03    2.0078393896e-01    6.4750000000e+01    6.4250000000e+01    6.4250000000e+01    4.4828713291e+00   -4.6754515831e-01    1.4942904430e+00   -7.8184838418e-04    1.0769605453e-03   -1.6876499917e-03    1.6567179331e-03    0.0000000000e+00
  86.5100000    1.4308512046e-02    4.2504085173e-03    1.9748485399e-01    6.4750000000e+01    6.4250000000e+01    6.4250000000e+01    4.4828713291e+00   -4.6706645531e-01    1.4942904430e+00   -9.5027285371e-04    1.0466413776e-03   -1.8220369514e-03    1.4701312116e-03    0.0000000000e+00
  87.0100000    1.4049333632e-02    4.0420560603e-03    1.9402619551e-01    6.4750000000e+01    6.4250000000e+01    6.4250000000e+01    4.4828713291e+00   -4.6652126169e-01    1.4942904430e+00   -1.0438087317e-03    1.0248363305e-03   -1.8984681531e-03    1.3771290594e-03    0.0000000000e+00
  87.5100000    1.3921742679e-02    3.8280018794e-03    1.9044301532e-01    6.4750000000e+01    6.4250000000e+01    6.4250000000e+01    4.4828713291e+00   -4.6595014206e-01    1.4942904430e+00   -1.0852279642e-03    9.9686638476e-04   -1.9197805666e-03    1.1582779378e-03    0.0000000000e+00
  88.0100000    1.3922328402e-02    3.6095912008e-03    1.8677493633e-01    6.4750000000e+01    6.4250000000e+01    6.4250000000e+01    4.4828713291e+00   -4.6538547292e-01    1.4942904430e+00   -1.0872496251e-03    8.7785644273e-04   -1.8994838813e-03    1.2403776918e-03    0.0000000000e+00
  88.5100000    1.4049281349e-02    3.3883341893e-03    1.8307104392e-01    6.4750000000e+01    6.4250000000e+01    6.4250000000e+01    4.4828713291e+00   -4.6484518273e-01    1.4942904430e+00   -1.0765599521e-03    8.5276034908e-04   -1.9455036063e-03    1.4349306129e-03    0.0000000000e+00
  89.0100000    1.4300334027e-02    3.1653414532e-03    1.7938610418e-01    6.4750000000e+01    6.4250000000e+01    6.4250000000e+01    4.4828713291e+00   -4.6433106762e-01    1.4942904430e+00   -1.0687936440e-03    7.4760564629e-04   -1.8408739530e-03    1.5497869527e-03    0.0000000000e+00
  89.5100000    1.4671912456e-02    2.9409971842e-03    1.7576575469e-01    6.4750000000e+01    6.4250000000e+01    6.4250000000e+01    4.4828713291e+00   -4.6383422276e-01    1.4942904430e+00   -1.0681659056e-03    9.2417915958e-04   -1.6917942946e-03    1.6043508014e-03    0.0000000000e+00
