# time  total_canon  bary_x_canon  bary_y_canon  bary_z_canon  rms_radius_canon  total_phantom  bary_x_phantom  bary_y_phantom  bary_z_phantom  rms_radius_phantom
0.0000000000000000e+00  3.9105683114031238e+00  6.9000309341916989e+01  6.4000000000000014e+01  6.4000000000000014e+01  4.3375370561997260e+00  4.0366784091560568e+00  5.9000321839540590e+01  6.4000000000000014e+01  6.4000000000000014e+01  4.4068785722319213e+00
8.0000000000000004e-01  3.9130948349146970e+00  6.9000343851905129e+01  6.4000000000000625e+01  6.4000000000000028e+01  4.3377552209793304e+00  4.0402971170012414e+00  5.9000359462203726e+01  6.3999999999999915e+01  6.4000000000000014e+01  4.4067508408151994e+00
1.6000000000000001e+00  3.9154927955721095e+00  6.9000413581857543e+01  6.4000000000007532e+01  6.4000000000000014e+01  4.3381876019640746e+00  4.0441715391802333e+00  5.9000435964471720e+01  6.3999999999997748e+01  6.3999999999999986e+01  4.4065376222485222e+00
2.3999999999999901e+00  3.9190466266256392e+00  6.9000465181070211e+01  6.4000000000022936e+01  6.4000000000000000e+01  4.3384930145769269e+00  4.0470929537264304e+00  5.9000495121286669e+01  6.3999999999992781e+01  6.4000000000000000e+01  4.4063200014356072e+00
3.1999999999999802e+00  3.9239773754886289e+00  6.9000506656314926e+01  6.4000000000041283e+01  6.4000000000000014e+01  4.3388626252363114e+00  4.0485728385613289e+00  5.9000548104905313e+01  6.3999999999988233e+01  6.3999999999999972e+01  4.4059623729180499e+00
3.9999999999999600e+00  3.9293811332093700e+00  6.9000610015503241e+01  6.4000000000056744e+01  6.4000000000000014e+01  4.3396226770890669e+00  4.0493008637985248e+00  5.9000670746163195e+01  6.3999999999992362e+01  6.3999999999999972e+01  4.4052745997899780e+00
4.7999999999999403e+00  3.9338978729834890e+00  6.9000830703512960e+01  6.4000000000039421e+01  6.4000000000000000e+01  4.3407901875141492e+00  4.0502810151635487e+00  5.9000914546717247e+01  6.4000000000021245e+01  6.3999999999999986e+01  4.4042832857336141e+00
5.5999999999999304e+00  3.9373934990462063e+00  6.9001142604108438e+01  6.3999999999953701e+01  6.4000000000000014e+01  4.3419471693553211e+00  4.0519211176383960e+00  5.9001246458131007e+01  6.4000000000073385e+01  6.4000000000000000e+01  4.4030790090272571e+00
6.3999999999999098e+00  3.9412812575502452e+00  6.9001486808338811e+01  6.3999999999782723e+01  6.3999999999999993e+01  4.3428739475183527e+00  4.0536614204175576e+00  5.9001609762473883e+01  6.4000000000139124e+01  6.4000000000000000e+01  4.4016591757689616e+00
7.1999999999998900e+00  3.9465228090680617e+00  6.9001878080254116e+01  6.3999999999503366e+01  6.4000000000000028e+01  4.3440762828365385e+00  4.0548609532911257e+00  5.9002030358554272e+01  6.4000000000238217e+01  6.4000000000000014e+01  4.3998965047008713e+00
7.9999999999998703e+00  3.9520880815014237e+00  6.9002407765132958e+01  6.3999999999082192e+01  6.3999999999999993e+01  4.3461435451671173e+00  4.0558081706512645e+00  5.9002604625002867e+01  6.4000000000408946e+01  6.4000000000000000e+01  4.3977358901328572e+00
8.7999999999998604e+00  3.9561671840159720e+00  6.9003121308552210e+01  6.3999999998505771e+01  6.3999999999999979e+01  4.3488638432027384e+00  4.0572726146109312e+00  5.9003373622786704e+01  6.4000000000659881e+01  6.4000000000000000e+01  4.3954078713623659e+00
9.5999999999998398e+00  3.9587315533084881e+00  6.9003949310441243e+01  6.3999999997764512e+01  6.4000000000000000e+01  4.3516402144443909e+00  4.0594662281113543e+00  5.9004271483456797e+01  6.4000000000982382e+01  6.4000000000000028e+01  4.3932130157639788e+00
1.0399999999999800e+01  3.9617498015410177e+00  6.9004799855447288e+01  6.3999999996834774e+01  6.3999999999999993e+01  4.3550480734838821e+00  4.0619174610326816e+00  5.9005236964858256e+01  6.4000000001387335e+01  6.4000000000000014e+01  4.3913875936435325e+00
1.1199999999999800e+01  3.9665702160078053e+00  6.9005677264827796e+01  6.3999999995698012e+01  6.4000000000000000e+01  4.3613968634319438e+00  4.0643733548256353e+00  5.9006327214961068e+01  6.4000000001903132e+01  6.4000000000000014e+01  4.3905727585334873e+00
1.1999999999999799e+01  3.9720807905363111e+00  6.9006665158557183e+01  6.3999999994335411e+01  6.4000000000000014e+01  4.3725240035217929e+00  4.0673082076807567e+00  5.9007652689100858e+01  6.4000000002547935e+01  6.4000000000000028e+01  4.3919262850777656e+00
1.2799999999999800e+01  3.9765807718301560e+00  6.9007748165651861e+01  6.3999999992735539e+01  6.4000000000000000e+01  4.3887378806303383e+00  4.0713052810857961e+00  5.9009191734116634e+01  6.4000000003324658e+01  6.4000000000000000e+01  4.3963425832022711e+00
1.3599999999999801e+01  3.9805542095215061e+00  6.9008854975365097e+01  6.3999999990908762e+01  6.3999999999999993e+01  4.4110417809534379e+00  4.0765835149266803e+00  5.9010813741565713e+01  6.4000000004283450e+01  6.3999999999999986e+01  4.4053627037715914e+00
1.4399999999999700e+01  3.9854745749716898e+00  6.9010061263159500e+01  6.3999999988876631e+01  6.4000000000000014e+01  4.4382451351421235e+00  4.0831835937439056e+00  5.9012649640637399e+01  6.4000000005427935e+01  6.3999999999999986e+01  4.4220011535417667e+00
1.5199999999999701e+01  3.9916120992968418e+00  6.9011491315877493e+01  6.3999999986592670e+01  6.4000000000000000e+01  4.4687109207628115e+00  4.0906283742583724e+00  5.9014810882651709e+01  6.4000000006621974e+01  6.3999999999999986e+01  4.4464786852031875e+00
1.5999999999999700e+01  3.9974042923829529e+00  6.9013233893354951e+01  6.3999999984041551e+01  6.4000000000000000e+01  4.5010597310201188e+00  4.0984080272430585e+00  5.9017184028639129e+01  6.4000000007860621e+01  6.4000000000000000e+01  4.4762157980357813e+00
1.6799999999999802e+01  4.0016015774614822e+00  6.9015214648371895e+01  6.3999999981222302e+01  6.4000000000000000e+01  4.5343495446548703e+00  4.1070951575551709e+00  5.9019758321822586e+01  6.4000000009187161e+01  6.4000000000000014e+01  4.5120708456037955e+00
1.7600000000000001e+01  4.0050164929541809e+00  6.9017278520236758e+01  6.3999999978190409e+01  6.4000000000000014e+01  4.5691338507068586e+00  4.1165457981553875e+00  5.9022351524167597e+01  6.4000000010505573e+01  6.4000000000000000e+01  4.5538332256629532e+00
1.8400000000000102e+01  4.0092533415436176e+00  6.9019360854401157e+01  6.3999999975095875e+01  6.3999999999999972e+01  4.6063189504250053e+00  4.1255661844952698e+00  5.9024839730687660e+01  6.4000000011999305e+01  6.4000000000000014e+01  4.5978248015925063e+00
1.9200000000000198e+01  4.0150296625312780e+00  6.9021808339269441e+01  6.3999999971864092e+01  6.3999999999999986e+01  4.6482481579819872e+00  4.1337834580468931e+00  5.9027389033822558e+01  6.4000000013647607e+01  6.3999999999999986e+01  4.6429683601096023e+00
2.0000000000000298e+01  4.0212693157995574e+00  6.9024735025061403e+01  6.3999999967991933e+01  6.4000000000000014e+01  4.6957367734821078e+00  4.1417604668530110e+00  5.9030066798398423e+01  6.4000000015455939e+01  6.4000000000000028e+01  4.6908518953081817e+00
2.0800000000000502e+01  4.0263331930175026e+00  6.9027574957548737e+01  6.3999999964143441e+01  6.4000000000000000e+01  4.7446264488007648e+00  4.1505041091749728e+00  5.9032598397032693e+01  6.4000000017520790e+01  6.4000000000000000e+01  4.7450392011103544e+00
2.1600000000000598e+01  4.0309264176778434e+00  6.9030202676467241e+01  6.3999999960367425e+01  6.3999999999999972e+01  4.7947739068198123e+00  4.1598700443664818e+00  5.9035063797342715e+01  6.4000000019568162e+01  6.3999999999999986e+01  4.8058087731595007e+00
2.2400000000000698e+01  4.0367667106805616e+00  6.9032590433502349e+01  6.3999999956489106e+01  6.3999999999999929e+01  4.8498597331724529e+00  4.1687386830485345e+00  5.9037569435785940e+01  6.4000000021647651e+01  6.3999999999999943e+01  4.8694777988220981e+00
2.3200000000000799e+01  4.0441222440318221e+00  6.9034796454853748e+01  6.3999999952342876e+01  6.3999999999999538e+01  4.9119517127914563e+00  4.1769618679554261e+00  5.9040141647403388e+01  6.4000000023728305e+01  6.3999999999999744e+01  4.9359695262434560e+00
2.4000000000000998e+01  4.0513473092100076e+00  6.9037168906356968e+01  6.3999999948015883e+01  6.3999999999997492e+01  4.9769994544198797e+00  4.1846887586589281e+00  5.9042818433063935e+01  6.4000000025784686e+01  6.3999999999998984e+01  5.0057961546307874e+00
2.4800000000001098e+01  4.0577713612763171e+00  6.9039553453960110e+01  6.3999999943782484e+01  6.3999999999989420e+01  5.0431421483698804e+00  4.1918873895394935e+00  5.9045497624032258e+01  6.4000000027879267e+01  6.3999999999996717e+01  5.0777933137603100e+00
2.5600000000001199e+01  4.0648723904033037e+00  6.9041405593144546e+01  6.3999999939815488e+01  6.3999999999963826e+01  5.1153050492856638e+00  4.1985278315307966e+00  5.9048162814202826e+01  6.4000000030036603e+01  6.3999999999991431e+01  5.1509545769691520e+00
2.6400000000001299e+01  4.0741378484919419e+00  6.9043174108066779e+01  6.3999999935965555e+01  6.3999999999900687e+01  5.1989651702155326e+00  4.2046457980167196e+00  5.9050946848066438e+01  6.4000000032243861e+01  6.3999999999981462e+01  5.2257215370266152e+00
2.7200000000001499e+01  4.0840974848443672e+00  6.9045292714209126e+01  6.3999999931983325e+01  6.3999999999783668e+01  5.2884825857865501e+00  4.2102543601374895e+00  5.9053882056546101e+01  6.4000000034476599e+01  6.3999999999963535e+01  5.3029258100858048e+00
2.8000000000001599e+01  4.0935149054232189e+00  6.9047452489798999e+01  6.3999999927811331e+01  6.3999999999634248e+01  5.3794157726377030e+00  4.2153804901840477e+00  5.9056835932677131e+01  6.4000000036685989e+01  6.3999999999927653e+01  5.3824547620270735e+00
2.8800000000001699e+01  4.1029486816534435e+00  6.9049381200115718e+01  6.3999999923762395e+01  6.3999999999524739e+01  5.4753456786951844e+00  4.2202023415274521e+00  5.9059772362099046e+01  6.4000000038836262e+01  6.3999999999854907e+01  5.4637830903857161e+00
2.9600000000001799e+01  4.1125185894267888e+00  6.9051630780107217e+01  6.3999999919672589e+01  6.3999999999510408e+01  5.5781341462978746e+00  4.2249662990806440e+00  5.9062834343145525e+01  6.4000000040942297e+01  6.3999999999698908e+01  5.5470995457017223e+00
3.0400000000001999e+01  4.1215113052577230e+00  6.9054373406704300e+01  6.3999999915560373e+01  6.3999999999568452e+01  5.6838527328855353e+00  4.2297602646156962e+00  5.9066161325229295e+01  6.4000000043111854e+01  6.3999999999407073e+01  5.6332935148329941e+00
3.1200000000002099e+01  4.1299098833207344e+00  6.9057341793647794e+01  6.3999999911586691e+01  6.3999999999636081e+01  5.7900573935577091e+00  4.2344930437973964e+00  5.9069725804736095e+01  6.4000000045427370e+01  6.3999999999029264e+01  5.7229501508286109e+00
3.2000000000002203e+01  4.1382533498691307e+00  6.9060256196154413e+01  6.3999999907912006e+01  6.3999999999722576e+01  5.8986967931655423e+00  4.2391299261151403e+00  5.9073378722393826e+01  6.4000000047863892e+01  6.3999999998711104e+01  5.8156936980093521e+00
3.2800000000002001e+01  4.1465952834995523e+00  6.9063220250600395e+01  6.3999999904636219e+01  6.3999999999884793e+01  6.0129063255131729e+00  4.2438872244840269e+00  5.9077122733874667e+01  6.4000000050192128e+01  6.3999999998538506e+01  5.9110740984631018e+00
3.3600000000001899e+01  4.1542141004481410e+00  6.9066668917141456e+01  6.3999999901496651e+01  6.4000000000253223e+01  6.1317572029896619e+00  4.2490697353262981e+00  5.9081148591034150e+01  6.4000000052055597e+01  6.3999999998483034e+01  6.0095250564597862e+00
3.4400000000001697e+01  4.1608118987246749e+00  6.9070532164075431e+01  6.3999999898611634e+01  6.4000000000813458e+01  6.2518566528188986e+00  4.2547625821917672e+00  5.9085576130551679e+01  6.4000000053281397e+01  6.3999999998467068e+01  6.1120618281299528e+00
3.5200000000001602e+01  4.1670852827438605e+00  6.9074417030425607e+01  6.3999999896130468e+01  6.4000000001531049e+01  6.3723717818620491e+00  4.2607659383472232e+00  5.9090262528157744e+01  6.4000000054222568e+01  6.3999999998473534e+01  6.2190921807693451e+00
3.6000000000001400e+01  4.1735821357749820e+00  6.9078162628148419e+01  6.3999999893631717e+01  6.4000000002229243e+01  6.4954442114414652e+00  4.2669389547625798e+00  5.9094983189916483e+01  6.4000000055613143e+01  6.3999999998612907e+01  6.3300184156840622e+00
3.6800000000001198e+01  4.1798306482528158e+00  6.9081900845340357e+01  6.3999999890310114e+01  6.4000000002745836e+01  6.6227996204443738e+00  4.2735971160075144e+00  5.9099849812813794e+01  6.4000000058235486e+01  6.3999999998964448e+01  6.4446577776090290e+00
3.7600000000001103e+01  4.1851579735870637e+00  6.9085828078966330e+01  6.3999999885251469e+01  6.4000000002874657e+01  6.7536319363833686e+00  4.2812870876271560e+00  5.9105240644362482e+01  6.4000000062527931e+01  6.3999999999603702e+01  6.5641430095173625e+00
3.8400000000000901e+01  4.1899385073937427e+00  6.9089933429962457e+01  6.3999999877856595e+01  6.4000000002297966e+01  6.8865552734231068e+00  4.2901951823103559e+00  5.9111296696371646e+01  6.4000000068474307e+01  6.4000000000475708e+01  6.6897754833851266e+00
3.9200000000000799e+01  4.1951570865995897e+00  6.9094052561035625e+01  6.3999999868196497e+01  6.4000000000918973e+01  7.0214810416680704e+00  4.2993539526248661e+00  5.9117186358501250e+01  6.4000000075436233e+01  6.4000000001359879e+01  6.8197022077473646e+00
4.0000000000000597e+01  4.2010291498310925e+00  6.9098055772584274e+01  6.3999999855718428e+01  6.3999999998649663e+01  7.1593603129152319e+00  4.3084906632940321e+00  5.9122871554350915e+01  6.4000000082873925e+01  6.4000000001966171e+01  6.9531471596840131e+00
4.0800000000000502e+01  4.2067319684128268e+00  6.9102102684371644e+01  6.3999999838549812e+01  6.3999999994946691e+01  7.3007818361399410e+00  4.3178330597319263e+00  5.9128517817210906e+01  6.4000000089854964e+01  6.4000000002028486e+01  7.0899854254523280e+00
4.1600000000000300e+01  4.2116851739880623e+00  6.9106241051481760e+01  6.3999999813864036e+01  6.3999999988706293e+01  7.4451235469517032e+00  4.3273379951578264e+00  5.9134088695936697e+01  6.4000000095282559e+01  6.4000000001170022e+01  7.2295616503676170e+00
4.2400000000000098e+01  4.2167351930669037e+00  6.9110301930253684e+01  6.3999999777712681e+01  6.3999999978483935e+01  7.5926530488424397e+00  4.3366400608036599e+00  5.9139525646961232e+01  6.4000000097598615e+01  6.3999999998835278e+01  7.3711086619416273e+00
4.3200000000000003e+01  4.2231670994690482e+00  6.9114206213378367e+01  6.3999999727021113e+01  6.3999999962805738e+01  7.7447644851509345e+00  4.3455130771414954e+00  5.9144952689949093e+01  6.4000000093555627e+01  6.3999999995421852e+01  7.5145514696230364e+00
4.3999999999999801e+01  4.2307700777287955e+00  6.9118083931623417e+01  6.3999999663283297e+01  6.3999999941882393e+01  7.9012565907571686e+00  4.3541118396560377e+00  5.9150537239373875e+01  6.4000000079078120e+01  6.3999999992613745e+01  7.6605603186737072e+00
4.4799999999999699e+01  4.2379825400262163e+00  6.9122103210044642e+01  6.3999999593658032e+01  6.3999999920515513e+01  8.0600926391599224e+00  4.3626285093729544e+00  5.9156229660424387e+01  6.4000000054035553e+01  6.3999999989077487e+01  7.8095684387691291e+00
4.5599999999999497e+01  4.2444973573050024e+00  6.9125905481740162e+01  6.3999999525697682e+01  6.3999999907002781e+01  8.2205936186034556e+00  4.3709336962029592e+00  5.9161832012430260e+01  6.4000000024814724e+01  6.3999999977037540e+01  7.9610467405560357e+00
4.6399999999999302e+01  4.2520811855627372e+00  6.9129393326184868e+01  6.3999999456274750e+01  6.3999999903480543e+01  8.3854894756183302e+00  4.3787433105431974e+00  5.9167293868832786e+01  6.3999999998292196e+01  6.3999999949305121e+01  8.1141004638059506e+00
4.7199999999999200e+01  4.2613558313246571e+00  6.9133194624706334e+01  6.3999999373804002e+01  6.3999999899682635e+01  8.5559176090315727e+00  4.3860023299247537e+00  5.9172809184074836e+01  6.3999999974481995e+01  6.3999999909895088e+01  8.2684652036764827e+00
4.7999999999998998e+01  4.2715506324964974e+00  6.9137103705866878e+01  6.3999999276189527e+01  6.3999999882812922e+01  8.7310351955494880e+00  4.3929258139992733e+00  5.9178603143665036e+01  6.3999999947905678e+01  6.3999999870919638e+01  8.4246572594484004e+00
4.8799999999998903e+01  4.2812156363825373e+00  6.9141139745391243e+01  6.3999999170493702e+01  6.3999999852537790e+01  8.9085021442935783e+00  4.3996957532208407e+00  5.9184673360895978e+01  6.3999999914000462e+01  6.3999999838417807e+01  8.5832797731033956e+00
4.9599999999998701e+01  4.2905757085266867e+00  6.9144962690054257e+01  6.3999999069752860e+01  6.3999999822357019e+01  9.0879146075145005e+00  4.4062771487028609e+00  5.9190813032890638e+01  6.3999999870641290e+01  6.3999999807486830e+01  8.7444187440475201e+00
5.0399999999998499e+01  4.3004760962313293e+00  6.9148758695330059e+01  6.3999998984079745e+01  6.3999999806249306e+01  9.2700227223479033e+00  4.4125651605439717e+00  5.9196874732785268e+01  6.3999999814569250e+01  6.3999999771389312e+01  8.9077567020528257e+00
5.1199999999998397e+01  4.3106926062795754e+00  6.9152954289551786e+01  6.3999998924357207e+01  6.3999999809873387e+01  9.4546710331877613e+00  4.4185844598445634e+00  5.9202936748672485e+01  6.3999999738678049e+01  6.3999999728324809e+01  9.0730210086333525e+00
5.1999999999998202e+01  4.3204153071664404e+00  6.9157654323432709e+01  6.3999998902413623e+01  6.3999999830990475e+01  9.6414099083619647e+00  4.4244695669248486e+00  5.9209197451983769e+01  6.3999999634521437e+01  6.3999999678682840e+01  9.2401548894493182e+00
5.2799999999998100e+01  4.3294651868797551e+00  6.9162496173212247e+01  6.3999998924290047e+01  6.3999999863471267e+01  9.8305899452691961e+00  4.4303245463993015e+00  5.9215768689094254e+01  6.3999999497690794e+01  6.3999999623083198e+01  9.4093041346052360e+00
5.3599999999997898e+01  4.3383442857054106e+00  6.9167050817878021e+01  6.3999998986083902e+01  6.3999999901116702e+01  1.0022579060075291e+01  4.4361827759869730e+00  5.9222612363500140e+01  6.3999999330852468e+01  6.3999999565270450e+01  9.5806939120863710e+00
5.4399999999997704e+01  4.3472974550930701e+00  6.9171294318659463e+01  6.3999999076771317e+01  6.3999999940996254e+01  1.0216901367516133e+01  4.4420723719567512e+00  5.9229637401341449e+01  6.3999999142422610e+01  6.3999999511937254e+01  9.7543737017387535e+00
5.5199999999997601e+01  4.3559481371163820e+00  6.9175482140252399e+01  6.3999999184294758e+01  6.3999999984087310e+01  1.0412394212066619e+01  4.4480555771007140e+00  5.9236820908102594e+01  6.3999998943124055e+01  6.3999999467698423e+01  9.9301418179100516e+00
5.5999999999997399e+01  4.3639534901025900e+00  6.9179867913177119e+01  6.3999999298265728e+01  6.4000000031393768e+01  1.0608205889567339e+01  4.4541871813528147e+00  5.9244249965806212e+01  6.3999998742025610e+01  6.3999999432123829e+01  1.0107701117346892e+01
5.6799999999997297e+01  4.3714880033897821e+00  6.9184574696189941e+01  6.3999999414055495e+01  6.4000000081503430e+01  1.0804853748660497e+01  4.4604834787148846e+00  5.9252023248652890e+01  6.3999998542693021e+01  6.3999999402412705e+01  1.0286845243885651e+01
5.7599999999997102e+01  4.3788721320263768e+00  6.9189365556887296e+01  6.3999999532439737e+01  6.4000000131995378e+01  1.1003795697494615e+01  4.4670130571993818e+00  5.9260238784846578e+01  6.3999998343712143e+01  6.3999999377452788e+01  1.0467554856453143e+01
5.8399999999997000e+01  4.3860685090717606e+00  6.9193771073984422e+01  6.3999999649551434e+01  6.4000000181331202e+01  1.1205625578116519e+01  4.4739508786098519e+00  5.9268938988657887e+01  6.3999998146658015e+01  6.3999999359079197e+01  1.0650048590255661e+01
5.9199999999996798e+01  4.3928902973681634e+00  6.9197560931226704e+01  6.3999999749495579e+01  6.4000000228470384e+01  1.1409408246568965e+01  4.4814551064607091e+00  5.9278141268686149e+01  6.3999997964357846e+01  6.3999999350172757e+01  1.0834172907065673e+01
5.9999999999996597e+01  4.3994244748538023e+00  6.9200919114676580e+01  6.3999999810902594e+01  6.4000000271430991e+01  1.1613607232028775e+01  4.4894784431158961e+00  5.9287745619078343e+01  6.3999997817881166e+01  6.3999999350802526e+01  1.1019318015952699e+01
6.0799999999996501e+01  4.4058968229064996e+00  6.9204267553455992e+01  6.3999999820389803e+01  6.4000000305782223e+01  1.1816772854427835e+01  4.4977571270765742e+00  5.9297675890966431e+01  6.3999997723064944e+01  6.3999999358658677e+01  1.1204636771651886e+01
6.1599999999996299e+01  4.4122814168657767e+00  6.9207921024911059e+01  6.3999999776707305e+01  6.4000000324225581e+01  1.2018733948089219e+01  4.5063226658151372e+00  5.9308232306679990e+01  6.3999997683463704e+01  6.3999999371044808e+01  1.1390026292944457e+01
6.2399999999996197e+01  4.4183420832878433e+00  6.9211609152831073e+01  6.3999999684093190e+01  6.4000000319223162e+01  1.2220585586955323e+01  4.5153275014330667e+00  5.9319534269761284e+01  6.3999997694742426e+01  6.3999999387220285e+01  1.1575829700542357e+01
6.3199999999996002e+01  4.4241900924717861e+00  6.9214736766829333e+01  6.3999999547598300e+01  6.4000000289031746e+01  1.2424074731026714e+01  4.5246377724716087e+00  5.9331247867598883e+01  6.3999997750898821e+01  6.3999999408826959e+01  1.1761738254227858e+01
6.3999999999995801e+01  4.4303666339335148e+00  6.9216954447147430e+01  6.3999999375573303e+01  6.4000000242259304e+01  1.2629478429300748e+01  4.5338720402613859e+00  5.9343126537995325e+01  6.3999997842707252e+01  6.3999999440023778e+01  1.1946797426707258e+01
6.4799999999996203e+01  4.4371782646415543e+00  6.9218531342922702e+01  6.3999999180312066e+01  6.4000000193158883e+01  1.2835090896035361e+01  4.5428492237530875e+00  5.9355186724357267e+01  6.3999997956009857e+01  6.3999999484335376e+01  1.2129669797886086e+01
6.5599999999996697e+01  4.4441110992304704e+00  6.9220031205765636e+01  6.3999998973148436e+01  6.4000000150163885e+01  1.3037862014313424e+01  4.5516472977505646e+00  5.9367615008513233e+01  6.3999998079226764e+01  6.3999999539277738e+01  1.2310295604958291e+01
6.6399999999997107e+01  4.4504302232625612e+00  6.9221541856024615e+01  6.3999998761979867e+01  6.4000000109692266e+01  1.3235555815133994e+01  4.5602823988028867e+00  5.9380629115779712e+01  6.3999998208007959e+01  6.3999999595495481e+01  1.2488937152978155e+01
6.7199999999997502e+01  4.4564532468553555e+00  6.9222562397035688e+01  6.3999998555551215e+01  6.4000000065049420e+01  1.3428670103150555e+01  4.5686482478797901e+00  5.9394310891274465e+01  6.3999998339973395e+01  6.3999999640888134e+01  1.2666556921971756e+01
6.7999999999997897e+01  4.4633761401398999e+00  6.9222762528529941e+01  6.3999998362593914e+01  6.4000000013553660e+01  1.3620587415420699e+01  4.5766239759818976e+00  5.9408349653257567e+01  6.3999998469464636e+01  6.3999999668226899e+01  1.2842393770519530e+01
6.8799999999998306e+01  4.4716355891450377e+00  6.9222093074526242e+01  6.3999998189859966e+01  6.3999999959417750e+01  1.3813672882795112e+01  4.5842326896715475e+00  5.9422608002552437e+01  6.3999998586070426e+01  6.3999999682123125e+01  1.3015609467981307e+01
6.9599999999998701e+01  4.4802010805900423e+00  6.9221397652583548e+01  6.3999998041964403e+01  6.3999999910832308e+01  1.4006833046685207e+01  4.5914767749445691e+00  5.9436778417566025e+01  6.3999998682419054e+01  6.3999999694494832e+01  1.3184420060189257e+01
7.0399999999999096e+01  4.4881059096002183e+00  6.9220384798935640e+01  6.3999997919517369e+01  6.3999999871114362e+01  1.4195107179850931e+01  4.5983063794039971e+00  5.9451131215256424e+01  6.3999998755100002e+01  6.3999999713875589e+01  1.3349388622994571e+01
7.1199999999999505e+01  4.4958854328942941e+00  6.9219106652086538e+01  6.3999997821541456e+01  6.3999999841598211e+01  1.4375547560411874e+01  4.6046467027120430e+00  5.9465613826858466e+01  6.3999998806488065e+01  6.3999999736062740e+01  1.3510868100327992e+01
7.1999999999999901e+01  4.5039831462955551e+00  6.9217251528303194e+01  6.3999997743589624e+01  6.3999999820092533e+01  1.4547468282669463e+01  4.6106384133596947e+00  5.9480614427251666e+01  6.3999998837049496e+01  6.3999999749943349e+01  1.3671263069042258e+01
7.2800000000000296e+01  4.5120887455004084e+00  6.9215525984450920e+01  6.3999997682517552e+01  6.3999999805546750e+01  1.4714695877740127e+01  4.6163892668426589e+00  5.9495755364975913e+01  6.3999998848874000e+01  6.3999999745892900e+01  1.3829154695461428e+01
7.3600000000000705e+01  4.5197258409812431e+00  6.9214147201381550e+01  6.3999997633673757e+01  6.3999999797636200e+01  1.4881568167554017e+01  4.6219497905505982e+00  5.9510944111958963e+01  6.3999998847474387e+01  6.3999999723394389e+01  1.3984792075746748e+01
7.4400000000001199e+01  4.5269641836188246e+00  6.9212873692213222e+01  6.3999997591882803e+01  6.3999999795515464e+01  1.5046911198855799e+01  4.6270897147499772e+00  5.9525893382391537e+01  6.3999998840940712e+01  6.3999999688722738e+01  1.4134679961789166e+01
7.5200000000001594e+01  4.5342671107755415e+00  6.9211830546337936e+01  6.3999997551699323e+01  6.3999999792707150e+01  1.5209289747467732e+01  4.6318024586830120e+00  5.9540865328928227e+01  6.3999998834968451e+01  6.3999999649708414e+01  1.4280387527824187e+01
7.6000000000002004e+01  4.5412838426368225e+00  6.9210208749560138e+01  6.3999997513007827e+01  6.3999999786156636e+01  1.5361767104456739e+01  4.6362012198098945e+00  5.9556152284022318e+01  6.3999998825901024e+01  6.3999999613734786e+01  1.4421340237643413e+01
7.6800000000002399e+01  4.5475061464313784e+00  6.9208185607745762e+01  6.3999997479872349e+01  6.3999999775448927e+01  1.5506111972669427e+01  4.6406104367858481e+00  5.9571820182666528e+01  6.3999998809777445e+01  6.3999999580696539e+01  1.4560559172170043e+01
7.7600000000002794e+01  4.5527536891976119e+00  6.9206099288816716e+01  6.3999997455726145e+01  6.3999999764148342e+01  1.5642818426084284e+01  4.6450636377087102e+00  5.9587976333593431e+01  6.3999998778306797e+01  6.3999999550579176e+01  1.4697618316835424e+01
7.8400000000003203e+01  4.5575901265114780e+00  6.9204366351827318e+01  6.3999997438786203e+01  6.3999999757515646e+01  1.5774417859462080e+01  4.6494202599458063e+00  5.9603869285537542e+01  6.3999998736523359e+01  6.3999999517648561e+01  1.4831310286981326e+01
7.9200000000003598e+01  4.5625986987344280e+00  6.9203758791836052e+01  6.3999997418142001e+01  6.3999999751498208e+01  1.5905661068232963e+01  4.6535729594519424e+00  5.9619925842060233e+01  6.3999998688106416e+01  6.3999999484403183e+01  1.4960391644098772e+01
8.0000000000003993e+01  4.5672864542977658e+00  6.9203331609350840e+01  6.3999997389449923e+01  6.3999999746607607e+01  1.6031503044314725e+01  4.6576056732375903e+00  5.9636030098481513e+01  6.3999998641944252e+01  6.3999999450466454e+01  1.5082890738413026e+01
8.0800000000004403e+01  4.5712601417960954e+00  6.9201855048793576e+01  6.3999997355425521e+01  6.3999999738006196e+01  1.6153655158635971e+01  4.6618123644623193e+00  5.9652524049738872e+01  6.3999998596547513e+01  6.3999999420750079e+01  1.5201330998708656e+01
8.1600000000004798e+01  4.5744019700596290e+00  6.9199686983420946e+01  6.3999997321987927e+01  6.3999999726982523e+01  1.6267199209429023e+01  4.6662090792289082e+00  5.9669936350867289e+01  6.3999998549941559e+01  6.3999999396142506e+01  1.5315634373045949e+01
8.2400000000005207e+01  4.5772168799092254e+00  6.9197016584105356e+01  6.3999997292938495e+01  6.3999999716685295e+01  1.6371595425508328e+01  4.6707965331394803e+00  5.9687220665855811e+01  6.3999998496948557e+01  6.3999999377440993e+01  1.5428008318685768e+01
8.3200000000005701e+01  4.5800714921701786e+00  6.9195422674816029e+01  6.3999997262815683e+01  6.3999999702689628e+01  1.6470209575718254e+01  4.6755175036155476e+00  5.9704915600076255e+01  6.3999998437501283e+01  6.3999999361864901e+01  1.5535807115872103e+01
8.4000000000006096e+01  4.5825468093141737e+00  6.9195798339086778e+01  6.3999997226732454e+01  6.3999999689827888e+01  1.6560770462904138e+01  4.6806666558169177e+00  5.9722321166472305e+01  6.3999998373617572e+01  6.3999999348509036e+01  1.5638649032331001e+01
8.4800000000006506e+01  4.5845435280204647e+00  6.9196165466578350e+01  6.3999997179726073e+01  6.3999999678257439e+01  1.6648325022780860e+01  4.6860995915869310e+00  5.9739509369910941e+01  6.3999998325025409e+01  6.3999999339833813e+01  1.5735113637209251e+01
8.5600000000006901e+01  4.5862813743296265e+00  6.9195975073483794e+01  6.3999997121719446e+01  6.3999999667461239e+01  1.6731786984924053e+01  4.6914892866761786e+00  5.9756951302103715e+01  6.3999998297622980e+01  6.3999999330236619e+01  1.5825456327989404e+01
8.6400000000007296e+01  4.5881184325123696e+00  6.9194714923748492e+01  6.3999997062449410e+01  6.3999999661760022e+01  1.6808104530760332e+01  4.6969131163330289e+00  5.9774721078121054e+01  6.3999998283586280e+01  6.3999999322956882e+01  1.5913007730628312e+01
8.7200000000007705e+01  4.5901289954752142e+00  6.9193208737289282e+01  6.3999997001887749e+01  6.3999999654359705e+01  1.6878316112721055e+01  4.7022730589213806e+00  5.9792635317045153e+01  6.3999998280572974e+01  6.3999999314610193e+01  1.5994570699319333e+01
8.8000000000008100e+01  4.5917995372386278e+00  6.9193455358496067e+01  6.3999996936069188e+01  6.3999999643193100e+01  1.6938602606508621e+01  4.7076168369546938e+00  5.9810500721895636e+01  6.3999998282829075e+01  6.3999999306452914e+01  1.6072182830924898e+01
8.8800000000008495e+01  4.5930385915319123e+00  6.9195198768180987e+01  6.3999996862322647e+01  6.3999999632505904e+01  1.6988493489490622e+01  4.7126741780070471e+00  5.9828031108155919e+01  6.3999998287231378e+01  6.3999999299665561e+01  1.6142966700607662e+01
8.9600000000008905e+01  4.5945367747187245e+00  6.9197479001933019e+01  6.3999996772920866e+01  6.3999999615368587e+01  1.7032615679831672e+01  4.7173192077196742e+00  5.9845152804128226e+01  6.3999998304913717e+01  6.3999999289757383e+01  1.6205791687633976e+01
9.0400000000009300e+01  4.5966852269484368e+00  6.9199234800874677e+01  6.3999996669326585e+01  6.3999999595712914e+01  1.7071073944604617e+01  4.7217938390115091e+00  5.9862648756269117e+01  6.3999998331765937e+01  6.3999999279809415e+01  1.6265246968206402e+01
9.1200000000009794e+01  4.5990925583043669e+00  6.9200320803749221e+01  6.3999996567369671e+01  6.3999999576170616e+01  1.7106392623933964e+01  4.7260012680079342e+00  5.9880350915256969e+01  6.3999998365107743e+01  6.3999999268427587e+01  1.6318184096386354e+01
9.2000000000010203e+01  4.6014424786354775e+00  6.9201555003437946e+01  6.3999996470800603e+01  6.3999999549796449e+01  1.7139051460181193e+01  4.7299810737880339e+00  5.9898368860906650e+01  6.3999998400588474e+01  6.3999999254864356e+01  1.6367101134144381e+01
9.2800000000010598e+01  4.6038148818679971e+00  6.9204110124819948e+01  6.3999996372391330e+01  6.3999999522078198e+01  1.7160505132207238e+01  4.7335874838922090e+00  5.9916228837437174e+01  6.3999998431705585e+01  6.3999999245098991e+01  1.6410718064750608e+01
9.3600000000010994e+01  4.6066393213600856e+00  6.9208627078657514e+01  6.3999996277327810e+01  6.3999999494450563e+01  1.7171394032882080e+01  4.7366466467418391e+00  5.9933822196051871e+01  6.3999998468721586e+01  6.3999999236555063e+01  1.6445104449315817e+01
9.4400000000011403e+01  4.6095994302617154e+00  6.9214088579992065e+01  6.3999996165560042e+01  6.3999999457007021e+01  1.7174395985685035e+01  4.7394181183445916e+00  5.9951138267833933e+01  6.3999998507517709e+01  6.3999999227362892e+01  1.6473924534935783e+01
9.5200000000011798e+01  4.6120552916123625e+00  6.9218992033330949e+01  6.3999996041062751e+01  6.3999999419790967e+01  1.7170347147354633e+01  4.7419812210764274e+00  5.9968314817160362e+01  6.3999998556224668e+01  6.3999999221717879e+01  1.6498188222197811e+01
9.6000000000012193e+01  4.6144552478438303e+00  6.9223387760899072e+01  6.3999995921380751e+01  6.3999999383802482e+01  1.7165932080055757e+01  4.7442343015623676e+00  5.9986059576998315e+01  6.3999998599578689e+01  6.3999999211437121e+01  1.6516958411750021e+01
9.6800000000012602e+01  4.6171795627743553e+00  6.9228360874734705e+01  6.3999995805909464e+01  6.3999999346270407e+01  1.7160426251733142e+01  4.7462359667686620e+00  6.0003369312438807e+01  6.3999998651911099e+01  6.3999999200348960e+01  1.6532123988847708e+01
9.7600000000012997e+01  4.6198347831269562e+00  6.9234586103067883e+01  6.3999995685618394e+01  6.3999999309425704e+01  1.7146256010411960e+01  4.7479485067325964e+00  6.0020433620790271e+01  6.3999998689143887e+01  6.3999999186747040e+01  1.6540994108496793e+01
9.8400000000013407e+01  4.6219787088748845e+00  6.9243014755950512e+01  6.3999995554322659e+01  6.3999999269589964e+01  1.7124033595712685e+01  4.7493544917346497e+00  6.0037361292106937e+01  6.3999998737799899e+01  6.3999999173111831e+01  1.6541412707268542e+01
9.9200000000013802e+01  4.6234325656476800e+00  6.9251495020848068e+01  6.3999995402281257e+01  6.3999999220299635e+01  1.7092891086303315e+01  4.7506098652545115e+00  6.0053431703942962e+01  6.3999998765734723e+01  6.3999999158280289e+01  1.6536122538674853e+01
1.0000000000001400e+02  4.6247083644918217e+00  6.9259193528261576e+01  6.3999995265681036e+01  6.3999999180889475e+01  1.7057551677531681e+01  4.7517989620228906e+00  6.0069467162506598e+01  6.3999998809037322e+01  6.3999999149061203e+01  1.6528162025902098e+01
1.0080000000001500e+02  4.6262070285318373e+00  6.9267059054671861e+01  6.3999995132914187e+01  6.3999999140461156e+01  1.7020443984916319e+01  4.7528579650719598e+00  6.0085851659235658e+01  6.3999998832800699e+01  6.3999999136596934e+01  1.6515502301520240e+01
1.0160000000001500e+02  4.6277071028563350e+00  6.9275907964699499e+01  6.3999995039908981e+01  6.3999999109769639e+01  1.6983827029287337e+01  4.7539560612187630e+00  6.0101174784618358e+01  6.3999998859175555e+01  6.3999999119198769e+01  1.6499751997053458e+01
1.0240000000001500e+02  4.6286772511046372e+00  6.9285938130674978e+01  6.3999994902816944e+01  6.3999999060753225e+01  1.6942665136534078e+01  4.7551314448915427e+00  6.0116500381357568e+01  6.3999998874121083e+01  6.3999999103841972e+01  1.6479260628844585e+01
1.0320000000001600e+02  4.6291015110913669e+00  6.9297938086906356e+01  6.3999994802813646e+01  6.3999999021928076e+01  1.6895183917395865e+01  4.7562478167183588e+00  6.0131099579839237e+01  6.3999998870536423e+01  6.3999999077574223e+01  1.6452286190686770e+01
1.0400000000001600e+02  4.6293618917691308e+00  6.9309508132516072e+01  6.3999994648312942e+01  6.3999998969596703e+01  1.6840447268276879e+01  4.7573512050671356e+00  6.0145078303045615e+01  6.3999998896805288e+01  6.3999999065240701e+01  1.6420144875038886e+01
1.0480000000001699e+02  4.6298420955757180e+00  6.9320110612176848e+01  6.3999994577338605e+01  6.3999998945891541e+01  1.6785085641587845e+01  4.7587365135091648e+00  6.0158842255815095e+01  6.3999998877316166e+01  6.3999999037652294e+01  1.6388523485837432e+01
1.0560000000001700e+02  4.6302932419324412e+00  6.9331766293907734e+01  6.3999994467675329e+01  6.3999998908183841e+01  1.6730573077476286e+01  4.7604536904898200e+00  6.0172787442233194e+01  6.3999998930800722e+01  6.3999999028017967e+01  1.6354411193449558e+01
1.0640000000001800e+02  4.6303893414539115e+00  6.9343751660266335e+01  6.3999994404692565e+01  6.3999998874132672e+01  1.6674842302210791e+01  4.7625302792250430e+00  6.0186076180027690e+01  6.3999998898041966e+01  6.3999998994592175e+01  1.6317411575741264e+01
1.0720000000001799e+02  4.6303923961609055e+00  6.9357594114728258e+01  6.3999994324117218e+01  6.3999998833608473e+01  1.6617747908114200e+01  4.7649276305145545e+00  6.0198590562298904e+01  6.3999998907457837e+01  6.3999998980040218e+01  1.6279732823949097e+01
1.0800000000001801e+02  4.6305916637817583e+00  6.9372345768229550e+01  6.3999994220342622e+01  6.3999998782534618e+01  1.6557013181826068e+01  4.7674330124514164e+00  6.0211090037146953e+01  6.3999998861919615e+01  6.3999998950623933e+01  1.6237217774712207e+01
1.0880000000001900e+02  4.6308599351267850e+00  6.9386759014077654e+01  6.3999994156777447e+01  6.3999998760338329e+01  1.6490622495110774e+01  4.7701749635429209e+00  6.0222369569009849e+01  6.3999998865453790e+01  6.3999998928947193e+01  1.6193042048066712e+01
1.0960000000001899e+02  4.6311753488943879e+00  6.9400164079009144e+01  6.3999994061101923e+01  6.3999998727145474e+01  1.6428298762538478e+01  4.7732664068754787e+00  6.0234157169453496e+01  6.3999998863637877e+01  6.3999998904585887e+01  1.6150688744312212e+01
1.1040000000002000e+02  4.6315052699563628e+00  6.9413433120247149e+01  6.3999993985943085e+01  6.3999998691844432e+01  1.6368225157739992e+01  4.7765066874364797e+00  6.0245610473365154e+01  6.3999998843239190e+01  6.3999998875977106e+01  1.6109798716998259e+01
1.1120000000002000e+02  4.6321528669469991e+00  6.9428218960540718e+01  6.3999993953032593e+01  6.3999998665189239e+01  1.6309864931888132e+01  4.7796243078289073e+00  6.0256600174489044e+01  6.3999998845769142e+01  6.3999998849055956e+01  1.6067821822804845e+01
1.1200000000001999e+02  4.6333116160723105e+00  6.9444117435723712e+01  6.3999993847362383e+01  6.3999998619381209e+01  1.6247640569601664e+01  4.7826731348405644e+00  6.0267389968215269e+01  6.3999998821421734e+01  6.3999998820958041e+01  1.6025024460572698e+01
1.1280000000002100e+02  4.6347913143069377e+00  6.9460134463233189e+01  6.3999993785075262e+01  6.3999998597300518e+01  1.6185162028189929e+01  4.7857486123378230e+00  6.0277976872700421e+01  6.3999998811096461e+01  6.3999998796328335e+01  1.5983443382283289e+01
1.1360000000002100e+02  4.6361883518367186e+00  6.9476657898438560e+01  6.3999993668824963e+01  6.3999998559825649e+01  1.6123648372962595e+01  4.7887334686441747e+00  6.0288450647323380e+01  6.3999998800634195e+01  6.3999998768016852e+01  1.5940846139496605e+01
1.1440000000002200e+02  4.6377464878172550e+00  6.9490538446092387e+01  6.3999993484719951e+01  6.3999998500376215e+01  1.6062122756143918e+01  4.7916452994473699e+00  6.0298988911209825e+01  6.3999998797399570e+01  6.3999998743131492e+01  1.5900868096518264e+01
1.1520000000002200e+02  4.6404596049907711e+00  6.9504849320657826e+01  6.3999993538376550e+01  6.3999998476039238e+01  1.6008755067831647e+01  4.7945317357742434e+00  6.0309823583177717e+01  6.3999998774762616e+01  6.3999998705827302e+01  1.5866085315026242e+01
1.1600000000002200e+02  4.6437770249954315e+00  6.9521236422735669e+01  6.3999993388196295e+01  6.3999998407791338e+01  1.5958828184569464e+01  4.7971843014675786e+00  6.0320293849843999e+01  6.3999998794516856e+01  6.3999998693991792e+01  1.5829421154260517e+01
1.1680000000002300e+02  4.6467239797797166e+00  6.9537752802366484e+01  6.3999993362450262e+01  6.3999998390408898e+01  1.5902715353055383e+01  4.7997235488189052e+00  6.0331016049129715e+01  6.3999998752080550e+01  6.3999998658638788e+01  1.5794794520401247e+01
1.1760000000002300e+02  4.6495154984747495e+00  6.9555513939991727e+01  6.3999993292711302e+01  6.3999998372442370e+01  1.5848788649204709e+01  4.8021142559971093e+00  6.0341302427362812e+01  6.3999998771032736e+01  6.3999998649628125e+01  1.5759654810606731e+01
1.1840000000002399e+02  4.6526060901395052e+00  6.9571048950619542e+01  6.3999993086901426e+01  6.3999998298167846e+01  1.5800032222892426e+01  4.8044135439259588e+00  6.0352443516399816e+01  6.3999998773033674e+01  6.3999998630606427e+01  1.5729562738826591e+01
1.1920000000002400e+02  4.6559222659443495e+00  6.9586214503694578e+01  6.3999993096237624e+01  6.3999998288324711e+01  1.5750954619761954e+01  4.8065076263570798e+00  6.0362819392978345e+01  6.3999998757673225e+01  6.3999998595565863e+01  1.5698868555298420e+01
1.2000000000002400e+02  4.6593888274941921e+00  6.9602275919017728e+01  6.3999992948240887e+01  6.3999998233288608e+01  1.5711171416550993e+01  4.8086015977490053e+00  6.0374163520038124e+01  6.3999998826803882e+01  6.3999998595150807e+01  1.5672870537876028e+01
1.2080000000002499e+02  4.6626406419426960e+00  6.9617382972840517e+01  6.3999992830843532e+01  6.3999998178074996e+01  1.5673980527282653e+01  4.8106878612242667e+00  6.0385453244889042e+01  6.3999998772890393e+01  6.3999998549054204e+01  1.5650064901050996e+01
1.2160000000002501e+02  4.6655508386746334e+00  6.9635420296982431e+01  6.3999992822852889e+01  6.3999998180090280e+01  1.5632703294716194e+01  4.8125144351806224e+00  6.0396111656203189e+01  6.3999998847959311e+01  6.3999998547764768e+01  1.5623031599547868e+01
1.2240000000002600e+02  4.6684649020901441e+00  6.9652766188526783e+01  6.3999992573203471e+01  6.3999998098697148e+01  1.5594642413162811e+01  4.8143225472169515e+00  6.0407861237781184e+01  6.3999998828875555e+01  6.3999998517288581e+01  1.5600919815267343e+01
1.2320000000002599e+02  4.6713853191153518e+00  6.9667577952667543e+01  6.3999992524611528e+01  6.3999998070988532e+01  1.5558142085920911e+01  4.8161761499542237e+00  6.0419018977923379e+01  6.3999998833516315e+01  6.3999998491331226e+01  1.5580800144157491e+01
1.2400000000002700e+02  4.6742034036226725e+00  6.9683663752088677e+01  6.3999992416070810e+01  6.3999998028314927e+01  1.5528396116856154e+01  4.8180741400921194e+00  6.0430934374375774e+01  6.3999998885050381e+01  6.3999998485484269e+01  1.5561885695954263e+01
1.2480000000002700e+02  4.6768098133344864e+00  6.9699018596867674e+01  6.3999992253067013e+01  6.3999997970284603e+01  1.5507273246014316e+01  4.8200659799113570e+00  6.0443005248217268e+01  6.3999998852019800e+01  6.3999998447890704e+01  1.5546802992912301e+01
1.2560000000002699e+02  4.6791442134364658e+00  6.9714532807425002e+01  6.3999992204036296e+01  6.3999997956050116e+01  1.5478987386499874e+01  4.8220976291319930e+00  6.0454873626656749e+01  6.3999998896764723e+01  6.3999998437433177e+01  1.5531869272987390e+01
1.2640000000002800e+02  4.6816393561562286e+00  6.9731894242913867e+01  6.3999992053724718e+01  6.3999997910821776e+01  1.5456894953767303e+01  4.8241746828219974e+00  6.0467510250384997e+01  6.3999998912393920e+01  6.3999998409372054e+01  1.5517161571184861e+01
1.2720000000002800e+02  4.6839631158354100e+00  6.9748013355330187e+01  6.3999991840423327e+01  6.3999997839768305e+01  1.5436291959472562e+01  4.8264294139873769e+00  6.0479688961359777e+01  6.3999998917842575e+01  6.3999998379715883e+01  1.5503569162070551e+01
1.2800000000002899e+02  4.6857931002068991e+00  6.9763810077658292e+01  6.3999991756498730e+01  6.3999997797948268e+01  1.5409748482764256e+01  4.8289855605733436e+00  6.0492498418926552e+01  6.3999998901903652e+01  6.3999998338191403e+01  1.5492917617751971e+01
1.2880000000002801e+02  4.6878207968236376e+00  6.9778706505521029e+01  6.3999991577751764e+01  6.3999997729823164e+01  1.5398824744888733e+01  4.8317745513832513e+00  6.0505841745803579e+01  6.3999998961935283e+01  6.3999998302297804e+01  1.5482197660938008e+01
1.2960000000002699e+02  4.6900217410015141e+00  6.9792973513995804e+01  6.3999991462673435e+01  6.3999997676170317e+01  1.5390310913355833e+01  4.8348396417638888e+00  6.0519127098960489e+01  6.3999998880346368e+01  6.3999998262270935e+01  1.5475749176788812e+01
1.3040000000002601e+02  4.6921089826900886e+00  6.9810028633950040e+01  6.3999991364547441e+01  6.3999997620003235e+01  1.5374313759540129e+01  4.8381582793229754e+00  6.0532334019143683e+01  6.3999999002238070e+01  6.3999998257701598e+01  1.5467584469530669e+01
1.3120000000002599e+02  4.6941876564049920e+00  6.9825848340725187e+01  6.3999991134315643e+01  6.3999997564083444e+01  1.5364238098317513e+01  4.8417365303582693e+00  6.0546221466645754e+01  6.3999999036283135e+01  6.3999998242978563e+01  1.5456876174947617e+01
1.3200000000002501e+02  4.6961160800119295e+00  6.9841330866378826e+01  6.3999991001767754e+01  6.3999997509731038e+01  1.5354992814747444e+01  4.8456232882598140e+00  6.0559611027083328e+01  6.3999999015402260e+01  6.3999998202415263e+01  1.5453779747051657e+01
1.3280000000002400e+02  4.6980276840107358e+00  6.9857350515018084e+01  6.3999990745834396e+01  6.3999997430720001e+01  1.5342311943642741e+01  4.8494060615869543e+00  6.0573399579281059e+01  6.3999999091689006e+01  6.3999998155060950e+01  1.5445069699208233e+01
1.3360000000002299e+02  4.7004983471134558e+00  6.9871593217037272e+01  6.3999990643604598e+01  6.3999997401921085e+01  1.5338858995816912e+01  4.8532426163915101e+00  6.0587253821674942e+01  6.3999999041095890e+01  6.3999998114145669e+01  1.5439873555478162e+01
1.3440000000002300e+02  4.7033394789505341e+00  6.9886542871330604e+01  6.3999990475241603e+01  6.3999997310049679e+01  1.5338403022615669e+01  4.8572121205556424e+00  6.0601563794978631e+01  6.3999999072761049e+01  6.3999998085151873e+01  1.5437427480320419e+01
1.3520000000002199e+02  4.7060159045059917e+00  6.9902852167817471e+01  6.3999990379780172e+01  6.3999997260336698e+01  1.5333430197322361e+01  4.8610858169303821e+00  6.0615392790356999e+01  6.3999999030901037e+01  6.3999998050133179e+01  1.5432019656800346e+01
1.3600000000002100e+02  4.7086452450121730e+00  6.9919367917302722e+01  6.3999990239163452e+01  6.3999997220618283e+01  1.5329250756724912e+01  4.8647965610063419e+00  6.0629305372596718e+01  6.3999999078292717e+01  6.3999998070187992e+01  1.5424814008271557e+01
1.3680000000002099e+02  4.7118518157269627e+00  6.9934095057351371e+01  6.3999990102728788e+01  6.3999997135451288e+01  1.5324878998136240e+01  4.8684728182222763e+00  6.0644378459918975e+01  6.3999999004547377e+01  6.3999998032661395e+01  1.5422421730447040e+01
1.3760000000002000e+02  4.7156968717480332e+00  6.9949877992178372e+01  6.3999990009467531e+01  6.3999997094105758e+01  1.5321375343727729e+01  4.8719919413853630e+00  6.0657894272884079e+01  6.3999999090607758e+01  6.3999998023127752e+01  1.5418117029973725e+01
1.3840000000001899e+02  4.7196729701829554e+00  6.9965399751486387e+01  6.3999989711615576e+01  6.3999997021973201e+01  1.5325412538855984e+01  4.8753527068907054e+00  6.0672977110794349e+01  6.3999999242020600e+01  6.3999998024793754e+01  1.5412259906123950e+01
1.3920000000001801e+02  4.7233641843225609e+00  6.9980353366229863e+01  6.3999989550100892e+01  6.3999996973628981e+01  1.5324620933464381e+01  4.8786767873132053e+00  6.0687725628117860e+01  6.3999999167716439e+01  6.3999997941782674e+01  1.5410344747563093e+01
1.4000000000001799e+02  4.7272111201175555e+00  6.9997112217486276e+01  6.3999989356869477e+01  6.3999996938565822e+01  1.5326266697179829e+01  4.8817692467979752e+00  6.0701926217212225e+01  6.3999999392170778e+01  6.3999997948770385e+01  1.5406469917259558e+01
1.4080000000001701e+02  4.7313348038890073e+00  7.0013046373852887e+01  6.3999989131828293e+01  6.3999996861465156e+01  1.5327074876413439e+01  4.8845958748522715e+00  6.0717094896300210e+01  6.3999999299398326e+01  6.3999997913378856e+01  1.5399425187317458e+01
1.4160000000001600e+02  4.7353745103058698e+00  7.0029179813674801e+01  6.3999988942839536e+01  6.3999996770843850e+01  1.5323120649001035e+01  4.8873683619494948e+00  6.0731695659697650e+01  6.3999999310292239e+01  6.3999997905790991e+01  1.5396269072787453e+01
1.4240000000001501e+02  4.7392934476238988e+00  7.0045298792778325e+01  6.3999988694763438e+01  6.3999996696838394e+01  1.5327880165718174e+01  4.8900477605421351e+00  6.0746858366952182e+01  6.3999999362480359e+01  6.3999997922545887e+01  1.5392598327741053e+01
1.4320000000001500e+02  4.7429641838922603e+00  7.0060737908996018e+01  6.3999988433192904e+01  6.3999996609380212e+01  1.5329307542392694e+01  4.8925227258047537e+00  6.0761557768122621e+01  6.3999999276340766e+01  6.3999997918431191e+01  1.5384605239999802e+01
1.4400000000001401e+02  4.7466154113585075e+00  7.0076722907955045e+01  6.3999988167878371e+01  6.3999996493143243e+01  1.5332771685198276e+01  4.8949415086392278e+00  6.0777168751212891e+01  6.3999999355350440e+01  6.3999997911805217e+01  1.5382874152369016e+01
1.4480000000001300e+02  4.7502657408831510e+00  7.0093322684950849e+01  6.3999987965606465e+01  6.3999996386165101e+01  1.5335543000377953e+01  4.8971879896676747e+00  6.0792093583300627e+01  6.3999999353742567e+01  6.3999997866701655e+01  1.5375621494320757e+01
1.4560000000001301e+02  4.7536835854650326e+00  7.0110363108416379e+01  6.3999987731880417e+01  6.3999996278387378e+01  1.5333200311808103e+01  4.8994143171184605e+00  6.0806969326018191e+01  6.3999999495990259e+01  6.3999997844445417e+01  1.5368115825740034e+01
1.4640000000001200e+02  4.7568695619866830e+00  7.0126142325600696e+01  6.3999987493772544e+01  6.3999996160126749e+01  1.5338837739617304e+01  4.9017181656237163e+00  6.0823158948457113e+01  6.3999999553226786e+01  6.3999997748650514e+01  1.5364531913076714e+01
1.4720000000001099e+02  4.7597425691945965e+00  7.0142651920233178e+01  6.3999987459603339e+01  6.3999996108453054e+01  1.5339441854192343e+01  4.9039027914365425e+00  6.0837861367879469e+01  6.3999999628302383e+01  6.3999997670241676e+01  1.5355630189189965e+01
1.4800000000001000e+02  4.7625986689922062e+00  7.0159393458027509e+01  6.3999987316725587e+01  6.3999996056100429e+01  1.5339804081863623e+01  4.9061129010280720e+00  6.0853456495912312e+01  6.3999999822823185e+01  6.3999997633844600e+01  1.5349118868023703e+01
1.4880000000000999e+02  4.7655492710157450e+00  7.0175106809706037e+01  6.3999987040847991e+01  6.3999995973081433e+01  1.5346843791412324e+01  4.9084348058063618e+00  6.0869718714724058e+01  6.3999999845176760e+01  6.3999997567609945e+01  1.5342354758855706e+01
1.4960000000000900e+02  4.7681213858849123e+00  7.0192410532962711e+01  6.3999986895936495e+01  6.3999995963361918e+01  1.5345475310057131e+01  4.9108887402935562e+00  6.0884843868052634e+01  6.3999999935044301e+01  6.3999997563910441e+01  1.5334377803807190e+01
1.5040000000000799e+02  4.7704020251859589e+00  7.0210199120947905e+01  6.3999986702783318e+01  6.3999995956121026e+01  1.5346266745430571e+01  4.9134674699814349e+00  6.0900659565733335e+01  6.3999999945655240e+01  6.3999997576301332e+01  1.5325812593201293e+01
1.5120000000000701e+02  4.7726975634437139e+00  7.0226393653936711e+01  6.3999986381654139e+01  6.3999995859952023e+01  1.5348905909391771e+01  4.9161983562345686e+00  6.0916996113391171e+01  6.3999999851001824e+01  6.3999997575517760e+01  1.5316595712214635e+01
1.5200000000000699e+02  4.7750979178093296e+00  7.0242754964656285e+01  6.3999986166424684e+01  6.3999995778642337e+01  1.5348478698140138e+01  4.9191777702622659e+00  6.0932919111509669e+01  6.3999999798870682e+01  6.3999997604577217e+01  1.5309709602065292e+01
1.5280000000000601e+02  4.7775033869413130e+00  7.0260680214003088e+01  6.3999985960999560e+01  6.3999995682794392e+01  1.5351385259447026e+01  4.9224094674590173e+00  6.0948873595657453e+01  6.3999999627574226e+01  6.3999997592682519e+01  1.5298976269042198e+01
1.5360000000000500e+02  4.7796718735746389e+00  7.0278078754346666e+01  6.3999985697434482e+01  6.3999995532976513e+01  1.5351224327952208e+01  4.9259419194693770e+00  6.0965390172914297e+01  6.3999999456316267e+01  6.3999997559503790e+01  1.5289178944565387e+01
1.5440000000000501e+02  4.7817827569512090e+00  7.0294564908884084e+01  6.3999985652109515e+01  6.3999995393931385e+01  1.5350521662420023e+01  4.9296380681707763e+00  6.0981766872507485e+01  6.3999999321699761e+01  6.3999997482172262e+01  1.5281909799288162e+01
1.5520000000000400e+02  4.7841752578887426e+00  7.0312678156528932e+01  6.3999985678430392e+01  6.3999995278471481e+01  1.5352811578991568e+01  4.9332788416686917e+00  6.0997612068982654e+01  6.3999999278088850e+01  6.3999997389198633e+01  1.5270072969789918e+01
1.5600000000000301e+02  4.7867308242824285e+00  7.0331031153955436e+01  6.3999985423878734e+01  6.3999995136369733e+01  1.5348774873033268e+01  4.9369973546961949e+00  6.1014090585414728e+01  6.3999999328352665e+01  6.3999997273424384e+01  1.5259491583184300e+01
1.5680000000000200e+02  4.7894089491492640e+00  7.0347547677566467e+01  6.3999985257678844e+01  6.3999995042907507e+01  1.5348576081804021e+01  4.9408383149147728e+00  6.1030770420054445e+01  6.3999999463001920e+01  6.3999997160342716e+01  1.5250833443419971e+01
1.5760000000000201e+02  4.7921004944250249e+00  7.0365456600480698e+01  6.3999985349128799e+01  6.3999995040702466e+01  1.5351198014663529e+01  4.9446024423501989e+00  6.1046881054019067e+01  6.3999999688862850e+01  6.3999997074138470e+01  1.5239423684888379e+01
1.5840000000000100e+02  4.7949449612378636e+00  7.0384461033616446e+01  6.3999985188465487e+01  6.3999995012745181e+01  1.5347272288298251e+01  4.9482479707724067e+00  6.1063234070592472e+01  6.3999999951915626e+01  6.3999996999566164e+01  1.5228294526389067e+01
1.5919999999999999e+02  4.7983450965397285e+00  7.0401811545758278e+01  6.3999984918813446e+01  6.3999994975701085e+01  1.5345282852697450e+01  4.9518279585996403e+00  6.1080161484365767e+01  6.4000000265493568e+01  6.3999996964909691e+01  1.5218021385305514e+01
1.5999999999999901e+02  4.8020412216656325e+00  7.0420053263529155e+01  6.3999984808114192e+01  6.3999995026352920e+01  1.5344481789838310e+01  4.9553316367662674e+00  6.1096739842181144e+01  6.4000000532071397e+01  6.3999996951164690e+01  1.5206739417750121e+01
1.6079999999999899e+02  4.8056033060354739e+00  7.0439695409785827e+01  6.3999984457135177e+01  6.3999995034388220e+01  1.5340230677821326e+01  4.9587249576849608e+00  6.1112997411016543e+01  6.4000000684604501e+01  6.3999996979954702e+01  1.5194882891450691e+01
1.6159999999999800e+02  4.8091699424350534e+00  7.0457548647314056e+01  6.3999984018320632e+01  6.3999994965974771e+01  1.5339119946483924e+01  4.9619733472901739e+00  6.1130079833176246e+01  6.4000000782780589e+01  6.3999997027204003e+01  1.5183713222453648e+01
1.6239999999999699e+02  4.8130219957126021e+00  7.0475323069238385e+01  6.3999983855191537e+01  6.3999994901170410e+01  1.5337578504289219e+01  4.9650658891877129e+00  6.1147192061152950e+01  6.4000000631227707e+01  6.3999997047031030e+01  1.5172551896485073e+01
1.6319999999999700e+02  4.8170270494997620e+00  7.0495200002374276e+01  6.3999983470815508e+01  6.3999994791091943e+01  1.5332883571774179e+01  4.9680047907298661e+00  6.1163509688587823e+01  6.4000000478368165e+01  6.3999997105651843e+01  1.5160264741380340e+01
1.6399999999999599e+02  4.8208575458501670e+00  7.0514526556352521e+01  6.3999983026792840e+01  6.3999994615578593e+01  1.5330911531196696e+01  4.9708478645667400e+00  6.1180649342824339e+01  6.4000000383563787e+01  6.3999997142488198e+01  1.5148377772737724e+01
1.6479999999999501e+02  4.8243558123030050e+00  7.0532817876440774e+01  6.3999982810033124e+01  6.3999994471769760e+01  1.5327708537351995e+01  4.9735777849207512e+00  6.1198261073971508e+01  6.4000000111674609e+01  6.3999997132070213e+01  1.5136541096177773e+01
1.6559999999999400e+02  4.8277455023133022e+00  7.0552439992457749e+01  6.3999982767292771e+01  6.3999994318083743e+01  1.5321689479245933e+01  4.9761655708642909e+00  6.1214879613386984e+01  6.3999999828050726e+01  6.3999997070408874e+01  1.5123729490872966e+01
1.6639999999999401e+02  4.8313287126003512e+00  7.0572074294054218e+01  6.3999982449348224e+01  6.3999994055175321e+01  1.5320079555509970e+01  4.9786429379733352e+00  6.1232075684971889e+01  6.3999999597132167e+01  6.3999996985749497e+01  1.5111712594877684e+01
1.6719999999999300e+02  4.8348415982912893e+00  7.0590613860341705e+01  6.3999982143648616e+01  6.3999993805065564e+01  1.5317726393801109e+01  4.9810745541441612e+00  6.1250045286327548e+01  6.3999999349821607e+01  6.3999996829933878e+01  1.5099884191590546e+01
1.6799999999999201e+02  4.8379565774424584e+00  7.0610206881920817e+01  6.3999982045513789e+01  6.3999993654693014e+01  1.5310133487475017e+01  4.9834680078433848e+00  6.1267058044404521e+01  6.3999999173276123e+01  6.3999996645372754e+01  1.5086125425231000e+01
1.6879999999999100e+02  4.8409624114815664e+00  7.0630603159091706e+01  6.3999981865089694e+01  6.3999993551710745e+01  1.5306797342659578e+01  4.9858433430235571e+00  6.1284410674286448e+01  6.3999999278710213e+01  6.3999996486555858e+01  1.5073611119329854e+01
1.6959999999999101e+02  4.8439143131026556e+00  7.0649804984187298e+01  6.3999981708986965e+01  6.3999993469753974e+01  1.5304845410596833e+01  4.9881929229225541e+00  6.1302738999578416e+01  6.3999999497832498e+01  6.3999996290578643e+01  1.5061403312717301e+01
1.7039999999999000e+02  4.8466972377440332e+00  7.0669133670783111e+01  6.3999981580629864e+01  6.3999993427901494e+01  1.5297778611185755e+01  4.9905486198783704e+00  6.1320256712932455e+01  6.3999999742635090e+01  6.3999996120994830e+01  1.5047379973931978e+01
1.7119999999998899e+02  4.8493441543950047e+00  7.0689802933213045e+01  6.3999981371359418e+01  6.3999993447227531e+01  1.5292327219043210e+01  4.9930500300191722e+00  6.1337768870608336e+01  6.4000000365636893e+01  6.3999996058451678e+01  1.5034182744422941e+01
1.7199999999998900e+02  4.8517939902028404e+00  7.0709706539215119e+01  6.3999981063904052e+01  6.3999993472700730e+01  1.5290275319448876e+01  4.9957079698249354e+00  6.1356338092949663e+01  6.4000000811830560e+01  6.3999996012081752e+01  1.5021822590470716e+01
1.7279999999998799e+02  4.8540808810602858e+00  7.0729107298440809e+01  6.3999980878956926e+01  6.3999993424575528e+01  1.5284250049030460e+01  4.9983966294274778e+00  6.1374452955859113e+01  6.4000001111472471e+01  6.3999995977644417e+01  1.5007715574544143e+01
1.7359999999998701e+02  4.8563795068653555e+00  7.0749853413929060e+01  6.3999980630127098e+01  6.3999993452648667e+01  1.5276274083086186e+01  5.0012294316614678e+00  6.1392324161733548e+01  6.4000001689878431e+01  6.3999996076229635e+01  1.4993572866029210e+01
1.7439999999998599e+02  4.8588949265232007e+00  7.0770276472857830e+01  6.3999980193875913e+01  6.3999993427426276e+01  1.5273199392986223e+01  5.0043660056823853e+00  6.1411136696882892e+01  6.4000001977571856e+01  6.3999996175597005e+01  1.4981221957003346e+01
1.7519999999998601e+02  4.8613024015868778e+00  7.0790037907481803e+01  6.3999979762498192e+01  6.3999993380263327e+01  1.5267861074424955e+01  5.0077316962572107e+00  6.1429772988096147e+01  6.4000002155838928e+01  6.3999996267598753e+01  1.4967225539294786e+01
1.7599999999998499e+02  4.8634250178331211e+00  7.0810670693022701e+01  6.3999979597997452e+01  6.3999993323905805e+01  1.5260324551083601e+01  5.0112786745750011e+00  6.1448014467301824e+01  6.4000002240964307e+01  6.3999996417758759e+01  1.4953356249373424e+01
1.7679999999998401e+02  4.8656652967779204e+00  7.0831647233576533e+01  6.3999979281488002e+01  6.3999993147541446e+01  1.5254831358921582e+01  5.0148881663148206e+00  6.1466842515059007e+01  6.4000002056368629e+01  6.3999996497033180e+01  1.4939869785497958e+01
1.7759999999998300e+02  4.8682503300599187e+00  7.0852112039286737e+01  6.3999979059825755e+01  6.3999992954527400e+01  1.5248543092957554e+01  5.0185890025466922e+00  6.1485715258508677e+01  6.4000001860536457e+01  6.3999996563150674e+01  1.4925860502647801e+01
1.7839999999998301e+02  4.8709682021207765e+00  7.0872883497364683e+01  6.3999978872449773e+01  6.3999992777121356e+01  1.5242479835069940e+01  5.0224182838994436e+00  6.1504254157001675e+01  6.4000001506263516e+01  6.3999996582036296e+01  1.4912604883681782e+01
1.7919999999998200e+02  4.8735424889360655e+00  7.0894358601869882e+01  6.3999978665712142e+01  6.3999992552417865e+01  1.5235657532666506e+01  5.0262410036412799e+00  6.1523096777040919e+01  6.4000001072798739e+01  6.3999996513140218e+01  1.4898825803450988e+01
1.7999999999998099e+02  4.8762305523542349e+00  7.0915061311928781e+01  6.3999978351338477e+01  6.3999992292966290e+01  1.5227751858914312e+01  5.0300675153955634e+00  6.1542234081048591e+01  6.4000000510018168e+01  6.3999996382223785e+01  1.4884601700663707e+01
1.8079999999998100e+02  4.8794889407513731e+00  7.0936087085903338e+01  6.3999977964364696e+01  6.3999991979715780e+01  1.5222436921487731e+01  5.0338528016136603e+00  6.1561055218112536e+01  6.3999999917329312e+01  6.3999996158962745e+01  1.4871614135053560e+01
1.8159999999998001e+02  4.8830734469507240e+00  7.0957743430466465e+01  6.3999977556833898e+01  6.3999991717789669e+01  1.5215151721234285e+01  5.0375096552181438e+00  6.1580075323997676e+01  6.3999999433033317e+01  6.3999995926819054e+01  1.4857921685939862e+01
1.8239999999997900e+02  4.8866604250948038e+00  7.0979295699832903e+01  6.3999976996783133e+01  6.3999991469580010e+01  1.5206977412211112e+01  5.0411129837014528e+00  6.1599253228004756e+01  6.3999998987236594e+01  6.3999995681334141e+01  1.4843439424890715e+01
1.8319999999997799e+02  4.8901285074779066e+00  7.1001132784090757e+01  6.3999976717599935e+01  6.3999991264481331e+01  1.5198440633275176e+01  5.0446134544810022e+00  6.1618410585357331e+01  6.3999998613428872e+01  6.3999995412719620e+01  1.4829928558601679e+01
1.8399999999997800e+02  4.8938151160177359e+00  7.1022393163214772e+01  6.3999976406426747e+01  6.3999991147266428e+01  1.5193517652553059e+01  5.0479602935814238e+00  6.1637700076538458e+01  6.3999998331059118e+01  6.3999995166782192e+01  1.4818163899617623e+01
1.8479999999997699e+02  4.8976723375508868e+00  7.1044421254384730e+01  6.3999976027237580e+01  6.3999991049163079e+01  1.5185709645813999e+01  5.0511119492494538e+00  6.1656956320578949e+01  6.3999998498878242e+01  6.3999994892179743e+01  1.4802893337451547e+01
1.8559999999997601e+02  4.9013464728036791e+00  7.1066609621647459e+01  6.3999975761171186e+01  6.3999990997721795e+01  1.5174077256002715e+01  5.0541960153007945e+00  6.1676516913402104e+01  6.3999998790249123e+01  6.3999994696102888e+01  1.4788657047518646e+01
1.8639999999997499e+02  4.9051021482323041e+00  7.1088378612459920e+01  6.3999975231445738e+01  6.3999990810600096e+01  1.5172113433918311e+01  5.0572383592512447e+00  6.1696069131721870e+01  6.3999999268131553e+01  6.3999994537413777e+01  1.4777046116486405e+01
1.8719999999997501e+02  4.9085774340978530e+00  7.1110585740426274e+01  6.3999974774851999e+01  6.3999990711854814e+01  1.5163902392184136e+01  5.0601158193326494e+00  6.1715743306480995e+01  6.3999999873935892e+01  6.3999994505482547e+01  1.4761668361403993e+01
1.8799999999997399e+02  4.9119700353195253e+00  7.1132770578865404e+01  6.3999974526872691e+01  6.3999990733749200e+01  1.5152249047594761e+01  5.0629069287459298e+00  6.1735291417778676e+01  6.4000000447557426e+01  6.3999994576091588e+01  1.4747565283447168e+01
1.8879999999997301e+02  4.9155230763565214e+00  7.1155283707441484e+01  6.3999974256128226e+01  6.3999990696462632e+01  1.5146763553480040e+01  5.0656302760499585e+00  6.1755162013958561e+01  6.4000001258400033e+01  6.3999994664559956e+01  1.4735036656001906e+01
1.8959999999997299e+02  4.9188329155690038e+00  7.1177598351601489e+01  6.3999973974168810e+01  6.3999990665565434e+01  1.5140673711420819e+01  5.0683939764288723e+00  6.1775241458991431e+01  6.4000001937847742e+01  6.3999994811255043e+01  1.4722812051423659e+01
1.9039999999997201e+02  4.9218153943934375e+00  7.1200243458927702e+01  6.3999973773247028e+01  6.3999990565965774e+01  1.5128418291456715e+01  5.0710317328706900e+00  6.1794863025262948e+01  6.4000002669481077e+01  6.3999994969506943e+01  1.4706502009226922e+01
1.9119999999997100e+02  4.9247397543300302e+00  7.1222671265114030e+01  6.3999973732194938e+01  6.3999990636821927e+01  1.5119642771914124e+01  5.0736462576856383e+00  6.1815364442195580e+01  6.4000003203844443e+01  6.3999995115965213e+01  1.4694056697877047e+01
1.9199999999996999e+02  4.9277338547170988e+00  7.1245207651224490e+01  6.3999973630825053e+01  6.3999990670246795e+01  1.5117553523347313e+01  5.0763193348955653e+00  6.1835656958383446e+01  6.4000003647323766e+01  6.3999995248534788e+01  1.4682820287268125e+01
1.9279999999997000e+02  4.9305353675326380e+00  7.1268086221903090e+01  6.3999973503464865e+01  6.3999990582318929e+01  1.5105902165838618e+01  5.0789123948063537e+00  6.1855910563319242e+01  6.4000004059876915e+01  6.3999995340617623e+01  1.4666355176695214e+01
1.9359999999996899e+02  4.9331383789761940e+00  7.1291025132027897e+01  6.3999973538687364e+01  6.3999990590488466e+01  1.5095482519074171e+01  5.0816730265112300e+00  6.1876337999498432e+01  6.4000004067751192e+01  6.3999995443473196e+01  1.4653687776374916e+01
1.9439999999996800e+02  4.9356533244132148e+00  7.1314067557300959e+01  6.3999973276130937e+01  6.3999990394346916e+01  1.5092531339630318e+01  5.0845530381436994e+00  6.1896986941065776e+01  6.4000004078819941e+01  6.3999995506468707e+01  1.4641403195731090e+01
1.9519999999996699e+02  4.9381290192908809e+00  7.1336444529216266e+01  6.3999973132103314e+01  6.3999990263461981e+01  1.5084712616987730e+01  5.0874703240873949e+00  6.1917791756280380e+01  6.4000004022214142e+01  6.3999995520543791e+01  1.4626991252969114e+01
1.9599999999996700e+02  4.9405865997683485e+00  7.1360305418376228e+01  6.3999973209836909e+01  6.3999990254932420e+01  1.5071111877208217e+01  5.0906135613452994e+00  6.1938181483327831e+01  6.4000003610511314e+01  6.3999995515619680e+01  1.4611534438958222e+01
1.9679999999996599e+02  4.9430973497681432e+00  7.1383470450244886e+01  6.3999972696352273e+01  6.3999989967677884e+01  1.5064269674051269e+01  5.0941090064215544e+00  6.1959526252878511e+01  6.4000003224422471e+01  6.3999995403775145e+01  1.4599620458301224e+01
1.9759999999996501e+02  4.9455550045171011e+00  7.1406087184344301e+01  6.3999972429645140e+01  6.3999989801792601e+01  1.5061099588064421e+01  5.0977719825919188e+00  6.1980754240933415e+01  6.4000002724515937e+01  6.3999995265581575e+01  1.4587041586453777e+01
1.9839999999996499e+02  4.9478024668416678e+00  7.1430687547438723e+01  6.3999972243088813e+01  6.3999989663653345e+01  1.5044926926095860e+01  5.1015071301199191e+00  6.2001551365537260e+01  6.4000002148206846e+01  6.3999995151536432e+01  1.4570985225143531e+01
1.9919999999996401e+02  4.9503960599020864e+00  7.1453664496377627e+01  6.3999971726608827e+01  6.3999989369840982e+01  1.5036284639830965e+01  5.1054063737344899e+00  6.2022775238007348e+01  6.4000001549638370e+01  6.3999994940031627e+01  1.4559410089138515e+01
1.9999999999996299e+02  4.9534196237311736e+00  7.1477126935488769e+01  6.3999971255229859e+01  6.3999989240081433e+01  1.5035609727524788e+01  5.1094072638192145e+00  6.2044120777660808e+01  6.4000000955407316e+01  6.3999994737479476e+01  1.4547784074231453e+01
2.0000999999996299e+02  4.9534567706317025e+00  7.1477435676199633e+01  6.3999971249614099e+01  6.3999989238274061e+01  1.5035530634680836e+01  5.1094575576013224e+00  6.2044387249342250e+01  6.4000000947642164e+01  6.3999994735372553e+01  1.4547611491737884e+01
