# time  Re(R=8)  Im(R=8)  Re(R=16)  Im(R=16)
0.0000000000000000e+00  -4.1034847782760512e-05  8.0508498434956834e-06  1.7321866707375813e-05  6.4997659239506583e-07
2.6666666666666600e-01  -4.0002504506751209e-05  -2.4635950975702513e-06  -4.1482030118783600e-05  -7.6963012903658286e-07
5.3333333333333299e-01  -3.7388776772288406e-05  5.2474371027379788e-07  -3.4781953825760343e-05  5.4045518530624531e-07
8.0000000000000104e-01  -4.0240834772085543e-05  -8.7196487606140072e-07  -3.6603612177400462e-05  4.9264900249954429e-07
1.0666666666666700e+00  -3.9590565705702719e-05  8.0375323220339337e-07  -3.4172639504022028e-05  -5.5970306407076591e-07
1.3333333333333299e+00  -4.0623308438063183e-05  2.4580733233582883e-07  -3.0459869283680284e-05  -4.2037002939779944e-07
1.6000000000000001e+00  -4.0744632919447214e-05  -1.3594653122580149e-06  -3.1458553710133614e-05  4.8227857766411346e-07
1.8666666666666600e+00  -4.1230130639125911e-05  8.6886439630068216e-08  -3.0765097697914531e-05  2.4962414575084196e-07
2.1333333333333302e+00  -3.8030093170405988e-05  7.2294787785520218e-08  -3.0996485888841917e-05  -3.7909707037854756e-07
2.3999999999999999e+00  -3.6640171003633611e-05  -6.3640314603893994e-07  -3.1592429709939186e-05  -3.3582043890177092e-07
2.6666666666666701e+00  -4.0331357408643917e-05  -2.0351871145229140e-07  -3.0773914470954911e-05  2.0813412562054084e-08
2.9333333333333500e+00  -4.3443428143568285e-05  -1.4188477146901802e-08  -3.0075013520476469e-05  2.1679568260022201e-08
3.2000000000000202e+00  -4.2941867650153921e-05  -9.4222885308550904e-08  -3.0477048843757031e-05  7.6596099098656543e-08
3.4666666666666899e+00  -3.9363962164727702e-05  -9.8295509475190554e-08  -3.0681424200014748e-05  -4.5972757996468911e-08
3.7333333333333698e+00  -3.9998666388969829e-05  -3.6458244680289610e-07  -3.0420111409836838e-05  -2.1591901392452885e-07
4.0000000000000400e+00  -4.1770373144110542e-05  -3.7047797480771826e-07  -3.0329176395225365e-05  -1.9468983444099326e-08
4.2666666666667101e+00  -4.0898069471659112e-05  -5.1458960585467107e-08  -3.0533307002303056e-05  1.0177888512550136e-07
4.5333333333333803e+00  -4.2917829651994914e-05  3.2581851864676520e-08  -3.0887016640305464e-05  -9.3408002300767787e-08
4.8000000000000602e+00  -4.5108120963708250e-05  -1.3831678374637818e-07  -3.1003486812425957e-05  -5.6897282835086951e-08
5.0666666666667304e+00  -4.3391605720299173e-05  -2.0327613363302537e-07  -3.1066438596208347e-05  7.2780472077378933e-08
5.3333333333333997e+00  -4.2912001374659567e-05  -1.2887899431208058e-07  -3.1164354516029897e-05  -7.6226350401506676e-08
5.6000000000000796e+00  -4.5872996211889657e-05  -7.9776163154406372e-08  -3.0716830118137737e-05  -8.8097326887742346e-08
5.8666666666667497e+00  -4.7951855076096540e-05  -7.8841999567724450e-08  -3.0524455287636687e-05  1.4783156958310071e-07
6.1333333333334199e+00  -4.6985833612312383e-05  -1.1603819865689316e-07  -3.1341845310710572e-05  4.6683757505871543e-08
6.4000000000000901e+00  -4.6044861117850266e-05  -1.4108795206514809e-07  -3.1550342269548723e-05  -1.9002789981377448e-07
6.6666666666667700e+00  -4.7941696367152453e-05  -1.0092302013857303e-07  -3.0691002313354960e-05  -6.1252675861927504e-09
6.9333333333334402e+00  -5.0504368838038511e-05  -9.2381781390669634e-08  -3.0623708421000838e-05  1.6461377598512200e-07
7.2000000000001103e+00  -5.1180888381093523e-05  -1.4758741839134115e-07  -3.1213681558896947e-05  7.7749027708825846e-08
7.4666666666667796e+00  -5.1122308666137649e-05  -1.2609123243184822e-07  -3.1003366777516861e-05  4.0862589367431700e-08
7.7333333333334604e+00  -5.1220487424810685e-05  -6.3044696070596069e-08  -3.0588654756071666e-05  -5.4944727223488461e-08
8.0000000000001297e+00  -5.0886203116163381e-05  -9.9566488172976466e-08  -3.0573448273070953e-05  -1.6053996088954748e-07
8.2666666666667705e+00  -5.0707520939844404e-05  -1.2978404830540224e-07  -3.0149453983200878e-05  -1.1699564738554006e-08
8.5333333333334007e+00  -5.1253611291945752e-05  -8.8017873418550297e-08  -2.9413594400465986e-05  1.5976771158987238e-07
8.8000000000000398e+00  -5.1504508824827880e-05  -1.0427812438317891e-07  -2.9210711944345532e-05  1.3647626574528160e-07
9.0666666666666806e+00  -5.0696246977056391e-05  -1.5906559350673779e-07  -2.9437606551774833e-05  6.3586718070304484e-08
9.3333333333333197e+00  -4.9546300908072740e-05  -1.4375854296052516e-07  -2.9353656944407173e-05  3.4131016478434366e-09
9.5999999999999499e+00  -4.8803570176783372e-05  -6.6004249716894319e-08  -2.8472664011030450e-05  -7.3600374404008356e-08
9.8666666666665908e+00  -4.7867753179507323e-05  -3.0430682474273309e-08  -2.7298161385963101e-05  -8.5465538220918684e-08
1.0133333333333200e+01  -4.5979900921029471e-05  -1.4036205068459293e-07  -2.6908746031916243e-05  2.8490806336485663e-10
1.0399999999999901e+01  -4.3858096224858132e-05  -2.4581241446463269e-07  -2.6992664491867260e-05  7.2198527236294215e-08
1.0666666666666501e+01  -4.2306261752315377e-05  -1.3530593300700266e-07  -2.6245895080327928e-05  7.5701339399861870e-08
1.0933333333333101e+01  -4.0515345915520214e-05  -6.9905547157292181e-09  -2.5119740557436840e-05  6.6322553457631544e-08
1.1199999999999800e+01  -3.7657557392243698e-05  -9.2022373428095830e-08  -2.4999827757849151e-05  4.9583883071509064e-08
1.1466666666666400e+01  -3.4348852447154752e-05  -1.9300360471124980e-07  -2.5074631026135205e-05  -9.3282485693795066e-09
1.1733333333333100e+01  -3.1336786221467196e-05  -1.3573869683775582e-07  -2.3898339887562496e-05  -6.5306585616948617e-08
1.1999999999999700e+01  -2.8453803569562420e-05  -7.3122626326690978e-08  -2.2655548262669699e-05  -3.4163505379998877e-08
1.2266666666666300e+01  -2.5166119038994071e-05  -1.2515558601132199e-07  -2.2831697723128580e-05  6.1189042457783191e-08
1.2533333333332999e+01  -2.1291915635660428e-05  -1.9823972752053676e-07  -2.3115827605208477e-05  8.6250946302419732e-08
1.2799999999999599e+01  -1.7180329169695551e-05  -1.7002181901509404e-07  -2.2152586564115659e-05  1.6289784449035518e-08
1.3066666666666199e+01  -1.2967140617644481e-05  -8.0006016399311541e-08  -2.1108250425518154e-05  -9.0328987889407273e-09
1.3333333333332900e+01  -8.1947698481183049e-06  -9.8874009256319021e-08  -2.0990816732517399e-05  3.2232331905470971e-08
1.3599999999999500e+01  -2.9491469357338524e-06  -2.2642985725758829e-07  -2.0829538342329435e-05  2.5514470408165044e-08
1.3866666666666200e+01  2.0086841469883814e-06  -2.3677553903605935e-07  -1.9887592218418600e-05  2.0412501801093456e-10
1.4133333333332800e+01  6.7642461184900816e-06  -8.4970327449233103e-08  -1.8762094426034524e-05  3.5607008168907831e-08
1.4399999999999400e+01  1.2175894431338870e-05  3.5553995636988904e-09  -1.7855584509258307e-05  4.3856043005103813e-08
1.4666666666666099e+01  1.8441998282653375e-05  -7.2202401600446250e-08  -1.6904483296238268e-05  -2.7043811650386536e-08
1.4933333333332699e+01  2.5127584346844640e-05  -1.9120820210564986e-07  -1.5867869140806782e-05  -4.8239787443333268e-08
1.5199999999999299e+01  3.1999328865276418e-05  -2.5149340380940514e-07  -1.4789117835719838e-05  3.5412790897261928e-08
1.5466666666666001e+01  3.9069338589470631e-05  -2.3173352461066554e-07  -1.3169676690687424e-05  7.8908706550724544e-08
1.5733333333332601e+01  4.6406407656504950e-05  -1.4428408429669437e-07  -1.0671380873249392e-05  -8.2626110814642318e-09
1.5999999999999201e+01  5.4176428151050520e-05  -6.1983538117576643e-08  -8.0531127376646803e-06  -8.5784578829665862e-08
1.6266666666666001e+01  6.2561227290753384e-05  -6.5863025623959724e-08  -6.2183514838270370e-06  -1.2308859589091006e-08
1.6533333333332699e+01  7.1618648259155467e-05  -1.3622937394452453e-07  -4.6624246376239871e-06  9.9689099366584453e-08
1.6799999999999400e+01  8.1307251334612369e-05  -1.8183871856411097e-07  -2.1685549957253916e-06  6.5648642879462139e-08
1.7066666666666102e+01  9.1597505310723885e-05  -1.6019404783899341e-07  1.3108843222369000e-06  -6.4538966339072241e-08
1.7333333333332799e+01  1.0253539992386871e-04  -1.1207241622846178e-07  4.8221900055238300e-06  -9.6916873327144436e-08
1.7599999999999500e+01  1.1421025494789323e-04  -9.4407739335126587e-08  8.0048307302948313e-06  6.2527805756163461e-09
1.7866666666666202e+01  1.2666893112602793e-04  -1.1895105351712404e-07  1.1252588070742032e-05  8.4110037294015570e-08
1.8133333333332899e+01  1.3987550834943739e-04  -1.5574374705178720e-07  1.4798306942665872e-05  2.4997387537407170e-08
1.8399999999999601e+01  1.5375952834207788e-04  -1.7143783314029966e-07  1.8626912042125458e-05  -5.8998037032465461e-08
1.8666666666666298e+01  1.6830995025247155e-04  -1.5551345030013587e-07  2.2733934091445212e-05  -2.2151561429979674e-08
1.8933333333333000e+01  1.8363006274913505e-04  -1.2249794728653024e-07  2.6895436312290672e-05  5.2966245076412339e-08
1.9199999999999701e+01  1.9988111693384068e-04  -9.9110911820250945e-08  3.0795520005363143e-05  1.4787942391621595e-08
1.9466666666666502e+01  2.1714696129712489e-04  -1.0486720313084433e-07  3.4554368062646972e-05  -6.3641778261684103e-08
1.9733333333333199e+01  2.3536128140708450e-04  -1.3738681763329338e-07  3.8505190640564897e-05  -3.4140573646766116e-08
1.9999999999999901e+01  2.5438676425626044e-04  -1.7426414050736989e-07  4.2573299744220168e-05  4.4487731465665069e-08
2.0266666666666602e+01  2.7416613431156171e-04  -1.9058168074299227e-07  4.6464360379079749e-05  3.8268269663414103e-08
2.0533333333333299e+01  2.9479125937700255e-04  -1.7744264194833192e-07  5.0185784720972455e-05  -2.1975470464453914e-08
2.0800000000000001e+01  3.1643342357975913e-04  -1.4706640315573212e-07  5.3890983914694749e-05  -3.4999322876133993e-08
2.1066666666666698e+01  3.3921566500816304e-04  -1.2195096359850665e-07  5.7508617179424448e-05  -7.1780887537390855e-09
2.1333333333333400e+01  3.6314469523397047e-04  -1.1793292823533792e-07  6.0865627764197343e-05  2.2028010177047383e-10
2.1600000000000101e+01  3.8814703835789649e-04  -1.3438193949254898e-07  6.3925963533948262e-05  -1.1872800427105199e-08
2.1866666666666799e+01  4.1416248793052165e-04  -1.5759105726560332e-07  6.6731078498018004e-05  -1.4514527397985524e-09
2.2133333333333500e+01  4.4121204537440867e-04  -1.7249411314473482e-07  6.9322622838953343e-05  3.7974493844369460e-08
2.2400000000000201e+01  4.6938832010068700e-04  -1.7259938527673375e-07  7.1816954580045182e-05  6.8718469271924311e-08
2.2666666666666998e+01  4.9878643327580248e-04  -1.6175514041492352e-07  7.4381957892204133e-05  5.5325264942807259e-08
2.2933333333333699e+01  5.2944670084561715e-04  -1.4894570692580231e-07  7.7063044539688443e-05  2.7091331808122924e-09
2.3200000000000401e+01  5.6136112509724682e-04  -1.4163338681560742e-07  7.9724934204955430e-05  -4.6560302743561412e-08
2.3466666666667098e+01  5.9452312812235454e-04  -1.4206838387901698e-07  8.2215731063804828e-05  -5.0395933258876925e-08
2.3733333333333800e+01  6.2896033799331348e-04  -1.4755279892818353e-07  8.4555470204076297e-05  -5.2558282910159987e-09
2.4000000000000501e+01  6.6472323295024144e-04  -1.5326182203578595e-07  8.6947250670735423e-05  5.2422292957194762e-08
2.4266666666667199e+01  7.0185556724447246e-04  -1.5554375066294063e-07  8.9619881530399265e-05  8.1041704263258505e-08
2.4533333333333900e+01  7.4038314515882816e-04  -1.5385194744387426e-07  9.2663329893541104e-05  6.8876243317673138e-08
2.4800000000000601e+01  7.8032645841981580e-04  -1.5036480473032969e-07  9.5997537560267224e-05  3.7676611164567959e-08
2.5066666666667299e+01  8.2171522247011480e-04  -1.4785801566013021e-07  9.9474422233239763e-05  1.7571598217260713e-08
2.5333333333334000e+01  8.6458780714755300e-04  -1.4759217638221903e-07  1.0300138563036401e-04  2.1091534510064704e-08
2.5600000000000701e+01  9.0898096482062399e-04  -1.4877390601905672e-07  1.0659497803207586e-04  3.8579460610581124e-08
2.5866666666667498e+01  9.5492443882551586e-04  -1.4968510825244314e-07  1.1035953771145737e-04  5.3230335408634322e-08
2.6133333333334200e+01  1.0024448607257354e-03  -1.4923307045777397e-07  1.1442256591989895e-04  5.7376839793622037e-08
2.6400000000000901e+01  1.0515721341495966e-03  -1.4761046846403380e-07  1.1885502398814400e-04  5.5469668261207828e-08
2.6666666666667599e+01  1.1023418692925773e-03  -1.4579057615382548e-07  1.2361867652267006e-04  5.4998256700406385e-08
2.6933333333334300e+01  1.1547935997390977e-03  -1.4458584613446221e-07  1.2858539289146238e-04  5.7058077787469718e-08
2.7200000000001001e+01  1.2089672082257602e-03  -1.4412405411390246e-07  1.3362211329765212e-04  5.5615803985467552e-08
2.7466666666667699e+01  1.2648993929324868e-03  -1.4399459937376622e-07  1.3867778653223938e-04  4.4859276319262666e-08
2.7733333333334400e+01  1.3226222392021399e-03  -1.4372155102449612e-07  1.4381019910774876e-04  2.7030742582469237e-08
2.8000000000001101e+01  1.3821658850923779e-03  -1.4310725489178403e-07  1.4913970435595210e-04  1.3143753559161738e-08
2.8266666666667799e+01  1.4435637504332142e-03  -1.4225886729365899e-07  1.5476531913454514e-04  1.4923226135903293e-08
2.8533333333334500e+01  1.5068549066686310e-03  -1.4140158422822356e-07  1.6070168354396001e-04  3.4112070440716507e-08
2.8800000000001202e+01  1.5720802777088629e-03  -1.4068573568758557e-07  1.6688145798350422e-04  5.8856137488479244e-08
2.9066666666667999e+01  1.6392764985762578e-03  -1.4012309799687982e-07  1.7321688973670734e-04  7.1826212407282768e-08
2.9333333333334700e+01  1.7084744208123786e-03  -1.3964949229852053e-07  1.7966484269681010e-04  6.4154058413792276e-08
2.9600000000001401e+01  1.7797037633355403e-03  -1.3921674780208277e-07  1.8624231970807277e-04  4.3031975990678618e-08
2.9866666666668099e+01  1.8529982019213900e-03  -1.3882920615462048e-07  1.9299171047688451e-04  2.5913889677037588e-08
3.0133333333334800e+01  1.9283955567213880e-03  -1.3852320903602711e-07  1.9993874023975701e-04  2.6358648836447363e-08
3.0400000000001501e+01  2.0059346234804635e-03  -1.3833887680762813e-07  2.0707975380776338e-04  4.3896997284369423e-08
3.0666666666668199e+01  2.0856540747758944e-03  -1.3830652047134414e-07  2.1439721241774026e-04  6.5977653161519464e-08
3.0933333333334900e+01  2.1675948194891368e-03  -1.3843188247840638e-07  2.2187838909342540e-04  7.8932800795282383e-08
3.1200000000001602e+01  2.2518012196997006e-03  -1.3868165602558166e-07  2.2952014255449933e-04  7.7870778812304820e-08
3.1466666666668299e+01  2.3383173115542641e-03  -1.3900062910583880e-07  2.3732349540963706e-04  6.8099731396062665e-08
3.1733333333335001e+01  2.4271813930205940e-03  -1.3936058649887854e-07  2.4529040846975640e-04  5.8985434723923148e-08
3.2000000000001698e+01  2.5184264836282380e-03  -1.3978506704147757e-07  2.5342679920815458e-04  5.6742030438840169e-08
3.2266666666668499e+01  2.6120885236137511e-03  -1.4031378282779553e-07  2.6174470297775750e-04  6.1546301910494661e-08
3.2533333333335200e+01  2.7082144903429728e-03  -1.4095630831723196e-07  2.7025665603714417e-04  6.9452233082485951e-08
3.2800000000001901e+01  2.8068607905591732e-03  -1.4170536248934663e-07  2.7896611214020366e-04  7.6112555579018926e-08
3.3066666666668603e+01  2.9080815736588564e-03  -1.4258640420780126e-07  2.8786517075588089e-04  7.9404509955890850e-08
3.3333333333335297e+01  3.0119175701526718e-03  -1.4365005663596344e-07  2.9694432162684034e-04  7.9970275071529324e-08
3.3600000000001998e+01  3.1183974309785282e-03  -1.4489215761763473e-07  3.0620465935093640e-04  8.0109349964161313e-08
3.3866666666668699e+01  3.2275528131752293e-03  -1.4621038095997752e-07  3.1565883890070180e-04  8.1951978163319696e-08
3.4133333333335401e+01  3.3394336462183542e-03  -1.4747697854609230e-07  3.2531973722688937e-04  8.6022883449403284e-08
3.4400000000002102e+01  3.4541059725887030e-03  -1.4864518424546522e-07  3.3519026793918789e-04  9.1154355407791506e-08
3.4666666666668803e+01  3.5716309090584944e-03  -1.4975182687374178e-07  3.4526550958538472e-04  9.5762190629773928e-08
3.4933333333335497e+01  3.6920462502538880e-03  -1.5082697030138925e-07  3.5554244476934216e-04  9.9260582867393922e-08
3.5200000000002198e+01  3.8153728028324468e-03  -1.5185400851132606e-07  3.6602418787822335e-04  1.0225194070057756e-07
3.5466666666668999e+01  3.9416398100486994e-03  -1.5283341454928638e-07  3.7671465874809909e-04  1.0548013646547894e-07
3.5733333333335700e+01  4.0709014961108920e-03  -1.5383270427595164e-07  3.8761254258097263e-04  1.0888532214242080e-07
3.6000000000002402e+01  4.2032288033103313e-03  -1.5493178580548978e-07  3.9871312665282611e-04  1.1181712505864867e-07
3.6266666666669103e+01  4.3386888308252890e-03  -1.5615477432060444e-07  4.1001572642993629e-04  1.1396268568064788e-07
3.6533333333335797e+01  4.4773329987446778e-03  -1.5750815719015341e-07  4.2152818151042860e-04  1.1576050416098634e-07
3.6800000000002498e+01  4.6192006170821167e-03  -1.5905942860039695e-07  4.3326405960718935e-04  1.1788379529738389e-07
3.7066666666669200e+01  4.7643308706645585e-03  -1.6089929935291682e-07  4.4523485693843311e-04  1.2056267454139686e-07
3.7333333333335901e+01  4.9127732308732446e-03  -1.6300793172102667e-07  4.5744221215021359e-04  1.2355030897961237e-07
3.7600000000002602e+01  5.0645884332791505e-03  -1.6522138787188775e-07  4.6987574542565178e-04  1.2659622241336631e-07
3.7866666666669303e+01  5.2198394056969938e-03  -1.6737680163177678e-07  4.8252113333373806e-04  1.2973385773235496e-07
3.8133333333335997e+01  5.3785827745650985e-03  -1.6946508978008825e-07  4.9537576081734157e-04  1.3311287941336253e-07
3.8400000000002699e+01  5.5408723163715146e-03  -1.7160436725205375e-07  5.0845805385089579e-04  1.3673770816247012e-07
3.8666666666669499e+01  5.7067695248821512e-03  -1.7387542322112350e-07  5.2179658710407037e-04  1.4046540912365830e-07
3.8933333333336201e+01  5.8763442070991221e-03  -1.7620475109866418e-07  5.3540460391320000e-04  1.4415523242716089e-07
3.9200000000002902e+01  6.0496602848277171e-03  -1.7838574885079402e-07  5.4926597385767891e-04  1.4768801272227093e-07
3.9466666666669603e+01  6.2267645104590232e-03  -1.8018913333700461e-07  5.6335164801847169e-04  1.5086930911801504e-07
3.9733333333336297e+01  6.4076967664658509e-03  -1.8150436977499359e-07  5.7765307436444409e-04  1.5347103526808842e-07
4.0000000000002998e+01  6.5925155348609439e-03  -1.8247524879797317e-07  5.9219735736865456e-04  1.5546213450353451e-07
4.0266666666669700e+01  6.7813110446081834e-03  -1.8352101476727401e-07  6.0702609259521891e-04  1.5713462980197491e-07
4.0533333333336401e+01  6.9741884003234958e-03  -1.8510580121639268e-07  6.2215861579840797e-04  1.5888324079999430e-07
4.0800000000003102e+01  7.1712349963913976e-03  -1.8733188183566303e-07  6.3757813511197507e-04  1.6082208842813607e-07
4.1066666666669803e+01  7.3725055515303176e-03  -1.8974066643820994e-07  6.5325655136461223e-04  1.6266043517832785e-07
4.1333333333336498e+01  7.5780411713301651e-03  -1.9166596069292502e-07  6.6919363500674576e-04  1.6399162052803920e-07
4.1600000000003199e+01  7.7879025659906235e-03  -1.9294335261357882e-07  6.8542866997036247e-04  1.6471104930485525e-07
4.1866666666670000e+01  8.0021823240555012e-03  -1.9425821647270117e-07  7.0200763851359133e-04  1.6517674212152703e-07
4.2133333333336701e+01  8.2209852392557091e-03  -1.9662001788101001e-07  7.1893638944171086e-04  1.6600474273571442e-07
4.2400000000003402e+01  8.4444017584027892e-03  -2.0034534381546600e-07  7.3617162269275596e-04  1.6768910996182316e-07
4.2666666666670103e+01  8.6725055521377405e-03  -2.0457415951724288e-07  7.5366610070213798e-04  1.7029970579350637e-07
4.2933333333336797e+01  8.9053757033883997e-03  -2.0790950601780434e-07  7.7142335168692267e-04  1.7341147151059538e-07
4.3200000000003499e+01  9.1431143937316280e-03  -2.0962303636181160e-07  7.8950146507149159e-04  1.7630689446958927e-07
4.3466666666670200e+01  9.3858378498571631e-03  -2.1025479072409208e-07  8.0796062723598736e-04  1.7837859047221442e-07
4.3733333333336901e+01  9.6336527284503516e-03  -2.1104630676852085e-07  8.2681211612766609e-04  1.7951654737077737e-07
4.4000000000003602e+01  9.8866496373248534e-03  -2.1280243760102340e-07  8.4602188830099284e-04  1.8020019860969057e-07
4.4266666666670297e+01  1.0144925112746202e-02  -2.1524982769264900e-07  8.6555911467734239e-04  1.8117572379234531e-07
4.4533333333336998e+01  1.0408606483120463e-02  -2.1736440766582124e-07  8.8543627858535669e-04  1.8292804039256213e-07
4.4800000000003699e+01  1.0677846404963907e-02  -2.1823237001218561e-07  9.0570435530912252e-04  1.8534272037528442e-07
4.5066666666670500e+01  1.0952788111433940e-02  -2.1770416050971510e-07  9.2641166245271294e-04  1.8776251990429684e-07
4.5333333333337201e+01  1.1233539280258480e-02  -2.1649418154837710e-07  9.4756257088894906e-04  1.8928976245128386e-07
4.5600000000003902e+01  1.1520186784569647e-02  -2.1584019580371560e-07  9.6911165425208278e-04  1.8911711552989191e-07
4.5866666666670604e+01  1.1812841917624533e-02  -2.1691664416188686e-07  9.9100523955300535e-04  1.8691177746700284e-07
4.6133333333337298e+01  1.2111674514896512e-02  -2.2013340420376168e-07  1.0132422567424543e-03  1.8329369373203499e-07
4.6400000000003999e+01  1.2416905687857005e-02  -2.2463605266121367e-07  1.0358990801544420e-03  1.7999793826101226e-07
4.6666666666670700e+01  1.2728765058603979e-02  -2.2853559190950549e-07  1.0590876340017806e-03  1.7911871180753698e-07
4.6933333333337401e+01  1.3047444439338841e-02  -2.3004098313038508e-07  1.0828799447399795e-03  1.8163561427532965e-07
4.7200000000004103e+01  1.3373080942797599e-02  -2.2879828064801064e-07  1.1072657943395430e-03  1.8650837049121591e-07
4.7466666666670797e+01  1.3705783137380818e-02  -2.2628905209038980e-07  1.1321731204317581e-03  1.9138647066235078e-07
4.7733333333337498e+01  1.4045684629620185e-02  -2.2480426324886406e-07  1.1575204812694531e-03  1.9432671796877299e-07
4.8000000000004199e+01  1.4392987647047332e-02  -2.2573861667584305e-07  1.1832566112298451e-03  1.9485693952824045e-07
4.8266666666671000e+01  1.4747963958269258e-02  -2.2852593684878511e-07  1.2093742990962684e-03  1.9364289803514394e-07
4.8533333333337701e+01  1.5110911313305490e-02  -2.3096957701780385e-07  1.2359110790807631e-03  1.9159135856149580e-07
4.8800000000004403e+01  1.5482095167188379e-02  -2.3065168668402362e-07  1.2629431683987427e-03  1.8941913146516200e-07
4.9066666666671097e+01  1.5861714638804432e-02  -2.2644684593906949e-07  1.2905674154034172e-03  1.8772114888353580e-07
4.9333333333337798e+01  1.6249918716362881e-02  -2.1926605014569226e-07  1.3188709847844710e-03  1.8705029752297412e-07
4.9600000000004499e+01  1.6646873942640375e-02  -2.1173050350100752e-07  1.3478992386034352e-03  1.8784435389973320e-07
4.9866666666671200e+01  1.7052851650910691e-02  -2.0703070921195411e-07  1.3776340887413814e-03  1.9023232953043507e-07
5.0133333333337902e+01  1.7468271287345870e-02  -2.0746889203426962e-07  1.4079937007139738e-03  1.9368213340065826e-07
5.0400000000004603e+01  1.7893638705099194e-02  -2.1318877971972727e-07  1.4388656264479232e-03  1.9678974839416513e-07
5.0666666666671297e+01  1.8329381169941671e-02  -2.2162119259424055e-07  1.4701744257706239e-03  1.9781383037477779e-07
5.0933333333337998e+01  1.8775675340184192e-02  -2.2819952041200418e-07  1.5019506646848347e-03  1.9578798221691552e-07
5.1200000000004700e+01  1.9232409316332175e-02  -2.2851767135735797e-07  1.5343400949879098e-03  1.9102712300188695e-07
5.1466666666671500e+01  1.9699356735732157e-02  -2.2110749331825258e-07  1.5675195961354948e-03  1.8446974834461667e-07
5.1733333333338201e+01  2.0176502332341882e-02  -2.0907377394242398e-07  1.6015697879161630e-03  1.7696795393588614e-07
5.2000000000004903e+01  2.0664344519454272e-02  -1.9911284070404142e-07  1.6364139750610640e-03  1.6965381326666238e-07
5.2266666666671597e+01  2.1163991806148579e-02  -1.9817011860615995e-07  1.6718888770187459e-03  1.6460175333389444e-07
5.2533333333338298e+01  2.1676971586315215e-02  -2.0971744467399348e-07  1.7078906872527986e-03  1.6418869506707762e-07
5.2800000000004999e+01  2.2204824527750685e-02  -2.3168397847732249e-07  1.7444646436431815e-03  1.6929302372555742e-07
5.3066666666671701e+01  2.2748681581417771e-02  -2.5668844090417041e-07  1.7817612960836936e-03  1.7819377623443894e-07
5.3333333333338402e+01  2.3309038402131263e-02  -2.7420500294568094e-07  1.8199100383206987e-03  1.8724066878228852e-07
5.3600000000005103e+01  2.3885833958295709e-02  -2.7433252479505720e-07  1.8589277141081541e-03  1.9248593164158104e-07
5.3866666666671797e+01  2.4478772878294593e-02  -2.5253245735995175e-07  1.8987310898456861e-03  1.9118412590046027e-07
5.4133333333338499e+01  2.5087714198748744e-02  -2.1325786518725789e-07  1.9392246196288019e-03  1.8301534772333444e-07
5.4400000000005200e+01  2.5712944231830320e-02  -1.6966806872913956e-07  1.9803855315757993e-03  1.7089859694379621e-07
5.4666666666672000e+01  2.6355236912712753e-02  -1.3859255632784869e-07  2.0222902846267145e-03  1.6043907482123344e-07
5.4933333333338702e+01  2.7015721678919653e-02  -1.3321186574075149e-07  2.0650753119528815e-03  1.5742683660549209e-07
5.5200000000005403e+01  2.7695670709665408e-02  -1.5728164421077999e-07  2.1088583073468814e-03  1.6454917994589743e-07
5.5466666666672097e+01  2.8396337530596522e-02  -2.0332039837268000e-07  2.1536597573512855e-03  1.7944917022780251e-07
5.5733333333338798e+01  2.9118913300699170e-02  -2.5509890944311222e-07  2.1993682409171436e-03  1.9536519023521258e-07
5.6000000000005500e+01  2.9864568989271520e-02  -2.9350898362491963e-07  2.2457820953432142e-03  2.0406712150305365e-07
5.6266666666672201e+01  3.0634506486266210e-02  -3.0397046424295656e-07  2.2927217602137112e-03  1.9983857524390572e-07
5.6533333333338902e+01  3.1429973421948525e-02  -2.8268799076133408e-07  2.3401538145099510e-03  1.8269864000958683e-07
5.6800000000005603e+01  3.2252248363394256e-02  -2.3910038413288643e-07  2.3882440197746206e-03  1.5899570333197155e-07
5.7066666666672297e+01  3.3102622889080668e-02  -1.9306148913941258e-07  2.4372954311249187e-03  1.3863842038699989e-07
5.7333333333338999e+01  3.3982402221894886e-02  -1.6713260492646998e-07  2.4876031370274030e-03  1.3023674498544102e-07
5.7600000000005700e+01  3.4892938121785441e-02  -1.7662671788950526e-07  2.5393078136409261e-03  1.3675841630355293e-07
5.7866666666672501e+01  3.5835688876037490e-02  -2.2209375337547748e-07  2.5923256896057552e-03  1.5399242730905975e-07
5.8133333333339202e+01  3.6812270474792713e-02  -2.8880520098930728e-07  2.6463892574174123e-03  1.7265925348237378e-07
5.8400000000005903e+01  3.7824457195943871e-02  -3.5417189140181859e-07  2.7011735125822148e-03  1.8327302348595009e-07
5.8666666666672597e+01  3.8874131147725359e-02  -3.9887720010306103e-07  2.7564262691896083e-03  1.8124172361074284e-07
5.8933333333339299e+01  3.9963224515103674e-02  -4.1484444582968148e-07  2.8120133401222432e-03  1.6907413608777801e-07
5.9200000000006000e+01  4.1093686773085378e-02  -4.0562943637122281e-07  2.8678673915956284e-03  1.5421603754332313e-07
5.9466666666672701e+01  4.2267459043270603e-02  -3.8118615777504904e-07  2.9239378248158143e-03  1.4425784804657752e-07
5.9733333333339402e+01  4.3486425049569469e-02  -3.5315718884204941e-07  2.9802507022917463e-03  1.4293368014960733e-07
6.0000000000006096e+01  4.4752354785159487e-02  -3.3324081787685506e-07  3.0370597981631024e-03  1.4883924624677502e-07
