time  net_outward_flux  psi4_boundary_amp
0.0000000000000000e+00  0.0000000000000000e+00  2.6932559192864256e-08
4.0000000000000002e-01  -2.3820418225056158e-40  2.6930183528996625e-08
8.0000000000000004e-01  -4.3124148354091151e-40  2.6931691131965589e-08
1.2000000000000000e+00  -5.4224040502851786e-40  2.6936431888059308e-08
1.6000000000000001e+00  -5.4993059007495830e-40  2.6931221468802643e-08
2.0000000000000000e+00  -4.5275953510869170e-40  2.6932788102387853e-08
2.3999999999999901e+00  -2.6915698156944500e-40  2.6927485690155510e-08
2.7999999999999798e+00  -3.3967713615495590e-41  2.6929259947232021e-08
3.1999999999999802e+00  2.0804367574516700e-40  2.6957030253158528e-08
