# time  core_x_canon  core_y_canon  core_z_canon  peak_canon  core_x_phantom  core_y_phantom  core_z_phantom  peak_phantom  coord_sep  proper_sep  px_canon  px_phantom  px_total  shift_x_canon  shift_x_phantom  max_abs_shift
0.0000000000000000e+00  3.8001019800063226e+01  3.1999172073345122e+01  3.1999172073345122e+01  2.2563042803644320e-02  2.6002972969997291e+01  3.2000869272220413e+01  3.2000869272220406e+01  2.2261838372389767e-02  1.1998046830065935e+01  1.1493635479089715e+01  0.0000000000000000e+00  0.0000000000000000e+00  0.0000000000000000e+00  0.0000000000000000e+00  0.0000000000000000e+00  0.0000000000000000e+00
4.0000000000000002e-01  3.8001287894103577e+01  3.1999079263445882e+01  3.1999079261659190e+01  2.2563390177189609e-02  2.6003501413738853e+01  3.2000973171506239e+01  3.2000973124473411e+01  2.2269466272885789e-02  1.1997786480364724e+01  1.1493642107396319e+01  9.4004278943897118e-06  1.8729689827092553e-05  -9.3292619327028410e-06  -3.2267057566747656e-08  3.9373732814389316e-08  2.3594300649532002e-05
8.0000000000000004e-01  3.8002001810485659e+01  3.1998847288393442e+01  3.1998847281883346e+01  2.2557919627775071e-02  2.6004851085891506e+01  3.2001228959704164e+01  3.2001228791540250e+01  2.2279995185480100e-02  1.1997150724594153e+01  1.0999681251925166e+01  1.8655430574492656e-05  3.7328688979351014e-05  -1.8673258404858359e-05  -2.5616955504511644e-07  7.2398415218180077e-07  9.4220264262480824e-05
1.2000000000000000e+00  3.8003029418897817e+01  3.1998546707451766e+01  3.1998546695088518e+01  2.2552818253142679e-02  2.6006420812908445e+01  3.2001499635671500e+01  3.2001499322137505e+01  2.2286459907028728e-02  1.1996608605989373e+01  1.1493826727107884e+01  2.7719201902823704e-05  5.5615151698435296e-05  -2.7895949795611592e-05  -1.3050948515938608e-06  1.6515989800662529e-06  1.5963987940392980e-04
1.6000000000000001e+00  3.8003775398826065e+01  3.1998313352626560e+01  3.1998313335324898e+01  2.2551253317114536e-02  2.6007626330101054e+01  3.2001663756683200e+01  3.2001663327131126e+01  2.2286378825105934e-02  1.1996149068725011e+01  1.1494002142719047e+01  3.6625465575826673e-05  7.3382883833677113e-05  -3.6757418257850440e-05  -2.7114043525038390e-06  2.3774981201469827e-06  2.3362277016910686e-04
2.0000000000000000e+00  3.8004218984649498e+01  3.1998385489468674e+01  3.1998385469402017e+01  2.2549165294878687e-02  2.6008208659946359e+01  3.2001688005545660e+01  3.2001687534953490e+01  2.2282019821431392e-02  1.1996010324703139e+01  1.1987862236648986e+01  4.5378864252715866e-05  9.0453592126656446e-05  -4.5074727873940580e-05  -8.3900583390241710e-06  3.5989653240346989e-06  3.5630016471059330e-04
2.3999999999999901e+00  3.8004444779326633e+01  3.1998421085189015e+01  3.1998421064312073e+01  2.2571077667736687e-02  2.6008296525458526e+01  3.2001628080228599e+01  3.2001627658228323e+01  2.2284884991563357e-02  1.1996148253868107e+01  9.9899665715069421e+00  5.3874331143205562e-05  1.0668396116241335e-04  -5.2809630019207792e-05  -1.2928312563701859e-04  1.3252442630161133e-04  5.0364173515683166e-04
2.7999999999999798e+00  3.8004504192863173e+01  3.1998461330622099e+01  3.1998461309462183e+01  2.2593833014555118e-02  2.6008225048414523e+01  3.2001570543845048e+01  3.2001570198935980e+01  2.2297885774505571e-02  1.1996279144448650e+01  1.0483598952342497e+01  6.1897364294179831e-05  1.2190892909930128e-04  -6.0011564805121447e-05  -2.6199110441572866e-04  1.1703884380663372e-04  6.1339668693753419e-04
3.1999999999999802e+00  3.8004546324459810e+01  3.1998457548710071e+01  3.1998457526293706e+01  2.2631732918321799e-02  2.6008269086031301e+01  3.2001568032724698e+01  3.2001567678034036e+01  2.2311906318262416e-02  1.1996277238428508e+01  1.1975548211328590e+01  6.9180265660529313e-05  1.3588643195482615e-04  -6.6706166294296836e-05  -3.8945064299440290e-04  2.2274383350449155e-04  7.2670451162514503e-04
3.5999999999999699e+00  3.8004661065036146e+01  3.1998405472404983e+01  3.1998405447313651e+01  2.2675157525756561e-02  2.6008497107650193e+01  3.2001616172517821e+01  3.2001615637855650e+01  2.2344263847622985e-02  1.1996163957385953e+01  1.1974557086382733e+01  7.5450719029776004e-05  1.4836384836597764e-04  -7.2913129336201632e-05  -3.8373511915045162e-04  4.1622188669879640e-04  9.7821585754216071e-04
3.9999999999999600e+00  3.8004864196612445e+01  3.1998324327714624e+01  3.1998324299222453e+01  2.2663114916339967e-02  2.6008963532421781e+01  3.2001716463515194e+01  3.2001715589666247e+01  2.2341737406911748e-02  1.1995900664190664e+01  1.1973452122077498e+01  8.0456556188942901e-05  1.5918126536384957e-04  -7.8724709174906666e-05  -7.4968474939447340e-05  3.3664530390985724e-04  1.2620054347072785e-03
4.3999999999999497e+00  3.8005141168877572e+01  3.1998220052649675e+01  3.1998220020202659e+01  2.2610154317948661e-02  2.6009380679421099e+01  3.2001811708465851e+01  3.2001800944394397e+01  2.2267885143187630e-02  1.1995760489456472e+01  1.1467110026228506e+01  8.3980327159615648e-05  1.6827805397584604e-04  -8.4297726816230393e-05  5.8193237475861711e-04  2.7264202316571477e-05  1.5853029089205526e-03
4.7999999999999403e+00  3.8005494566802312e+01  3.1998071308991417e+01  3.1998071270574421e+01  2.2625224482500986e-02  2.6009806763473698e+01  3.2001924839278651e+01  3.2001923201149424e+01  2.2233410188458601e-02  1.1995687803328615e+01  1.2945578504206575e+01  8.5839322358869012e-05  1.7562115110685984e-04  -8.9781828747990833e-05  6.9471216444942727e-04  -5.3947020098271063e-04  1.9533592088890636e-03
5.1999999999999300e+00  3.8005948865097857e+01  3.1997851267778653e+01  3.1997851221048183e+01  2.2636814835358121e-02  2.6010550785943401e+01  3.2002094809578360e+01  3.2002092915670005e+01  2.2236231467046331e-02  1.1995398079154455e+01  1.2453181785523640e+01  8.5882620988400976e-05  1.8114921488031975e-04  -9.5266593891918776e-05  6.6042975128533259e-04  -4.8588074345341125e-04  2.3675429913136239e-03
5.5999999999999304e+00  3.8006514900280422e+01  3.1997558693744388e+01  3.1997558640016006e+01  2.2650571440717495e-02  2.6011624023080817e+01  3.2002371083721151e+01  3.2002369030637972e+01  2.2229247073867683e-02  1.1994890877199605e+01  1.3464252058785382e+01  8.3992023303025299e-05  1.8477890912124622e-04  -1.0078688581822092e-04  1.5797617308007831e-04  -5.3075735089632044e-04  2.8265809935092224e-03
5.9999999999999201e+00  3.8007151603966690e+01  3.1997224999674422e+01  3.1997224944569354e+01  2.2697198301680401e-02  2.6012981297340058e+01  3.2002719461214284e+01  3.2002717295943235e+01  2.2212326494637686e-02  1.1994170306626632e+01  1.3464694148791096e+01  8.0073860130296757e-05  1.8646586484515775e-04  -1.0639200471486100e-04  2.1493543858544219e-04  -4.0916796686656218e-04  3.3335232910075515e-03
6.3999999999999098e+00  3.8007762164046461e+01  3.1996892061897114e+01  3.1996892010907626e+01  2.2699905712225570e-02  2.6014387001632830e+01  3.2003066839965733e+01  3.2003064552787542e+01  2.2249591382799500e-02  1.1993375162413631e+01  1.1986263477794969e+01  7.4062688919355804e-05  1.8627927146875299e-04  -1.1221658254939719e-04  2.9159548824642632e-04  3.9565721716536045e-04  3.8829784522107550e-03
6.7999999999999003e+00  3.8008233821633446e+01  3.1996584747683336e+01  3.1996584702957371e+01  2.2668362142768333e-02  2.6015644897256543e+01  3.2003373944475776e+01  3.2003371488482671e+01  2.2279698894177014e-02  1.1992588924376903e+01  1.1986168331265816e+01  6.5972490130421517e-05  1.8443216999236499e-04  -1.1845967986194347e-04  3.3883206499669949e-04  3.5664109460103820e-04  4.4477905381374765e-03
7.1999999999998900e+00  3.8008493604178589e+01  3.1996304406632824e+01  3.1996304368529486e+01  2.2624556118504332e-02  2.6016666399908868e+01  3.2003641247490094e+01  3.2003638565706041e+01  2.2281770655396139e-02  1.1991827204269722e+01  1.1986089313313698e+01  5.5964303552675659e-05  1.8121796677039135e-04  -1.2525366321771569e-04  3.7474154821295354e-04  3.5874876687971407e-04  5.0310665485824050e-03
7.5999999999998797e+00  3.8008536899375358e+01  3.1996042823667779e+01  3.1996042794024966e+01  2.2579115553865981e-02  2.6017478074645371e+01  3.2003893961913860e+01  3.2003891007850712e+01  2.2288510358006039e-02  1.1991058824729986e+01  1.1502056744968106e+01  4.4342754734896965e-05  1.7687934731995303e-04  -1.3253659258505605e-04  5.3700724306068675e-04  1.6715295984552473e-04  5.6704296010157227e-03
7.9999999999998703e+00  3.8008413612236865e+01  3.1995795164680224e+01  3.1995795147995302e+01  2.2537270023509980e-02  2.6018153667454548e+01  3.2004151464500545e+01  3.2004148209216552e+01  2.2302319892931556e-02  1.1990259944782316e+01  1.1501196408267511e+01  3.1466696899793692e-05  1.7153225722577818e-04  -1.4006556032598449e-04  6.2965506878161443e-04  6.0410664340201489e-05  6.4011316374874561e-03
8.3999999999998707e+00  3.8008208374096043e+01  3.1995522303692177e+01  3.1995522304002694e+01  2.2503382749135246e-02  2.6018750693778134e+01  3.2004413158329605e+01  3.2004409576714671e+01  2.2304996805964684e-02  1.1989457680317908e+01  1.2005225352484853e+01  1.7660267023421780e-05  1.6523180485282634e-04  -1.4757153782940456e-04  9.3666718837377271e-04  -8.0479505466779611e-05  7.2072996118538292e-03
8.7999999999998604e+00  3.8007968910889595e+01  3.1995273883219987e+01  3.1995273897670060e+01  2.2487936219300755e-02  2.6019306955322158e+01  3.2004671419340312e+01  3.2004667460345296e+01  2.2297951870398965e-02  1.1988661955567437e+01  9.9802644440974273e+00  3.1978291392391933e-06  1.5812082363535635e-04  -1.5492299449611715e-04  -6.0807732085457376e-04  7.7817347266167215e-05  8.0291908554457527e-03
9.1999999999998501e+00  3.8007733014094349e+01  3.1995016780524470e+01  3.1995016795247533e+01  2.2495974156163060e-02  2.6019919564552985e+01  3.2004960721507679e+01  3.2004956293976186e+01  2.2310477996578097e-02  1.1987813449541363e+01  1.0475900366139209e+01  -1.1653415678100239e-05  1.5051417506055704e-04  -1.6216759073865727e-04  -7.9450653931556036e-04  2.7268599932852861e-04  8.8122941459375069e-03
9.5999999999998398e+00  3.8007524476907214e+01  3.1994734974035516e+01  3.1994734967113111e+01  2.2530187539012633e-02  2.6020637751284511e+01  3.2005272074292861e+01  3.2005267072949472e+01  2.2314396607363458e-02  1.1986886725622703e+01  1.0971541253061510e+01  -2.6596968482580080e-05  1.4283073262764574e-04  -1.6942770111022583e-04  -1.0091480844540597e-03  5.4046568473140467e-04  9.5438130958996389e-03
9.9999999999998295e+00  3.8007356749095237e+01  3.1994392713656946e+01  3.1994392662898289e+01  2.2572731271106969e-02  2.6021574818309794e+01  3.2005587118328428e+01  3.2005581471262140e+01  2.2297447024396871e-02  1.1985781930785443e+01  1.1474888505388561e+01  -4.1309630097018534e-05  1.3544598712267840e-04  -1.7675561721969694e-04  -5.8330033936837772e-04  5.2131233482926925e-04  1.0239218956261014e-02
1.0399999999999800e+01  3.8007278688289766e+01  3.1994018676871907e+01  3.1994018567740003e+01  2.2614359681954958e-02  2.6022707765414726e+01  3.2006034768418985e+01  3.2006028457246884e+01  2.2254137592562367e-02  1.1984570922875040e+01  1.2473045075075500e+01  -5.5469450339880039e-05  1.2862305587425330e-04  -1.8409250621413334e-04  -9.7402373633396480e-05  9.0303536896283126e-04  1.0914987587698842e-02
1.0799999999999800e+01  3.8007186334651948e+01  3.1993628752384282e+01  3.1993628582830670e+01  2.2651881512115071e-02  2.6023923141283326e+01  3.2006461944448176e+01  3.2006454981118921e+01  2.2211700675548465e-02  1.1983263193368622e+01  1.2968222946579791e+01  -6.8785365030471019e-05  1.2256240454638749e-04  -1.9134776957685851e-04  -1.9647365651962611e-04  1.3655985639763014e-03  1.1578468483585583e-02
1.1199999999999800e+01  3.8007049587485781e+01  3.1993266103796877e+01  3.1993265884149874e+01  2.2679876451888254e-02  2.6025075274172004e+01  3.2006895276799995e+01  3.2006887663289127e+01  2.2186907705138963e-02  1.1981974313313778e+01  1.3463201749864755e+01  -8.1016320016028987e-05  1.1746560655356294e-04  -1.9848192656959191e-04  -3.0788377042759819e-04  1.9240425453020508e-03  1.2232617185557590e-02
1.1599999999999801e+01  3.8006841038684399e+01  3.1992936026433359e+01  3.1992935772968970e+01  2.2694363226631036e-02  2.6026056226375985e+01  3.2007287808001188e+01  3.2007279516825491e+01  2.2171563213467749e-02  1.1980784812308414e+01  1.3966714555807901e+01  -9.1975536489973973e-05  1.1353792940960018e-04  -2.0551346589957415e-04  3.9455506361681233e-04  2.0513022788298590e-03  1.2882307312808611e-02
1.1999999999999799e+01  3.8006533433067425e+01  3.1992651529463995e+01  3.1992651255751664e+01  2.2683180248502782e-02  2.6026852306013023e+01  3.2007615585720892e+01  3.2007606569090967e+01  2.2164383960912290e-02  1.1979681127054402e+01  1.0001545073862928e+01  -1.0152317417515502e-04  1.1095711015677887e-04  -2.1248028433193389e-04  3.2205850728449654e-04  -3.7576830828799437e-03  1.3532265670719017e-02
1.2399999999999800e+01  3.8006103005336712e+01  3.1992396450513606e+01  3.1992396163797110e+01  2.2643162928963158e-02  2.6027445545747156e+01  3.2007912957192502e+01  3.2007903167245153e+01  2.2172525729907213e-02  1.1978657459589556e+01  1.0498886049339134e+01  -1.0955845387373722e-04  1.0985040556737253e-04  -2.1940885944110973e-04  2.2250425949253301e-04  -3.0274065467420538e-03  1.4183851583524552e-02
1.2799999999999800e+01  3.8005639726946143e+01  3.1992132809798711e+01  3.1992132513766364e+01  2.2586194480658951e-02  2.6027907674535395e+01  3.2008201848308524e+01  3.2008181434422923e+01  2.2184561272406297e-02  1.1977732052410747e+01  1.1002281861264636e+01  -1.1601867858126918e-04  1.1028322642952904e-04  -2.2630190501079822e-04  1.1022266712395323e-03  -3.3399224745860878e-03  1.4835918423166814e-02
1.3199999999999800e+01  3.8005174074911679e+01  3.1991873262308150e+01  3.1991872959789799e+01  2.2545226713270493e-02  2.6028422005059038e+01  3.2008503520660753e+01  3.2008492066932192e+01  2.2203728938623483e-02  1.1976752069852640e+01  1.2499632329431275e+01  -1.2088120890409680e-04  1.1225454083673419e-04  -2.3313574974083098e-04  2.0541592552215703e-03  -1.5898052761196282e-03  1.5487446739652124e-02
1.3599999999999801e+01  3.8004813657978239e+01  3.1991580033712417e+01  3.1991579724217765e+01  2.2532429844225325e-02  2.6028994332620996e+01  3.2008798921001386e+01  3.2008786574208159e+01  2.2238924251640070e-02  1.1975819325357243e+01  1.0482316982765484e+01  -1.2416013271991449e-04  1.1570730616425235e-04  -2.3986743888416686e-04  -3.7755235587400059e-03  -8.0632854971127567e-04  1.6138252802498535e-02
1.3999999999999700e+01  3.8004535799848895e+01  3.1991232768464908e+01  3.1991232443319856e+01  2.2540290890892056e-02  2.6029821809476200e+01  3.2009147398838373e+01  3.2009134115712619e+01  2.2264735490105235e-02  1.1974713990372695e+01  1.0482847097010291e+01  -1.2589573220535651e-04  1.2055622227956791e-04  -2.4645195448492444e-04  -4.0489099455044133e-03  -9.2409285346629606e-04  1.6787958819115736e-02
1.4399999999999700e+01  3.8004392581737882e+01  3.1990768410318704e+01  3.1990768051684281e+01  2.2559549346482445e-02  2.6030845805470602e+01  3.2009535919336862e+01  3.2009521650771347e+01  2.2276165288089331e-02  1.1973546776267280e+01  1.1481076511570226e+01  -1.2614308700246705e-04  1.2671527815332837e-04  -2.5285836515579542e-04  -2.8515701142257026e-03  -2.1348500341655036e-05  1.7435557382524568e-02
1.4799999999999701e+01  3.8004414627456796e+01  3.1990212766443520e+01  3.1990212353243489e+01  2.2588387253839284e-02  2.6032153583682291e+01  3.2009989622962479e+01  3.2009974322879323e+01  2.2266721834971998e-02  1.1972261043774505e+01  1.1482132987322583e+01  -1.2496769595046723e-04  1.3410669399778705e-04  -2.5907438994825428e-04  -3.0880182177397703e-03  -7.7095300930564518e-05  1.8080278418987634e-02
1.5199999999999701e+01  3.8004517195227102e+01  3.1989623317512816e+01  3.1989622834380949e+01  2.2633187356632518e-02  2.6033725892385558e+01  3.2010483291498552e+01  3.2010466919737233e+01  2.2244464835463010e-02  1.1970791302841544e+01  1.2481216223600228e+01  -1.2244947573002894e-04  1.4265607198324723e-04  -2.6510554771327617e-04  -1.8109714738730942e-03  9.2711619082134578e-04  1.8722364374925395e-02
1.5599999999999699e+01  3.8004674654431454e+01  3.1989049284931564e+01  3.1989048727640149e+01  2.2678225975941272e-02  2.6035434456905278e+01  3.2011034597423219e+01  3.2011017120522347e+01  2.2218900232934536e-02  1.1969240197526176e+01  1.2976811208694151e+01  -1.1868729265281710e-04  1.5229389690990386e-04  -2.7098118956272099e-04  -1.9574616827078661e-03  1.9805850755255489e-03  1.9362662353718699e-02
1.5999999999999700e+01  3.8004799474589277e+01  3.1988514543936201e+01  3.1988513919315942e+01  2.2713315780673447e-02  2.6037176815292209e+01  3.2011598397765688e+01  3.2011579794460857e+01  2.2195402479927833e-02  1.1967622659297067e+01  1.3974897297576788e+01  -1.1379393981751793e-04  1.6296943660038291e-04  -2.7676337641790083e-04  -5.1281360814615126e-04  3.0864619718320167e-03  2.0001613154162025e-02
1.6399999999999800e+01  3.8004893833925884e+01  3.1988049773905146e+01  3.1988049095059100e+01  2.2737386161104971e-02  2.6038920455564551e+01  3.2012173048148959e+01  3.2012153305888226e+01  2.2173151747066390e-02  1.1965973378361333e+01  1.3975850849155423e+01  -1.0788005489612244e-04  1.7465998372423472e-04  -2.8254003862035714e-04  -5.9093343630307058e-04  3.1683460129128130e-03  2.0638828277502585e-02
1.6799999999999802e+01  3.8004909190929759e+01  3.1987622079453431e+01  3.1987621359334319e+01  2.2740865237155631e-02  2.6040604805592764e+01  3.2012749387213638e+01  3.2012728499442595e+01  2.2165415821614815e-02  1.1964304385336995e+01  1.0508211556022463e+01  -1.0103591306238305e-04  1.8735935995525335e-04  -2.8839527301763638e-04  -6.7532010635219786e-04  -6.0189485732669752e-03  2.1273591190423033e-02
1.7199999999999900e+01  3.8004939003262265e+01  3.1987199413755970e+01  3.1987198661779331e+01  2.2724851341743776e-02  2.6042265809975483e+01  3.2013300537979980e+01  3.2013278500592342e+01  2.2168630855509980e-02  1.1962673193286783e+01  1.0509693347476700e+01  -9.3321137855906076e-05  2.0105435607659756e-04  -2.9437549393250366e-04  -7.6385932878695500e-04  -6.2787569883615149e-03  2.1905580798544905e-02
1.7600000000000001e+01  3.8004994443038271e+01  3.1986782079108444e+01  3.1986781300267126e+01  2.2697243413491580e-02  2.6043923686797879e+01  3.2013851512329587e+01  3.2013828311499374e+01  2.2169761940179309e-02  1.1961070756240392e+01  1.0511301144167890e+01  -8.4764455405069859e-05  2.1571346748651231e-04  -3.0047792289158217e-04  -8.5466590387063654e-04  -6.5391059527817831e-03  2.2534956654134086e-02
1.8000000000000000e+01  3.8005074127024429e+01  3.1986359520217079e+01  3.1986358716257044e+01  2.2672929897050300e-02  2.6045627885806621e+01  3.2014375947757529e+01  3.2014351559823545e+01  2.2173043935103311e-02  1.1959446241217808e+01  1.1513956448550893e+01  -7.5368310942524523e-05  2.3129863734385280e-04  -3.0666694828637730e-04  8.9812168108853820e-04  -5.0792967987141639e-03  2.3161732762885176e-02
1.8400000000000102e+01  3.8005313431004375e+01  3.1985910506670599e+01  3.1985909677619460e+01  2.2664684652264604e-02  2.6047428287873689e+01  3.2014923204737862e+01  3.2014897591654204e+01  2.2174674642858404e-02  1.1957885143130685e+01  1.0499513146538717e+01  -6.5113049260820640e-05  2.4778570104548906e-04  -3.1289875030630969e-04  -5.1489798250892735e-03  -3.6106033277732374e-03  2.3785233558149571e-02
1.8800000000000100e+01  3.8005758870425112e+01  3.1985390295540711e+01  3.1985389440815954e+01  2.2672644633803970e-02  2.6049378063719203e+01  3.2015459661970169e+01  3.2015432774097967e+01  2.2170778483256826e-02  1.1956380806705909e+01  1.0997238379705218e+01  -5.3960074278667349e-05  2.6517295442680185e-04  -3.1913302870546919e-04  -5.4439061727544428e-03  -2.1301387340442839e-03  2.4404322755228549e-02
1.9200000000000198e+01  3.8006380368142572e+01  3.1984860750101653e+01  3.1984859869126158e+01  2.2694332286636702e-02  2.6051539022748976e+01  3.2016064867870384e+01  3.2016036652279297e+01  2.2162160839439823e-02  1.1954841345393596e+01  1.1493994157595141e+01  -4.1856660702896894e-05  2.8347406231312615e-04  -3.2533072301602306e-04  -5.7104769106217724e-03  -6.4048636780329434e-04  2.5018140783414647e-02
1.9600000000000300e+01  3.8007151469599513e+01  3.1984353489879009e+01  3.1984352581679840e+01  2.2722328428691426e-02  2.6053881005131320e+01  3.2016688974164786e+01  3.2016657247382994e+01  2.2159534618988383e-02  1.1953270464468194e+01  1.2988410690491881e+01  -2.8743929109801423e-05  3.0270877192050744e-04  -3.3145270103030887e-04  -3.6141256232849143e-03  2.3606298800348015e-03  2.5626552166998245e-02
2.0000000000000298e+01  3.8008062828290150e+01  3.1983851045829809e+01  3.1983850110230623e+01  2.2748562892756629e-02  2.6056372434898982e+01  3.2017350473297995e+01  3.2017319444091768e+01  2.2159200191089707e-02  1.1951690393391168e+01  1.3483301464249138e+01  -1.4566173873411339e-05  3.2290345075992974e-04  -3.3746962463334111e-04  -3.8107584388785819e-03  3.8517218631893349e-03  2.6229966072783772e-02
2.0400000000000400e+01  3.8009083044770193e+01  3.1983355646519197e+01  3.1983354683488674e+01  2.2764639994610598e-02  2.6059008834077602e+01  3.2017976030168853e+01  3.2017943519722543e+01  2.2158829264256993e-02  1.1950074210692591e+01  1.3484992603216842e+01  7.2182639209700204e-07  3.4409834231317811e-04  -3.4337651592108108e-04  -4.0127150291108058e-03  3.9028124828830125e-03  2.6841635199488185e-02
2.0800000000000502e+01  3.8010225668190230e+01  3.1982837597098346e+01  3.1982836606976242e+01  2.2768844644861220e-02  2.6061740781862881e+01  3.2018619276386431e+01  3.2018585244630920e+01  2.2154353914340945e-02  1.1948484886327350e+01  1.3486958762987175e+01  1.7151481372914798e-05  3.6634889369141157e-04  -3.4919741231849677e-04  -4.2194606665354809e-03  3.9541024982520778e-03  2.7463610431683962e-02
2.1200000000000500e+01  3.8011634214234157e+01  3.1982356443804580e+01  3.1982355426851750e+01  2.2763823140071457e-02  2.6064643022883971e+01  3.2019232260993263e+01  3.2019196668120266e+01  2.2147667288459221e-02  1.1946991191350186e+01  1.3994633401012338e+01  3.4740691258133738e-05  3.8971475759648575e-04  -3.5497406633835200e-04  -1.8468604731444933e-03  4.0073029147090072e-03  2.8083517270477556e-02
2.1600000000000598e+01  3.8013133674830506e+01  3.1981896133274866e+01  3.1981895089116353e+01  2.2751818758956929e-02  2.6067631677087061e+01  3.2019889390923744e+01  3.2019852203562991e+01  2.2140988329726066e-02  1.1945501997743445e+01  1.3504378556153769e+01  5.3496443326520233e-05  4.1424374180231804e-04  -3.6074729847579781e-04  -1.9868744703098028e-03  2.4565176199807756e-03  2.8701804844673145e-02
2.2000000000000600e+01  3.8014729717073813e+01  3.1981446154528303e+01  3.1981445082553201e+01  2.2734750553919943e-02  2.6070771984389001e+01  3.2020496870937500e+01  3.2020458045908818e+01  2.2153967013546032e-02  1.1943957732684812e+01  1.1530460984664257e+01  7.3418909626916129e-05  4.3996372211152338e-04  -3.6654481248460727e-04  -2.1301196643872949e-03  -4.8946241111227518e-03  2.9318552854096007e-02
2.2400000000000698e+01  3.8016481591471745e+01  3.1981000330232458e+01  3.1980999229554868e+01  2.2719337679103401e-02  2.6074039384275753e+01  3.2021143926857000e+01  3.2021100771617093e+01  2.2164030454308356e-02  1.1942442207195992e+01  1.2535714029944131e+01  9.4506914294617276e-05  4.6688797266542263e-04  -3.7238105837080534e-04  4.1117037201994429e-04  -3.0190309826593500e-03  2.9933612473431185e-02
2.2800000000000800e+01  3.8018424705034882e+01  3.1980557211561329e+01  3.1980556081598525e+01  2.2715111076013119e-02  2.6077483502228173e+01  3.2021785158577387e+01  3.2021742897308947e+01  2.2162632478282578e-02  1.1940941202806709e+01  1.1522884281090919e+01  1.1676417314656982e-04  4.9502732954344569e-04  -3.7826315639687586e-04  -5.2328139876494399e-03  -3.1098888306141360e-03  3.0546756486081867e-02
2.3200000000000799e+01  3.8020594544991035e+01  3.1980104659549397e+01  3.1980103499991188e+01  2.2723495580448172e-02  2.6081070609542738e+01  3.2022432604632122e+01  3.2022388532972180e+01  2.2146626534243229e-02  1.1939523935448296e+01  1.1527274412391138e+01  1.4020441944095029e-04  5.2439840241828557e-04  -3.8419398297733528e-04  -5.5151483272550244e-03  -3.1992650863869711e-03  3.1157773355620685e-02
2.3600000000000900e+01  3.8022952752723505e+01  3.1979651569861062e+01  3.1979650380827486e+01  2.2747306820325761e-02  2.6084859780842894e+01  3.2023062721482439e+01  3.2023016783443609e+01  2.2118595178468422e-02  1.1938092971880611e+01  1.2025680424937908e+01  1.6485304276885626e-04  5.5502345602512443e-04  -3.9017041325626819e-04  -5.8081649792891092e-03  -1.2708044509344468e-03  3.1766602045910607e-02
2.4000000000000998e+01  3.8025623591680699e+01  3.1979174699683377e+01  3.1979173481480423e+01  2.2782704644579009e-02  2.6088907600188929e+01  3.2023739331456589e+01  3.2023691464244337e+01  2.2096558371361735e-02  1.1936715991491770e+01  1.3506923897393710e+01  1.9074424452692062e-04  5.8692621646550609e-04  -3.9618197193858550e-04  -6.0615803892320195e-03  4.2870075690502728e-03  3.2373499265107221e-02
2.4400000000001000e+01  3.8028535942812546e+01  3.1978673201158440e+01  3.1978671954782389e+01  2.2817444679637176e-02  2.6093154756825580e+01  3.2024449557541047e+01  3.2024399699518142e+01  2.2089926674836440e-02  1.1935381185986966e+01  1.3510252923243232e+01  2.1791508721024646e-04  6.2012976269159713e-04  -4.0221467548135067e-04  -6.3220691338022484e-03  4.2976454052953876e-03  3.2979042649805980e-02
2.4800000000001098e+01  3.8031707591192394e+01  3.1978140202389653e+01  3.1978138928572466e+01  2.2842034213787995e-02  2.6097684633174829e+01  3.2025149815001974e+01  3.2025097914998589e+01  2.2084601337691939e-02  1.1934022958017565e+01  1.3513793261288537e+01  2.4639925812596278e-04  6.5465787948766401e-04  -4.0825862136170123e-04  -6.5892173949444813e-03  4.3139140525976409e-03  3.3583851059939246e-02
2.5200000000001101e+01  3.8035146783716613e+01  3.1977566640862822e+01  3.1977565340793646e+01  2.2850561610060795e-02  2.6102496925366019e+01  3.2025889276248918e+01  3.2025835290442046e+01  2.2080505586550402e-02  1.1932649858350594e+01  1.3517553894058169e+01  2.7622288593010739e-04  6.9053665866704501e-04  -4.1431377273693762e-04  -6.8623346530797043e-03  4.3280033187415128e-03  3.4188209394085282e-02
2.5600000000001199e+01  3.8038784160890884e+01  3.1977018670763748e+01  3.1977017345365432e+01  2.2842508575486840e-02  2.6107585166021313e+01  3.2026681982644163e+01  3.2026618697039254e+01  2.2077432166107379e-02  1.1931198994869572e+01  1.3521904883558079e+01  3.0740309175880952e-04  7.2779351693513827e-04  -4.2039042517632875e-04  -7.1419513545675382e-03  4.3462242166596088e-03  3.4791927606285619e-02
2.6000000000001300e+01  3.8042599816404326e+01  3.1976447398930603e+01  3.1976446049294523e+01  2.2822699870451827e-02  2.6113014681140434e+01  3.2027486213139163e+01  3.2027427935285459e+01  2.2075778055424655e-02  1.1929585135263892e+01  1.4036549940929614e+01  3.3994860499456228e-04  7.6645457708446958e-04  -4.2650597208990730e-04  -3.8020558329934246e-03  4.3631299314418519e-03  3.5394537792376751e-02
2.6400000000001299e+01  3.8046705898991107e+01  3.1975881270039157e+01  3.1975879896599622e+01  2.2797266491729827e-02  2.6118730144433790e+01  3.2028342940677405e+01  3.2028282474123827e+01  2.2077021120016336e-02  1.1927975754557316e+01  1.4041553560608687e+01  3.7386150333395342e-04  8.0654386707663191e-04  -4.3268236374267849e-04  -4.0049903077225054e-03  4.3899730878986902e-03  3.5995610264755611e-02
2.6800000000001400e+01  3.8050969025869897e+01  3.1975321814418429e+01  3.1975320417762163e+01  2.2771998435880042e-02  2.6124717876495872e+01  3.2029236340048698e+01  3.2029173645438938e+01  2.2092493616174821e-02  1.1926251149374025e+01  1.2572129160898356e+01  4.0913958853789310e-04  8.4808634403614859e-04  -4.3894675549825549e-04  -4.2128465765684849e-03  -1.6746214501136226e-03  3.6594922260321086e-02
2.7200000000001499e+01  3.8055457772114515e+01  3.1974819834899961e+01  3.1974818415295825e+01  2.2755513150744987e-02  2.6130933173094220e+01  3.2030115581717723e+01  3.2030050632441331e+01  2.2112141192957707e-02  1.1924524599020295e+01  1.2082812067347390e+01  4.4577924336696784e-04  8.9111278739202626e-04  -4.4533354402505841e-04  -4.3824998040189606e-03  -3.9449197761532761e-03  3.7192437546485629e-02
2.7600000000001501e+01  3.8060201643617404e+01  3.1974314905195403e+01  3.1974313462985588e+01  2.2755036309950107e-02  2.6137314555468148e+01  3.2030999810055725e+01  3.2030932564287355e+01  2.2117642111848197e-02  1.1922887088149256e+01  1.2086556560776035e+01  4.8377845791294094e-04  9.3566215493005346e-04  -4.5188369701711252e-04  -4.5547712162567217e-03  -4.0002750514644249e-03  3.7788247383164615e-02
2.8000000000001599e+01  3.8065279116808888e+01  3.1973823217676173e+01  3.1973821753902332e+01  2.2766318506763639e-02  2.6143852237551425e+01  3.2031867338224593e+01  3.2031797758116774e+01  2.2107535884891259e-02  1.1921426879257464e+01  1.1582753712367069e+01  5.2313938013858212e-04  9.8177876740107063e-04  -4.5863938726248851e-04  -8.9049586602714184e-03  -4.0510893672167005e-03  3.8382599810275919e-02
2.8400000000001601e+01  3.8070588477076136e+01  3.1973339592859134e+01  3.1973338108770953e+01  2.2794738915427871e-02  2.6150626652356770e+01  3.2032737472732371e+01  3.2032665510427833e+01  2.2087194360557887e-02  1.1919961824719365e+01  1.0604233880435906e+01  5.6386958563010771e-04  1.0295060893721238e-03  -4.6563650374201605e-04  -9.3195756732259872e-03  -8.9695131374804577e-03  3.8975989038124388e-02
2.8800000000001699e+01  3.8076161176557534e+01  3.1972889440380825e+01  3.1972887937741728e+01  2.2837683776644149e-02  2.6157604663631805e+01  3.2033566020588054e+01  3.2033491625324750e+01  2.2072793240816679e-02  1.1918556512925729e+01  1.0116355618807651e+01  6.0598133326728596e-04  1.0788815228662569e-03  -4.7290018959897091e-04  -9.6693736129001909e-03  -1.1666856730430721e-02  3.9569157239343372e-02
2.9200000000001801e+01  3.8081989239059112e+01  3.1972446725115955e+01  3.1972445205328370e+01  2.2883982443067458e-02  2.6164862449694958e+01  3.2034400870860836e+01  3.2034323995116360e+01  2.2065922447645180e-02  1.1917126789364154e+01  9.6280500954295309e+00  6.4948858707081355e-04  1.1299351782854178e-03  -4.8044659121460422e-04  -1.0028529075049449e-02  -1.4531547495317919e-02  4.0162891915409636e-02
2.9600000000001799e+01  3.8088189567848396e+01  3.1971987606733475e+01  3.1971986071120014e+01  2.2924480248208475e-02  2.6172470684509406e+01  3.2035299504406360e+01  3.2035220080313337e+01  2.2059414682395508e-02  1.1915718883338990e+01  1.3576555826536669e+01  6.9440276246708957e-04  1.1826921401256161e-03  -4.8828937765852656e-04  -1.0396917341167990e-02  4.4519165683300273e-03  4.0816146475760033e-02
3.0000000000001901e+01  3.8094739919721562e+01  3.1971493639834158e+01  3.1971492089151731e+01  2.2952169177359087e-02  2.6180459554880908e+01  3.2036208553815221e+01  3.2036126523832664e+01  2.2058762513566109e-02  1.1914280364840653e+01  1.3583687856085970e+01  7.4072927960938402e-04  1.2371759818769496e-03  -4.9644670226756560e-04  -1.0774699964149181e-02  4.4424346922300106e-03  4.1489202196362658e-02
3.0400000000001999e+01  3.8101634545574797e+01  3.1970983446531960e+01  3.1970981882060901e+01  2.2964156795774467e-02  2.6188843835706873e+01  3.2037151008590143e+01  3.2037066321322321e+01  2.2059744544462585e-02  1.1912790709867924e+01  1.3591163371572776e+01  7.8846666659243797e-04  1.2934121072036764e-03  -5.0494544061123838e-04  -1.1162532665560507e-02  4.4302027830609783e-03  4.2166965489206745e-02
3.0800000000002001e+01  3.8108911142641752e+01  3.1970473565248973e+01  3.1970471987618570e+01  2.2962335670826832e-02  2.6197662299387233e+01  3.2038120839121049e+01  3.2038033430872538e+01  2.2062452035393827e-02  1.1911248843254519e+01  1.4116882767364277e+01  8.3760794502637658e-04  1.3514307029137487e-03  -5.1382275788737215e-04  -6.6471278219175116e-03  4.4326015563692480e-03  4.2848739758016161e-02
3.1200000000002099e+01  3.8116514736210846e+01  3.1969959223034017e+01  3.1969957632914745e+01  2.2951565123501650e-02  2.6206877252196350e+01  3.2039164343154816e+01  3.2039074169899123e+01  2.2064963780167760e-02  1.1909637484014496e+01  1.4125855044252804e+01  8.8814217406378386e-04  1.4112688965163616e-03  -5.2312672245257775e-04  -6.9422411938248408e-03  4.4383162334631961e-03  4.3533715395619135e-02
3.1600000000002101e+01  3.8124542185970462e+01  3.1969427492510295e+01  3.1969425890937995e+01  2.2938196031047541e-02  2.6216467592836754e+01  3.2040185512299210e+01  3.2040092528650639e+01  2.2071549377242670e-02  1.1908074593133708e+01  1.3155912530662462e+01  9.4005427435331509e-04  1.4729709249374078e-03  -5.3291665058409271e-04  -7.2470890328300442e-03  1.9903119597235310e-04  4.4221100677735596e-02
3.2000000000002203e+01  3.8132898636890452e+01  3.1968960999510752e+01  3.1968959387453143e+01  2.2928906178495995e-02  2.6226320455707739e+01  3.2041157357871498e+01  3.2041061522876959e+01  2.2078205196795739e-02  1.1906578181182713e+01  1.2675092832212171e+01  9.9332332026481960e-04  1.5365854054721299e-03  -5.4326208520731026e-04  -7.5609197895999680e-03  -2.0639052816270949e-03  4.4910241995465006e-02
3.2400000000002102e+01  3.8141603507252213e+01  3.1968496810140437e+01  3.1968495188521192e+01  2.2929131622593583e-02  2.6236444901205004e+01  3.2042146626130645e+01  3.2042047882965264e+01  2.2077988251613601e-02  1.1905158606047209e+01  1.2193952623311828e+01  1.0479211459226059e-03  1.6021602040736675e-03  -5.5423905815106165e-04  -7.8833543125995387e-03  -4.4354829929543127e-03  4.5600842681037805e-02
3.2800000000002001e+01  3.8150582068717675e+01  3.1968061779267170e+01  3.1968060150122021e+01  2.2942169495622784e-02  2.6246899785084040e+01  3.2043182233111757e+01  3.2043080512423082e+01  2.2072325896141186e-02  1.1903682283633636e+01  1.0724313238894640e+01  1.1038127177967227e-03  1.6697366459346424e-03  -5.6592392813791968e-04  -8.2147318777811684e-03  -1.2301588760860110e-02  4.6293139229599586e-02
3.3200000000001999e+01  3.8159975298774469e+01  3.1967669493429437e+01  3.1967667858307831e+01  2.2968529947473653e-02  2.6257775343828470e+01  3.2044195504299068e+01  3.2044087289945992e+01  2.2071488274460080e-02  1.1902199954945999e+01  1.0240028530578529e+01  1.1609578997641690e-03  1.7393451799334648e-03  -5.7838728016929583e-04  -8.5561269135119005e-03  -1.5272819795442963e-02  4.6987849647707677e-02
3.3600000000001899e+01  3.8169737504533991e+01  3.1967245346029571e+01  3.1967243706556395e+01  2.3005654452714724e-02  2.6268905494947965e+01  3.2045199005436089e+01  3.2045091158312815e+01  2.2071229779659158e-02  1.1900832009586026e+01  1.0251801546133477e+01  1.2193128971291749e-03  1.8110043122400775e-03  -5.9169141511090256e-04  -8.9090367754901464e-03  -1.5298880812865519e-02  4.7685977473446842e-02
3.4000000000001798e+01  3.8179886883600126e+01  3.1966909976202885e+01  3.1966908333636184e+01  2.3048321864368438e-02  2.6280604252881879e+01  3.2046204723765918e+01  3.2046089773601842e+01  2.2067919998568285e-02  1.1899282630718247e+01  1.0263988795450015e+01  1.2788299896284321e-03  1.8847237948099800e-03  -6.0589380518154788e-04  -9.2749192494382994e-03  -1.5316165612929434e-02  4.8388697254669946e-02
3.4400000000001697e+01  3.8190518132200502e+01  3.1966502500400654e+01  3.1966500855614743e+01  2.3089919889121287e-02  2.6292869901577390e+01  3.2047285034923590e+01  3.2047170763694311e+01  2.2071100177401624e-02  1.1897648230623112e+01  1.4212785563853558e+01  1.3394557151508706e-03  1.9605115277187236e-03  -6.2105581256785298e-04  -9.6547859794368380e-03  4.4208813603922341e-03  4.9097308583229832e-02
3.4800000000001603e+01  3.8201548319424560e+01  3.1966150111987808e+01  3.1966148466310806e+01  2.3124310344351334e-02  2.6305612444518321e+01  3.2048424041997713e+01  3.2048306459136498e+01  2.2074105827881996e-02  1.1895935874906240e+01  1.4225721707334838e+01  1.4011290959687573e-03  2.0383818327874260e-03  -6.3725273681866862e-04  -1.0049027375958274e-02  4.4230867460664141e-03  4.9851023059572314e-02
3.5200000000001602e+01  3.8212963378337413e+01  3.1965757819705342e+01  3.1965756176553295e+01  2.3147619191950554e-02  2.6318987678628986e+01  3.2049588611146724e+01  3.2049467635759022e+01  2.2075178316816355e-02  1.1893975699708427e+01  1.4239151831327682e+01  1.4637816953982166e-03  2.1183618206644843e-03  -6.5458012526626772e-04  -1.0457572081250321e-02  4.4288677817658738e-03  5.0686481576132737e-02
3.5600000000001501e+01  3.8224860580137509e+01  3.1965271578102421e+01  3.1965269943118841e+01  2.3159257857918319e-02  2.6332806406665945e+01  3.2050792485993334e+01  3.2050668054883666e+01  2.2076097963241163e-02  1.1892054173471564e+01  1.3764823074303623e+01  1.5273401100671137e-03  2.2004932426396978e-03  -6.7315313257258411e-04  -1.0880305852233624e-02  2.3504751966391289e-03  5.1533199233159126e-02
3.6000000000001400e+01  3.8237089857623253e+01  3.1964834185289128e+01  3.1964832564778721e+01  2.3161838383057784e-02  2.6347186721250470e+01  3.2052008005956210e+01  3.2051880070665732e+01  2.2074121999543690e-02  1.1889903136372784e+01  1.3779357782654079e+01  1.5917297746321658e-03  2.2848291003956691e-03  -6.9309932576350338e-04  -1.1317477285844636e-02  2.3631747235505294e-03  5.2390168632716845e-02
3.6400000000001299e+01  3.8249916534886871e+01  3.1964407015403616e+01  3.1964405412923284e+01  2.3160138249251054e-02  2.6361934302079820e+01  3.2053226822928252e+01  3.2053089513970903e+01  2.2068089046154555e-02  1.1887982232807051e+01  1.3305359228949019e+01  1.6568778745067183e-03  2.3714263480940846e-03  -7.1454847358736633e-04  -1.1769809606919446e-02  2.2604754682804237e-04  5.3256232731581345e-02
3.6800000000001198e+01  3.8262971805904755e+01  3.1964022889760585e+01  3.1964021302133812e+01  2.3159621762566605e-02  2.6377149849318560e+01  3.2054430801424274e+01  3.2054289963062985e+01  2.2056215496014078e-02  1.1885821956586195e+01  1.3810028964691250e+01  1.7227134973071877e-03  2.4603373099880053e-03  -7.3762381268081757e-04  -1.2238263768205465e-02  2.3849856493321831e-03  5.4130639817124071e-02
3.7200000000001197e+01  3.8276430050070744e+01  3.1963648516753249e+01  3.1963646935427427e+01  2.3165067250399077e-02  2.6392849387634769e+01  3.2055716783240499e+01  3.2055578168967557e+01  2.2050165422996003e-02  1.1883580662435975e+01  1.0377875930940720e+01  1.7891647645839500e-03  2.5516026553451532e-03  -7.6243789076120322e-04  -1.2723665035211291e-02  -1.5250753885413791e-02  5.5013412169568586e-02
3.7600000000001103e+01  3.8290293627256759e+01  3.1963305740692991e+01  3.1963304157135969e+01  2.3179619286683897e-02  2.6408955842100745e+01  3.2056969672462969e+01  3.2056827389445083e+01  2.2048819419171851e-02  1.1881337785156013e+01  1.0394367136203796e+01  1.8561545421965325e-03  2.6452483456435474e-03  -7.8909380344701491e-04  -1.3226502273314306e-02  -1.5201547654172263e-02  5.5905294387717477e-02
3.8000000000001002e+01  3.8304567093415869e+01  3.1962972968147376e+01  3.1962971380395153e+01  2.3204300933054988e-02  2.6425610178755694e+01  3.2058275453436764e+01  3.2058129436640449e+01  2.2051159880848485e-02  1.1878956914660176e+01  9.9126389009380311e+00  1.9235971222818764e-03  2.7412882582234298e-03  -8.1769113594155332e-04  -1.3747080112185787e-02  -1.8489254074586074e-02  5.6807393323436622e-02
3.8400000000000901e+01  3.8319178377098808e+01  3.1962682749036567e+01  3.1962681163525449e+01  2.3237895574961864e-02  2.6442904167897467e+01  3.2059559700473741e+01  3.2059409847062312e+01  2.2051583009673310e-02  1.1876274209201341e+01  9.9300124942867978e+00  1.9913973992787500e-03  2.8397326875450896e-03  -8.4833528826633959e-04  -1.4285938518494839e-02  -1.8442858201153316e-02  5.7720835240614284e-02
3.8800000000000800e+01  3.8334080435376208e+01  3.1962421164463962e+01  3.1962419594065878e+01  2.3277166525282524e-02  2.6460731703767017e+01  3.2060901474022579e+01  3.2060743387697926e+01  2.2049683320201848e-02  1.1873348731609191e+01  9.9479510814634828e+00  2.0594522235930072e-03  2.9406002054831446e-03  -8.8114798189013743e-04  -1.4844234252456108e-02  -1.8392401974817094e-02  5.8646614120015046e-02
3.9200000000000799e+01  3.8349436278963459e+01  3.1962127809797661e+01  3.1962126267457261e+01  2.3317473133194388e-02  2.6479318588520851e+01  3.2062227880663357e+01  3.2062070125256710e+01  2.2051726041145730e-02  1.1870117690442608e+01  1.4403620408805249e+01  2.1276522840833062e-03  3.0439277381515799e-03  -9.1627545406827368e-04  -1.5423786305433304e-02  4.4908861708829670e-03  5.9688697327394527e-02
3.9600000000000698e+01  3.8365269710998639e+01  3.1961861226681737e+01  3.1961859719576857e+01  2.3353802148817656e-02  2.6498542096565863e+01  3.2063632170669841e+01  3.2063470349821586e+01  2.2055577959564324e-02  1.1866727614432776e+01  1.3935817395292236e+01  2.1958830707705561e-03  3.1497737367026878e-03  -9.5389066593213169e-04  -1.6026733209550514e-02  2.5100249829145735e-03  6.0793896505136800e-02
4.0000000000000597e+01  3.8381582045121974e+01  3.1961618729086531e+01  3.1961617258162647e+01  2.3382045114763456e-02  2.6518266459721595e+01  3.2065020365412735e+01  3.2064854423944247e+01  2.2061894274740160e-02  1.1863315585400379e+01  1.3956340581140131e+01  2.2640248366637061e-03  3.2582126875963582e-03  -9.9418785093265214e-04  -1.6655022769537783e-02  2.5450457600489185e-03  6.1920776860078387e-02
4.0400000000000503e+01  3.8398293647358784e+01  3.1961331213499893e+01  3.1961329777563201e+01  2.3400157254820111e-02  2.6538624190726644e+01  3.2066417463111854e+01  3.2066247328727201e+01  2.2064538178639802e-02  1.1859669456632140e+01  1.3488899434689785e+01  2.3319525768265479e-03  3.3693233806553436e-03  -1.0373708038287958e-03  -1.7310036309276113e-02  5.3516682227052663e-04  6.3069062765030423e-02
4.0800000000000502e+01  3.8415272891279585e+01  3.1961097740279236e+01  3.1961096341066359e+01  2.3408795387485224e-02  2.6559564643341595e+01  3.2067845836373763e+01  3.2067671432204001e+01  2.2061804862235322e-02  1.1855708247937990e+01  1.3510851064936443e+01  2.3995368851068097e-03  3.4831754680299453e-03  -1.0836385829231356e-03  -1.7992534162592968e-02  5.8501246402356099e-04  6.4237989054587358e-02
4.1200000000000401e+01  3.8432773168038182e+01  3.1960865171203874e+01  3.1960863812830194e+01  2.3411197944986049e-02  2.6581121629560748e+01  3.2069301229567152e+01  3.2069113965787714e+01  2.2051804211789542e-02  1.1851651538477434e+01  1.3533537658620943e+01  2.4666454052882252e-03  3.5998188276980575e-03  -1.1331734224098323e-03  -1.8702936993997277e-02  6.3247936386438776e-04  6.5426858653036227e-02
4.1600000000000300e+01  3.8450726736454747e+01  3.1960651030261936e+01  3.1960649718718070e+01  2.3412350452287203e-02  2.6603296765237111e+01  3.2070765498249543e+01  3.2070582460804339e+01  2.2041484500188852e-02  1.1847429971217636e+01  1.4045597916566635e+01  2.5331436499501968e-03  3.7192792346524371e-03  -1.1861355847022402e-03  -1.9441816649929927e-02  2.6792054684459683e-03  6.6635572799201542e-02
4.2000000000000199e+01  3.8469034364191891e+01  3.1960358999478792e+01  3.1960357736735407e+01  2.3417732255810852e-02  2.6626114501017870e+01  3.2072237190634503e+01  3.2072044541318768e+01  2.2035515292914986e-02  1.1842919863174021e+01  1.4557202670046205e+01  2.5988939245179263e-03  3.8415616928078712e-03  -1.2426677682899449e-03  -2.0210368778991541e-02  4.6288545327120949e-03  6.7864896004182634e-02
4.2400000000000098e+01  3.8487768370181037e+01  3.1960195689492828e+01  3.1960194472640797e+01  2.3432048634895248e-02  2.6649730258895922e+01  3.2073751457580656e+01  3.2073559520454879e+01  2.2036211156536131e-02  1.1838038111285115e+01  1.4582222991425018e+01  2.6637517925001868e-03  3.9666596853687678e-03  -1.3029078928685810e-03  -2.1010611331874277e-02  4.6490766830513050e-03  6.9116409107651350e-02
4.2800000000000097e+01  3.8506798474422993e+01  3.1960113678469984e+01  3.1960112502563096e+01  2.3458281546115428e-02  2.6674047769593983e+01  3.2075267091068888e+01  3.2075061640479404e+01  2.2039238313191777e-02  1.1832750704829010e+01  1.4608092593325358e+01  2.7275606325383285e-03  4.0945668512804446e-03  -1.3670062187421160e-03  -2.1845169839184150e-02  4.6752831369356786e-03  7.0428670398986579e-02
4.3200000000000003e+01  3.8526391426241325e+01  3.1960030994480078e+01  3.1960029857231010e+01  2.3497212025944236e-02  2.6699167762123867e+01  3.2076776825332672e+01  3.2076575574316117e+01  2.2043396947460374e-02  1.1827223664117458e+01  1.4634839009287454e+01  2.7901460803521011e-03  4.2252885257513632e-03  -1.4351424453992621e-03  -2.2716764417805024e-02  4.7090608045892261e-03  7.1930781877497449e-02
4.3599999999999902e+01  3.8546144787568736e+01  3.1959947771077200e+01  3.1959946677324002e+01  2.3547402729775655e-02  2.6725087939021030e+01  3.2078354094289836e+01  3.2078148030700781e+01  2.2047336214433177e-02  1.1821056848547705e+01  1.4662489982704615e+01  2.8513126706969957e-03  4.3588516497674520e-03  -1.5075389790704563e-03  -2.3627744043068510e-02  4.7508010809677237e-03  7.3472611961702461e-02
4.3999999999999801e+01  3.8566119863655800e+01  3.1959843154796051e+01  3.1959842118054350e+01  2.3605559028359674e-02  2.6751787620090123e+01  3.2079966136926167e+01  3.2079749085878760e+01  2.2055683029645307e-02  1.1814332243565676e+01  1.4203757991381440e+01  2.9108439390972659e-03  4.4953101368830871e-03  -1.5844661977858212e-03  -2.4580005092704620e-02  2.9572137935069500e-03  7.5054228942959780e-02
4.4399999999999700e+01  3.8586381165134377e+01  3.1959822302202014e+01  3.1959821335621164e+01  2.3667192146928702e-02  2.6779220162198232e+01  3.2081590202058649e+01  3.2081367283994091e+01  2.2063284473539321e-02  1.1807161002936144e+01  1.4233305090621087e+01  2.9685052818245973e-03  4.6347410850107670e-03  -1.6662358031861698e-03  -2.5575338239251604e-02  3.0293968215164570e-03  7.6675143479720001e-02
4.4799999999999699e+01  3.8606922466904358e+01  3.1959769671211703e+01  3.1959768779468948e+01  2.3727511796387820e-02  2.6807429183109956e+01  3.2083274130981806e+01  3.2083053267003386e+01  2.2069644537344502e-02  1.1799493283794401e+01  1.3775098684082499e+01  3.0240478281757309e-03  4.7772300276719797e-03  -1.7531821994962488e-03  -2.6615909709348157e-02  1.2368222372961702e-03  7.8335054590993103e-02
4.5199999999999598e+01  3.8627935162233790e+01  3.1959708333608077e+01  3.1959707510905506e+01  2.3782428398805251e-02  2.6836373246072174e+01  3.2084946117909809e+01  3.2084720302553322e+01  2.2073515778702223e-02  1.1791561916161616e+01  1.3806616354678734e+01  3.0772120920855260e-03  4.9228504767115490e-03  -1.8456383846260230e-03  -2.7704524414200928e-02  1.3345193272943788e-03  8.0034469374736364e-02
4.5599999999999497e+01  3.8649236745606430e+01  3.1959749513505749e+01  3.1959748748049083e+01  2.3831333953303387e-02  2.6866064207621797e+01  3.2086697136498252e+01  3.2086457813207694e+01  2.2072167576098343e-02  1.1783172537984633e+01  1.4417399112511079e+01  3.1277310397881792e-03  5.0716477515992233e-03  -1.9439167118110441e-03  -1.5330194450359384e-02  1.4327059492065160e-03  8.1774874330844627e-02
4.5999999999999403e+01  3.8670860579240525e+01  3.1959788085437957e+01  3.1959787371297963e+01  2.3872677974243868e-02  2.6896640120400825e+01  3.2088492203834832e+01  3.2088248221562793e+01  2.2068709015316063e-02  1.1774220458839700e+01  1.4943241531140332e+01  3.1753323730312408e-03  5.2236343808986126e-03  -2.0483020078673718e-03  -1.6056519569366212e-02  3.3462830997098912e-03  8.3558324194066919e-02
4.6399999999999302e+01  3.8692658040692045e+01  3.1959848464829484e+01  3.1959847807761818e+01  2.3907630348820378e-02  2.6928148060219314e+01  3.2090260267261513e+01  3.2090011507296197e+01  2.2069224914749028e-02  1.1764509980472731e+01  1.4981548018537104e+01  3.2197396483473594e-03  5.3787974425202924e-03  -2.1590577941729330e-03  -1.6818726180787526e-02  3.4269853903070966e-03  8.5393132352446555e-02
4.6799999999999301e+01  3.8714819694491162e+01  3.1959976574806099e+01  3.1959975992840167e+01  2.3940036520501928e-02  2.6960617263240479e+01  3.2092032033378210e+01  3.2091785378984952e+01  2.2071516515657801e-02  1.1754202431250683e+01  1.5021205216469918e+01  3.2606720083909412e-03  5.5371139141453963e-03  -2.2764419057544551e-03  -1.7619588752154618e-02  3.5110650454382624e-03  8.7537897466289899e-02
4.7199999999999200e+01  3.8737263269290537e+01  3.1960036553958595e+01  3.1960036065931824e+01  2.3974957768191675e-02  2.6993941820490868e+01  3.2093829599464868e+01  3.2093577544036954e+01  2.2075317694196437e-02  1.1743321448799669e+01  1.5062266175063655e+01  3.2978425538200398e-03  5.6985700583217329e-03  -2.4007275045016931e-03  -1.8461922543811495e-02  3.6012612581861961e-03  8.9747605921334808e-02
4.7599999999999099e+01  3.8759919073644802e+01  3.1960170057291275e+01  3.1960169674801040e+01  2.4017593025281704e-02  2.7028204121508352e+01  3.2095637467609841e+01  3.2095372023674550e+01  2.2079651910399775e-02  1.1731714952136450e+01  1.5104785390461032e+01  3.3309552057210643e-03  5.8631808126146838e-03  -2.5322256068936195e-03  -1.9348387575843805e-02  3.6995824817396107e-03  9.2023567550650942e-02
4.7999999999998998e+01  3.8782726139404609e+01  3.1960228619512254e+01  3.1960228342020777e+01  2.4072225005064101e-02  2.7063378149007253e+01  3.2097463979626518e+01  3.2097200813696482e+01  2.2083310335864737e-02  1.1719347990397356e+01  1.5148819324187890e+01  3.3596997150860974e-03  6.0310029105213802e-03  -2.6713031954352828e-03  -2.0281523810144177e-02  3.8069991412575574e-03  9.4367535340435640e-02
4.8399999999998897e+01  3.8805690738926423e+01  3.1960315153519652e+01  3.1960314974023301e+01  2.4141439326436805e-02  2.7099385128329857e+01  3.2099298449970284e+01  3.2099029593803671e+01  2.2085691779164664e-02  1.1706305610596566e+01  1.4705080561165142e+01  3.3837452491020516e-03  6.2021348077956453e-03  -2.8183895586935937e-03  -2.1264127739367981e-02  2.2087874011389496e-03  9.6782056985379741e-02
4.8799999999998903e+01  3.8828673341761132e+01  3.1960479912380467e+01  3.1960479824080849e+01  2.4225757544153920e-02  2.7136281387494851e+01  3.2101180431757761e+01  3.2100905780991411e+01  2.2091562292994468e-02  1.1692391954266281e+01  1.4752227247589099e+01  3.4027345071710297e-03  6.3767011554505129e-03  -2.9739666482794832e-03  -2.2299823222131612e-02  2.3501524047094477e-03  9.9270290733434144e-02
4.9199999999998802e+01  3.8851835385018362e+01  3.1960538081159413e+01  3.1960538082727169e+01  2.4323701629324523e-02  2.7173956898346614e+01  3.2103098843207739e+01  3.2102812764443549e+01  2.2094521677907101e-02  1.1677878486671748e+01  1.4801070815282525e+01  3.4162808490369075e-03  6.5548273300394082e-03  -3.1385464810025007e-03  -2.3393464792985746e-02  2.4941254667745004e-03  1.0183546180655552e-01
4.9599999999998701e+01  3.8875206617248260e+01  3.1960722500509018e+01  3.1960722597791499e+01  2.4432218901134520e-02  2.7212558942388316e+01  3.2105048739447490e+01  3.2104762325739905e+01  2.2094877213305754e-02  1.1662647674859944e+01  1.4851685525646197e+01  3.4239694457629394e-03  6.7366143016626317e-03  -3.3126448558996923e-03  -2.4551083417472346e-02  2.6372701903434807e-03  1.0448032123940208e-01
4.9999999999998600e+01  3.8898661879656935e+01  3.1961200394236290e+01  3.1961200595684510e+01  2.4547355698434883e-02  2.7252222778475716e+01  3.2107051915173209e+01  3.2106753995003686e+01  2.2093952377732758e-02  1.1646439101181219e+01  1.4904150473334727e+01  3.4253613354701339e-03  6.9221229668652478e-03  -3.4967616313951139e-03  -2.5779439354464029e-02  2.7786255050924781e-03  1.0720684470574081e-01
5.0399999999998499e+01  3.8921904607648479e+01  3.1961407844553474e+01  3.1961408153773640e+01  2.4665055722519424e-02  2.7292729516421169e+01  3.2109104692550119e+01  3.2108798449983603e+01  2.2093403297584531e-02  1.1629175091227310e+01  1.4958546544680528e+01  3.4199983690239785e-03  7.1113722498123482e-03  -3.6913738807883697e-03  -2.7085545618628061e-02  2.9205655052833156e-03  1.1039775852020810e-01
5.0799999999998498e+01  3.8945481043278058e+01  3.1961551250520895e+01  3.1961551665433255e+01  2.4781952452001196e-02  2.7334411760123700e+01  3.2111159714416964e+01  3.2110855216238214e+01  2.2094432422912973e-02  1.1611069283154357e+01  1.5014954380993636e+01  3.4074074257516552e-03  7.3043506980109228e-03  -3.8969432722592676e-03  -2.8476447888098045e-02  3.0670414666531358e-03  1.1373142144142104e-01
5.1199999999998397e+01  3.8968968320423564e+01  3.1961766719205738e+01  3.1961767236315520e+01  2.4896021366251735e-02  2.7377256634661936e+01  3.2113260354795820e+01  3.2112940857820860e+01  2.2097268914604350e-02  1.1591711685761627e+01  1.5073455220414592e+01  3.3871028750387363e-03  7.5010384359317905e-03  -4.1139355608930542e-03  -2.9959241369016607e-02  3.2206106032576531e-03  1.1718229567737315e-01
5.1599999999998303e+01  3.8992466336395950e+01  3.1962098885422353e+01  3.1962099500772919e+01  2.5006971549036906e-02  2.7421362070387204e+01  3.2115417915839167e+01  3.2115092484730205e+01  2.2101123459085725e-02  1.1571104266008746e+01  1.5134133600593104e+01  3.3585867071964249e-03  7.7014338738223545e-03  -4.3428471666259296e-03  -3.1541241454193084e-02  3.3811763870559091e-03  1.2075250295340340e-01
5.1999999999998202e+01  3.9015775442146449e+01  3.1962456902431253e+01  3.1962457619454231e+01  2.5116300702602568e-02  2.7466515300383517e+01  3.2117503707546540e+01  3.2117172749255545e+01  2.2104586060214763e-02  1.1549260141762932e+01  1.5197079144642903e+01  3.3213464042190972e-03  7.9055773401207272e-03  -4.5842309359016304e-03  -3.3230484963933354e-02  3.5472675647616543e-03  1.2444503469224448e-01
5.2399999999998101e+01  3.9039219967231510e+01  3.1962918752673364e+01  3.1962919579009103e+01  2.5227008368281907e-02  2.7512713398649439e+01  3.2119600986479554e+01  3.2119270880798602e+01  2.2106259984399530e-02  1.1526506568582072e+01  1.5262385967208031e+01  3.2748513856092304e-03  8.1135638059887591e-03  -4.8387124203795283e-03  -3.5036777435105242e-02  3.7177782356760027e-03  1.2826372758306723e-01
5.2799999999998100e+01  3.9062566967656046e+01  3.1963240439462172e+01  3.1963241384943665e+01  2.5343038416299753e-02  2.7559869311543235e+01  3.2121711233353707e+01  3.2121374538521380e+01  2.2105887244444990e-02  1.1502697656112812e+01  1.4837102683410299e+01  3.2185491134468299e-03  8.3255404311392556e-03  -5.1069913176924261e-03  -3.6972931961291679e-02  2.2450857627422816e-03  1.3221269488848872e-01
5.3199999999997999e+01  3.9086122538793639e+01  3.1963571608052959e+01  3.1963572682335791e+01  2.5468579841310499e-02  2.7607996942942822e+01  3.2123899452585121e+01  3.2123548787123006e+01  2.2107727354554043e-02  1.1478125595850816e+01  1.4907237924479251e+01  3.1518613289761243e-03  8.5416897102268928e-03  -5.3898283812507681e-03  -3.9055227282370444e-02  2.4390849291781452e-03  1.3629527483314385e-01
5.3599999999997898e+01  3.9109297226499748e+01  3.1963976091198905e+01  3.1963977301007162e+01  2.5607379053979511e-02  2.7657134701028156e+01  3.2126116655868010e+01  3.2125764318888599e+01  2.2106405065602529e-02  1.1452162525471593e+01  1.4980018911620824e+01  3.0741799377823923e-03  8.7622029686906626e-03  -5.6880230309082703e-03  -4.1302442139674433e-02  2.6356463176611302e-03  1.4060404075238198e-01
5.3999999999997797e+01  3.9132524271940248e+01  3.1964528059813080e+01  3.1964529409743491e+01  2.5762202285917985e-02  2.7707336868437270e+01  3.2128382537314856e+01  3.2128025652558208e+01  2.2103219723077154e-02  1.1425187403502978e+01  1.5055537418452595e+01  2.9848616598941134e-03  8.9872515283477231e-03  -6.0023898684536097e-03  -4.3734138514900447e-02  2.8332777260443465e-03  1.4565865278014142e-01
5.4399999999997704e+01  3.9155507936262971e+01  3.1964824955966201e+01  3.1964826444991747e+01  2.5934538318251286e-02  2.7758578475911502e+01  3.2130638889429044e+01  3.2130275130654908e+01  2.2100295823381709e-02  1.1396929460351469e+01  1.5133880932506269e+01  2.8832209501583697e-03  9.2169647215783069e-03  -6.3337437714199377e-03  -4.6369846036044500e-02  3.0310642614379468e-03  1.5091444617077415e-01
5.4799999999997702e+01  3.9178399614351520e+01  3.1965271326876390e+01  3.1965272953903774e+01  2.6124564324226635e-02  2.7811089843207245e+01  3.2132977879304349e+01  3.2132607103344903e+01  2.2099672575930675e-02  1.1367309771144274e+01  1.5215129990680527e+01  2.7685213556844831e-03  9.4514237175015326e-03  -6.6829023618170495e-03  -4.9230168329625054e-02  3.2292274701975487e-03  1.5637514932836552e-01
5.5199999999997601e+01  3.9201027336972601e+01  3.1965853737816186e+01  3.1965855499973504e+01  2.6331332843631615e-02  2.7864807010371958e+01  3.2135323143329295e+01  3.2134945212405647e+01  2.2102417012938851e-02  1.1336220326600642e+01  1.5299353362058817e+01  2.6399660574408603e-03  9.6906753337588723e-03  -7.0507092763180124e-03  -5.2339045610926289e-02  3.4291211613250681e-03  1.6204405503635630e-01
5.5599999999997500e+01  3.9223325681100469e+01  3.1966289413632023e+01  3.1966291308924987e+01  2.6553095135905248e-02  2.7920035527135212e+01  3.2137757935736808e+01  3.2137355960555404e+01  2.2108151143571134e-02  1.1303290153965257e+01  1.5386601824366052e+01  2.4966887388772757e-03  9.9347619258537238e-03  -7.4380731869764481e-03  -5.5725398877304440e-02  3.6327670997222446e-03  1.6792267701900784e-01
5.5999999999997399e+01  3.9245708358398097e+01  3.1966826700805722e+01  3.1966828730228102e+01  2.6787663010230542e-02  2.7976491489712295e+01  3.2140150872801755e+01  3.2139744340862961e+01  2.2115207742494994e-02  1.1269216868685803e+01  1.5476901830653780e+01  2.3377455698606140e-03  1.0183756815455199e-02  -7.8460112455945846e-03  -5.9423328676236314e-02  3.8419083700542232e-03  1.7400913700607676e-01
5.6399999999997299e+01  3.9267752906060259e+01  3.1967307800500652e+01  3.1967309962443423e+01  2.7032722020864552e-02  2.8034226613867052e+01  3.2142549493331721e+01  3.2142149772931077e+01  2.2121350847899110e-02  1.1233526292193208e+01  1.5570248728196946e+01  2.1621075489027730e-03  1.0437793852948457e-02  -8.2756863040456853e-03  -6.3471784733139552e-02  4.0570781272376974e-03  1.8029785465747480e-01
5.6799999999997297e+01  3.9289755381477214e+01  3.1967624378956650e+01  3.1967626673613797e+01  2.7286031912012249e-02  2.8093179811966692e+01  3.2145038005144741e+01  3.2144630858343213e+01  2.2124744838234796e-02  1.1196575569510522e+01  1.5666597095926530e+01  1.9686507295502195e-03  1.0697083376759594e-02  -8.7284326472093741e-03  -6.7914956599637505e-02  4.2776522837242757e-03  1.8678869842637191e-01
5.7199999999997203e+01  3.9311547676124000e+01  3.1968279658240156e+01  3.1968282084564553e+01  2.7545476526178937e-02  2.8153411020856847e+01  3.2147448949270569e+01  3.2147031213194182e+01  2.2128032245276815e-02  1.1158136655267153e+01  1.5267277303643278e+01  1.7561418002416456e-03  1.0961910834936925e-02  -9.2057690346952804e-03  -7.2803163570123203e-02  2.8275344858716012e-03  1.9472207528573046e-01
5.7599999999997102e+01  3.9333491404987399e+01  3.1968810194166611e+01  3.1968812757630349e+01  2.7834636737419011e-02  2.8214866960413925e+01  3.2149946208763616e+01  3.2149521758331908e+01  2.2131141026574954e-02  1.1118624444573474e+01  1.6230803191371400e+01  1.5232181676278240e-03  1.1232617632648476e-02  -9.7093994650206510e-03  -2.3915118440087802e-02  3.0707511345774603e-03  2.0297150013090326e-01
5.7999999999997002e+01  3.9355165515137656e+01  3.1969519220549653e+01  3.1969521919367232e+01  2.8150785393378203e-02  2.8277394855664561e+01  3.2152465652179337e+01  3.2152035808448787e+01  2.2131469831445868e-02  1.1077770659473096e+01  1.6362099864096848e+01  1.2683626640942313e-03  1.1509568944504989e-02  -1.0241206280410758e-02  -2.6255278604813803e-02  3.3181542645135081e-03  2.1152176649786072e-01
5.8399999999997000e+01  3.9376549206156319e+01  3.1970058199638299e+01  3.1970061039386771e+01  2.8479541267777658e-02  2.8341034563200651e+01  3.2155006046860855e+01  3.2154568025544570e+01  2.2131298648864654e-02  1.1035514642955668e+01  1.6498268672638257e+01  9.8987138452528945e-04  1.1793119685570256e-02  -1.0803248301044966e-02  -2.8926489177152046e-02  3.5694087730981793e-03  2.2035949963573961e-01
5.8799999999996899e+01  3.9398306387630406e+01  3.1970528000343091e+01  3.1970530969036190e+01  2.8819718491633537e-02  2.8406024332489586e+01  3.2157529755043555e+01  3.2157084419444715e+01  2.2133190221256299e-02  1.0992282055140819e+01  1.6639082894749578e+01  6.8581079016987530e-04  1.2083591622699485e-02  -1.1397780832529609e-02  -3.1981079389884731e-02  3.8232872956141801e-03  2.2946306466556707e-01
5.9199999999996798e+01  3.9419772571890483e+01  3.1970989623407387e+01  3.1970992721551532e+01  2.9168788709507766e-02  2.8472363299168023e+01  3.2160150923025590e+01  3.2159689907742163e+01  2.2138791415263488e-02  1.0947409272722460e+01  1.6784147306898340e+01  3.5396069068805098e-04  1.2381269282888714e-02  -1.2027308592200664e-02  -3.5482934922945748e-02  4.0786419085055746e-03  2.3880103989351362e-01
5.9599999999996697e+01  3.9441536055351193e+01  3.1971162944162522e+01  3.1971166159641360e+01  2.9522293134788165e-02  2.8540153795311056e+01  3.2162743066157780e+01  3.2162273118266199e+01  2.2148027240739769e-02  1.0901382260040137e+01  1.6932840552867631e+01  -8.2572006762391240e-06  1.2686414388269450e-02  -1.2694671588945688e-02  -3.9510709273026454e-02  4.3363500466147885e-03  2.4833242284048876e-01
5.9999999999996597e+01  3.9462398401861655e+01  3.1972113134356910e+01  3.1972116471839538e+01  2.9873376180486595e-02  2.8609736798826916e+01  3.2165429308134470e+01  3.2164959853217510e+01  2.2159049885904222e-02  1.0852661603034740e+01  1.7084245655040522e+01  -4.0386563791861181e-04  1.2999293899014924e-02  -1.3403159536933535e-02  -4.4157017373958198e-02  4.5996121630362185e-03  2.5957316685194654e-01
6.0009999999996602e+01  3.9462942720986199e+01  3.1972123858169358e+01  3.1972127198152037e+01  2.9882045849147654e-02  2.8611496405433449e+01  3.2165485694572695e+01  3.2165016052434439e+01  2.2159324084837145e-02  1.0851446315552749e+01  1.7088055269476161e+01  -4.1421326313082071e-04  1.3007217511192872e-02  -1.3421430774323694e-02  -4.4281972640572667e-02  4.6062970513593808e-03  2.5987543574712557e-01
