# time  P_total  P_z_beam  beam_ratio  beaming_gain  wavezone_std
0.0000000000000000e+00  2.1896668952354107e-07  1.6303004878777199e-07  7.4588771450748559e-01  3.9835508580299424e+00  7.6840376019114942e-01
8.0000000000000004e-01  2.1887555131703508e-07  1.6311337883027904e-07  7.4623164453782675e-01  3.9849265781513070e+00  7.6839784654756982e-01
1.6000000000000001e+00  2.1616472155984492e-07  1.6098720980005473e-07  7.4596475017653729e-01  3.9838590007061492e+00  7.6715625979756374e-01
2.3999999999999901e+00  2.1415203835762885e-07  1.5948850238607354e-07  7.4584124878696634e-01  3.9833649951478654e+00  7.6622005623986467e-01
3.1999999999999802e+00  2.0840550085387846e-07  1.5513905746387891e-07  7.4582475695116290e-01  3.9832990278046516e+00  7.6358967858325821e-01
3.9999999999999600e+00  1.9615117506052338e-07  1.4600544647534035e-07  7.4576128878752757e-01  3.9830451551501103e+00  7.5594047751000149e-01
4.7999999999999403e+00  1.7508981232262190e-07  1.3032886265108384e-07  7.4605471775639309e-01  3.9842188710255724e+00  7.4750032440441072e-01
5.5999999999999304e+00  1.4563641930366894e-07  1.0841616463687639e-07  7.4568220831163112e-01  3.9827288332465245e+00  7.2232444530533180e-01
6.3999999999999098e+00  1.2124747545470015e-07  9.0218583968345289e-08  7.4568118235573766e-01  3.9827247294229506e+00  7.0124870838420217e-01
7.1999999999998900e+00  1.1492220366327946e-07  8.5390498419309372e-08  7.4510474621408651e-01  3.9804189848563460e+00  6.9516357630827919e-01
7.9999999999998703e+00  1.2733500064147636e-07  9.4732293785981309e-08  7.4578046305504264e-01  3.9831218522201706e+00  7.0912810784886604e-01
8.7999999999998604e+00  1.5131494397542552e-07  1.1258354882220687e-07  7.4518929612982676e-01  3.9807571845193070e+00  7.2800581086964589e-01
9.5999999999998398e+00  1.6826794532583478e-07  1.2526482140331250e-07  7.4572781280117006e-01  3.9829112512046803e+00  7.5798443409718164e-01
1.0399999999999800e+01  1.6751786465096029e-07  1.2477226404460230e-07  7.4745891395454356e-01  3.9898356558181742e+00  7.7644469594922116e-01
1.1199999999999800e+01  1.5491511146343927e-07  1.1538999904010579e-07  7.4688073035269265e-01  3.9875229214107706e+00  8.1389858059007814e-01
1.1999999999999799e+01  1.4081245663697568e-07  1.0486536174614989e-07  7.4670224967694121e-01  3.9868089987077648e+00  9.0371358338402474e-01
1.2799999999999800e+01  1.3153219639630727e-07  9.7934841436237283e-08  7.4318971285925739e-01  3.9727588514370296e+00  8.7287022364537792e-01
1.3599999999999801e+01  1.2888637517407932e-07  9.5964199054489476e-08  7.4449717200143750e-01  3.9779886880057500e+00  6.1689505414214629e-01
1.4399999999999700e+01  1.2766232868593691e-07  9.5095695352478850e-08  7.4645885543981971e-01  3.9858354217592789e+00  4.5873471060541249e-01
1.5199999999999701e+01  1.2333734500960048e-07  9.1897478306039971e-08  7.4809401184556612e-01  3.9923760473822645e+00  4.6343624958199015e-01
1.5999999999999700e+01  1.1618251093613856e-07  8.6561209753347299e-08  7.5001332390207232e-01  4.0000532956082893e+00  6.6308779324572575e-01
1.6799999999999802e+01  1.0917665237808484e-07  8.1334851680950746e-08  7.3174236281537097e-01  3.9269694512614839e+00  9.2662964155830696e-01
1.7600000000000001e+01  1.0352370466435483e-07  7.7120505972832412e-08  7.4534237357404298e-01  3.9813694942961719e+00  6.3371556844916910e-01
1.8400000000000102e+01  9.6360897946259094e-08  7.1789543540826745e-08  7.4699410605554029e-01  3.9879764242221611e+00  5.7659545192309347e-01
1.9200000000000198e+01  8.6869506926835605e-08  6.4721003372988138e-08  7.4757362577150854e-01  3.9902945030860342e+00  6.5548469461444114e-01
2.0000000000000298e+01  7.6854761670846020e-08  5.7257663173984145e-08  7.4671275595970399e-01  3.9868510238388160e+00  7.6994295371591082e-01
2.0800000000000502e+01  6.7036014353819139e-08  4.9941998066730471e-08  7.4494296742479460e-01  3.9797718696991784e+00  8.2319287931411911e-01
2.1600000000000598e+01  5.7478365688507304e-08  4.2822574786318951e-08  7.4583956812436569e-01  3.9833582724974628e+00  7.8990683337596113e-01
2.2400000000000698e+01  4.8048023813881929e-08  3.5793634210995092e-08  7.4642891276100209e-01  3.9857156510440084e+00  7.3331998951405675e-01
2.3200000000000799e+01  3.8504678104064790e-08  2.8681842211976339e-08  7.4624397903560302e-01  3.9849759161424121e+00  6.7833863674236683e-01
2.4000000000000998e+01  2.9150055588829721e-08  2.1710292259814401e-08  7.4628413295544527e-01  3.9851365318217811e+00  6.1905651718512944e-01
2.4800000000001098e+01  2.0597020954887243e-08  1.5334479346107520e-08  7.4591098253319654e-01  3.9836439301327862e+00  5.7531021884358802e-01
2.5600000000001199e+01  1.3240159787930852e-08  9.8520377950130108e-09  7.4560734469017320e-01  3.9824293787606928e+00  5.4648903482388234e-01
2.6400000000001299e+01  7.1547109941174694e-09  5.3189581648636169e-09  7.4611214786125424e-01  3.9844485914450170e+00  5.2217046557390068e-01
2.7200000000001499e+01  2.5985352228202539e-09  1.9271205523163171e-09  7.4669042931380880e-01  3.9867617172552352e+00  5.2745896158564864e-01
2.8000000000001599e+01  2.1424908207168811e-10  1.5632488451604814e-10  7.5660849606724234e-01  4.0264339842689694e+00  7.5774580080198062e-01
2.8800000000001699e+01  5.7908162061426940e-10  4.3749270699299481e-10  7.4915371491642713e-01  3.9966148596657085e+00  2.8765795224292462e-01
2.9600000000001799e+01  4.3129526340884945e-09  3.2338614966624436e-09  7.4767634507646719e-01  3.9907053803058687e+00  3.9119219076285761e-01
3.0400000000001999e+01  1.2769962128228050e-08  9.5576276104133460e-09  7.4753111656964899e-01  3.9901244662785960e+00  4.3035227780225571e-01
3.1200000000002099e+01  2.8233193295110439e-08  2.1113866447877839e-08  7.4756509253844294e-01  3.9902603701537718e+00  4.5147889674139463e-01
3.2000000000002203e+01  5.3749531108685637e-08  4.0176247978618375e-08  7.4762112496534272e-01  3.9904844998613709e+00  4.6748552339872368e-01
3.2800000000002001e+01  9.3884362360802285e-08  7.0153357955725556e-08  7.4762351550951811e-01  3.9904940620380724e+00  4.9109875127639058e-01
3.3600000000001899e+01  1.5602099755083932e-07  1.1656113889798959e-07  7.4755465552237599e-01  3.9902186220895040e+00  5.2383359238820704e-01
3.4400000000001697e+01  2.4929310124854774e-07  1.8622555364988688e-07  7.4748300667393730e-01  3.9899320266957492e+00  5.5663319622722873e-01
3.5200000000001602e+01  3.7923652941143329e-07  2.8326724730063136e-07  7.4744205483222337e-01  3.9897682193288935e+00  5.8216331900599594e-01
3.6000000000001400e+01  4.8400337915273827e-07  3.6177445048875711e-07  7.4776642873923127e-01  3.9910657149569251e+00  5.8169088595498886e-01
3.6800000000001198e+01  2.5300349784405736e-07  1.8971749439655176e-07  7.4907931190872712e-01  3.9963172476349085e+00  4.1645497547793803e-01
3.7600000000001103e+01  1.4519487662393248e-08  1.0792818093208842e-08  7.2947957174641798e-01  3.9179182869856719e+00  6.7552032700463915e-01
3.8400000000000901e+01  2.7172299380078146e-07  2.0305048295683720e-07  7.4766733701379962e-01  3.9906693480551985e+00  3.3511670439729824e-01
3.9200000000000799e+01  7.2443436920435427e-07  5.4143423786361850e-07  7.4769124236208362e-01  3.9907649694483345e+00  4.8989825073576793e-01
4.0000000000000597e+01  1.6691691834356777e-06  1.2464291530033757e-06  7.4733211089425877e-01  3.9893284435770351e+00  5.8869693762650488e-01
4.0800000000000502e+01  2.8481691879951670e-06  2.1290060162494271e-06  7.4772222344238215e-01  3.9908888937695286e+00  6.2389807790051688e-01
4.1600000000000300e+01  3.2928666833147695e-06  2.4640659394674513e-06  7.4813586709504953e-01  3.9925434683801981e+00  5.9232572546680873e-01
4.2400000000000098e+01  2.9750805741539344e-06  2.2272316821964892e-06  7.4822108079998695e-01  3.9928843231999478e+00  5.1513799810096728e-01
4.3200000000000003e+01  2.1933927554618986e-06  1.6422183009768609e-06  7.4836899295416670e-01  3.9934759718166668e+00  3.6583350807223680e-01
4.3999999999999801e+01  9.2034082894212614e-07  6.8985300020434228e-07  7.4983492078521163e-01  3.9993396831408465e+00  1.4129674971452524e-01
4.4799999999999699e+01  1.7433847185104413e-08  1.3354619602244800e-08  7.6912764144449564e-01  4.0765105657779825e+00  1.3297169175146040e-01
4.5599999999999497e+01  5.5073736466909249e-07  4.1021060339884546e-07  7.4454251591950826e-01  3.9781700636780331e+00  2.1122689239375431e-01
4.6399999999999302e+01  1.8085667380965403e-06  1.3509865197775550e-06  7.4703543477697065e-01  3.9881417391078826e+00  2.8635691280322090e-01
4.7199999999999200e+01  2.8480410154236638e-06  2.1286964137054125e-06  7.4742869844891802e-01  3.9897147937956721e+00  3.2924171716837436e-01
4.7999999999998998e+01  4.0385913857167052e-06  3.0186828142279333e-06  7.4745969717945737e-01  3.9898387887178295e+00  3.7921723723225170e-01
4.8799999999998903e+01  5.2034262230104219e-06  3.8930880435896543e-06  7.4818548712007127e-01  3.9927419484802851e+00  3.9355332000905868e-01
4.9599999999998701e+01  5.2548836620618932e-06  3.9369551267068005e-06  7.4919287595226236e-01  3.9967715038090494e+00  3.6031291745090233e-01
5.0399999999998499e+01  4.1763694069371519e-06  3.1312595770234033e-06  7.4981017319523990e-01  3.9992406927809596e+00  2.9403748802757501e-01
5.1199999999998397e+01  2.6883627197302444e-06  2.0146213870541037e-06  7.5014880963850872e-01  4.0005952385540349e+00  1.5459078288874742e-01
5.1999999999998202e+01  1.3728852435145161e-06  1.0268790634525354e-06  7.5647548542536192e-01  4.0259019417014477e+00  4.1537183945282152e-01
5.2799999999998100e+01  1.1887249726575543e-06  8.8580847101225273e-07  7.4443884294258789e-01  3.9777553717703515e+00  1.5167925655028233e-01
5.3599999999997898e+01  1.8813850557765433e-06  1.4065995311471926e-06  7.5053000133563863e-01  4.0021200053425545e+00  7.4582917139941363e-01
5.4399999999997704e+01  2.9951475998873228e-06  2.2410381805009669e-06  7.4538477305955209e-01  3.9815390922382083e+00  7.7065104569828846e-01
5.5199999999997601e+01  3.8727476903275707e-06  2.9016633195145536e-06  7.4922625217125494e-01  3.9969050086850197e+00  6.0783718183569790e-01
5.5999999999997399e+01  3.5949226528684033e-06  2.6943609780811840e-06  7.4981831006315414e-01  3.9992732402526165e+00  6.8661530019305184e-01
5.6799999999997297e+01  3.4848388860050579e-06  2.6103334526465636e-06  7.4791653941246783e-01  3.9916661576498713e+00  7.0998116970730984e-01
5.7599999999997102e+01  3.8299492515026789e-06  2.8667812702044897e-06  7.4781796473700579e-01  3.9912718589480232e+00  5.2935127354921241e-01
5.8399999999997000e+01  3.6671329292059268e-06  2.7449344815687151e-06  7.4847157001018649e-01  3.9938862800407460e+00  3.8606860445090668e-01
5.9199999999996798e+01  2.3825074734586518e-06  1.7834089238609781e-06  7.4855212087020284e-01  3.9942084834808114e+00  3.4163244570242657e-01
5.9999999999996597e+01  1.5179901874591795e-06  1.1353284006935849e-06  7.4780465606607638e-01  3.9912186242643055e+00  2.1728249862458271e-01
6.0799999999996501e+01  1.5255244308209419e-06  1.1404533304896238e-06  7.4899645289444194e-01  3.9959858115777678e+00  2.1875103535819945e-01
6.1599999999996299e+01  1.9551779726311345e-06  1.4597791698434366e-06  7.3865399363231166e-01  3.9546159745292466e+00  4.5550805660042992e-01
6.2399999999996197e+01  2.7389407110913484e-06  2.0443215931824161e-06  7.4608002865368284e-01  3.9843201146147313e+00  2.5949024312659391e-01
6.3199999999996002e+01  2.5596360625048356e-06  1.9172939865347525e-06  7.4988177813853518e-01  3.9995271125541407e+00  6.1705182521003454e-01
6.3999999999995801e+01  1.5583663346354033e-06  1.1680394461330522e-06  7.4212149109008840e-01  3.9684859643603536e+00  8.3577234034571823e-01
6.4799999999996203e+01  1.9558190538237658e-06  1.4619198168368967e-06  7.4733346479654050e-01  3.9893338591861620e+00  4.4476501389871387e-01
6.5599999999996697e+01  2.7530415939900580e-06  2.0585248055232719e-06  7.4790857621522033e-01  3.9916343048608813e+00  5.1166689588752801e-01
6.6399999999997107e+01  2.9626841572927910e-06  2.2186877285543449e-06  7.4852751750867874e-01  3.9941100700347150e+00  5.8335503864468508e-01
6.7199999999997502e+01  2.3007592298377159e-06  1.7246483410563102e-06  7.4927573268656666e-01  3.9971029307462667e+00  4.8254826836992087e-01
6.7999999999997897e+01  1.9192181330615998e-06  1.4379497609330340e-06  7.4922144811323976e-01  3.9968857924529591e+00  3.4800481065260447e-01
6.8799999999998306e+01  2.0759968930064160e-06  1.5540020751043793e-06  7.4855228591777911e-01  3.9942091436711165e+00  3.3873505756543687e-01
6.9599999999998701e+01  2.3325858939789548e-06  1.7462723596641267e-06  7.4862313197452024e-01  3.9944925278980810e+00  3.4153358322292565e-01
7.0399999999999096e+01  2.0265994236046391e-06  1.5178886395658740e-06  7.4969220235008005e-01  3.9987688094003202e+00  1.9265876849121932e-01
7.1199999999999505e+01  1.3147055950401006e-06  9.8323330317472486e-07  7.6301777906968216e-01  4.0520711162787286e+00  6.0284335648531717e-01
7.1999999999999901e+01  1.2978821391123685e-06  9.6941098762954509e-07  7.4694194561201277e-01  3.9877677824480511e+00  3.3785697670066750e-01
7.2800000000000296e+01  2.0417066622771226e-06  1.5285816944755088e-06  7.6081780029133617e-01  4.0432712011653447e+00  9.3166477211788945e-01
7.3600000000000705e+01  2.2760628383626239e-06  1.7061111515204846e-06  7.4794175972384691e-01  3.9917670388953876e+00  7.2350441627020257e-01
7.4400000000001199e+01  1.7946846418691155e-06  1.3455751607153278e-06  7.4956340868747806e-01  3.9982536347499122e+00  6.6095267498179400e-01
7.5200000000001594e+01  1.5428453420386139e-06  1.1559289265769560e-06  7.4908351384262595e-01  3.9963340553705038e+00  7.4428173608614701e-01
7.6000000000002004e+01  1.6002931284287554e-06  1.1982063421546957e-06  7.4804290501405846e-01  3.9921716200562338e+00  7.0618666658663021e-01
7.6800000000002399e+01  1.6079367056100617e-06  1.2031122371563021e-06  7.4809167881851235e-01  3.9923667152740494e+00  6.0084746659673782e-01
7.7600000000002794e+01  1.5503994254171150e-06  1.1593304446487859e-06  7.4782695322529391e-01  3.9913078129011756e+00  5.3215476017292906e-01
7.8400000000003203e+01  1.7099254947406635e-06  1.2782568837103236e-06  7.4752704154936511e-01  3.9901081661974604e+00  4.1890558958164570e-01
7.9200000000003598e+01  1.9691865064823261e-06  1.4731571220085248e-06  7.4826976040340454e-01  3.9930790416136182e+00  2.2537514507080617e-01
8.0000000000003993e+01  1.5422273767715456e-06  1.1550227895052004e-06  7.5210907217945888e-01  4.0084362887178351e+00  1.8408065404755347e-01
8.0800000000004403e+01  1.0489897161670622e-06  7.8364741963058073e-07  7.4250467297565237e-01  3.9700186919026095e+00  1.5203238551192724e-01
8.1600000000004798e+01  1.2829620571104653e-06  9.5873330122101739e-07  7.4768882497850631e-01  3.9907552999140252e+00  4.7377874159199657e-01
8.2400000000005207e+01  1.0542070951382678e-06  7.8972194801423950e-07  7.4978639854148865e-01  3.9991455941659546e+00  6.9044348921358267e-01
8.3200000000005701e+01  6.2303748278317929e-07  4.6654265391793313e-07  7.5426304759817531e-01  4.0170521903927012e+00  9.2822669669773727e-01
8.4000000000006096e+01  6.2203312501860108e-07  4.6534576793981272e-07  7.4746224289894725e-01  3.9898489715957890e+00  8.6861771583675185e-01
8.4800000000006506e+01  7.9916821859303299e-07  5.9832567729748371e-07  7.4763246908511416e-01  3.9905298763404566e+00  7.9536033253593386e-01
8.5600000000006901e+01  9.6905894249986622e-07  7.2531301908855356e-07  7.4753213062142043e-01  3.9901285224856817e+00  6.6295995992615897e-01
8.6400000000007296e+01  1.4045937991670071e-06  1.0505170729722156e-06  7.4762754099778650e-01  3.9905101639911460e+00  5.2857186215685614e-01
8.7200000000007705e+01  2.0999977261789567e-06  1.5712304373423121e-06  7.4802695647088235e-01  3.9921078258835294e+00  4.4613045957436220e-01
8.8000000000008100e+01  2.3655181232886881e-06  1.7714802048382228e-06  7.4885351231513553e-01  3.9954140492605421e+00  3.4237161265470900e-01
8.8800000000008495e+01  1.8328275826049877e-06  1.3734427022337738e-06  7.4989473945640828e-01  3.9995789578256331e+00  1.7005505357253226e-01
8.9600000000008905e+01  1.0278066287581208e-06  7.7015184614942897e-07  7.5144954774491901e-01  4.0057981909796760e+00  1.2861832744294088e-01
9.0400000000009300e+01  4.7660358916289345e-07  3.5669835225535821e-07  7.2043172425994628e-01  3.8817268970397851e+00  8.4798592503747383e-01
9.1200000000009794e+01  3.2678100676440564e-07  2.4435852629553048e-07  7.4758658992480576e-01  3.9903463596992230e+00  2.2605567701750548e-01
9.2000000000010203e+01  3.6738484244512284e-07  2.7513410796407307e-07  7.4894579003170048e-01  3.9957831601268019e+00  6.0237835500346804e-01
9.2800000000010598e+01  4.2312689950959337e-07  3.1681526283942963e-07  7.4934665097771458e-01  3.9973866039108583e+00  7.9866741808801345e-01
9.3600000000010994e+01  5.9417895171299480e-07  4.4437446911148374e-07  7.7529263575215235e-01  4.1011705430086094e+00  9.9525559915700634e-01
9.4400000000011403e+01  9.7481609470704837e-07  7.2893756674718145e-07  7.4739099038050605e-01  3.9895639615220242e+00  8.4005926563521172e-01
9.5200000000011798e+01  1.4504409751466239e-06  1.0849402045520331e-06  7.4771791727293757e-01  3.9908716690917503e+00  7.5599796899464233e-01
9.6000000000012193e+01  1.7711597041376641e-06  1.3253029287018471e-06  7.4768957767401822e-01  3.9907583106960729e+00  6.9046900450567683e-01
9.6800000000012602e+01  1.7271763606577134e-06  1.2930449085879381e-06  7.4815918782107838e-01  3.9926367512843135e+00  5.8049679316076597e-01
9.7600000000012997e+01  1.3197466592023267e-06  9.8866597423558673e-07  7.4899718957453287e-01  3.9959887582981315e+00  4.1331620775868705e-01
9.8400000000013407e+01  7.9175593672480908e-07  5.9336817358148596e-07  7.4971279656559475e-01  3.9988511862623790e+00  1.8367429052093887e-01
9.9200000000013802e+01  4.6992871413155223e-07  3.5183216327805625e-07  7.5081055626732129e-01  4.0032422250692852e+00  2.4817195816388118e-01
1.0000000000001400e+02  4.9069490886483850e-07  3.6661185685419893e-07  7.3431517636958143e-01  3.9372607054783257e+00  8.0282403734024410e-01
1.0080000000001500e+02  6.8882582723685705e-07  5.1455027094926129e-07  7.4479007508317940e-01  3.9791603003327176e+00  3.2190140115760746e-01
1.0160000000001500e+02  7.0089809976405646e-07  5.2401199260842934e-07  7.4644872112844363e-01  3.9857948845137745e+00  1.1315951415195601e-02
1.0240000000001500e+02  5.1431496056480480e-07  3.8478867822778517e-07  7.4837197140554501e-01  3.9934878856221800e+00  3.8912820897330569e-01
1.0320000000001600e+02  4.7108752407320073e-07  3.5266331182070931e-07  7.5230045202381657e-01  4.0092018080952663e+00  8.3834912885880997e-01
1.0400000000001600e+02  6.3518059999784314e-07  4.7537361893744106e-07  7.4614625456615413e-01  3.9845850182646165e+00  8.1719577957428091e-01
1.0480000000001699e+02  8.8864388336382860e-07  6.6470988175059287e-07  7.4742467972748927e-01  3.9896987189099571e+00  6.8712141694052553e-01
1.0560000000001700e+02  1.0605139004525948e-06  7.9369987847427027e-07  7.4801551538306066e-01  3.9920620615322426e+00  6.0507842402668455e-01
1.0640000000001800e+02  1.0212061210603898e-06  7.6512216219158288e-07  7.4887548586432084e-01  3.9955019434572834e+00  4.8467017458270567e-01
1.0720000000001799e+02  9.0571615934737915e-07  6.7878932128760461e-07  7.4939955623141108e-01  3.9975982249256443e+00  3.5266730187474860e-01
1.0800000000001801e+02  8.8744575955629994e-07  6.6448426066843163e-07  7.4881808844887487e-01  3.9952723537954995e+00  3.0111362649688872e-01
1.0880000000001900e+02  9.5754480169993883e-07  7.1625900334274370e-07  7.4811280247090628e-01  3.9924512098836251e+00  2.7819621683252133e-01
1.0960000000001899e+02  9.1076146192071157e-07  6.8130658598529605e-07  7.4865452831404333e-01  3.9946181132561733e+00  1.1724595711536384e-01
1.1040000000002000e+02  6.8014137602230536e-07  5.0900845644364535e-07  7.5304683717703824e-01  4.0121873487081530e+00  4.2749009629334844e-01
1.1120000000002000e+02  4.4232635618044828e-07  3.3095452649196805e-07  7.4567036924667618e-01  3.9826814769867047e+00  1.1696081316752181e-01
1.1200000000001999e+02  3.6861691933051778e-07  2.7573394465068204e-07  7.4914036335564560e-01  3.9965614534225824e+00  5.9505997618376405e-01
1.1280000000002100e+02  4.9087396512737675e-07  3.6741820478686379e-07  7.4042632364743799e-01  3.9617052945897520e+00  9.7283959213527549e-01
1.1360000000002100e+02  6.4457818515894732e-07  4.8246825671017834e-07  7.4860898615935034e-01  3.9944359446374014e+00  8.5218523111872879e-01
1.1440000000002200e+02  7.5998354107738995e-07  5.6882610354431120e-07  7.4805722873033265e-01  3.9922289149213306e+00  8.5191844232886615e-01
1.1520000000002200e+02  8.1526059749036850e-07  6.1053746729401221e-07  7.4803730771900678e-01  3.9921492308760271e+00  7.8031511823030164e-01
1.1600000000002200e+02  8.2076512709908916e-07  6.1470400829052759e-07  7.4858133303208652e-01  3.9943253321283461e+00  6.4905862933440794e-01
1.1680000000002300e+02  8.3311070353967104e-07  6.2323608817041632e-07  7.4811871813362174e-01  3.9924748725344870e+00  5.5536462775211670e-01
1.1760000000002300e+02  8.9005355559807825e-07  6.6497258352672951e-07  7.4713627011161110e-01  3.9885450804464444e+00  4.8328364665202461e-01
1.1840000000002399e+02  9.3633516557250482e-07  6.9982559112155678e-07  7.4741547574501743e-01  3.9896619029800697e+00  3.2954778029560272e-01
1.1920000000002400e+02  8.2520634817006887e-07  6.1768287961774163e-07  7.5028744882252396e-01  4.0011497952900958e+00  1.9093910059145458e-03
1.2000000000002400e+02  5.8936359111155168e-07  4.4112823907993450e-07  4.3468818663518871e-01  2.7387527465407548e+00  9.8162560422860745e-01
1.2080000000002499e+02  4.2969709803276159e-07  3.2147522957713781e-07  7.4675487337743163e-01  3.9870194935097265e+00  7.4344542358019586e-02
1.2160000000002501e+02  3.4314840966499884e-07  2.5732210304993141e-07  7.4987962680169584e-01  3.9995185072067834e+00  4.1360215382315507e-01
1.2240000000002600e+02  2.9213244842741547e-07  2.1897068930994809e-07  7.4943219120503035e-01  3.9977287648201214e+00  5.3535510909230788e-01
1.2320000000002599e+02  3.2156788329367414e-07  2.4008946986972063e-07  7.4761229768716841e-01  3.9904491907486737e+00  6.5213074774272628e-01
1.2400000000002700e+02  4.0384682591977225e-07  3.0123683547155057e-07  7.4870825329779689e-01  3.9948330131911876e+00  8.6689145195079076e-01
1.2480000000002700e+02  4.9072840115119488e-07  3.6697157229272807e-07  7.4590614484553663e-01  3.9836245793821465e+00  8.4597857604886495e-01
1.2560000000002699e+02  6.3131003088035963e-07  4.7271756218266240e-07  7.4769944522325482e-01  3.9907977808930193e+00  6.3541375498590014e-01
1.2640000000002800e+02  9.0139094385834023e-07  6.7487582348046468e-07  7.4818379656943679e-01  3.9927351862777472e+00  5.1270627860738549e-01
1.2720000000002800e+02  1.1796106770951305e-06  8.8342905257417549e-07  7.4874197932846942e-01  3.9949679173138777e+00  4.1535601511543169e-01
1.2800000000002899e+02  1.1166436519565457e-06  8.3642909026481237e-07  7.4914150827871151e-01  3.9965660331148460e+00  2.8614135464815565e-01
1.2880000000002801e+02  7.0573640749320464e-07  5.2849731602817349e-07  7.4936405708269227e-01  3.9974562283307691e+00  8.3027361705074201e-02
1.2960000000002699e+02  3.5803675397537551e-07  2.6804846855593988e-07  7.5235198244639623e-01  4.0094079297855849e+00  2.7588795898924001e-01
1.3040000000002601e+02  2.2634167829494804e-07  1.6928451383935730e-07  8.0971955833293863e-01  4.2388782333317545e+00  8.7585918380730987e-01
1.3120000000002599e+02  1.9901798041156933e-07  1.4879478538990114e-07  7.3931568934133174e-01  3.9572627573653270e+00  4.5444797212728688e-01
1.3200000000002501e+02  1.9321641111860278e-07  1.4481908841936392e-07  7.4969111272857214e-01  3.9987644509142886e+00  1.1846056371214564e-01
1.3280000000002400e+02  2.4553500233884816e-07  1.8437436283242523e-07  7.5037297012612680e-01  4.0014918805045072e+00  6.0308522306159784e-01
1.3360000000002299e+02  4.0781314714020405e-07  3.0549703380619798e-07  7.4208002887911750e-01  3.9683201155164700e+00  9.4495739650994071e-01
1.3440000000002300e+02  6.3913209315885997e-07  4.7776767341358962e-07  7.5121734468814949e-01  4.0048693787525984e+00  8.7679490779520963e-01
1.3520000000002199e+02  8.7044128365814481e-07  6.5029349821452504e-07  7.4655352841998712e-01  3.9862141136799485e+00  7.9294926853132408e-01
1.3600000000002100e+02  9.6263392415965886e-07  7.2000231102944690e-07  7.4587013256983870e-01  3.9834805302793548e+00  6.9191014781322147e-01
1.3680000000002099e+02  8.1408289934696892e-07  6.1028107496324890e-07  7.4845704469507834e-01  3.9938281787803134e+00  5.4085289988375318e-01
1.3760000000002000e+02  5.6633913244893578e-07  4.2515688472149965e-07  7.5064308456975049e-01  4.0025723382790019e+00  3.5957420698375536e-01
1.3840000000001899e+02  3.9657317201002826e-07  2.9708289016400640e-07  7.4870468310044958e-01  3.9948187324017983e+00  1.9742211276076402e-01
1.3920000000001801e+02  3.5074586187580947e-07  2.6171584055942952e-07  7.4457121395545023e-01  3.9782848558218009e+00  3.1079139677305405e-02
1.4000000000001799e+02  3.9051283156816500e-07  2.9125838972261631e-07  7.4534973488241563e-01  3.9813989395296625e+00  3.1703429476384964e-01
1.4080000000001701e+02  4.4084355332096317e-07  3.2927363878362745e-07  7.2599805101025527e-01  3.9039922040410211e+00  7.8480411413926798e-01
1.4160000000001600e+02  4.0914980149863416e-07  3.0578730877928790e-07  7.4361621298129599e-01  3.9744648519251840e+00  7.9978188189250815e-02
1.4240000000001501e+02  2.9947617914070762e-07  2.2394962104886215e-07  7.4802235026438779e-01  3.9920894010575512e+00  3.5971473002631721e-01
1.4320000000001500e+02  2.6513080585889819e-07  1.9854773071896547e-07  7.5404589052157800e-01  4.0161835620863116e+00  7.5989719573015924e-01
1.4400000000001401e+02  3.5862098075704170e-07  2.6851672946416147e-07  7.1805582897130837e-01  3.8722233158852335e+00  9.6779931258085028e-01
1.4480000000001300e+02  4.8042530332749330e-07  3.5946270985887192e-07  7.4990038835593364e-01  3.9996015534237346e+00  8.4781097414471118e-01
1.4560000000001301e+02  5.2899521031088367e-07  3.9602929518520149e-07  7.5132740748630777e-01  4.0053096299452307e+00  7.0413242645132812e-01
1.4640000000001200e+02  5.3548500856053542e-07  4.0089918171265116e-07  7.4886603023614939e-01  3.9954641209445976e+00  5.2285756231747749e-01
1.4720000000001099e+02  5.5173780704574886e-07  4.1230075897165643e-07  7.4675445785974848e-01  3.9870178314389939e+00  4.1693178943225701e-01
1.4800000000001000e+02  5.9004146529840592e-07  4.4142584431298414e-07  7.4758532343610873e-01  3.9903412937444349e+00  3.9854275177757320e-01
1.4880000000000999e+02  6.4845555788883344e-07  4.8679385776801885e-07  7.5071410096942470e-01  4.0028564038776988e+00  3.2884596493846002e-01
1.4960000000000900e+02  6.3334145290441853e-07  4.7591374100054993e-07  7.5158441066369686e-01  4.0063376426547874e+00  1.1171507367652182e-01
1.5040000000000799e+02  4.7232177240372794e-07  3.5384748390053788e-07  7.5027671156958198e-01  4.0011068462783275e+00  3.8862691395361421e-01
1.5120000000000701e+02  2.6425670133517650e-07  1.9700993612774942e-07  7.4474622505265797e-01  3.9789849002106319e+00  2.9580377063057378e-01
1.5200000000000699e+02  1.6581593755119421e-07  1.2348913211469650e-07  7.4461049521150680e-01  3.9784419808460272e+00  4.0821318105213333e-01
1.5280000000000601e+02  1.8175130431213404e-07  1.3602918625458263e-07  7.4812712550536897e-01  3.9925085020214759e+00  7.4645684228684861e-01
1.5360000000000500e+02  2.7760240466659813e-07  2.0849818374901135e-07  7.5424766806262267e-01  4.0169906722504907e+00  8.7300640731994461e-01
1.5440000000000501e+02  4.1039359258360048e-07  3.0775115642921414e-07  8.0984990950077118e-01  4.2393996380030847e+00  9.8906216827844295e-01
1.5520000000000400e+02  4.7787772908432256e-07  3.5726732394935987e-07  7.4590354993735142e-01  3.9836141997494057e+00  8.3793517501983972e-01
1.5600000000000301e+02  4.8696159503035467e-07  3.6420245938596498e-07  7.4933477204742271e-01  3.9973390881896909e+00  6.9643727998330907e-01
1.5680000000000200e+02  5.2899504532105255e-07  3.9634103772807820e-07  7.4998559183713320e-01  3.9999423673485328e+00  6.3754008493954839e-01
1.5760000000000201e+02  6.1812212511506981e-07  4.6249940093259912e-07  7.4734468154233658e-01  3.9893787261693463e+00  5.8246040673560584e-01
1.5840000000000100e+02  6.1802902072588667e-07  4.6144232623455878e-07  7.4613265784289551e-01  3.9845306313715820e+00  4.3156997940881581e-01
1.5919999999999999e+02  4.7462660800304470e-07  3.5485164835349515e-07  7.4817752313636943e-01  3.9927100925454777e+00  1.1803648874719357e-01
1.5999999999999901e+02  3.3242490146510971e-07  2.4951470193588482e-07  7.5366886105657460e-01  4.0146754442262989e+00  5.6808312815924700e-01
1.6079999999999899e+02  2.4688926356490118e-07  1.8535967129780690e-07  7.4850945861530471e-01  3.9940378344612188e+00  4.1081889979470843e-01
1.6159999999999800e+02  1.9754226614259415e-07  1.4770342254226189e-07  7.4705285920489106e-01  3.9882114368195642e+00  8.4553512638230757e-02
1.6239999999999699e+02  2.0028868559196454e-07  1.4921854515549013e-07  7.4440043062922201e-01  3.9776017225168880e+00  1.4872002503324014e-01
1.6319999999999700e+02  2.4694686075742445e-07  1.8412465779057046e-07  7.4587231560666389e-01  3.9834892624266556e+00  3.9969346490658297e-01
1.6399999999999599e+02  2.6855277795745541e-07  2.0095690025943555e-07  7.4955536410156354e-01  3.9982214564062541e+00  6.5763569970098690e-01
1.6479999999999501e+02  2.6687446776557343e-07  2.0011286746905922e-07  5.7213770820917520e-01  3.2885508328367008e+00  9.9425984296836012e-01
1.6559999999999400e+02  3.4263650689243718e-07  2.5627985621078232e-07  7.4586769580378975e-01  3.9834707832151590e+00  7.0716478222494217e-01
1.6639999999999401e+02  4.8428853272987164e-07  3.6175317814277038e-07  7.4675141908287079e-01  3.9870056763314832e+00  6.0496698360943102e-01
1.6719999999999300e+02  5.8556197061648885e-07  4.3840557198407445e-07  7.4886335639624957e-01  3.9954534255849983e+00  5.4166466994937479e-01
1.6799999999999201e+02  5.6934577347285013e-07  4.2738095593456552e-07  7.5052621252997087e-01  4.0021048501198830e+00  4.2028793547130605e-01
1.6879999999999100e+02  4.7048660407407291e-07  3.5278046214809534e-07  7.5030989281382521e-01  4.0012395712553008e+00  2.4411392198668921e-01
1.6959999999999101e+02  3.5217500799421616e-07  2.6327153380346999e-07  7.4928993459987669e-01  3.9971597383995068e+00  7.1552575839919669e-02
1.7039999999999000e+02  2.6135183656965780e-07  1.9548040738987796e-07  7.4961607656162821e-01  3.9984643062465128e+00  6.8358811560304711e-02
1.7119999999998899e+02  2.1196173632527425e-07  1.5896923846118219e-07  7.5080451948505611e-01  4.0032180779402244e+00  3.3074197604159133e-01
1.7199999999998900e+02  1.8473355363225222e-07  1.3842562447101957e-07  7.4907332351235767e-01  3.9962932940494307e+00  6.2973888595515204e-01
1.7279999999998799e+02  1.8694302912463463e-07  1.3967718675016652e-07  7.4737267428132537e-01  3.9894906971253015e+00  2.2400494963427778e-01
1.7359999999998701e+02  2.3622754402057020e-07  1.7640689048065136e-07  7.4571360341461845e-01  3.9828544136584738e+00  6.8328390544251949e-01
1.7439999999998599e+02  3.0869389042673575e-07  2.3072683453084368e-07  7.6587442389074423e-01  4.0634976955629769e+00  9.9667471664660356e-01
1.7519999999998601e+02  3.7761463185621200e-07  2.8285344827649028e-07  7.4552299683530499e-01  3.9820919873412199e+00  8.4672461485437034e-01
1.7599999999998499e+02  4.4121508316957434e-07  3.3084143517962756e-07  7.4639351072851468e-01  3.9855740429140587e+00  7.7566088522920495e-01
1.7679999999998401e+02  4.6659635930722153e-07  3.4938485354026159e-07  7.4720476765819699e-01  3.9888190706327880e+00  6.8575522417137502e-01
1.7759999999998300e+02  4.2004035285497012e-07  3.1405518158759134e-07  7.4807233271548657e-01  3.9922893308619463e+00  5.6354858686742137e-01
1.7839999999998301e+02  3.4242218209080351e-07  2.5606248187012389e-07  7.4835421276092740e-01  3.9934168510437096e+00  4.3986496655133778e-01
1.7919999999998200e+02  3.0394342680451141e-07  2.2732612201319945e-07  7.4789886007242512e-01  3.9915954402897005e+00  3.1359278798479157e-01
1.7999999999998099e+02  3.1429336406979956e-07  2.3485904583897195e-07  7.4840078320425429e-01  3.9936031328170172e+00  1.2795160326607280e-01
1.8079999999998100e+02  3.1164488820720850e-07  2.3287059731415916e-07  7.5194624986709102e-01  4.0077849994683641e+00  2.3367027545234240e-01
1.8159999999998001e+02  2.6560463229588959e-07  1.9895425764348445e-07  7.3403807296545476e-01  3.9361522918618190e+00  7.3102498290250628e-01
1.8239999999997900e+02  2.2071569425903189e-07  1.6566621197504598e-07  7.4920201090528493e-01  3.9968080436211397e+00  5.5087557095984591e-02
1.8319999999997799e+02  1.9115629419552096e-07  1.4316574638954180e-07  7.4924933940722971e-01  3.9969973576289188e+00  4.1719393564600427e-01
1.8399999999997800e+02  1.8080414295069895e-07  1.3495734174460298e-07  7.4553509011151542e-01  3.9821403604460617e+00  6.6817145628584340e-01
1.8479999999997699e+02  2.0877396610537444e-07  1.5575344262604673e-07  7.3967865547439260e-01  3.9587146218975704e+00  8.8350098319864068e-01
1.8559999999997601e+02  2.5199317854056574e-07  1.8827577580091392e-07  7.4383359689292750e-01  3.9753343875717100e+00  9.3586550755410092e-01
1.8639999999997499e+02  2.7465212358766586e-07  2.0562422078017830e-07  7.4347625932348393e-01  3.9739050372939357e+00  7.7732417257697606e-01
1.8719999999997501e+02  3.1071495843933078e-07  2.3296880629274021e-07  7.4711771642720515e-01  3.9884708657088206e+00  6.2070880019793728e-01
1.8799999999997399e+02  3.9582523451909275e-07  2.9680636474952560e-07  7.4930291788433601e-01  3.9972116715373440e+00  5.0177627623562326e-01
1.8879999999997301e+02  4.6756539163183449e-07  3.5032744309066744e-07  7.4942458640869980e-01  3.9976983456347992e+00  4.1537893622142363e-01
1.8959999999997299e+02  4.3461596802676438e-07  3.2554099248609769e-07  7.4897320145811275e-01  3.9958928058324510e+00  3.0015582446887018e-01
1.9039999999997201e+02  3.2816598674602824e-07  2.4567829598340109e-07  7.5004769381419334e-01  4.0001907752567734e+00  7.7853677247803413e-02
1.9119999999997100e+02  2.3384266585798023e-07  1.7456697880043417e-07  7.5727650007818381e-01  4.0291060003127352e+00  3.7427524517516503e-01
1.9199999999996999e+02  1.6605147360912826e-07  1.2395183393708099e-07  7.3688172427259890e-01  3.9475268970903956e+00  6.0964876881115515e-01
1.9279999999997000e+02  1.2291115306483800e-07  9.2384162415398133e-08  7.5249338190171000e-01  4.0099735276068404e+00  5.3850681339127279e-02
1.9359999999996899e+02  1.1950582648127590e-07  9.0015285380291116e-08  7.5320602249134305e-01  4.0128240899653722e+00  4.2339299362359700e-01
1.9439999999996800e+02  1.5206442325473082e-07  1.1379419415227540e-07  7.4848711967897807e-01  3.9939484787159123e+00  6.5415106665631839e-01
1.9519999999996699e+02  2.0948744973259860e-07  1.5622278679639168e-07  7.4109815082443808e-01  3.9643926032977523e+00  8.6460575331015077e-01
1.9599999999996700e+02  2.8993624048457239e-07  2.1670340662884477e-07  7.5423290589050951e-01  4.0169316235620380e+00  9.0920592983593451e-01
1.9679999999996599e+02  3.6410458810320319e-07  2.7284717136725355e-07  7.4830720090291991e-01  3.9932288036116796e+00  7.6506400035634747e-01
1.9759999999996501e+02  3.8643991731317347e-07  2.8957302076522091e-07  7.4677347323767551e-01  3.9870938929507020e+00  6.7756688894038797e-01
1.9839999999996499e+02  3.6988782884266972e-07  2.7660809252829794e-07  7.4642538584167717e-01  3.9857015433667087e+00  5.7277647363580064e-01
1.9919999999996401e+02  3.4237876257900015e-07  2.5580245718740807e-07  7.4716965835342730e-01  3.9886786334137092e+00  4.1667912550885533e-01
1.9999999999996299e+02  2.8535395061439390e-07  2.1363706698486786e-07  7.4815057696536114e-01  3.9926023078614445e+00  2.2127882081312594e-01
2.0000999999996299e+02  2.8438470396888570e-07  2.1291950279585394e-07  7.4816456158883815e-01  3.9926582463553526e+00  2.1852468985243695e-01
