# time  Re(R=8)  Im(R=8)  Re(R=16)  Im(R=16)
0.0000000000000000e+00  3.3376295237359273e-04  6.4145428728389453e-18  2.1739281906497877e-05  1.3993157996569678e-18
8.0000000000000004e-01  3.3324007086024850e-04  2.9049064409257685e-17  2.1735634544689699e-05  6.2395256000111993e-17
1.6000000000000001e+00  3.3148143729656442e-04  -2.3896187657906830e-17  2.1732890160361832e-05  -4.2831417081079448e-17
2.3999999999999901e+00  3.2992682050274162e-04  1.0561433259358352e-16  2.1740236625558589e-05  -1.7415617450135585e-16
3.1999999999999802e+00  3.2566706030878062e-04  6.0514731239523540e-17  2.1705917286661562e-05  -3.6149556069479089e-16
3.9999999999999600e+00  3.1593055469694774e-04  -1.1448094715945236e-16  2.1833417012940729e-05  1.0335647396449070e-16
4.7999999999999403e+00  2.9843073631036497e-04  -1.2146153396476198e-16  2.1415298945934878e-05  5.0546575001995718e-14
5.5999999999999304e+00  2.7196035556928551e-04  -1.1532322505895540e-17  2.1814168852398323e-05  -2.6847893298570126e-13
6.3999999999999098e+00  2.4816696933355577e-04  -6.5700517630038758e-17  2.1651964092618330e-05  6.4261206469363351e-13
7.1999999999998900e+00  2.4206486066325985e-04  1.9879293155915803e-16  2.1585866691984122e-05  -1.8227631733714458e-12
7.9999999999998703e+00  2.5444326718580173e-04  3.7223584512381317e-16  2.1495178070975402e-05  7.3371704498871001e-12
8.7999999999998604e+00  2.7746760761935711e-04  -2.2573001822972874e-15  2.1737494726785504e-05  -2.5089040225295696e-11
9.5999999999998398e+00  2.9257966428746434e-04  1.6750010104646011e-14  2.0036450432631378e-05  4.6775582519481588e-11
1.0399999999999800e+01  2.9182045339365203e-04  -8.6994535852725154e-14  1.8170453907105699e-05  -4.6041085586282615e-11
1.1199999999999800e+01  2.8079219373845451e-04  3.5752793326776030e-13  1.4289267501734683e-05  2.7023150302625420e-11
1.1999999999999799e+01  2.6804342955111162e-04  -1.1562125025358839e-12  6.7256533358129005e-06  1.2663144615977353e-11
1.2799999999999800e+01  2.5906563696494482e-04  2.7556066480343417e-12  -8.8402045396067417e-06  -1.0083798943579972e-10
1.3599999999999801e+01  2.5481579913162852e-04  -3.8770140929628342e-12  -3.0196344936305783e-05  8.8471592831717641e-11
1.4399999999999700e+01  2.5098223253769859e-04  -6.3465706516070880e-13  -4.6258460683491453e-05  9.8378446343548344e-11
1.5199999999999701e+01  2.4674646107470196e-04  1.0495135373152928e-11  -4.4661587612759583e-05  -1.5677480996087083e-10
1.5999999999999700e+01  2.4220538092801613e-04  -3.3013732605337577e-12  -2.4040767471579896e-05  -1.4282924414904979e-10
1.6799999999999802e+01  2.3592414109477089e-04  -8.6002946554785094e-12  4.7199694668406663e-06  2.0813899981631851e-10
1.7600000000000001e+01  2.2836814000155045e-04  1.1524311950448001e-11  2.5560793489467528e-05  2.1089638163942376e-11
1.8400000000000102e+01  2.1973893501246801e-04  2.1709804262562027e-11  2.9267126847601727e-05  -6.8919869848057102e-11
1.9200000000000198e+01  2.0935911294298401e-04  1.6452691506253374e-11  2.1562018016783189e-05  4.4460977507183992e-11
2.0000000000000298e+01  1.9756216394708603e-04  -6.4727846809832686e-11  1.2752966931961314e-05  3.7650754802081241e-11
2.0800000000000502e+01  1.8468122482437021e-04  -1.7175980268523323e-10  8.9570563846385141e-06  1.0471583502417679e-10
2.1600000000000598e+01  1.7091246112199102e-04  -3.3970603528474186e-10  9.9981691045742172e-06  1.5074359538358208e-10
2.2400000000000698e+01  1.5609552127469775e-04  -5.4312794511718607e-10  1.1937744571083877e-05  8.0063069588287453e-11
2.3200000000000799e+01  1.3952938067225752e-04  -5.4660623864499444e-10  1.3298498957851477e-05  9.4251410922463170e-11
2.4000000000000998e+01  1.2115503855604058e-04  -2.6441933460353020e-10  1.4166479028318119e-05  1.4217020343200234e-10
2.4800000000001098e+01  1.0168161020020252e-04  6.5161116145981903e-11  1.3627657807149084e-05  1.3538147974697990e-10
2.5600000000001199e+01  8.1456645599342555e-05  2.4004665186629005e-10  1.1870267971187711e-05  3.1410971213115766e-10
2.6400000000001299e+01  5.9875106494096377e-05  7.8890421365677831e-10  9.2938332505383097e-06  4.7732562634434127e-10
2.7200000000001499e+01  3.6230565379077767e-05  5.2790437225028327e-10  5.4878288372883670e-06  3.8345722559655499e-10
2.8000000000001599e+01  1.0741616769931041e-05  -1.2488435847598995e-10  6.6163206071945833e-07  3.2027437622788874e-10
2.8800000000001699e+01  -1.6183655395383862e-05  5.4379773895792250e-10  -4.6104448376071920e-06  3.4549832698991901e-10
2.9600000000001799e+01  -4.5363075552514161e-05  1.4282177758099537e-09  -1.0018281027861702e-05  4.1537327137741027e-10
3.0400000000001999e+01  -7.8598714053575744e-05  1.9331513251109676e-09  -1.5712781971852283e-05  6.6645816931229642e-10
3.1200000000002099e+01  -1.1724616110755229e-04  1.8690628008529459e-09  -2.2179765074897375e-05  6.7112658034408253e-10
3.2000000000002203e+01  -1.6211832022560650e-04  1.7614580184024658e-09  -2.9395822840120902e-05  7.6003227345986726e-10
3.2800000000002001e+01  -2.1476294001668490e-04  2.9616915675402342e-09  -3.6588302212582870e-05  5.7925620461787014e-10
3.3600000000001899e+01  -2.7757154803417067e-04  4.6450822985159281e-09  -4.3283333393359265e-05  4.0701168114233546e-10
3.4400000000001697e+01  -3.5162021857374577e-04  4.9076669517795274e-09  -4.9978386024340533e-05  9.8626684132635158e-10
3.5200000000001602e+01  -4.3435217876792022e-04  4.9178286587290490e-09  -5.7236809504628117e-05  1.0835914004284221e-09
3.6000000000001400e+01  -4.9016948271630697e-04  8.0813309604234503e-09  -6.4736766574059111e-05  4.6427407884007282e-10
3.6800000000001198e+01  -3.4840495077292531e-04  1.2855374428306635e-08  -7.2011136219029789e-05  -3.5631885029165056e-10
3.7600000000001103e+01  3.3101759359424414e-05  9.5957699627578752e-09  -7.9734530482996458e-05  -5.9991616488034823e-10
3.8400000000000901e+01  3.5965693237128920e-04  -8.6740004977817437e-09  -8.9394626659755275e-05  1.6422270015334658e-10
3.9200000000000799e+01  5.9632522824175382e-04  -3.1388891046665751e-08  -1.0195363135244011e-04  -2.5454397494484634e-10
4.0000000000000597e+01  9.1192515591247180e-04  -3.7050482189500467e-08  -1.1775851404049345e-04  -3.1613214785513218e-09
4.0800000000000502e+01  1.1913518757526768e-03  -1.9896378603828046e-08  -1.3783665600076436e-04  -5.5865275701441837e-09
4.1600000000000300e+01  1.2770407100934399e-03  8.8723508770775904e-10  -1.6359003944559655e-04  -6.4109487233900527e-09
4.2400000000000098e+01  1.2075727631575450e-03  3.4129274765338858e-09  -1.9354881176310396e-04  -8.7273023368166028e-09
4.3200000000000003e+01  1.0226482563020097e-03  -1.5236866719638877e-08  -2.3777212318535441e-04  -1.1619737316736099e-08
4.3999999999999801e+01  6.3558397218748536e-04  -3.6470466407142564e-08  -2.3875916962040898e-04  -1.1006725642461728e-08
4.4799999999999699e+01  7.6355244921077583e-05  -3.7670790645940059e-08  -4.8244635134910154e-05  -1.0022709954085641e-08
4.5599999999999497e+01  -4.1979443748735063e-04  -2.3093740850856177e-08  3.2376683652931074e-04  -1.8193925675092594e-08
4.6399999999999302e+01  -7.1113360165948663e-04  -2.1274378327136059e-08  6.3987942938802198e-04  -3.7663302163446993e-08
4.7199999999999200e+01  -8.5274116451113037e-04  -4.2467055108818587e-08  8.4351418851170707e-04  -5.7245743143140445e-08
4.7999999999998998e+01  -9.5553502804021943e-04  -6.8669463213655779e-08  1.0614914684371069e-03  -6.4081934757761395e-08
4.8799999999998903e+01  -1.0626723414630100e-03  -8.7505648262821800e-08  1.2212283155846049e-03  -5.6295361947866159e-08
4.9599999999998701e+01  -1.1125320238882640e-03  -1.0664968188275378e-07  1.1824233029828460e-03  -4.4244606335423257e-08
5.0399999999998499e+01  -1.0670322071365155e-03  -1.4510809555593571e-07  9.7552847270282526e-04  -4.1729184945861941e-08
5.1199999999998397e+01  -9.6117033787744164e-04  -2.2400022613261912e-07  6.5086466139030442e-04  -5.3727840425371679e-08
5.1999999999998202e+01  -8.1589817412928013e-04  -3.1196449812154616e-07  1.6221540824070774e-04  -6.7455754911547820e-08
5.2799999999998100e+01  -6.4240523928844016e-04  -2.7153604925452331e-07  -4.3948293349173957e-04  -6.5825206642924637e-08
5.3599999999997898e+01  -2.6899393480388082e-04  1.1886110706781530e-08  -9.3659605842946975e-04  -5.4823886480906528e-08
5.4399999999997704e+01  3.1167260883185221e-04  4.0973677601734815e-07  -1.1878865803667095e-03  -5.5694004260334845e-08
5.5199999999997601e+01  6.1108391811302083e-04  6.2032857395442043e-07  -1.2524943231873936e-03  -7.2765728240250834e-08
5.5999999999997399e+01  4.6678110110387222e-04  5.2206278111721076e-07  -1.2582676364401378e-03  -9.2065431191487467e-08
5.6799999999997297e+01  4.2699664827135442e-04  3.0012613530504731e-07  -1.2516720751900180e-03  -1.0140093339262557e-07
5.7599999999997102e+01  7.3074012566561280e-04  1.5229002572118154e-07  -1.1799778406846335e-03  -1.0035756275936991e-07
5.8399999999997000e+01  9.0139704587054105e-04  4.7817110910228943e-08  -1.0158092713987953e-03  -1.0905475265092626e-07
5.9199999999996798e+01  7.6595854472818103e-04  -1.1451529451552061e-07  -7.8198237647399572e-04  -1.5953981610491785e-07
5.9999999999996597e+01  6.9014040730782235e-04  -2.7949826938123566e-07  -5.3761175675000783e-04  -2.2488220864481474e-07
6.0799999999996501e+01  8.3623649165155711e-04  -3.2592751079588288e-07  -2.6617250787139713e-04  -1.6899873471295571e-07
6.1599999999996299e+01  9.7730153807192022e-04  -2.6431277124865595e-07  1.8887128961333761e-04  1.1570093835071014e-07
6.2399999999996197e+01  8.9499387118762048e-04  -1.9557685679487410e-07  7.6695244229893684e-04  4.9432301402446625e-07
6.3199999999996002e+01  4.8309065401398895e-04  -1.6041500344189808e-07  1.0253314370928595e-03  6.6962107931733288e-07
6.3999999999995801e+01  -1.6029395671997987e-04  -1.3232535672954184e-07  8.6888357338573211e-04  5.3147234013710207e-07
6.4799999999996203e+01  -6.0648476824191335e-04  -8.0627293449691289e-08  7.8738336166661984e-04  2.6735831459482265e-07
6.5599999999996697e+01  -6.3879162275228246e-04  1.8370661923124909e-08  9.9044171355610168e-04  7.7685426338321536e-08
6.6399999999997107e+01  -5.6919607797852024e-04  1.6560576666163237e-07  1.0788897079689506e-03  -4.9626620416122322e-08
6.7199999999997502e+01  -6.1596206621349753e-04  3.1102756195232909e-07  8.7909530743092673e-04  -2.0222205360776044e-07
6.7999999999997897e+01  -6.8279574137114778e-04  3.7134956555655841e-07  7.0450284640536406e-04  -3.4125668542935864e-07
6.8799999999998306e+01  -7.1864074524990908e-04  2.8084555167994679e-07  7.2632105237630971e-04  -3.6717024780581783e-07
6.9599999999998701e+01  -7.6017730014249041e-04  5.5901415934344450e-08  7.7120308112699264e-04  -2.8576706411394800e-07
7.0399999999999096e+01  -8.1408828747749008e-04  -1.6389712212325425e-07  5.9554815206962750e-04  -1.8618641334495437e-07
7.1199999999999505e+01  -8.0879010337735723e-04  -2.1847440702521010e-07  9.3802117140824283e-05  -1.1880989354175097e-07
7.1999999999999901e+01  -5.6746769418334025e-04  -1.1665889627474625e-07  -5.7872356606944952e-04  -7.2734599957025308e-08
7.2800000000000296e+01  -6.7936156019122800e-05  -2.1098237012843025e-08  -1.0107591244582831e-03  -1.4872154994951640e-08
7.3600000000000705e+01  3.2856559222715882e-04  -8.8522384729992701e-09  -1.0158477685355148e-03  8.5479178021607153e-08
7.4400000000001199e+01  3.5854888923311665e-04  1.4752781321658402e-08  -8.7730279088919533e-04  2.2670048987224161e-07
7.5200000000001594e+01  2.4765303543191068e-04  1.0591006686994686e-07  -8.4409680613276028e-04  3.5429138569776332e-07
7.6000000000002004e+01  2.9293621879966099e-04  1.4903684779429095e-07  -8.4756125550776852e-04  3.8752071195124368e-07
7.6800000000002399e+01  4.0185224753157771e-04  4.3259135636294846e-08  -8.0508484569598608e-04  2.6887732484069967e-07
7.7600000000002794e+01  4.6074915194505689e-04  -1.1728931793584520e-07  -7.5488157718115161e-04  2.4687021813939845e-08
7.8400000000003203e+01  5.8893298577169335e-04  -1.7536662480476404e-07  -7.1867432010811220e-04  -1.9952894777991044e-07
7.9200000000003598e+01  7.8205466396139901e-04  -1.1987294054471643e-07  -6.1680343469851565e-04  -2.4342558017266238e-07
8.0000000000003993e+01  8.3342320096820206e-04  -5.0295805014250452e-08  -2.8251082045235333e-04  -1.2357184134404551e-07
8.0800000000004403e+01  6.8172312415049887e-04  -1.1331867162768729e-08  2.5677965505864909e-04  -1.6862980059871250e-08
8.1600000000004798e+01  4.6643314433306588e-04  2.6699774003119684e-08  6.5642656817794913e-04  -6.2401279271930012e-09
8.2400000000005207e+01  2.4934732277908641e-04  6.8025267459010533e-08  6.8322427935916218e-04  1.0897503310490455e-08
8.3200000000005701e+01  4.0618244129777506e-05  7.4815487188989798e-08  5.5797798007932507e-04  9.6465642782538108e-08
8.4000000000006096e+01  -7.8154042032009394e-05  4.0294250990707897e-08  5.5431602400221928e-04  1.3270499427794372e-07
8.4800000000006506e+01  -1.4148790877048891e-04  2.2409701062915146e-09  6.1779110692922027e-04  2.0411071100288161e-08
8.5600000000006901e+01  -2.6345741437474354e-04  -1.3026085313748267e-08  6.4659218092693238e-04  -1.3967470357781387e-07
8.6400000000007296e+01  -4.4259608066998845e-04  -9.3812264698520501e-09  7.1572414423790335e-04  -1.8993276394184523e-07
8.7200000000007705e+01  -6.2642049745173858e-04  3.5606491009871576e-09  8.1555503025965929e-04  -1.2400141739496030e-07
8.8000000000008100e+01  -7.6455454636283732e-04  1.7843302530439206e-08  7.7687168137732863e-04  -4.3065745499322215e-08
8.8800000000008495e+01  -7.8510241196634925e-04  2.3945688486355209e-08  5.4989212831812399e-04  5.4713286491680974e-09
8.9600000000008905e+01  -6.7067865600222050e-04  1.4620272287516548e-08  2.5592496548774741e-04  4.4350473593571743e-08
9.0400000000009300e+01  -4.8919716182080114e-04  -1.5548280365105860e-08  -2.2253890215273389e-05  7.6270004740711276e-08
9.1200000000009794e+01  -3.1786617823154669e-04  -5.8354580173494239e-08  -2.5259730483644452e-04  7.2583543156729239e-08
9.2000000000010203e+01  -1.9090369599960631e-04  -7.5189462914508208e-08  -3.8478178903758077e-04  3.4643131675362755e-08
9.2800000000010598e+01  -1.0048136150380408e-04  -3.4314204202016601e-08  -4.5002958350715688e-04  -1.6388748706382982e-09
9.3600000000010994e+01  -2.2825426118139316e-06  2.5879537635022121e-08  -5.4736047244352331e-04  -1.6210280718279725e-08
9.4400000000011403e+01  1.2029150929631191e-04  2.5559822825630160e-08  -6.9085916755098095e-04  -1.6456604791631003e-08
9.5200000000011798e+01  2.2921446412275568e-04  -4.2265596890013357e-08  -8.2368756819597869e-04  -9.3787631885115844e-09
9.6000000000012193e+01  3.2558299450968168e-04  -8.2452363348416014e-08  -8.8640168319213642e-04  3.8143042064025546e-09
9.6800000000012602e+01  4.3808236490911341e-04  -2.6120868219986716e-08  -8.2240219048378225e-04  1.4077684895030487e-08
9.7600000000012997e+01  5.2069387131550675e-04  6.0498785223314498e-08  -6.2533020595089426e-04  5.8452569235147409e-09
9.8400000000013407e+01  5.1060316236063675e-04  6.1189233608718683e-08  -3.6886100383913144e-04  -2.8575048799093137e-08
9.9200000000013802e+01  4.6573994577448125e-04  -2.3778588812286738e-08  -1.3884521222997726e-04  -7.1775938774934714e-08
1.0000000000001400e+02  4.9734262343590567e-04  -7.5207913786213159e-08  2.8549230803706598e-05  -8.0607995183087625e-08
1.0080000000001500e+02  5.7151897468789607e-04  -2.0005462451266783e-08  1.4803910556713762e-04  -3.1936239133686875e-08
1.0160000000001500e+02  5.3357772922729934e-04  7.9067986706048726e-08  2.6280311563042856e-04  2.6821020625949624e-08
1.0240000000001500e+02  3.3486792425935100e-04  1.1997200143381659e-07  3.8329512436765850e-04  1.9436654128426877e-08
1.0320000000001600e+02  8.3008947633602518e-05  8.1568105861687388e-08  4.7953891746235284e-04  -4.8872439385386300e-08
1.0400000000001600e+02  -1.1254785345143073e-04  1.8379559338339831e-08  5.5402758073225971e-04  -7.9719614509420217e-08
1.0480000000001699e+02  -2.3334555532790501e-04  -1.9344902132546357e-08  6.2722969554069143e-04  -1.5870987326174471e-08
1.0560000000001700e+02  -3.2320066305887099e-04  -3.6525636525335984e-08  6.5510922398798795e-04  6.7086669098712109e-08
1.0640000000001800e+02  -4.0923487430043844e-04  -8.0013381636377516e-08  5.8710567453840114e-04  5.9573637297476761e-08
1.0720000000001799e+02  -4.6694302638931580e-04  -1.6565567954721035e-07  4.8560933057047493e-04  -2.6611241709861507e-08
1.0800000000001801e+02  -4.8951231626399145e-04  -2.1428553731398485e-07  4.5420210993671290e-04  -7.2576104440537608e-08
1.0880000000001900e+02  -5.2082315395645578e-04  -1.1934346244872584e-07  4.5968856728071696e-04  -1.3789937730711477e-08
1.0960000000001899e+02  -5.7333444550415700e-04  8.8741594144018958e-08  3.6082672018756227e-04  8.2091976046380041e-08
1.1040000000002000e+02  -5.7405918407287828e-04  2.3072553081187863e-07  1.1278522650516457e-04  1.1321825965186463e-07
1.1120000000002000e+02  -4.3808839945312362e-04  1.8907524047695918e-07  -1.7555983714394167e-04  6.1991014436991590e-08
1.1200000000001999e+02  -1.9395843270276168e-04  4.0898180121480557e-08  -3.8489689887595470e-04  -1.0012599723770264e-08
1.1280000000002100e+02  1.4107151919584371e-05  -6.5592787958842956e-08  -4.9670121364935016e-04  -4.7223645716696979e-08
1.1360000000002100e+02  8.9707575051250040e-05  -6.9591639957886948e-08  -5.6229147138488948e-04  -5.7109187400317223e-08
1.1440000000002200e+02  9.7806025859521073e-05  -7.4568750330261671e-09  -6.1053096022903807e-04  -9.2057195679190332e-08
1.1520000000002200e+02  1.5386761752409923e-04  4.2990184980275818e-08  -6.2110395508201263e-04  -1.6811106341742610e-07
1.1600000000002200e+02  2.5184963339747868e-04  2.3092618557819666e-08  -5.9050202192885404e-04  -2.0369195160467139e-07
1.1680000000002300e+02  3.2150347712628868e-04  -4.0393595738307200e-08  -5.6247942767550575e-04  -9.5451344645214856e-08
1.1760000000002300e+02  3.8348330950307660e-04  -6.2647736761521968e-08  -5.5054622292509533e-04  1.1892628991565298e-07
1.1840000000002399e+02  4.8908329770709202e-04  -2.5234081798286832e-08  -4.8354488429147070e-04  2.5553418250727283e-07
1.1920000000002400e+02  5.7800152688262463e-04  -2.2978677021433351e-09  -2.8453511491126132e-04  1.9690589331816306e-07
1.2000000000002400e+02  5.4447016180751457e-04  -3.6097011197414239e-08  4.6963136057006601e-06  2.8838868006246824e-08
1.2080000000002499e+02  4.0125879317912951e-04  -6.7970037860240898e-08  2.3544505530353433e-04  -8.5374867601227310e-08
1.2160000000002501e+02  2.6456105376016035e-04  -3.3120037617036387e-08  3.1884080472458919e-04  -8.1578846263914373e-08
1.2240000000002600e+02  1.9822872795580572e-04  3.7292744208479292e-08  3.2715188065509092e-04  -1.1357109298734133e-08
1.2320000000002599e+02  1.5592315117459290e-04  6.3423469767298300e-08  3.7234954571948957e-04  3.5737427269487673e-08
1.2400000000002700e+02  6.3229477973413806e-05  3.6175447049568287e-08  4.4857687957372344e-04  8.3718092915041777e-09
1.2480000000002700e+02  -8.2520000779882631e-05  1.8347629639008184e-08  4.9061534186586485e-04  -5.5576702850891473e-08
1.2560000000002699e+02  -2.3058003852776808e-04  2.8070056230572080e-08  5.1382599645922002e-04  -7.1625393265334875e-08
1.2640000000002800e+02  -3.6582409083724891e-04  1.2894891039310591e-08  5.6497979570637293e-04  -2.7452346031615655e-08
1.2720000000002800e+02  -4.9126344869337285e-04  -3.5357521553186512e-08  5.9247148456398183e-04  -7.9357217348405675e-10
1.2800000000002899e+02  -5.5702204359967520e-04  -4.7249963834262755e-08  5.0015419326991531e-04  -3.4124799613502875e-08
1.2880000000002801e+02  -5.1321099745780846e-04  -1.3878981393788872e-10  3.0181348727973518e-04  -6.5845995152591240e-08
1.2960000000002699e+02  -4.0864617207365673e-04  3.2851883795422562e-08  1.1394761425967349e-04  -2.8295937924634791e-08
1.3040000000002601e+02  -3.3771320689751405e-04  5.9144962450849286e-09  7.9685262283223196e-06  4.5764773838446346e-08
1.3120000000002599e+02  -3.1112586550453272e-04  -3.0135056547810336e-08  -6.0386230993079171e-05  7.2572945437532774e-08
1.3200000000002501e+02  -2.6283626987741904e-04  -2.8643281374512482e-08  -1.6646692440802023e-04  4.0873271699479022e-08
1.3280000000002400e+02  -1.5564426949282392e-04  -1.6816071432529592e-08  -3.1320265738735983e-04  1.4345897236050651e-08
1.3360000000002299e+02  -2.6271264352112140e-05  -1.7314373830287353e-08  -4.5159932350744773e-04  1.6494001827839001e-08
1.3440000000002300e+02  7.2842203851694644e-05  -1.7237415967681522e-09  -5.6340265037103932e-04  2.0757992709595900e-09
1.3520000000002199e+02  1.4965302236626143e-04  2.9482002323164675e-08  -6.4645104221086450e-04  -3.8372038268616329e-08
1.3600000000002100e+02  2.4063877114872167e-04  2.0765272449556035e-08  -6.5372425404663513e-04  -4.6181622413768118e-08
1.3680000000002099e+02  3.2926018951268224e-04  -3.6047178999230079e-08  -5.4698310543744568e-04  -3.4667292160217873e-09
1.3760000000002000e+02  3.6525556211019128e-04  -6.2296056250064755e-08  -3.8594300532825588e-04  2.4718033014451888e-08
1.3840000000001899e+02  3.5679237330188765e-04  -4.4892363958035347e-09  -2.6772935100466438e-04  -3.9194418283060896e-11
1.3920000000001801e+02  3.7159390380554584e-04  7.5248833930741896e-08  -1.9994327097676095e-04  -3.0806247733189351e-08
1.4000000000001799e+02  4.3122202422259343e-04  7.2915262720624740e-08  -1.1205232104324577e-04  -2.7428531085967855e-08
1.4080000000001701e+02  4.7137767333826637e-04  -1.2486351058745675e-08  3.0692429460700980e-05  -1.6344258497746610e-08
1.4160000000001600e+02  4.1692303750294165e-04  -6.8228371967716153e-08  1.8138175952502961e-04  -1.6984209542510367e-08
1.4240000000001501e+02  2.6441821008502174e-04  -2.5131638883323141e-08  2.8484331264584076e-04  -1.7540077865468565e-09
1.4320000000001500e+02  9.3893505120740920e-05  4.2750292020383573e-08  3.5263237424539555e-04  2.8097750557157174e-08
1.4400000000001401e+02  -1.5480540557598690e-05  3.1669117716325187e-08  4.2422676008757788e-04  1.9967387993090025e-08
1.4480000000001300e+02  -7.9392243866691829e-05  -4.1596625092905804e-08  4.8540889126273007e-04  -3.3543901939598254e-08
1.4560000000001301e+02  -1.6708993770164857e-04  -7.5332439921195083e-08  4.8786496505350463e-04  -5.7653536562825765e-08
1.4640000000001200e+02  -2.7512826444539101e-04  -2.7213737554322614e-08  4.3985841672717371e-04  -1.5837991067942398e-09
1.4720000000001099e+02  -3.3772017244196377e-04  4.5551920132896562e-08  4.0597824923061117e-04  7.4123405433755985e-08
1.4800000000001000e+02  -3.5843704218872991e-04  7.3118879333677769e-08  4.1079537034345115e-04  6.9423002701536304e-08
1.4880000000000999e+02  -4.0542452218636656e-04  4.4160757135099809e-08  3.9868978242584420e-04  -1.5212893964204230e-08
1.4960000000000900e+02  -4.7585052012012264e-04  -8.6050675186081458e-09  2.9735653147719312e-04  -7.0836608167330732e-08
1.5040000000000799e+02  -4.7549734315974266e-04  -4.9070765183931078e-08  1.0416228399068924e-04  -3.0599638774019031e-08
1.5120000000000701e+02  -3.5381421791128909e-04  -5.6032124792715684e-08  -9.6478864422251491e-05  3.5864020732058630e-08
1.5200000000000699e+02  -1.8751444218446846e-04  -3.1185481570287956e-08  -2.2246710989490249e-04  2.8161822427698885e-08
1.5280000000000601e+02  -8.4431757676653397e-05  4.5903598151282357e-10  -2.9037117922626609e-04  -4.1070668892420332e-08
1.5360000000000500e+02  -4.9300986960264281e-05  8.3503119449965314e-09  -3.6848041593760686e-04  -7.3946726932697339e-08
1.5440000000000501e+02  -3.5905622137659160e-06  -1.4342318993766833e-08  -4.5306934375633694e-04  -2.5840965276251939e-08
1.5520000000000400e+02  8.5892081504326139e-05  -3.2749344197420181e-08  -4.8357266123035079e-04  4.7353690574790102e-08
1.5600000000000301e+02  1.6587187753228815e-04  -1.7254331871908597e-09  -4.6690906163676714e-04  7.2479375407976258e-08
1.5680000000000200e+02  2.0772357024464576e-04  6.5918583058763406e-08  -4.7133696082584493e-04  3.8232382682275778e-08
1.5760000000000201e+02  2.6164466432662583e-04  9.6308412179420759e-08  -4.9273417724172747e-04  -1.6296269621045006e-08
1.5840000000000100e+02  3.4988549556676045e-04  4.4760942231102578e-08  -4.3675258619190014e-04  -5.2480238506698584e-08
1.5919999999999999e+02  4.1397910332840668e-04  -4.4161130638310466e-08  -2.6109469733565690e-04  -5.5410636579969688e-08
1.5999999999999901e+02  4.0349811352214776e-04  -8.3836723335793413e-08  -5.4853129423675402e-05  -3.0955568462184716e-08
1.6079999999999899e+02  3.4324824376020889e-04  -3.7760600885510247e-08  7.2382800760863094e-05  5.2340852851718758e-10
1.6159999999999800e+02  2.9070996361035877e-04  3.3949099084929132e-08  1.2314561939591961e-04  1.2432303314519026e-08
1.6239999999999699e+02  2.6439470877481904e-04  3.5156646391902519e-08  1.7954140768947679e-04  -5.7408876735756993e-09
1.6319999999999700e+02  2.2985653463349195e-04  -3.7558321552370233e-08  2.6983289997970753e-04  -2.4143181509216880e-08
1.6399999999999599e+02  1.3952656535986478e-04  -7.7463573263773998e-08  3.4018208701592720e-04  2.5655447953841983e-09
1.6479999999999501e+02  -3.2656166697487394e-06  -2.1937019360732892e-08  3.6539351299838145e-04  6.5545547036509722e-08
1.6559999999999400e+02  -1.3612299329171913e-04  5.2563718203916647e-08  3.9266182016504394e-04  9.3001849478049576e-08
1.6639999999999401e+02  -2.1889601442119170e-04  5.0158294669572093e-08  4.4402075676640393e-04  3.8503828368935176e-08
1.6719999999999300e+02  -2.7696938197053068e-04  -1.0034768509401888e-08  4.6647625093193881e-04  -5.3516662653957114e-08
1.6799999999999201e+02  -3.3747433672096138e-04  -4.4545254893971266e-08  4.1235916276143627e-04  -9.3037651648344052e-08
1.6879999999999100e+02  -3.7617565641185572e-04  -2.2119794969737554e-08  3.0643675952459880e-04  -4.3277730097313311e-08
1.6959999999999101e+02  -3.6647052189843580e-04  2.4897767484666896e-08  2.0858001546322948e-04  3.1348288931224551e-08
1.7039999999999000e+02  -3.3322561760229952e-04  5.3863914885108101e-08  1.4388520257694468e-04  3.3172854667427540e-08
1.7119999999998899e+02  -3.1579318691851423e-04  3.9981160333598544e-08  7.9115474596105976e-05  -3.8503188600303689e-08
1.7199999999998900e+02  -3.0237920634949812e-04  -1.1024263720377142e-08  -3.4383806564650612e-05  -7.5875973811790069e-08
1.7279999999998799e+02  -2.4174108970069640e-04  -5.6355096287706878e-08  -1.8998037461902595e-04  -1.8401080417356261e-08
1.7359999999998701e+02  -1.2241050709847756e-04  -5.1365789970633795e-08  -3.2350685953044860e-04  5.5637921468218065e-08
1.7439999999998599e+02  -1.2006078485312342e-06  -3.6735524348304075e-09  -3.9488285345607430e-04  5.1304558990642308e-08
1.7519999999998601e+02  7.2313489395836258e-05  3.4811285394583160e-08  -4.2929364740114688e-04  -9.5817435449034221e-09
1.7599999999998499e+02  1.1678373526954216e-04  3.4131065978610278e-08  -4.5509189062171594e-04  -4.2588811429101691e-08
1.7679999999998401e+02  1.7037588895045086e-04  1.1276182197752580e-08  -4.5320466337939874e-04  -1.9105377864476164e-08
1.7759999999998300e+02  2.2391803031334009e-04  -1.0385320729752995e-08  -4.0228145073819914e-04  2.6115571094889580e-08
1.7839999999998301e+02  2.5377196376819705e-04  -2.6090587362574054e-08  -3.2911799909357027e-04  5.2179446009560524e-08
1.7919999999998200e+02  2.8254315644970726e-04  -3.4150353242758797e-08  -2.7093070321235484e-04  3.6833658211596904e-08
1.7999999999998099e+02  3.3577251153509106e-04  -2.9904960627746681e-08  -2.1476701659324900e-04  -1.4435472871789313e-08
1.8079999999998100e+02  3.7981498104233609e-04  -1.3871972942989582e-08  -1.1527587797364504e-04  -5.9221908228904589e-08
1.8159999999998001e+02  3.6387378298828349e-04  1.1081377545019660e-08  2.9932963005796404e-05  -5.2066199213939153e-08
1.8239999999997900e+02  2.8898760564021830e-04  3.9141153945823047e-08  1.6304758418673744e-04  -1.8706498885453715e-09
1.8319999999997799e+02  1.9606033711164840e-04  5.2399526848680380e-08  2.3987698162133172e-04  3.6538280761583545e-08
1.8399999999997800e+02  1.1240239420249701e-04  3.2926633305385136e-08  2.8117443857535965e-04  3.3418351207105847e-08
1.8479999999997699e+02  4.0982470995282979e-05  -1.0360294823637182e-08  3.2304991172710327e-04  8.7621733677776573e-09
1.8559999999997601e+02  -2.3909277760765280e-05  -4.4203440312616028e-08  3.5617821659755968e-04  -1.3247386460775451e-08
1.8639999999997499e+02  -9.2280862979263927e-05  -4.5205104262237635e-08  3.5991651209419447e-04  -2.9318887987577087e-08
1.8719999999997501e+02  -1.6942597809098815e-04  -2.0438375931683724e-08  3.5607154559705659e-04  -3.6537606417269850e-08
1.8799999999997399e+02  -2.4698389822225655e-04  7.6183710171023942e-09  3.7018412864413291e-04  -2.7545622108199065e-08
1.8879999999997301e+02  -3.0775386726530365e-04  2.3905296940702314e-08  3.7384867431787593e-04  -6.0573234599102960e-09
1.8959999999997299e+02  -3.4170790017771732e-04  2.2536230073800083e-08  3.1841010521420848e-04  1.7975991513767247e-08
1.9039999999997201e+02  -3.5169175513950762e-04  3.0718300238295892e-09  2.0319364651083757e-04  3.9296117647098957e-08
1.9119999999997100e+02  -3.3650044513708474e-04  -1.8932702216268097e-08  7.2926213628148577e-05  4.8267678295238749e-08
1.9199999999996999e+02  -2.8789782333284646e-04  -1.9205908540660889e-08  -3.6243563197968288e-05  2.9598591607229077e-08
1.9279999999997000e+02  -2.1620681050272506e-04  -2.7099113228518792e-09  -1.1961752852190132e-04  -1.3456966036691636e-08
1.9359999999996899e+02  -1.5292417274142043e-04  -8.1820002488618236e-10  -1.8866665788220481e-04  -4.9531671055817626e-08
1.9439999999996800e+02  -1.0665000845566444e-04  -1.1102361802887655e-08  -2.5527628143897626e-04  -4.9871231733963989e-08
1.9519999999996699e+02  -4.7774080749458369e-05  5.1570431730823385e-09  -3.2287264766321070e-04  -1.9769152787049375e-08
1.9599999999996700e+02  3.5234636103105704e-05  4.1181561866458927e-08  -3.8108257628179977e-04  1.2177146021992778e-08
1.9679999999996599e+02  1.1039791281461791e-04  3.3697130984685141e-08  -4.1270672563145487e-04  2.6365211000274580e-08
1.9759999999996501e+02  1.5981182435261787e-04  -2.9187390577294803e-08  -4.1011400261858319e-04  2.0626725305902691e-08
1.9839999999996499e+02  2.0779511994407771e-04  -6.6009008308811584e-08  -3.7865519847487411e-04  5.3185785060021838e-10
1.9919999999996401e+02  2.6440246613156201e-04  -2.0022957201747925e-08  -3.2131465291674395e-04  -1.8459138887224784e-08
1.9999999999996299e+02  2.9703173105456596e-04  4.7488127906986408e-08  -2.3495850384547886e-04  -1.6823526504570221e-08
2.0000999999996299e+02  2.9716437322726869e-04  4.8004925824500909e-08  -2.3371632551462569e-04  -1.6659702847282494e-08
