# time  Re(R=8)  Im(R=8)  Re(R=16)  Im(R=16)
0.0000000000000000e+00  -9.4210323050019265e-05  -9.2277994983131983e-07  -3.2235995221461298e-05  -4.6606645803343383e-06
4.0000000000000002e-01  -7.5770971808744386e-05  -8.5271079150955827e-07  -2.3873288116707175e-05  -1.7061946674054460e-06
8.0000000000000004e-01  -6.5117457357920830e-05  -6.8723713140821416e-08  -2.5305096886522645e-05  -3.0894336670158722e-07
1.2000000000000000e+00  -6.6305930723816616e-05  -1.8548702437346604e-07  -2.2550178078642042e-05  -5.3550548746690446e-07
1.6000000000000001e+00  -6.3616022990993612e-05  4.2802874777789575e-09  -2.0966014995586890e-05  -2.4869964717911447e-07
2.0000000000000000e+00  -6.1652259209370844e-05  -3.2014351128982602e-07  -2.2811455473747943e-05  -1.0770481315773968e-07
2.3999999999999901e+00  -6.1396317659396949e-05  -7.6386179982016879e-08  -2.2427357651259900e-05  2.2097874336253294e-07
2.7999999999999798e+00  -5.8494929941129364e-05  -3.0087667879460473e-08  -2.1223055707668957e-05  -1.8773165157560734e-07
3.1999999999999802e+00  -5.5669905955686797e-05  -4.5556121954088598e-08  -2.0834100092479292e-05  -3.5267190381484725e-07
3.5999999999999699e+00  -5.2871170512874534e-05  7.5123181545016625e-08  -2.1482179724673886e-05  1.2129800682414614e-08
3.9999999999999600e+00  -5.1189215588314562e-05  -2.2472018745284558e-07  -2.2489377912270312e-05  -2.7466795583599918e-08
4.3999999999999497e+00  -4.9248411305792871e-05  -2.3425108344138943e-07  -2.2228049529143402e-05  -1.9881240469472227e-07
4.7999999999999403e+00  -4.4909350466777859e-05  1.6224286257717742e-07  -2.0990201980256783e-05  -1.4993520246207497e-07
5.1999999999999300e+00  -3.9124626599975140e-05  -1.5939654275345885e-08  -2.0469141757068327e-05  -9.9711394023790864e-08
5.5999999999999304e+00  -3.5323117856590779e-05  -3.0420754599591925e-07  -2.0056751508940112e-05  -1.8261261812796532e-08
5.9999999999999201e+00  -3.2581096904955508e-05  3.4668537328245350e-08  -1.9631488807037207e-05  2.0932816985578858e-08
6.3999999999999098e+00  -2.7821422038748801e-05  1.7081720836417544e-07  -1.9901340943539102e-05  -9.5275473283379220e-08
6.7999999999999003e+00  -2.2839197616128295e-05  -2.4905529630031502e-07  -1.9778132551790734e-05  -8.4903134591909812e-08
7.1999999999998900e+00  -1.8738142233932266e-05  -2.7564250948015650e-07  -1.8784739896932549e-05  -9.8404382771100462e-08
7.5999999999998797e+00  -1.2785768882711894e-05  1.0559935045373010e-07  -1.7914206186782354e-05  -2.0920475005922869e-07
7.9999999999998703e+00  -4.8696552211928984e-06  2.0035668199680797e-07  -1.7408578171767651e-05  -9.0881958369803136e-08
8.3999999999998707e+00  2.5750119042726234e-06  3.9460015012729753e-08  -1.7124806337233759e-05  -2.7733109312897027e-08
8.7999999999998604e+00  9.3299911480241329e-06  -2.1905921535636583e-07  -1.6567588188065347e-05  -6.0240886870438585e-08
9.1999999999998501e+00  1.7184819797131801e-05  -3.2179669305758681e-07  -1.5217853347017662e-05  -4.6263818459279764e-08
9.5999999999998398e+00  2.7498629415364968e-05  -3.3863227808802452e-08  -1.3805104765597027e-05  -2.3659803823677961e-07
9.9999999999998295e+00  4.0038708312735245e-05  1.5727811774408021e-07  -1.2392709844488479e-05  -2.1841294287857888e-07
1.0399999999999800e+01  5.3779211851744766e-05  -4.4405833129952255e-08  -9.7303893908963005e-06  1.6198743976466599e-07
1.0799999999999800e+01  6.8397926191385579e-05  -1.7435456832478030e-07  -6.5302071468313282e-06  9.2073800327579269e-08
1.1199999999999800e+01  8.4092193822905798e-05  -2.8833851403878988e-08  -4.7242597121863695e-06  -2.9199057669556988e-07
1.1599999999999801e+01  1.0100314347839728e-04  4.6823563593222224e-08  -3.4361829110093154e-06  -1.7313551349461179e-07
1.1999999999999799e+01  1.1917541068745546e-04  -6.7600724243708401e-08  -6.6610311905623754e-07  1.2272226015305337e-07
1.2399999999999800e+01  1.3795885982099336e-04  -1.1867615361492561e-07  2.9548689323044836e-06  2.0145232891550452e-08
1.2799999999999800e+01  1.5662147169879837e-04  -6.7782782938253759e-08  6.2085030576969585e-06  -1.4930915546003763e-07
1.3199999999999800e+01  1.7602773595681148e-04  -3.5337006450038441e-08  9.7943624107687074e-06  -6.7031196881114439e-08
1.3599999999999801e+01  1.9739015330704076e-04  2.9220200991657553e-08  1.4297795378428649e-05  7.0874672613743297e-08
1.3999999999999700e+01  2.2016880978913811e-04  6.1026731316906165e-08  1.8902963073826437e-05  5.6481232168997270e-08
1.4399999999999700e+01  2.4359031676224986e-04  -3.5889930522202214e-08  2.2911019087689835e-05  -1.2466423601488901e-07
1.4799999999999701e+01  2.6824509252481774e-04  -8.4056392262829203e-08  2.6632552064734596e-05  -2.3187664589565797e-07
1.5199999999999701e+01  2.9480728325726000e-04  -1.2678199402560571e-08  3.0948662358199852e-05  -4.6651083222841923e-08
1.5599999999999699e+01  3.2337508702792110e-04  1.0292522493649013e-09  3.6422750688796462e-05  1.6782252428423511e-07
1.5999999999999700e+01  3.5423653549993727e-04  -7.1345715069862200e-08  4.2707770197967710e-05  1.0318559640200435e-07
1.6399999999999800e+01  3.8769933817690968e-04  -8.9842022877001335e-08  4.9164783942680064e-05  -4.7407725795500765e-08
1.6799999999999802e+01  4.2356696893302247e-04  -1.4609806498646848e-08  5.5772810056882975e-05  -5.2839108827707238e-08
1.7199999999999900e+01  4.6151722632363588e-04  7.0627600003175494e-08  6.3025032586495013e-05  -3.2701157908702382e-08
1.7600000000000001e+01  5.0154889988893061e-04  9.4089759974719872e-08  7.1327342466896777e-05  -6.8541378132815427e-08
1.8000000000000000e+01  5.4385632757500586e-04  5.8373195111454510e-08  8.0566480268472711e-05  -6.7958694176359891e-08
1.8400000000000102e+01  5.8860681671172818e-04  4.4929859427226674e-09  9.0282201128182658e-05  -4.2830959952494166e-08
1.8800000000000100e+01  6.3592731786993079e-04  -3.7187388477628570e-08  1.0030445777872788e-04  -2.7574223602665895e-08
1.9200000000000198e+01  6.8594924339308578e-04  -5.3895269202253803e-08  1.1058994150486666e-04  2.1847113072697513e-08
1.9600000000000300e+01  7.3879114073692009e-04  -4.0603644241371531e-08  1.2057219498584424e-04  3.9595358301350295e-08
2.0000000000000298e+01  7.9452171839031389e-04  -1.8232450779565362e-09  1.2963326628014467e-04  -3.3432730329759038e-08
2.0400000000000400e+01  8.5316974713901274e-04  4.3535653966252555e-08  1.3784166058483776e-04  -6.8280328435383669e-08
2.0800000000000502e+01  9.1477404480320719e-04  7.0010408895782262e-08  1.4553820812089461e-04  8.9480945392165208e-10
2.1200000000000500e+01  9.7941784583433595e-04  6.5844926783710234e-08  1.5285345792517678e-04  5.4513907017471551e-08
2.1600000000000598e+01  1.0472187835474035e-03  4.4172338116745031e-08  1.5996152746101662e-04  2.9919857760018156e-08
2.2000000000000600e+01  1.1182971923766152e-03  2.9433983834682587e-08  1.6714116104470258e-04  -3.3013751985068775e-09
2.2400000000000698e+01  1.1927613175797781e-03  3.4828832667809510e-08  1.7449020771887250e-04  4.0539099639722830e-09
2.2800000000000800e+01  1.2707188326250406e-03  5.5086858759776785e-08  1.8201390095794849e-04  2.0313301855406197e-08
2.3200000000000799e+01  1.3522871469144825e-03  7.6374444868467820e-08  1.8994021401798786e-04  1.0148088319364953e-09
2.3600000000000900e+01  1.4375810165505288e-03  8.8865601563478244e-08  1.9868689863413987e-04  -4.3805134306662876e-08
2.4000000000000998e+01  1.5266973949529033e-03  9.1842798873416904e-08  2.0854472924621557e-04  -5.9319875302985380e-08
2.4400000000001000e+01  1.6197260557763555e-03  9.1172973405089881e-08  2.1947123208906712e-04  -1.5037308443721687e-08
2.4800000000001098e+01  1.7167745823556328e-03  9.3486285556427109e-08  2.3114729678117162e-04  5.6623449333427271e-08
2.5200000000001101e+01  1.8179762214542096e-03  1.0138223246996895e-07  2.4321301137886209e-04  9.5743085999189714e-08
2.5600000000001199e+01  1.9234772002796360e-03  1.1240713342571486e-07  2.5551073903615825e-04  7.4073294997847228e-08
2.6000000000001300e+01  2.0334226619499649e-03  1.2183643348263489e-07  2.6816178026489664e-04  1.4677972583301376e-08
2.6400000000001299e+01  2.1479505852429028e-03  1.2654332486532505e-07  2.8143109721360615e-04  -3.7142338081625268e-08
2.6800000000001400e+01  2.2671924853569867e-03  1.2682394991820801e-07  2.9551477066241190e-04  -5.2776901389298786e-08
2.7200000000001499e+01  2.3912797218554258e-03  1.2533934148137197e-07  3.1042447440685354e-04  -3.3389972442563718e-08
2.7600000000001501e+01  2.5203491062036959e-03  1.2480765292687625e-07  3.2602171566168206e-04  1.7765329798554687e-09
2.8000000000001599e+01  2.6545386738379877e-03  1.2648014826736167e-07  3.4213328226453921e-04  3.2261157066443925e-08
2.8400000000001601e+01  2.7939771822955580e-03  1.3007731887101575e-07  3.5865347126663342e-04  4.7299999620064808e-08
2.8800000000001699e+01  2.9387819198884134e-03  1.3453368023987161e-07  3.7557549021915927e-04  4.8742103045409228e-08
2.9200000000001801e+01  3.0890706430858903e-03  1.3870010468109792e-07  3.9295247498158251e-04  4.6078703964802932e-08
2.9600000000001799e+01  3.2449774387362240e-03  1.4173044595989253e-07  4.1083938974404962e-04  4.7455105214789193e-08
3.0000000000001901e+01  3.4066585049695713e-03  1.4325905263315890e-07  4.2926751728528855e-04  5.4155086195175415e-08
3.0400000000001999e+01  3.5742827090395565e-03  1.4336234582672138e-07  4.4825400329155456e-04  6.2524466541556081e-08
3.0800000000002001e+01  3.7480136941705992e-03  1.4226740619520724e-07  4.6781395319752295e-04  6.9506799895130787e-08
3.1200000000002099e+01  3.9279973506180293e-03  1.4007001200048683e-07  4.8795704823987891e-04  7.5399318374046799e-08
3.1600000000002101e+01  4.1143649102630808e-03  1.3679176784840048e-07  5.0867852619790061e-04  8.2231951028484023e-08
3.2000000000002203e+01  4.3072489220041255e-03  1.3267805372403818e-07  5.2995821931909009e-04  9.1072967868405650e-08
3.2400000000002102e+01  4.5067980717924203e-03  1.2830832652710186e-07  5.5176943294128983e-04  1.0122623784133725e-07
3.2800000000002001e+01  4.7131785126543427e-03  1.2433200147621818e-07  5.7409251194604578e-04  1.1120748548731651e-07
3.3200000000001999e+01  4.9265633720409624e-03  1.2108827593692890e-07  5.9692750605242623e-04  1.1994158624473215e-07
3.3600000000001899e+01  5.1471243938974124e-03  1.1844947286035370e-07  6.2030030771068100e-04  1.2724799155780184e-07
3.4000000000001798e+01  5.3750355637166760e-03  1.1594936058886020e-07  6.4425777027161577e-04  1.3357157456674222e-07
3.4400000000001697e+01  5.6104821472254627e-03  1.1302454926450936e-07  6.6885275442691932e-04  1.3936391513977501e-07
3.4800000000001603e+01  5.8536618212114647e-03  1.0920946298408581e-07  6.9412778147233823e-04  1.4471666036058589e-07
3.5200000000001602e+01  6.1047763353729440e-03  1.0423424806316275e-07  7.2010786189259115e-04  1.4960351526955146e-07
3.5600000000001501e+01  6.3640237008246586e-03  9.8034696947981725e-08  7.4680342988017170e-04  1.5436109320672555e-07
3.6000000000001400e+01  6.6315972487484866e-03  9.0716210207537442e-08  7.7421319019147839e-04  1.5968280650924682e-07
3.6400000000001299e+01  6.9076901241666190e-03  8.2534882789097336e-08  8.0232134632111116e-04  1.6603833851475349e-07
3.6800000000001198e+01  7.1925031665630388e-03  7.3901754942289058e-08  8.3109860086167200e-04  1.7322073884028182e-07
3.7200000000001197e+01  7.4862532393134918e-03  6.5326358606294471e-08  8.6051568370401057e-04  1.8050567739037457e-07
3.7600000000001103e+01  7.7891750043151192e-03  5.7251340317241318e-08  8.9055962828340617e-04  1.8708614734064310e-07
3.8000000000001002e+01  8.1015131999688482e-03  4.9881940078797216e-08  9.2123663403704994e-04  1.9229916202058563e-07
3.8400000000000901e+01  8.4235136607593297e-03  4.3162617127648806e-08  9.5256359001207568e-04  1.9571623379398730e-07
3.8800000000000800e+01  8.7554226523869020e-03  3.6893358124483628e-08  9.8456371679037070e-04  1.9733751662374779e-07
3.9200000000000799e+01  9.0974932978533738e-03  3.0815371221388734e-08  1.0172674876870362e-03  1.9771250316251170e-07
3.9600000000000698e+01  9.4499924339548555e-03  2.4569186990940853e-08  1.0507035352117836e-03  1.9771311392704734e-07
4.0000000000000597e+01  9.8132076832720978e-03  1.7691451185858793e-08  1.0848787904789202e-03  1.9814179306904604e-07
4.0400000000000503e+01  1.0187458291973279e-02  9.8803832318915675e-09  1.1197732422696264e-03  1.9954989845170606e-07
4.0800000000000502e+01  1.0573104450855112e-02  1.3975995596896972e-09  1.1553649221512706e-03  2.0224185634392560e-07
4.1200000000000401e+01  1.0970541265763974e-02  -6.9369397435595562e-09  1.1916592838888227e-03  2.0615508536856844e-07
4.1600000000000300e+01  1.1380174665741580e-02  -1.4420803797945264e-08  1.2286855957906308e-03  2.1059872707876377e-07
4.2000000000000199e+01  1.1802400438376232e-02  -2.1158062980790061e-08  1.2664665483587884e-03  2.1422208796177348e-07
4.2400000000000098e+01  1.2237612290373722e-02  -2.7791735156180335e-08  1.3050055383604872e-03  2.1550391234823101e-07
4.2800000000000097e+01  1.2686234922424738e-02  -3.4416760553595177e-08  1.3443104390452676e-03  2.1359819185478103e-07
4.3200000000000003e+01  1.3148745589671090e-02  -4.0106717359060187e-08  1.3844198720819731e-03  2.0899006599332770e-07
4.3599999999999902e+01  1.3625658440012779e-02  -4.3989596232053016e-08  1.4253952182007781e-03  2.0344907494913595e-07
4.3999999999999801e+01  1.4117494106479127e-02  -4.6726203146979896e-08  1.4672887981313485e-03  1.9921592059846295e-07
4.4399999999999700e+01  1.4624781141838451e-02  -5.0329619295597712e-08  1.5101260543726814e-03  1.9785236709489389e-07
4.4799999999999699e+01  1.5148098587389192e-02  -5.6159598111908053e-08  1.5539161445624920e-03  1.9938318086283532e-07
4.5199999999999598e+01  1.5688114902623559e-02  -6.3369957813803283e-08  1.5986725627741248e-03  2.0222767921855195e-07
4.5599999999999497e+01  1.6245580213031342e-02  -6.9736380406889838e-08  1.6444244196828811e-03  2.0398627509961229e-07
4.5999999999999403e+01  1.6821286676461083e-02  -7.3940470845708926e-08  1.6912171181130654e-03  2.0259367174246969e-07
4.8799999999998903e+01  2.1437956685924742e-02  -1.0314065110479925e-07  2.0512375229522033e-03  1.7772814747258651e-07
4.9199999999998802e+01  2.2193899008574037e-02  -1.0490204968425414e-07  2.1077659861876148e-03  1.8262791460800659e-07
4.9599999999998701e+01  2.2977510238391237e-02  -1.0817872420006451e-07  2.1657888288556561e-03  1.8248580076395056e-07
4.9999999999998600e+01  2.3790074006784623e-02  -1.1554337960135942e-07  2.2253406619734770e-03  1.7402724274589158e-07
5.0399999999998499e+01  2.4632912479147846e-02  -1.2740930477047696e-07  2.2864296223570374e-03  1.5775971806476180e-07
5.0799999999998498e+01  2.5507518942984357e-02  -1.4183609485824843e-07  2.3490537049664960e-03  1.3913397902467554e-07
5.1199999999998397e+01  2.6415739603857801e-02  -1.5703127882086101e-07  2.4132008207291061e-03  1.2592828567068909e-07
5.1599999999998303e+01  2.7359888726089139e-02  -1.7372413242698127e-07  2.4788490197183845e-03  1.2312060099681454e-07
5.1999999999998202e+01  2.8342709484040187e-02  -1.9471143181443878e-07  2.5459877825601881e-03  1.2960332471255989e-07
5.2399999999998101e+01  2.9367186353000421e-02  -2.2257027753805466e-07  2.6146518836189171e-03  1.3960783143501371e-07
5.2799999999998100e+01  3.0436310620317569e-02  -2.5842494035864072e-07  2.6849350830463158e-03  1.4706636115406099e-07
5.3199999999997999e+01  3.1552939225841035e-02  -3.0228437412630946e-07  2.7569622141741888e-03  1.4875479988006744e-07
5.3599999999997898e+01  3.2719840558827776e-02  -3.5310448446803549e-07  2.8308345809215812e-03  1.4444367153267061e-07
5.3999999999997797e+01  3.3939908902161989e-02  -4.0844369830056720e-07  2.9065903754596934e-03  1.3582097872984605e-07
5.4399999999997704e+01  3.5216420849777157e-02  -4.6562006055143683e-07  2.9842131909456251e-03  1.2592400812002858e-07
5.4799999999997702e+01  3.6553185727690382e-02  -5.2463352924982305e-07  3.0636810319366564e-03  1.1825367818261362e-07
5.5199999999997601e+01  3.7954533171978402e-02  -5.8991465128882124e-07  3.1450124636918497e-03  1.1457127980121549e-07
5.5599999999997500e+01  3.9425204371195108e-02  -6.6899370779739090e-07  3.2282742128847517e-03  1.1315244183249256e-07
5.5999999999997399e+01  4.0970251949491845e-02  -7.7041838938678316e-07  3.3135539088584879e-03  1.0999453566607196e-07
5.6399999999997299e+01  4.2594993426539315e-02  -9.0209706494164118e-07  3.4009223746477935e-03  1.0216366881572955e-07
5.6799999999997297e+01  4.4304997289955309e-02  -1.0679951708262745e-06  3.4903981758638526e-03  8.9929216744049702e-08
5.7199999999997203e+01  4.6106068360732888e-02  -1.2649228719270513e-06  3.5819207044611168e-03  7.6193231197742294e-08
5.7599999999997102e+01  4.8004209593518574e-02  -1.4864522726849936e-06  3.6753510032272139e-03  6.4749795849834818e-08
5.7999999999997002e+01  5.0005534231910898e-02  -1.7323155121400178e-06  3.7705176375499513e-03  5.8921052336879514e-08
5.8399999999997000e+01  5.2116102383997921e-02  -2.0100129451046129e-06  3.8672971801997852e-03  6.0227645934366370e-08
5.8799999999996899e+01  5.4341679510546095e-02  -2.3256586183479722e-06  3.9656980793520563e-03  6.6735354157043993e-08
5.9199999999996798e+01  5.6687452083617501e-02  -2.6792897779116332e-06  4.0659141101069473e-03  7.2723954850743403e-08
5.9599999999996697e+01  5.9157736530032964e-02  -3.0771989648466442e-06  4.1683142892051765e-03  7.1333954873562642e-08
5.9999999999996597e+01  6.1755650858011379e-02  -3.5427973497070267e-06  4.2733530471104706e-03  5.8657211990827661e-08
6.0009999999996602e+01  6.1822250832302930e-02  -3.5556039344206234e-06  4.2760165844457805e-03  5.8196293365895077e-08
