# time  f_op  f_geo  geo_trustworthy  max_local_speed  superluminal_fraction  max_shift  structure_coherence  reachable  n_rays  n_reached  max_h_rel_drift  f_geo_evol  f_geo_evol_ok
0.0000000000000000e+00  0.0000000000000000e+00  0.0000000000000000e+00  1  1.0122313136125276e+00  0.0000000000000000e+00  0.0000000000000000e+00  nan  1  5  5  1.1595797374944544e-04  0.0000000000000000e+00  0
8.0000000000000004e-01  0.0000000000000000e+00  0.0000000000000000e+00  1  1.0123465081660723e+00  0.0000000000000000e+00  6.8304728744804060e-05  nan  1  5  5  1.1679886153957926e-04  0.0000000000000000e+00  0
1.6000000000000001e+00  0.0000000000000000e+00  0.0000000000000000e+00  1  1.0126856469067673e+00  0.0000000000000000e+00  2.4775278227817503e-04  nan  1  5  5  1.2351271463391272e-04  0.0000000000000000e+00  0
2.3999999999999901e+00  0.0000000000000000e+00  0.0000000000000000e+00  1  1.0122758797405573e+00  0.0000000000000000e+00  1.0553266138738234e-04  nan  1  5  5  1.1492514321663309e-04  0.0000000000000000e+00  0
3.1999999999999802e+00  0.0000000000000000e+00  0.0000000000000000e+00  1  1.0122267824811093e+00  0.0000000000000000e+00  1.3703849673447647e-04  nan  1  5  5  1.1535463480640337e-04  0.0000000000000000e+00  0
3.9999999999999600e+00  0.0000000000000000e+00  0.0000000000000000e+00  1  1.0120850175011751e+00  0.0000000000000000e+00  1.0828270324739754e-04  nan  1  5  5  1.1774799839732268e-04  0.0000000000000000e+00  0
4.7999999999999403e+00  0.0000000000000000e+00  0.0000000000000000e+00  1  1.0122603485024750e+00  0.0000000000000000e+00  7.5712644722892826e-05  nan  1  5  5  1.1761299382106843e-04  0.0000000000000000e+00  0
5.5999999999999304e+00  0.0000000000000000e+00  0.0000000000000000e+00  1  1.0123278161467997e+00  0.0000000000000000e+00  6.4701119475644103e-05  nan  1  5  5  1.1782618353973799e-04  0.0000000000000000e+00  0
6.3999999999999098e+00  0.0000000000000000e+00  0.0000000000000000e+00  1  1.0123432015353908e+00  0.0000000000000000e+00  4.5998427097825750e-05  nan  1  5  5  1.1591723948715497e-04  0.0000000000000000e+00  0
7.1999999999998900e+00  0.0000000000000000e+00  0.0000000000000000e+00  1  1.0122900604293099e+00  0.0000000000000000e+00  4.0943423998804922e-05  nan  1  5  5  1.1682867533267279e-04  0.0000000000000000e+00  0
7.9999999999998703e+00  0.0000000000000000e+00  0.0000000000000000e+00  1  1.0122710935775125e+00  0.0000000000000000e+00  4.5359977348986197e-05  nan  1  5  5  1.1892263275625447e-04  0.0000000000000000e+00  0
8.7999999999998604e+00  0.0000000000000000e+00  0.0000000000000000e+00  1  1.0122785749764782e+00  0.0000000000000000e+00  4.0000269233303183e-05  nan  1  5  5  1.1844387374776382e-04  0.0000000000000000e+00  0
9.5999999999998398e+00  0.0000000000000000e+00  0.0000000000000000e+00  1  1.0122912400420343e+00  0.0000000000000000e+00  3.6673272893024651e-05  nan  1  5  5  1.1719369019656845e-04  0.0000000000000000e+00  0
1.0399999999999800e+01  0.0000000000000000e+00  0.0000000000000000e+00  1  1.0123050030724230e+00  0.0000000000000000e+00  4.1779323757884930e-05  nan  1  5  5  1.1740526019781439e-04  0.0000000000000000e+00  0
1.1199999999999800e+01  0.0000000000000000e+00  0.0000000000000000e+00  1  1.0123068028464703e+00  0.0000000000000000e+00  5.0379817543491015e-05  nan  1  5  5  1.1782259066395489e-04  0.0000000000000000e+00  0
1.1999999999999799e+01  0.0000000000000000e+00  0.0000000000000000e+00  1  1.0122990864075272e+00  0.0000000000000000e+00  5.7409216337160695e-05  nan  1  5  5  1.1842612576064958e-04  0.0000000000000000e+00  0
1.2799999999999800e+01  0.0000000000000000e+00  0.0000000000000000e+00  1  1.0123028692422280e+00  0.0000000000000000e+00  5.8850966117034112e-05  nan  1  5  5  1.1840897340867965e-04  0.0000000000000000e+00  0
1.3599999999999801e+01  0.0000000000000000e+00  0.0000000000000000e+00  1  1.0123224569263853e+00  0.0000000000000000e+00  5.9020108143539473e-05  nan  1  5  5  1.1814591608775058e-04  0.0000000000000000e+00  0
1.4399999999999700e+01  0.0000000000000000e+00  0.0000000000000000e+00  1  1.0123396916453655e+00  0.0000000000000000e+00  6.3966196132625918e-05  nan  1  5  5  1.1821987880343001e-04  0.0000000000000000e+00  0
1.5199999999999701e+01  0.0000000000000000e+00  0.0000000000000000e+00  1  1.0123400045036359e+00  0.0000000000000000e+00  7.2946134261648853e-05  nan  1  5  5  1.1854050050038105e-04  0.0000000000000000e+00  0
1.5999999999999700e+01  0.0000000000000000e+00  0.0000000000000000e+00  1  1.0123315172458545e+00  0.0000000000000000e+00  7.9879813861914208e-05  nan  1  5  5  1.1881255854955229e-04  0.0000000000000000e+00  0
1.6799999999999802e+01  0.0000000000000000e+00  0.0000000000000000e+00  1  1.0123337578764677e+00  0.0000000000000000e+00  8.2046310455285659e-05  nan  1  5  5  1.1877073206549627e-04  0.0000000000000000e+00  0
1.7600000000000001e+01  0.0000000000000000e+00  0.0000000000000000e+00  1  1.0123514372052416e+00  0.0000000000000000e+00  8.3360229590635106e-05  nan  1  5  5  1.1855577126790624e-04  0.0000000000000000e+00  0
1.8400000000000102e+01  0.0000000000000000e+00  0.0000000000000000e+00  1  1.0123683295405028e+00  0.0000000000000000e+00  8.8780561344115695e-05  nan  1  5  5  1.1855345793694218e-04  0.0000000000000000e+00  0
1.9200000000000198e+01  0.0000000000000000e+00  0.0000000000000000e+00  1  1.0123705549964617e+00  0.0000000000000000e+00  9.7281826649856903e-05  nan  1  5  5  1.1883729651773045e-04  0.0000000000000000e+00  0
2.0000000000000298e+01  0.0000000000000000e+00  0.0000000000000000e+00  1  1.0123648969216448e+00  0.0000000000000000e+00  1.0371924630304692e-04  nan  1  5  5  1.1910420585326835e-04  0.0000000000000000e+00  0
2.0800000000000502e+01  0.0000000000000000e+00  0.0000000000000000e+00  1  1.0123685123837536e+00  0.0000000000000000e+00  1.0598112192104340e-04  nan  1  5  5  1.1908770978636996e-04  0.0000000000000000e+00  0
2.1600000000000598e+01  0.0000000000000000e+00  0.0000000000000000e+00  1  1.0123849648308734e+00  0.0000000000000000e+00  1.0796456512107683e-04  nan  1  5  5  1.1893302200542082e-04  0.0000000000000000e+00  0
2.2400000000000698e+01  0.0000000000000000e+00  0.0000000000000000e+00  1  1.0124000644260611e+00  0.0000000000000000e+00  1.1379259712926549e-04  nan  1  5  5  1.1896692362418309e-04  0.0000000000000000e+00  0
2.3200000000000799e+01  0.0000000000000000e+00  0.0000000000000000e+00  1  1.0124022843938867e+00  0.0000000000000000e+00  1.2178145897204255e-04  nan  1  5  5  1.1923861135151721e-04  0.0000000000000000e+00  0
2.4000000000000998e+01  0.0000000000000000e+00  0.0000000000000000e+00  1  1.0123982073475710e+00  0.0000000000000000e+00  1.2712135883703076e-04  nan  1  5  5  1.1947977577362634e-04  0.0000000000000000e+00  0
2.4800000000001098e+01  0.0000000000000000e+00  0.0000000000000000e+00  1  1.0124031685502231e+00  0.0000000000000000e+00  1.2882114670807542e-04  nan  1  5  5  1.1948195382385264e-04  0.0000000000000000e+00  0
2.5600000000001199e+01  0.0000000000000000e+00  0.0000000000000000e+00  1  1.0124183945520189e+00  0.0000000000000000e+00  1.3117647529558587e-04  nan  1  5  5  1.1936651144646945e-04  0.0000000000000000e+00  0
2.6400000000001299e+01  0.0000000000000000e+00  0.0000000000000000e+00  1  1.0124322497816749e+00  0.0000000000000000e+00  1.3740960152832225e-04  nan  1  5  5  1.1941406642550087e-04  0.0000000000000000e+00  0
2.7200000000001499e+01  0.0000000000000000e+00  0.0000000000000000e+00  1  1.0124357069291039e+00  0.0000000000000000e+00  1.4497417640980273e-04  nan  1  5  5  1.1967382149902835e-04  0.0000000000000000e+00  0
2.8000000000001599e+01  0.0000000000000000e+00  0.0000000000000000e+00  1  1.0124341078258290e+00  0.0000000000000000e+00  1.4989760532504377e-04  nan  1  5  5  1.1991705029770830e-04  0.0000000000000000e+00  0
2.8800000000001699e+01  0.0000000000000000e+00  0.0000000000000000e+00  1  1.0124393500388096e+00  0.0000000000000000e+00  1.5247240591465712e-04  nan  1  5  5  1.1987202076031502e-04  0.0000000000000000e+00  0
2.9600000000001799e+01  0.0000000000000000e+00  0.0000000000000000e+00  1  1.0124535665984116e+00  0.0000000000000000e+00  1.5599323159483071e-04  nan  1  5  5  1.1904679066792100e-04  0.0000000000000000e+00  0
3.0400000000001999e+01  0.0000000000000000e+00  0.0000000000000000e+00  1  1.0124666146885195e+00  0.0000000000000000e+00  1.6188250276172591e-04  nan  1  5  5  1.1841482905343229e-04  0.0000000000000000e+00  0
3.1200000000002099e+01  0.0000000000000000e+00  0.0000000000000000e+00  1  1.0124702282845583e+00  0.0000000000000000e+00  1.6822313555705371e-04  nan  1  5  5  1.1863118569471015e-04  0.0000000000000000e+00  0
3.2000000000002203e+01  0.0000000000000000e+00  0.0000000000000000e+00  1  1.0124692494029570e+00  0.0000000000000000e+00  1.7263660014353138e-04  nan  1  5  5  1.1887838150400320e-04  0.0000000000000000e+00  0
3.2800000000002001e+01  0.0000000000000000e+00  0.0000000000000000e+00  1  1.0124744377865351e+00  0.0000000000000000e+00  1.7570471937035208e-04  nan  1  5  5  1.1898654510672799e-04  0.0000000000000000e+00  0
3.3600000000001899e+01  0.0000000000000000e+00  0.0000000000000000e+00  1  1.0124867966852569e+00  0.0000000000000000e+00  1.8016629416690928e-04  nan  1  5  5  1.1895213148471043e-04  0.0000000000000000e+00  0
3.4400000000001697e+01  0.0000000000000000e+00  0.0000000000000000e+00  1  1.0124975993956715e+00  0.0000000000000000e+00  1.8623505094503937e-04  nan  1  5  5  1.1897499662550634e-04  0.0000000000000000e+00  0
3.5200000000001602e+01  0.0000000000000000e+00  0.0000000000000000e+00  1  1.0125011018294885e+00  0.0000000000000000e+00  1.9181029110163804e-04  nan  1  5  5  1.1922559496050111e-04  0.0000000000000000e+00  0
3.6000000000001400e+01  0.0000000000000000e+00  0.0000000000000000e+00  1  1.0125008842695304e+00  0.0000000000000000e+00  1.9605217534496682e-04  nan  1  5  5  1.1951920248704514e-04  0.0000000000000000e+00  0
3.6800000000001198e+01  0.0000000000000000e+00  0.0000000000000000e+00  1  1.0125059554407456e+00  0.0000000000000000e+00  1.9931656356982273e-04  nan  1  5  5  1.1958055219020208e-04  0.0000000000000000e+00  0
3.7600000000001103e+01  0.0000000000000000e+00  2.7906967915559807e-06  1  1.0125176709130663e+00  0.0000000000000000e+00  2.0353250726485355e-04  nan  1  5  5  2.0709199577084281e-06  0.0000000000000000e+00  0
3.8400000000000901e+01  0.0000000000000000e+00  1.5710483859892535e-05  1  1.0125256263709319e+00  0.0000000000000000e+00  2.1007494451957129e-04  nan  1  5  5  2.1324484930513490e-06  0.0000000000000000e+00  0
3.9200000000000799e+01  0.0000000000000000e+00  3.0603494184994811e-05  1  1.0125257829277654e+00  0.0000000000000000e+00  2.1601490096841147e-04  nan  1  5  5  2.2469911366917230e-06  0.0000000000000000e+00  0
4.0000000000000597e+01  0.0000000000000000e+00  4.9033089981486010e-05  1  1.0125259545021508e+00  0.0000000000000000e+00  2.1920469224535170e-04  nan  1  5  5  2.3783888383217352e-06  0.0000000000000000e+00  0
4.0800000000000502e+01  8.7026469283134321e-06  6.3946346639223402e-05  1  1.0125303009273747e+00  0.0000000000000000e+00  2.2261308155873468e-04  nan  1  5  5  2.5149647416180384e-06  0.0000000000000000e+00  0
4.1600000000000300e+01  1.8384366528640903e-05  7.3343535249076932e-05  1  1.0125372526191114e+00  0.0000000000000000e+00  2.2854617233320718e-04  nan  1  5  5  2.6493326016049740e-06  0.0000000000000000e+00  0
4.2400000000000098e+01  2.8119470418864828e-05  8.6877276283228394e-05  1  1.0125509924824512e+00  0.0000000000000000e+00  2.3494916000015516e-04  nan  1  5  5  2.7840672052079361e-06  0.0000000000000000e+00  0
4.3200000000000003e+01  3.8181763257477335e-05  1.0610991935123947e-04  1  1.0125606746995748e+00  0.0000000000000000e+00  2.3912971942959655e-04  nan  1  5  5  2.9177173698411895e-06  0.0000000000000000e+00  0
4.3999999999999801e+01  4.9238674621956319e-05  1.2393315442942802e-04  1  1.0125666091047500e+00  0.0000000000000000e+00  2.4198031002068578e-04  nan  1  5  5  3.0546872269486305e-06  0.0000000000000000e+00  0
4.4799999999999699e+01  6.0379841788316833e-05  1.3759790293376025e-04  1  1.0125788686161070e+00  0.0000000000000000e+00  2.4651931309103406e-04  nan  1  5  5  3.1997632122243543e-06  0.0000000000000000e+00  0
4.5599999999999497e+01  7.0780501067384588e-05  1.4999570558628226e-04  1  1.0125971617218610e+00  0.0000000000000000e+00  2.5297360619698674e-04  nan  1  5  5  3.3536133483675078e-06  0.0000000000000000e+00  0
4.6399999999999302e+01  8.1819906733866007e-05  1.6646052745872272e-04  1  1.0126125672006143e+00  0.0000000000000000e+00  2.5859304658387743e-04  nan  1  5  5  3.5048668386191039e-06  0.0000000000000000e+00  0
4.7199999999999200e+01  9.3953919364168765e-05  1.8743222723278168e-04  1  1.0126213506583104e+00  0.0000000000000000e+00  2.6216301470184661e-04  nan  1  5  5  3.6406073853870046e-06  0.0000000000000000e+00  0
4.7999999999998998e+01  1.0586648587481730e-04  2.0582567409579665e-04  1  1.0126280833606109e+00  0.0000000000000000e+00  2.6600396960271253e-04  nan  1  5  5  3.7826164616774039e-06  0.0000000000000000e+00  0
4.8799999999998903e+01  1.1750152427796360e-04  2.1990173714107419e-04  1  1.0126393350117702e+00  0.0000000000000000e+00  2.7192820235553402e-04  nan  1  5  5  3.9487036578413384e-06  0.0000000000000000e+00  0
4.9599999999998701e+01  1.2979553511778454e-04  2.3588059626890155e-04  1  1.0126554390336091e+00  0.0000000000000000e+00  2.7775705003396011e-04  nan  1  5  5  4.1154094262217716e-06  0.0000000000000000e+00  0
5.0399999999998499e+01  1.4261638375720416e-04  2.5623007149342151e-04  1  1.0126702609773968e+00  0.0000000000000000e+00  2.8170170633573413e-04  nan  1  5  5  4.2683678798419547e-06  0.0000000000000000e+00  0
5.1199999999998397e+01  1.5532117217419831e-04  2.7625316719872802e-04  1  1.0126802393439882e+00  0.0000000000000000e+00  2.8554881977568120e-04  nan  1  5  5  4.4218823828618355e-06  0.0000000000000000e+00  0
5.1999999999998202e+01  1.6790148162822534e-04  2.9547473499295462e-04  1  1.0126880243336638e+00  0.0000000000000000e+00  2.9086938496318104e-04  nan  1  5  5  4.5862909240048536e-06  0.0000000000000000e+00  0
5.2799999999998100e+01  1.8093919413998005e-04  3.1530721345824410e-04  1  1.0126980527237128e+00  0.0000000000000000e+00  2.9633145853985609e-04  nan  1  5  5  4.7576677904917709e-06  0.0000000000000000e+00  0
5.3599999999997898e+01  1.9471096255568274e-04  3.3605416902634144e-04  1  1.0127116267692335e+00  0.0000000000000000e+00  3.0070116741901702e-04  nan  1  5  5  4.9389739704691867e-06  0.0000000000000000e+00  0
5.4399999999997704e+01  2.0893977146228549e-04  3.5721720154683701e-04  1  1.0127252183912934e+00  0.0000000000000000e+00  3.0506188656960823e-04  nan  1  5  5  5.1138550728993287e-06  0.0000000000000000e+00  0
5.5199999999997601e+01  2.2316107017693055e-04  3.7793928195041358e-04  1  1.0127355684995922e+00  0.0000000000000000e+00  3.1000815510136276e-04  nan  1  5  5  5.2638553190540339e-06  0.0000000000000000e+00  0
5.5999999999997399e+01  2.3669650823649740e-04  3.9827764337085897e-04  1  1.0127431052141287e+00  0.0000000000000000e+00  3.1570449231109118e-04  nan  1  5  5  5.4583835725347355e-06  0.0000000000000000e+00  0
5.6799999999997297e+01  2.5122020862692777e-04  4.2086622493238868e-04  1  1.0127485540996775e+00  0.0000000000000000e+00  3.2173479209117440e-04  nan  1  5  5  5.6852273249542104e-06  0.0000000000000000e+00  0
5.7599999999997102e+01  2.6723281001667218e-04  4.4407492207391514e-04  1  1.0127556022370734e+00  0.0000000000000000e+00  3.2539969127980318e-04  nan  1  5  5  5.8171258672346168e-06  0.0000000000000000e+00  0
5.8399999999997000e+01  2.8003076765771839e-04  4.6209267458747263e-04  1  1.0127701182087931e+00  0.0000000000000000e+00  3.2829744644830169e-04  nan  1  5  5  5.9586635504935554e-06  0.0000000000000000e+00  0
5.9199999999996798e+01  2.9208038123845639e-04  4.8104190440496127e-04  1  1.0127838530287578e+00  0.0000000000000000e+00  3.3435073596611078e-04  nan  1  5  5  6.2267379195902626e-06  0.0000000000000000e+00  0
5.9999999999996597e+01  3.1121159616094958e-04  5.0945637068570504e-04  1  1.0127854404274286e+00  0.0000000000000000e+00  3.3931638954332933e-04  nan  1  5  5  6.4152077128713208e-06  0.0000000000000000e+00  0
6.0799999999996501e+01  3.3049141277620935e-04  5.3621719630698225e-04  1  1.0127894408283233e+00  0.0000000000000000e+00  3.4234680118946540e-04  nan  1  5  5  6.5353944282386581e-06  0.0000000000000000e+00  0
6.1599999999996299e+01  3.4315575265155262e-04  5.5502652707138808e-04  1  1.0128075085993871e+00  0.0000000000000000e+00  3.4977061170601555e-04  nan  1  5  5  6.8166222377001271e-06  0.0000000000000000e+00  0
6.2399999999996197e+01  3.5977372439792047e-04  5.7932384636657131e-04  1  1.0128189846416082e+00  0.0000000000000000e+00  3.5645864206514691e-04  nan  1  5  5  7.0775135325425999e-06  0.0000000000000000e+00  0
6.3199999999996002e+01  3.8070651315849695e-04  6.0755562601865073e-04  1  1.0128162909943843e+00  0.0000000000000000e+00  3.5792674733832518e-04  nan  1  5  5  7.1771117822703145e-06  0.0000000000000000e+00  0
6.3999999999995801e+01  3.9456524298237341e-04  6.2727134191765792e-04  1  1.0128216015413185e+00  0.0000000000000000e+00  3.6227946351220140e-04  nan  1  5  5  7.3619247713031014e-06  0.0000000000000000e+00  0
6.4799999999996203e+01  4.0677964735552749e-04  6.4660123274304674e-04  1  1.0128348991648684e+00  0.0000000000000000e+00  3.6889673882306806e-04  nan  1  5  5  7.6335146519090490e-06  0.0000000000000000e+00  0
6.5599999999996697e+01  4.2606617152853054e-04  6.7471697951404497e-04  1  1.0128380699039248e+00  0.0000000000000000e+00  3.7196183986204999e-04  nan  1  5  5  7.8333121828442110e-06  0.0000000000000000e+00  0
6.6399999999997107e+01  4.4622496914173475e-04  7.0356171348971849e-04  1  1.0128383335026514e+00  0.0000000000000000e+00  3.7603705502983623e-04  nan  1  5  5  8.0364851992951150e-06  0.0000000000000000e+00  0
6.7199999999997502e+01  4.6320570359127000e-04  7.2862105179859334e-04  1  1.0128467925102351e+00  0.0000000000000000e+00  3.8326328684192088e-04  nan  1  5  5  8.2831292794874077e-06  0.0000000000000000e+00  0
6.7999999999997897e+01  4.8075292988918614e-04  7.5393638874358482e-04  1  1.0128531358326223e+00  0.0000000000000000e+00  3.8938704341207568e-04  nan  1  5  5  8.5104616864206478e-06  0.0000000000000000e+00  0
6.8799999999998306e+01  4.9948589462492192e-04  7.7976784056521520e-04  1  1.0128541841305914e+00  0.0000000000000000e+00  3.9347503990620904e-04  nan  1  5  5  8.7287524559518458e-06  0.0000000000000000e+00  0
6.9599999999998701e+01  5.1880538370453083e-04  8.0489673478327051e-04  1  1.0128571279116971e+00  0.0000000000000000e+00  3.9728803161643650e-04  nan  1  5  5  8.9746920234738702e-06  0.0000000000000000e+00  0
7.0399999999999096e+01  5.3871064232073227e-04  8.3121859903346866e-04  1  1.0128613405116911e+00  0.0000000000000000e+00  4.0187965329208629e-04  nan  1  5  5  9.1772290377942189e-06  0.0000000000000000e+00  0
7.1199999999999505e+01  5.5733202655548731e-04  8.5927054718869386e-04  1  1.0128694497366548e+00  0.0000000000000000e+00  4.0631230044876562e-04  nan  1  5  5  9.3828792023235727e-06  0.0000000000000000e+00  0
7.1999999999999901e+01  5.7538951557501122e-04  8.8724508602928184e-04  1  1.0128745279495610e+00  0.0000000000000000e+00  4.1105026477100654e-04  nan  1  5  5  9.7008275056534746e-06  0.0000000000000000e+00  0
7.2800000000000296e+01  5.9518476552157800e-04  9.1471768501167391e-04  1  1.0128670524492382e+00  0.0000000000000000e+00  4.1720129246766691e-04  nan  1  5  5  9.9590162154614304e-06  0.0000000000000000e+00  0
7.3600000000000705e+01  6.1508015308084309e-04  9.4206182987758647e-04  1  1.0128656545220871e+00  0.0000000000000000e+00  4.2301652420930684e-04  nan  1  5  5  1.0158524364163854e-05  0.0000000000000000e+00  0
7.4400000000001199e+01  6.3458044112921284e-04  9.6987258712803249e-04  1  1.0128736883631726e+00  0.0000000000000000e+00  4.2731146669699961e-04  nan  1  5  5  1.0461236284821201e-05  0.0000000000000000e+00  0
7.5200000000001594e+01  6.5655013408293550e-04  9.9939452550256011e-04  1  1.0128720320261719e+00  0.0000000000000000e+00  4.3058045196370508e-04  nan  1  5  5  1.0683424840902828e-05  0.0000000000000000e+00  0
7.6000000000002004e+01  6.7948741560411134e-04  1.0289989281574304e-03  1  1.0128830657687156e+00  0.0000000000000000e+00  4.3454629971788317e-04  nan  1  5  5  1.0834184595770274e-05  0.0000000000000000e+00  0
7.6800000000002399e+01  7.0024572195466397e-04  1.0591200836312313e-03  1  1.0129015876819367e+00  0.0000000000000000e+00  4.4025601966871304e-04  nan  1  5  5  1.1170551669803297e-05  0.0000000000000000e+00  0
7.7600000000002794e+01  7.2069671224019537e-04  1.0909745799277577e-03  1  1.0129153794073475e+00  0.0000000000000000e+00  4.4610480388908340e-04  nan  1  5  5  1.1530935851613706e-05  0.0000000000000000e+00  0
7.8400000000003203e+01  7.4283971237676383e-04  1.1229451478958175e-03  1  1.0129307792985482e+00  0.0000000000000000e+00  4.5175371109359340e-04  nan  1  5  5  1.1782272777928958e-05  0.0000000000000000e+00  0
7.9200000000003598e+01  7.6606042907261776e-04  1.1542271710363037e-03  1  1.0129523712059840e+00  0.0000000000000000e+00  4.5657270001976804e-04  nan  1  5  5  1.2035770561530964e-05  0.0000000000000000e+00  0
8.0000000000003993e+01  7.8976658088344206e-04  1.1859706320207742e-03  1  1.0129630764570763e+00  0.0000000000000000e+00  4.5968807096586370e-04  nan  1  5  5  1.2278845492521007e-05  0.0000000000000000e+00  0
8.0800000000004403e+01  8.1312631781620690e-04  1.2178320621810308e-03  1  1.0129687402872103e+00  0.0000000000000000e+00  4.6391093674890603e-04  nan  1  5  5  1.2549898263980746e-05  0.0000000000000000e+00  0
8.1600000000004798e+01  8.3585575545899087e-04  1.2497086750238057e-03  1  1.0129808229415942e+00  0.0000000000000000e+00  4.6922477516169142e-04  nan  1  5  5  1.2863136248656328e-05  0.0000000000000000e+00  0
8.2400000000005207e+01  8.5906451105969498e-04  1.2822463000019791e-03  1  1.0129940250224947e+00  0.0000000000000000e+00  4.7400121749029914e-04  nan  1  5  5  1.3162546610625327e-05  0.0000000000000000e+00  0
8.3200000000005701e+01  8.8296133409219611e-04  1.3155127282353054e-03  1  1.0130059679018590e+00  0.0000000000000000e+00  4.7909431029075512e-04  nan  1  5  5  1.3451557631180098e-05  0.0000000000000000e+00  0
8.4000000000006096e+01  9.0720692104298149e-04  1.3498083841732996e-03  1  1.0130152642178527e+00  0.0000000000000000e+00  4.8398684295517137e-04  nan  1  5  5  1.3737561248761092e-05  0.0000000000000000e+00  0
8.4800000000006506e+01  9.3229736068030041e-04  1.3846425296744807e-03  1  1.0130228309919804e+00  0.0000000000000000e+00  4.8859698389626426e-04  nan  1  5  5  1.4037957580792487e-05  0.0000000000000000e+00  0
8.5600000000006901e+01  9.5791058623781867e-04  1.4188601132088712e-03  1  1.0130323845532838e+00  0.0000000000000000e+00  4.9366838099230916e-04  nan  1  5  5  1.4354706213057980e-05  0.0000000000000000e+00  0
8.6400000000007296e+01  9.8309673352437615e-04  1.4527515731689433e-03  1  1.0130424445470565e+00  0.0000000000000000e+00  4.9861777613016971e-04  nan  1  5  5  1.4663554503074147e-05  0.0000000000000000e+00  0
8.7200000000007705e+01  1.0081541997154237e-03  1.4876492302015904e-03  1  1.0130497869894250e+00  0.0000000000000000e+00  5.0374672391946193e-04  nan  1  5  5  1.4969238401688280e-05  0.0000000000000000e+00  0
8.8000000000008100e+01  1.0340442252389256e-03  1.5240219294685193e-03  1  1.0130549151745187e+00  0.0000000000000000e+00  5.0904438834465401e-04  nan  1  5  5  1.5291047365479045e-05  0.0000000000000000e+00  0
8.8800000000008495e+01  1.0607921789906316e-03  1.5607586607486238e-03  1  1.0130601542387920e+00  0.0000000000000000e+00  5.1425577739970638e-04  nan  1  5  5  1.5615159584929949e-05  0.0000000000000000e+00  0
8.9600000000008905e+01  1.0876474822252859e-03  1.5966495195314971e-03  1  1.0130658153718486e+00  0.0000000000000000e+00  5.1955998332970472e-04  nan  1  5  5  1.5930206249805119e-05  0.0000000000000000e+00  0
9.0400000000009300e+01  1.1144228154576887e-03  1.6325232550997960e-03  1  1.0130711519586675e+00  0.0000000000000000e+00  5.2480616564304556e-04  nan  1  5  5  1.6260406247719452e-05  0.0000000000000000e+00  0
9.1200000000009794e+01  1.1415080778843436e-03  1.6697775938900870e-03  1  1.0130757764887415e+00  0.0000000000000000e+00  5.2936642157408659e-04  nan  1  5  5  1.6603133035970915e-05  0.0000000000000000e+00  0
9.2000000000010203e+01  1.1690168618912443e-03  1.7079877661511458e-03  1  1.0130788550056886e+00  0.0000000000000000e+00  5.3405159720737200e-04  nan  1  5  5  1.6929343118195853e-05  0.0000000000000000e+00  0
9.2800000000010598e+01  1.1972322137557573e-03  1.7465604671212322e-03  1  1.0130803574108183e+00  0.0000000000000000e+00  5.3998124662254848e-04  nan  1  5  5  1.7263376261554490e-05  0.0000000000000000e+00  0
9.3600000000010994e+01  1.2264911784877705e-03  1.7856252235378305e-03  1  1.0130822161795883e+00  0.0000000000000000e+00  5.4589660109813278e-04  nan  1  5  5  1.7636026282239147e-05  0.0000000000000000e+00  0
9.4400000000011403e+01  1.2558131522045933e-03  1.8244528811197892e-03  1  1.0130843651271995e+00  0.0000000000000000e+00  5.5051138820056116e-04  nan  1  5  5  1.8004058387646723e-05  0.0000000000000000e+00  0
9.5200000000011798e+01  1.2841888915022567e-03  1.8628678614155769e-03  1  1.0130853972411380e+00  0.0000000000000000e+00  5.5495178478696873e-04  nan  1  5  5  1.8331933172519185e-05  0.0000000000000000e+00  0
9.6000000000012193e+01  1.3126942151284360e-03  1.9022227783398950e-03  1  1.0130855725535990e+00  0.0000000000000000e+00  5.6018865111253182e-04  nan  1  5  5  1.8667149644451571e-05  0.0000000000000000e+00  0
9.6800000000012602e+01  1.3425717197810083e-03  1.9425635989240356e-03  1  1.0130850454092044e+00  0.0000000000000000e+00  5.6549700718683965e-04  nan  1  5  5  1.9051138761568114e-05  0.0000000000000000e+00  0
9.7600000000012997e+01  1.3731035668616519e-03  1.9826184442596328e-03  1  1.0130883036834766e+00  0.0000000000000000e+00  5.7045075103775327e-04  nan  1  5  5  1.9439846046858214e-05  0.0000000000000000e+00  0
9.8400000000013407e+01  1.4033593193672348e-03  2.0229142558061651e-03  1  1.0131077957217181e+00  0.0000000000000000e+00  5.7542403070643137e-04  nan  1  5  5  1.9789960243605713e-05  0.0000000000000000e+00  0
9.9200000000013802e+01  1.4339800943640299e-03  2.0650929139123496e-03  1  1.0131239876790794e+00  0.0000000000000000e+00  5.8019923148381442e-04  nan  1  5  5  2.0145194793994036e-05  0.0000000000000000e+00  0
1.0000000000001400e+02  1.4657692295584075e-03  2.1085250603979241e-03  1  1.0131397279292744e+00  0.0000000000000000e+00  5.8486767411303241e-04  nan  1  5  5  2.0547926285253308e-05  0.0000000000000000e+00  0
1.0080000000001500e+02  1.4978256828748063e-03  2.1507915138949422e-03  1  1.0131565799386009e+00  0.0000000000000000e+00  5.9060508095825563e-04  nan  1  5  5  2.0962675646177553e-05  0.0000000000000000e+00  0
1.0160000000001500e+02  1.5290014202991599e-03  2.1916973266298016e-03  1  1.0131712395718158e+00  0.0000000000000000e+00  5.9660919629464548e-04  nan  1  5  5  2.1351434968304054e-05  0.0000000000000000e+00  0
1.0240000000001500e+02  1.5602816482358694e-03  2.2338246372293692e-03  1  1.0131826032995381e+00  0.0000000000000000e+00  6.0060824855809607e-04  nan  1  5  5  2.1717407738326821e-05  0.0000000000000000e+00  0
1.0320000000001600e+02  1.5930539211180463e-03  2.2780598188132379e-03  1  1.0131945150512200e+00  0.0000000000000000e+00  6.0390596360327070e-04  nan  1  5  5  2.2080508175501085e-05  0.0000000000000000e+00  0
1.0400000000001600e+02  1.6264819079144812e-03  2.3224528531631504e-03  1  1.0132089595807072e+00  0.0000000000000000e+00  6.0906173136464022e-04  nan  1  5  5  2.2480090733437841e-05  0.0000000000000000e+00  0
1.0480000000001699e+02  1.6594869357459297e-03  2.3664993104965944e-03  1  1.0132226682178798e+00  0.0000000000000000e+00  6.1483498860734657e-04  nan  1  5  5  2.2929000472098137e-05  0.0000000000000000e+00  0
1.0560000000001700e+02  1.6930444355860584e-03  2.4117993567439474e-03  1  1.0132320114176490e+00  0.0000000000000000e+00  6.1979804190421010e-04  nan  1  5  5  2.3366089855808361e-05  0.0000000000000000e+00  0
1.0640000000001800e+02  1.7278453892022175e-03  2.4581783801460831e-03  1  1.0132380227603095e+00  0.0000000000000000e+00  6.2495584307170615e-04  nan  1  5  5  2.3758373639847891e-05  0.0000000000000000e+00  0
1.0720000000001799e+02  1.7624433472572503e-03  2.5037187931927401e-03  1  1.0132455329612600e+00  0.0000000000000000e+00  6.3003464024318759e-04  nan  1  5  5  2.4167102132996139e-05  0.0000000000000000e+00  0
1.0800000000001801e+02  1.7960126992285705e-03  2.5484396977188462e-03  1  1.0132558503529852e+00  0.0000000000000000e+00  6.3408097529987068e-04  nan  1  5  5  2.4610393020307315e-05  0.0000000000000000e+00  0
1.0880000000001900e+02  1.8300652944451398e-03  2.5940375967745425e-03  1  1.0132632638439438e+00  0.0000000000000000e+00  6.3828009956240213e-04  nan  1  5  5  2.5018032311036865e-05  0.0000000000000000e+00  0
1.0960000000001899e+02  1.8656103062575748e-03  2.6408454631100652e-03  1  1.0132645106060332e+00  0.0000000000000000e+00  6.4294074901859362e-04  nan  1  5  5  2.5399540358736857e-05  0.0000000000000000e+00  0
1.1040000000002000e+02  1.9014937372145188e-03  2.6880478896145689e-03  1  1.0132651707504992e+00  0.0000000000000000e+00  6.4824299819396124e-04  nan  1  5  5  2.5844451218226376e-05  0.0000000000000000e+00  0
1.1120000000002000e+02  1.9369240307834249e-03  2.7356765671006211e-03  1  1.0132701183746695e+00  0.0000000000000000e+00  6.5471264341280784e-04  nan  1  5  5  2.6337981642659539e-05  0.0000000000000000e+00  0
1.1200000000001999e+02  1.9728579117241907e-03  2.7841418756280318e-03  1  1.0132757292282772e+00  0.0000000000000000e+00  6.6092830414155913e-04  nan  1  5  5  2.6793169520586813e-05  0.0000000000000000e+00  0
1.1280000000002100e+02  2.0098538601575184e-03  2.8330525824267943e-03  1  1.0132765531173125e+00  0.0000000000000000e+00  6.6583504497267189e-04  nan  1  5  5  2.7211345592212004e-05  0.0000000000000000e+00  0
1.1360000000002100e+02  2.0470204285346653e-03  2.8818775072720405e-03  1  1.0132734256786766e+00  0.0000000000000000e+00  6.7053605891646178e-04  nan  1  5  5  2.7646024525309192e-05  0.0000000000000000e+00  0
1.1440000000002200e+02  2.0837926383606639e-03  2.9307579930131712e-03  1  1.0132706991422966e+00  0.0000000000000000e+00  6.7613911372760868e-04  nan  1  5  5  2.8103926242550478e-05  0.0000000000000000e+00  0
1.1520000000002200e+02  2.1207572713113593e-03  2.9801815306656422e-03  1  1.0132688955685918e+00  0.0000000000000000e+00  6.8192086801619096e-04  nan  1  5  5  2.8570202630803632e-05  0.0000000000000000e+00  0
1.1600000000002200e+02  2.1582825311838483e-03  3.0301241534334985e-03  1  1.0132679290165734e+00  0.0000000000000000e+00  6.8709369806240156e-04  nan  1  5  5  2.9038155653746184e-05  0.0000000000000000e+00  0
1.1680000000002300e+02  2.1960620591114591e-03  3.0801027105495675e-03  1  1.0132871272546824e+00  0.0000000000000000e+00  6.9201896937031370e-04  nan  1  5  5  2.9502318886149887e-05  0.0000000000000000e+00  0
1.1760000000002300e+02  2.2343088644468730e-03  3.1306009257251830e-03  1  1.0133066369925539e+00  0.0000000000000000e+00  6.9735926543088814e-04  nan  1  5  5  2.9970056471140111e-05  0.0000000000000000e+00  0
1.1840000000002399e+02  2.2731644683679580e-03  3.1820844004177341e-03  1  1.0133256411083091e+00  0.0000000000000000e+00  7.0311798768633665e-04  nan  1  5  5  3.0443806749549512e-05  0.0000000000000000e+00  0
1.1920000000002400e+02  2.3113839988937834e-03  3.2329912705902288e-03  1  1.0133421022316271e+00  0.0000000000000000e+00  7.0818210882372414e-04  nan  1  5  5  3.0914801064630579e-05  0.0000000000000000e+00  0
1.2000000000002400e+02  2.3490932126650813e-03  3.2835225596033403e-03  1  1.0133563350998345e+00  0.0000000000000000e+00  7.1228086839771618e-04  nan  1  5  5  3.1395835976063744e-05  0.0000000000000000e+00  0
1.2080000000002499e+02  2.3887784301587860e-03  3.3365484648135214e-03  1  1.0133705716885062e+00  0.0000000000000000e+00  7.1752724027625498e-04  nan  1  5  5  3.1886682878661427e-05  0.0000000000000000e+00  0
1.2160000000002501e+02  2.4296328793695543e-03  3.3904042194130317e-03  1  1.0133850007487757e+00  0.0000000000000000e+00  7.2409348636613181e-04  nan  1  5  5  3.2382128398565363e-05  0.0000000000000000e+00  0
1.2240000000002600e+02  2.4683629449372530e-03  3.4416802148668547e-03  1  1.0133968007368543e+00  0.0000000000000000e+00  7.2882483232050103e-04  nan  1  5  5  3.2924596116465955e-05  0.0000000000000000e+00  0
1.2320000000002599e+02  2.5068111261781212e-03  3.4935394559286606e-03  1  1.0134059118502428e+00  0.0000000000000000e+00  7.3218971272409410e-04  nan  1  5  5  3.3459545759961908e-05  0.0000000000000000e+00  0
1.2400000000002700e+02  2.5478724752514654e-03  3.5480623511155128e-03  1  1.0134153138185589e+00  0.0000000000000000e+00  7.3785885675283554e-04  nan  1  5  5  3.4006619833074623e-05  0.0000000000000000e+00  0
1.2480000000002700e+02  2.5886389541989897e-03  3.6012719278360407e-03  1  1.0134233249424105e+00  0.0000000000000000e+00  7.4431260427414842e-04  nan  1  5  5  3.4573979597704585e-05  0.0000000000000000e+00  0
1.2560000000002699e+02  2.6276275636614070e-03  3.6535699493508056e-03  1  1.0134273778720446e+00  0.0000000000000000e+00  7.4764862568234356e-04  nan  1  5  5  3.5109804779877422e-05  0.0000000000000000e+00  0
1.2640000000002800e+02  2.6680489681728419e-03  3.7084936323742799e-03  1  1.0134324105561381e+00  0.0000000000000000e+00  7.5037632647837707e-04  nan  1  5  5  3.5645271594160927e-05  0.0000000000000000e+00  0
1.2720000000002800e+02  2.7097253046893975e-03  3.7635713486128260e-03  1  1.0134410677581536e+00  0.0000000000000000e+00  7.5694221444486934e-04  nan  1  5  5  3.6253991046834455e-05  0.0000000000000000e+00  0
1.2800000000002899e+02  2.7501383770131265e-03  3.8166686308485319e-03  1  1.0134446869265854e+00  0.0000000000000000e+00  7.6401701893603522e-04  nan  1  5  5  3.6857001398026595e-05  0.0000000000000000e+00  0
1.2880000000002801e+02  2.7902971695707044e-03  3.8704725134724380e-03  1  1.0134390166527367e+00  0.0000000000000000e+00  7.6775679351604267e-04  nan  1  5  5  3.7385411892520798e-05  0.0000000000000000e+00  0
1.2960000000002699e+02  2.8313325741195624e-03  3.9253393906477389e-03  1  1.0134352101197051e+00  0.0000000000000000e+00  7.7162618931968740e-04  nan  1  5  5  3.7928715759185828e-05  0.0000000000000000e+00  0
1.3040000000002601e+02  2.8724964965112566e-03  3.9798783801086521e-03  1  1.0134384791899342e+00  0.0000000000000000e+00  7.7893974280140435e-04  nan  1  5  5  3.8514846029516589e-05  0.0000000000000000e+00  0
1.3120000000002599e+02  2.9138564064541310e-03  4.0350938221237840e-03  1  1.0134363879001940e+00  0.0000000000000000e+00  7.8483518834682913e-04  nan  1  5  5  3.9091301085672530e-05  0.0000000000000000e+00  0
1.3200000000002501e+02  2.9552768687582023e-03  4.0909932804462142e-03  1  1.0134257799383619e+00  0.0000000000000000e+00  7.8897887352355576e-04  nan  1  5  5  3.9697338475395555e-05  0.0000000000000000e+00  0
1.3280000000002400e+02  2.9962939111775411e-03  4.1461969704954024e-03  1  1.0134506299080666e+00  0.0000000000000000e+00  7.9629023273031349e-04  nan  1  5  5  4.0331400260600913e-05  0.0000000000000000e+00  0
1.3360000000002299e+02  3.0376960028711607e-03  4.2012488236406768e-03  1  1.0134767511411558e+00  0.0000000000000000e+00  8.0323822898449799e-04  nan  1  5  5  4.0892615535000107e-05  0.0000000000000000e+00  0
1.3440000000002300e+02  3.0794150823833556e-03  4.2568416740922863e-03  1  1.0134908002226091e+00  0.0000000000000000e+00  8.0634640243447864e-04  nan  1  5  5  4.1415836685958590e-05  0.0000000000000000e+00  0
1.3520000000002199e+02  3.1203838088849599e-03  4.3120931629991857e-03  1  1.0135025290898396e+00  0.0000000000000000e+00  8.1075098799796941e-04  nan  1  5  5  4.2017397703533708e-05  0.0000000000000000e+00  0
1.3600000000002100e+02  3.1612174194898804e-03  4.3666049054890002e-03  1  1.0135218228559937e+00  0.0000000000000000e+00  8.1781393042199251e-04  nan  1  5  5  4.2654386300690805e-05  0.0000000000000000e+00  0
1.3680000000002099e+02  3.2027420345203377e-03  4.4212200954792573e-03  1  1.0135402012263088e+00  0.0000000000000000e+00  8.2333156274415115e-04  nan  1  5  5  4.3238807154431022e-05  0.0000000000000000e+00  0
1.3760000000002000e+02  3.2441483840228149e-03  4.4767572585203809e-03  1  1.0135514770787772e+00  0.0000000000000000e+00  8.2741851444240319e-04  nan  1  5  5  4.3805665824969715e-05  0.0000000000000000e+00  0
1.3840000000001899e+02  3.2849956223028366e-03  4.5328738869838178e-03  1  1.0135607517550012e+00  0.0000000000000000e+00  8.3254234934719150e-04  nan  1  5  5  4.4401302977328417e-05  0.0000000000000000e+00  0
1.3920000000001801e+02  3.3259602874786405e-03  4.5882481081039985e-03  1  1.0135708497130509e+00  0.0000000000000000e+00  8.3822116549459545e-04  nan  1  5  5  4.5000461014650740e-05  0.0000000000000000e+00  0
1.4000000000001799e+02  3.3672255122489049e-03  4.6423679075108856e-03  1  1.0135789011997320e+00  0.0000000000000000e+00  8.4323881333391341e-04  nan  1  5  5  4.5583213365642930e-05  0.0000000000000000e+00  0
1.4080000000001701e+02  3.4082935193661245e-03  4.6962637449892639e-03  1  1.0135839825247595e+00  0.0000000000000000e+00  8.4775006242867928e-04  nan  1  5  5  4.6167031278115149e-05  0.0000000000000000e+00  0
1.4160000000001600e+02  3.4488958119631187e-03  4.7508559585719536e-03  1  1.0135881760924494e+00  0.0000000000000000e+00  8.5225615785609107e-04  nan  1  5  5  4.6759079990534559e-05  0.0000000000000000e+00  0
1.4240000000001501e+02  3.4891441323900703e-03  4.8057091023314923e-03  1  1.0135914235143904e+00  0.0000000000000000e+00  8.5697494333363629e-04  nan  1  5  5  4.7345269423406235e-05  0.0000000000000000e+00  0
1.4320000000001500e+02  3.5293357203974086e-03  4.8600574754927477e-03  1  1.0135912870243422e+00  0.0000000000000000e+00  8.6193416930074082e-04  nan  1  5  5  4.7922082993012087e-05  0.0000000000000000e+00  0
1.4400000000001401e+02  3.5695862806243081e-03  4.9138536992017930e-03  1  1.0135883946273951e+00  0.0000000000000000e+00  8.6738106887693212e-04  nan  1  5  5  4.8492418582108119e-05  0.0000000000000000e+00  0
1.4480000000001300e+02  3.6095931234272067e-03  4.9671143799339609e-03  1  1.0135858484341849e+00  0.0000000000000000e+00  8.7330647194244586e-04  nan  1  5  5  4.9062351857107597e-05  0.0000000000000000e+00  0
1.4560000000001301e+02  3.6493552422522855e-03  5.0199667171912923e-03  1  1.0135829457176575e+00  0.0000000000000000e+00  8.7832998926136430e-04  nan  1  5  5  4.9647298491688229e-05  0.0000000000000000e+00  0
1.4640000000001200e+02  3.6891766878974727e-03  5.0730639326470837e-03  1  1.0135808131293691e+00  0.0000000000000000e+00  8.8421831807078118e-04  nan  1  5  5  5.0231625607514537e-05  0.0000000000000000e+00  0
1.4720000000001099e+02  3.7287231373637542e-03  5.1261984155072217e-03  1  1.0136034170465138e+00  0.0000000000000000e+00  8.9100808285993548e-04  nan  1  5  5  5.0779513750380504e-05  0.0000000000000000e+00  0
1.4800000000001000e+02  3.7677444503137494e-03  5.1784855050492525e-03  1  1.0136229414716964e+00  0.0000000000000000e+00  8.9677812552942050e-04  nan  1  5  5  5.1305224099304635e-05  0.0000000000000000e+00  0
1.4880000000000999e+02  3.8065391626508609e-03  5.2300255886872362e-03  1  1.0136439872715211e+00  0.0000000000000000e+00  9.0190444579875829e-04  nan  1  5  5  5.1859490865797837e-05  0.0000000000000000e+00  0
1.4960000000000900e+02  3.8448247641364535e-03  5.2810849259419005e-03  1  1.0136645605293519e+00  0.0000000000000000e+00  9.0739745717563188e-04  nan  1  5  5  5.2436344132465204e-05  0.0000000000000000e+00  0
1.5040000000000799e+02  3.8825008461453397e-03  5.3315902467795002e-03  1  1.0136794732379810e+00  0.0000000000000000e+00  9.1279200624967108e-04  nan  1  5  5  5.2977953466717835e-05  0.0000000000000000e+00  0
1.5120000000000701e+02  3.9202790131878723e-03  5.3817854553101559e-03  1  1.0136929182629870e+00  0.0000000000000000e+00  9.1843161396769411e-04  nan  1  5  5  5.3486226811989935e-05  0.0000000000000000e+00  0
1.5200000000000699e+02  3.9580027800258932e-03  5.4316932470802968e-03  1  1.0137050010794733e+00  0.0000000000000000e+00  9.2394516716397485e-04  nan  1  5  5  5.3994484968199868e-05  0.0000000000000000e+00  0
1.5280000000000601e+02  3.9950224546960829e-03  5.4811709677666295e-03  1  1.0137120908343198e+00  0.0000000000000000e+00  9.2862895932594629e-04  nan  1  5  5  5.4493123686350985e-05  0.0000000000000000e+00  0
1.5360000000000500e+02  4.0314380764391051e-03  5.5296579393729027e-03  1  1.0137204184449433e+00  0.0000000000000000e+00  9.3385722576599332e-04  nan  1  5  5  5.5003136477544593e-05  0.0000000000000000e+00  0
1.5440000000000501e+02  4.0672008661967775e-03  5.5764910722596213e-03  1  1.0137299854082580e+00  0.0000000000000000e+00  9.3919058079444564e-04  nan  1  5  5  5.5529208794018035e-05  0.0000000000000000e+00  0
1.5520000000000400e+02  4.1023793016009488e-03  5.6230947897960440e-03  1  1.0137323085308974e+00  0.0000000000000000e+00  9.4337463190958290e-04  nan  1  5  5  5.6000101824602636e-05  0.0000000000000000e+00  0
1.5600000000000301e+02  4.1375779298278527e-03  5.6705605026169999e-03  1  1.0137301650501729e+00  0.0000000000000000e+00  9.4819048197484525e-04  nan  1  5  5  5.6436665443731029e-05  0.0000000000000000e+00  0
1.5680000000000200e+02  4.1724130782101795e-03  5.7165053643669509e-03  1  1.0137298572634472e+00  0.0000000000000000e+00  9.5377662377419152e-04  nan  1  5  5  5.6908904033773979e-05  0.0000000000000000e+00  0
1.5760000000000201e+02  4.2062628297829096e-03  5.7600082472222492e-03  1  1.0137284145661996e+00  0.0000000000000000e+00  9.5820439190522902e-04  nan  1  5  5  5.7375676727465947e-05  0.0000000000000000e+00  0
1.5840000000000100e+02  4.2397264235958009e-03  5.8037314771222327e-03  1  1.0137225843149380e+00  0.0000000000000000e+00  9.6320429484371395e-04  nan  1  5  5  5.7801321894606135e-05  0.0000000000000000e+00  0
1.5919999999999999e+02  4.2728970859418069e-03  5.8479960221438322e-03  1  1.0137134311213578e+00  0.0000000000000000e+00  9.6909177271150030e-04  nan  1  5  5  5.8211056781575551e-05  0.0000000000000000e+00  0
1.5999999999999901e+02  4.3051051604397449e-03  5.8905476588538216e-03  1  1.0137358633817268e+00  0.0000000000000000e+00  9.7559654693017716e-04  nan  1  5  5  5.8616271079965904e-05  0.0000000000000000e+00  0
1.6079999999999899e+02  4.3368195351559174e-03  5.9315107185272282e-03  1  1.0137609762522748e+00  0.0000000000000000e+00  9.8271234438574839e-04  nan  1  5  5  5.9017451801176055e-05  0.0000000000000000e+00  0
1.6159999999999800e+02  4.3686658411904991e-03  5.9723851071405111e-03  1  1.0137847559982383e+00  0.0000000000000000e+00  9.8846613513176246e-04  nan  1  5  5  5.9407010989941828e-05  0.0000000000000000e+00  0
1.6239999999999699e+02  4.3998053374823178e-03  6.0126530797944945e-03  1  1.0138034464345913e+00  0.0000000000000000e+00  9.9255710531180206e-04  nan  1  5  5  5.9778035051335629e-05  0.0000000000000000e+00  0
1.6319999999999700e+02  4.4294085508878129e-03  6.0511032322521320e-03  1  1.0138172892708472e+00  0.0000000000000000e+00  9.9839484634309142e-04  nan  1  5  5  6.0130914947601903e-05  0.0000000000000000e+00  0
1.6399999999999599e+02  4.4580686806703117e-03  6.0880039372299436e-03  1  1.0138292999444027e+00  0.0000000000000000e+00  1.0058915748960980e-03  nan  1  5  5  6.0450987297652079e-05  0.0000000000000000e+00  0
1.6479999999999501e+02  4.4866007696620176e-03  6.1243036879300551e-03  1  1.0138408427794228e+00  0.0000000000000000e+00  1.0109312463033929e-03  nan  1  5  5  6.0745033070651329e-05  0.0000000000000000e+00  0
1.6559999999999400e+02  4.5148910712303923e-03  6.1602637767177440e-03  1  1.0138515275439475e+00  0.0000000000000000e+00  1.0142126203618719e-03  nan  1  5  5  6.1057475086032873e-05  0.0000000000000000e+00  0
1.6639999999999401e+02  4.5424436696041232e-03  6.1953710830637328e-03  1  1.0138598695816321e+00  0.0000000000000000e+00  1.0197414070698659e-03  nan  1  5  5  6.1381805599989686e-05  0.0000000000000000e+00  0
1.6719999999999300e+02  4.5690008712331925e-03  6.2290207841886316e-03  1  1.0138641268432449e+00  0.0000000000000000e+00  1.0265137988727511e-03  nan  1  5  5  6.1654038131931765e-05  0.0000000000000000e+00  0
1.6799999999999201e+02  4.5946011450900626e-03  6.2612278862624500e-03  1  1.0138647109992369e+00  0.0000000000000000e+00  1.0312778599572811e-03  nan  1  5  5  6.1871571242199679e-05  0.0000000000000000e+00  0
1.6879999999999100e+02  4.6195032151272932e-03  6.2923758631577217e-03  1  1.0138634466147494e+00  0.0000000000000000e+00  1.0348595753617153e-03  nan  1  5  5  6.2094295250196205e-05  0.0000000000000000e+00  0
1.6959999999999101e+02  4.6438051920298503e-03  6.3224114501515662e-03  1  1.0138603394460599e+00  0.0000000000000000e+00  1.0393599244358351e-03  nan  1  5  5  6.2330028847113766e-05  0.0000000000000000e+00  0
1.7039999999999000e+02  4.6672568675994045e-03  6.3511028434370944e-03  1  1.0138542079166208e+00  0.0000000000000000e+00  1.0443072057937420e-03  nan  1  5  5  6.2535633197926434e-05  0.0000000000000000e+00  0
1.7119999999998899e+02  4.6896721991086313e-03  6.3786017325989028e-03  1  1.0138470541257003e+00  0.0000000000000000e+00  1.0508316192166132e-03  nan  1  5  5  6.2701179063295653e-05  0.0000000000000000e+00  0
1.7199999999998900e+02  4.7111835621615698e-03  6.4049607246942199e-03  1  1.0138741008269978e+00  0.0000000000000000e+00  1.0571693474289703e-03  nan  1  5  5  6.2852589583242742e-05  0.0000000000000000e+00  0
1.7279999999998799e+02  4.7320446876061842e-03  6.4300009658887110e-03  1  1.0138988575576853e+00  0.0000000000000000e+00  1.0633941015364956e-03  nan  1  5  5  6.3001598019324289e-05  0.0000000000000000e+00  0
1.7359999999998701e+02  4.7522916527515573e-03  6.4538555788505739e-03  1  1.0139200906126953e+00  0.0000000000000000e+00  1.0695349855733365e-03  nan  1  5  5  6.3125067814536555e-05  0.0000000000000000e+00  0
1.7439999999998599e+02  4.7715669914225600e-03  6.4764612363549853e-03  1  1.0139373103253413e+00  0.0000000000000000e+00  1.0753307264113705e-03  nan  1  5  5  6.3202279043674529e-05  0.0000000000000000e+00  0
1.7519999999998601e+02  4.7895498295843332e-03  6.4972486964799516e-03  1  1.0139535062089196e+00  0.0000000000000000e+00  1.0812306282007892e-03  nan  1  5  5  6.3270201946060713e-05  0.0000000000000000e+00  0
1.7599999999998499e+02  4.8064563840294313e-03  6.5163710792523772e-03  1  1.0139696819469446e+00  0.0000000000000000e+00  1.0875309480241704e-03  nan  1  5  5  6.3359295300619096e-05  0.0000000000000000e+00  0
1.7679999999998401e+02  4.8226574754103371e-03  6.5346013714974284e-03  1  1.0139801865899889e+00  0.0000000000000000e+00  1.0927919779803552e-03  nan  1  5  5  6.3407208687589993e-05  0.0000000000000000e+00  0
1.7759999999998300e+02  4.8381255804579399e-03  6.5516789726411447e-03  1  1.0139841203055628e+00  0.0000000000000000e+00  1.0970115609054815e-03  nan  1  5  5  6.3383405711780102e-05  0.0000000000000000e+00  0
1.7839999999998301e+02  4.8526701900640625e-03  6.5669516078031218e-03  1  1.0139877585129138e+00  0.0000000000000000e+00  1.1025979952072502e-03  nan  1  5  5  6.3362181638794955e-05  0.0000000000000000e+00  0
1.7919999999998200e+02  4.8661677722879430e-03  6.5807431364516148e-03  1  1.0139909808657790e+00  0.0000000000000000e+00  1.1088107717911403e-03  nan  1  5  5  6.3352116406869630e-05  0.0000000000000000e+00  0
1.7999999999998099e+02  4.8783431248594182e-03  6.5931729914583638e-03  1  1.0139904431619897e+00  0.0000000000000000e+00  1.1128860052339474e-03  nan  1  5  5  6.3302265855533170e-05  0.0000000000000000e+00  0
1.8079999999998100e+02  4.8892746999001100e-03  6.6038802450082042e-03  1  1.0139873811180178e+00  0.0000000000000000e+00  1.1163097551165554e-03  nan  1  5  5  6.3239925152286020e-05  0.0000000000000000e+00  0
1.8159999999998001e+02  4.8998491705000312e-03  6.6135841985463326e-03  1  1.0139806884350711e+00  0.0000000000000000e+00  1.1214208731022538e-03  nan  1  5  5  6.3161723349256267e-05  0.0000000000000000e+00  0
1.8239999999997900e+02  4.9101094511507749e-03  6.6224694893591953e-03  1  1.0139760390194978e+00  0.0000000000000000e+00  1.1270372335533112e-03  nan  1  5  5  6.3016599069231445e-05  0.0000000000000000e+00  0
1.8319999999997799e+02  4.9185385074184936e-03  6.6288114601166350e-03  1  1.0140022485296134e+00  0.0000000000000000e+00  1.1336930877114237e-03  nan  1  5  5  6.2856279472886967e-05  0.0000000000000000e+00  0
1.8399999999997800e+02  4.9249994810432003e-03  6.6327319092971144e-03  1  1.0140281999132614e+00  0.0000000000000000e+00  1.1399622097814312e-03  nan  1  5  5  6.2721811725421442e-05  0.0000000000000000e+00  0
1.8479999999997699e+02  4.9312632700683652e-03  6.6365969954222202e-03  1  1.0140511898133857e+00  0.0000000000000000e+00  1.1464202929526669e-03  nan  1  5  5  6.2552537355459601e-05  0.0000000000000000e+00  0
1.8559999999997601e+02  4.9372271154865567e-03  6.6397852936064495e-03  1  1.0140707576485841e+00  0.0000000000000000e+00  1.1526872847829643e-03  nan  1  5  5  6.2341418767397961e-05  0.0000000000000000e+00  0
1.8639999999997499e+02  4.9411978055962048e-03  6.6397577744513473e-03  1  1.0140863331258052e+00  0.0000000000000000e+00  1.1586121957876823e-03  nan  1  5  5  6.2117436893523368e-05  0.0000000000000000e+00  0
1.8719999999997501e+02  4.9436067268354821e-03  6.6374932147969818e-03  1  1.0140971335230564e+00  0.0000000000000000e+00  1.1646795860264347e-03  nan  1  5  5  6.1857997822422020e-05  0.0000000000000000e+00  0
1.8799999999997399e+02  4.9457981640603022e-03  6.6352494055871899e-03  1  1.0141061977018713e+00  0.0000000000000000e+00  1.1705724766476302e-03  nan  1  5  5  6.1578289016877189e-05  0.0000000000000000e+00  0
1.8879999999997301e+02  4.9471829579396422e-03  6.6319972978756683e-03  1  1.0141143161515247e+00  0.0000000000000000e+00  1.1756321031657540e-03  nan  1  5  5  6.1305664842033447e-05  0.0000000000000000e+00  0
1.8959999999997299e+02  4.9468337314649532e-03  6.6259766674291324e-03  1  1.0141172989731879e+00  0.0000000000000000e+00  1.1805442000000000e-03  nan  1  5  5  6.0993596064127408e-05  0.0000000000000000e+00  0
1.9039999999997201e+02  4.9452516806413310e-03  6.6180353881870341e-03  1  1.0141151355481974e+00  0.0000000000000000e+00  1.1858519852241919e-03  nan  1  5  5  6.0633927648363832e-05  0.0000000000000000e+00  0
1.9119999999997100e+02  4.9430168637379949e-03  6.6093885194610600e-03  1  1.0141117523900158e+00  0.0000000000000000e+00  1.1906195422956491e-03  nan  1  5  5  6.0285752286085154e-05  0.0000000000000000e+00  0
1.9199999999996999e+02  4.9397115288875764e-03  6.5992559473223196e-03  1  1.0141056053727078e+00  0.0000000000000000e+00  1.1946592916088172e-03  nan  1  5  5  5.9928988970136923e-05  0.0000000000000000e+00  0
1.9279999999997000e+02  4.9348158738060218e-03  6.5867326433574919e-03  1  1.0140997104943386e+00  0.0000000000000000e+00  1.1989380768634528e-03  nan  1  5  5  5.9504013398490133e-05  0.0000000000000000e+00  0
1.9359999999996899e+02  4.9286395281350889e-03  6.5725739252959266e-03  1  1.0141285456737859e+00  0.0000000000000000e+00  1.2060784684411404e-03  nan  1  5  5  5.9051812266493650e-05  0.0000000000000000e+00  0
1.9439999999996800e+02  4.9217287838038025e-03  6.5575405526770610e-03  1  1.0141551287626407e+00  0.0000000000000000e+00  1.2127296187412423e-03  nan  1  5  5  5.8628001500210290e-05  0.0000000000000000e+00  0
1.9519999999996699e+02  4.9138621586506444e-03  6.5409897326592255e-03  1  1.0141777868181328e+00  0.0000000000000000e+00  1.2182906464101543e-03  nan  1  5  5  5.8188833731472972e-05  0.0000000000000000e+00  0
1.9599999999996700e+02  4.9045725189601893e-03  6.5223305376991021e-03  1  1.0141957731309135e+00  0.0000000000000000e+00  1.2246375971256276e-03  nan  1  5  5  5.7689899835264334e-05  0.0000000000000000e+00  0
1.9679999999996599e+02  4.8940551940589369e-03  6.5020755095188416e-03  1  1.0142102071477663e+00  0.0000000000000000e+00  1.2314667231449396e-03  nan  1  5  5  5.7164228896046990e-05  0.0000000000000000e+00  0
1.9759999999996501e+02  4.8825626573889844e-03  6.4806556178981841e-03  1  1.0142216952441281e+00  0.0000000000000000e+00  1.2376083353988715e-03  nan  1  5  5  5.6639974415357055e-05  0.0000000000000000e+00  0
1.9839999999996499e+02  4.8698752677332306e-03  6.4577267907828242e-03  1  1.0142299589014339e+00  0.0000000000000000e+00  1.2428423076190850e-03  nan  1  5  5  5.6109527980482991e-05  0.0000000000000000e+00  0
1.9919999999996401e+02  4.8560744109853310e-03  6.4331752894322370e-03  1  1.0142347018416036e+00  0.0000000000000000e+00  1.2476036676824496e-03  nan  1  5  5  5.5563537253348936e-05  0.0000000000000000e+00  0
1.9999999999996299e+02  4.8415727188058704e-03  6.4075317919392513e-03  1  1.0142350901854318e+00  0.0000000000000000e+00  1.2530252504721732e-03  nan  1  5  5  5.4972335550759590e-05  0.0000000000000000e+00  0
2.0000999999996299e+02  4.8413868590254251e-03  6.4072058130181112e-03  1  1.0142350664008128e+00  0.0000000000000000e+00  1.2531006093421113e-03  nan  1  5  5  5.4964584728838710e-05  0.0000000000000000e+00  0
