# time  Re(R=8)  Im(R=8)  Re(R=16)  Im(R=16)
0.0000000000000000e+00  -5.2219295424962226e-05  1.3038868887882148e-06  1.5216227589811158e-05  5.6587410123768287e-07
4.0000000000000002e-01  -5.2701509621618393e-05  -3.4357478601720323e-07  -3.7651008218547034e-05  -1.6637965386711953e-06
8.0000000000000004e-01  -4.3859052398667302e-05  2.0611525987366832e-07  -4.6780179933240172e-05  -6.7770932188655362e-07
1.2000000000000000e+00  -4.5705220187138877e-05  -5.0975960139997051e-07  -4.2170289633860377e-05  -6.5126690625165606e-07
1.6000000000000001e+00  -4.5641190005095972e-05  2.6160484493473406e-07  -4.3053092157580283e-05  -1.4894946614269963e-07
2.0000000000000000e+00  -4.3200907595893493e-05  -1.4551100784125696e-07  -4.2102877478426106e-05  -2.8560796766614976e-07
2.3999999999999901e+00  -4.5117224189025195e-05  -4.6846094156585160e-07  -4.1891780719068545e-05  -7.3609631627880186e-08
2.7999999999999798e+00  -4.9126140597819191e-05  2.6785274775663973e-07  -4.1644232600746183e-05  1.7240573894917865e-09
3.1999999999999802e+00  -4.9037015284643144e-05  1.3262147956403659e-07  -4.1339313331989442e-05  -1.9202097008638452e-07
3.5999999999999699e+00  -4.8419120922038541e-05  -5.6356655557066887e-07  -4.0904311641702678e-05  -1.4474070602827944e-07
3.9999999999999600e+00  -5.0054441117130486e-05  -2.6618957875570160e-07  -4.0654285260320256e-05  -1.3925277294287798e-07
4.3999999999999497e+00  -5.1986322277250723e-05  -1.3247054810238913e-07  -4.0908138829001919e-05  2.5873061110121581e-08
4.7999999999999403e+00  -5.4475174159205282e-05  3.4245074050192688e-08  -4.1183837499833043e-05  5.4783032701725562e-08
5.1999999999999300e+00  -5.6934587635635451e-05  1.0141377027813679e-07  -4.1516449067766371e-05  -1.8630320259204076e-07
5.5999999999999304e+00  -5.8559602785643719e-05  -1.0477530378029376e-07  -4.1445694331701252e-05  -1.5044566613772473e-07
5.9999999999999201e+00  -5.9496609468325608e-05  -1.2901356274307640e-07  -4.1123384130747331e-05  -5.3291701001517406e-08
6.3999999999999098e+00  -6.0704178020957181e-05  -1.0441399220988984e-07  -4.0703380621861821e-05  -1.2538709154233833e-07
6.7999999999999003e+00  -6.2914531712992674e-05  -9.5422581329184461e-08  -4.0625644530579446e-05  -3.1208068645711062e-08
7.1999999999998900e+00  -6.5215378450314535e-05  -1.5054690429631497e-07  -4.1040735136595166e-05  5.1643020020366855e-08
7.5999999999998797e+00  -6.6850698369565274e-05  -2.1863547262022319e-07  -4.0865267887572804e-05  -1.0894274078477545e-07
7.9999999999998703e+00  -6.8066023770217791e-05  8.3279898756442180e-10  -4.0173536753834098e-05  -9.7102830998559927e-08
8.3999999999998707e+00  -6.8570811241676255e-05  4.3488522860552400e-08  -3.9911180976059894e-05  3.4720832984412410e-08
8.7999999999998604e+00  -6.8047474488081754e-05  -2.5053062252963794e-07  -3.9552183757683464e-05  -6.9531116948469735e-08
9.1999999999998501e+00  -6.7310268595539477e-05  -2.0996443921365958e-07  -3.8530621656713979e-05  -1.9178030199220277e-07
9.5999999999998398e+00  -6.6679916113119924e-05  4.0863941124885756e-08  -3.7511205033590021e-05  -1.3746722330205932e-07
9.9999999999998295e+00  -6.5067549185994890e-05  -5.6883797090238470e-09  -3.6772281081751434e-05  -7.9101376094468660e-09
1.0399999999999800e+01  -6.2089866629518590e-05  -1.2823536871290705e-07  -3.5933548073222212e-05  9.2228571792577335e-08
1.0799999999999800e+01  -5.8765279477228521e-05  -1.2029573256610993e-07  -3.5092778390973959e-05  4.0286948299872472e-08
1.1199999999999800e+01  -5.5521792205633598e-05  -1.2756649665962317e-07  -3.4301294380300195e-05  -1.3933900134483855e-07
1.1599999999999801e+01  -5.1658748358964694e-05  -1.2318411204818485e-07  -3.3193292829469723e-05  -2.0811759904290472e-07
1.1999999999999799e+01  -4.6903534930206204e-05  -4.2386882919004135e-08  -3.2011106574795059e-05  -8.9182181456029177e-08
1.2399999999999800e+01  -4.1703724541906998e-05  -7.9766892749098397e-10  -3.1252352839876950e-05  1.3345344434629859e-08
1.2799999999999800e+01  -3.6024206157438850e-05  -5.8529800947985349e-08  -3.0714815964358896e-05  -1.4413492520311636e-08
1.3199999999999800e+01  -2.9458909772274071e-05  -1.4361448336991571e-07  -3.0084015439689151e-05  -1.5782964809928833e-08
1.3599999999999801e+01  -2.2298889302872298e-05  -2.0916502025144745e-07  -2.9294901102540818e-05  8.1572474112648271e-08
1.3999999999999700e+01  -1.4962253470914217e-05  -2.2757737429109646e-07  -2.8101531396960154e-05  6.5059686415512331e-08
1.4399999999999700e+01  -6.9876379898239474e-06  -1.2104156318741185e-07  -2.6444339668076028e-05  -1.0562251388196938e-07
1.4799999999999701e+01  2.1618510612126585e-06  5.5383377239631634e-08  -2.4740420495702050e-05  -1.3297161476568537e-07
1.5199999999999701e+01  1.2342059273587630e-05  8.7431855429373536e-08  -2.3023670991364484e-05  2.8046069693208082e-08
1.5599999999999699e+01  2.3373727766742091e-05  -4.4083135390686375e-08  -2.0702662674276258e-05  7.9299844502432090e-08
1.5999999999999700e+01  3.5329543875236426e-05  -1.3146805409483284e-07  -1.7563558169263445e-05  -2.1291906666590133e-08
1.6399999999999800e+01  4.8206096326408810e-05  -9.4841487835516014e-08  -1.4007247242715708e-05  -4.9963576756160242e-08
1.6799999999999802e+01  6.2097698933853555e-05  -3.8686859624297189e-08  -1.0271462391324062e-05  1.5722700585881134e-08
1.7199999999999900e+01  7.7401537224840473e-05  -3.1646636079533874e-08  -6.1291364889306280e-06  4.3158434246780992e-08
1.7600000000000001e+01  9.4506827617718586e-05  -4.6469026480475183e-08  -1.2434319262153308e-06  3.0768804368118513e-08
1.8000000000000000e+01  1.1352980464514006e-04  -5.0390756697053806e-08  4.4270731171169584e-06  3.7875017062185343e-08
1.8400000000000102e+01  1.3438770561758397e-04  -4.3042601159550625e-08  1.0528699895419078e-05  4.9747513179064893e-08
1.8800000000000100e+01  1.5696852219902394e-04  -2.9685879535734393e-08  1.6615286042534429e-05  3.2068554271862574e-08
1.9200000000000198e+01  1.8125094043471690e-04  -9.8103990564628172e-09  2.2474105767338039e-05  -1.7383431001277080e-08
1.9600000000000300e+01  2.0733499080449096e-04  8.9012831948067011e-09  2.8189602778897431e-05  -4.4490745115315859e-08
2.0000000000000298e+01  2.3538274262028803e-04  9.1044036067437087e-09  3.3978175925000654e-05  2.3816773488676870e-08
2.0400000000000400e+01  2.6554790315717555e-04  -1.6586893421970397e-08  3.9858015433319435e-05  1.2701473670437428e-07
2.0800000000000502e+01  2.9794613311414758e-04  -4.9952004593659040e-08  4.5564254480929831e-05  1.0991859085697911e-07
2.1200000000000500e+01  3.3265697486802839e-04  -5.9213030523463230e-08  5.0852486597168951e-05  -2.3215201016765351e-08
2.1600000000000598e+01  3.6974892653953762e-04  -3.1023079670121826e-08  5.5651335612202864e-05  -1.0469591017368857e-07
2.2000000000000600e+01  4.0930868654951672e-04  1.4631030783592664e-08  5.9947532869843764e-05  -5.2248583714763938e-08
2.2400000000000698e+01  4.5144240435993858e-04  4.5258830829133620e-08  6.3798540255780218e-05  5.6662922380771582e-08
2.2800000000000800e+01  4.9625414636046607e-04  4.6506483243789011e-08  6.7422021051652994e-05  1.2550722117918913e-07
2.3200000000000799e+01  5.4383620688443451e-04  2.9957859481035358e-08  7.1100805417180073e-05  1.3433786100806941e-07
2.3600000000000900e+01  5.9428065413508137e-04  1.7243178503106391e-08  7.5008738173284174e-05  1.1153218373870217e-07
2.4000000000000998e+01  6.4769232290905806e-04  2.1303460192396298e-08  7.9159109739025544e-05  8.0701522693231818e-08
2.4400000000001000e+01  7.0418769768204516e-04  3.9822318894078732e-08  8.3493033528522157e-05  5.2614375746218961e-08
2.4800000000001098e+01  7.6388132008299288e-04  6.1119864098797278e-08  8.8023893713671056e-05  4.0152402085765028e-08
2.5200000000001101e+01  8.2687497420019524e-04  7.4650100874253346e-08  9.2915638436959387e-05  5.4769801384083198e-08
2.5600000000001199e+01  8.9326621400370406e-04  7.7912616686608878e-08  9.8406488688764253e-05  8.9963873008294266e-08
2.6000000000001300e+01  9.6316905469363324e-04  7.6053246587535105e-08  1.0463635760537773e-04  1.2181589756080676e-07
2.6400000000001299e+01  1.0367181284519898e-03  7.6278350794903193e-08  1.1153952403431571e-04  1.3100809366716140e-07
2.6800000000001400e+01  1.1140492163150585e-03  8.2340140926717955e-08  1.1889884728120097e-04  1.1986116980798639e-07
2.7200000000001499e+01  1.1952835684682936e-03  9.2868201393040807e-08  1.2650770443351503e-04  1.0414751254582969e-07
2.7600000000001501e+01  1.2805340157212041e-03  1.0352115080377816e-07  1.3430280671848589e-04  9.3648837128339320e-08
2.8000000000001599e+01  1.3699174850338525e-03  1.1044864217903130e-07  1.4237591009694150e-04  8.7277460165982851e-08
2.8400000000001601e+01  1.4635559903490259e-03  1.1260185140574194e-07  1.5088236200152700e-04  8.3412176363483049e-08
2.8800000000001699e+01  1.5615701358339786e-03  1.1179066125687909e-07  1.5993155474555856e-04  8.6341184751091032e-08
2.9200000000001801e+01  1.6640761705566886e-03  1.1087501840094122e-07  1.6953098383264698e-04  1.0063641956830957e-07
2.9600000000001799e+01  1.7711880607686474e-03  1.1163533526182707e-07  1.7960345554518000e-04  1.2357709035875623e-07
3.0000000000001901e+01  1.8830210065581565e-03  1.1395430716348460e-07  1.9004857842176931e-04  1.4624257197299853e-07
3.0400000000001999e+01  1.9996947831266289e-03  1.1660632410231008e-07  2.0079785737748884e-04  1.6131419793767583e-07
3.0800000000002001e+01  2.1213360404188494e-03  1.1850023532155056e-07  2.1183261966226075e-04  1.6835029905432040e-07
3.1200000000002099e+01  2.2480780420269762e-03  1.1922509262074431e-07  2.2317363655803459e-04  1.7209930141029801e-07
3.1600000000002101e+01  2.3800576536302590e-03  1.1884963115142214e-07  2.3486433804566814e-04  1.7744793828891810e-07
3.2000000000002203e+01  2.5174124998589235e-03  1.1758206609625545e-07  2.4695414019859744e-04  1.8623537942279451e-07
3.2400000000002102e+01  2.6602821885352229e-03  1.1561318812554149e-07  2.5948185496495511e-04  1.9730665998504883e-07
3.2800000000002001e+01  2.8088128814046810e-03  1.1304403903837546e-07  2.7246720200638425e-04  2.0826759225973201e-07
3.3200000000001999e+01  2.9631589483284761e-03  1.0983863735083476e-07  2.8591602134051680e-04  2.1748242354930289e-07
3.3600000000001899e+01  3.1234782853895712e-03  1.0591936796452972e-07  2.9983166673893486e-04  2.2537427656240686e-07
3.4000000000001798e+01  3.2899263796847388e-03  1.0138322416957570e-07  3.1422190261068064e-04  2.3404942288797908e-07
3.4400000000001697e+01  3.4626554778679616e-03  9.6570706671415373e-08  3.2909738946435973e-04  2.4524155714511927e-07
3.4800000000001603e+01  3.6418187797122564e-03  9.1835602833359177e-08  3.4446310623587886e-04  2.5843563126281919e-07
3.5200000000001602e+01  3.8275762514297291e-03  8.7246295060332989e-08  3.6031014067758511e-04  2.7117766063446231e-07
3.5600000000001501e+01  4.0200985616321528e-03  8.2551198129491074e-08  3.7662015812610448e-04  2.8122903592829001e-07
3.6000000000001400e+01  4.2195643736118379e-03  7.7410305777377085e-08  3.9338454967901345e-04  2.8824242104277314e-07
3.6400000000001299e+01  4.4261512864046844e-03  7.1594966693513343e-08  4.1062109874148418e-04  2.9349591193510311e-07
3.6800000000001198e+01  4.6400317617135162e-03  6.4966364221603060e-08  4.2837007514103979e-04  2.9851745170791929e-07
3.7200000000001197e+01  4.8613820725658813e-03  5.7364187762076681e-08  4.4667278551531540e-04  3.0419789208121517e-07
3.7600000000001103e+01  5.0903928597002997e-03  4.8652922451988812e-08  4.6555142060773357e-04  3.1081657182196641e-07
3.8000000000001002e+01  5.3272658612563643e-03  3.8965500284158979e-08  4.8500341838277159e-04  3.1830770131658436e-07
3.8400000000000901e+01  5.5722033849905650e-03  2.8896409988921816e-08  5.0500997983015685e-04  3.2630597245258391e-07
3.8800000000000800e+01  5.8254095982538138e-03  1.9346820324691422e-08  5.2555190854057022e-04  3.3419624373683919e-07
3.9200000000000799e+01  6.0871036452620729e-03  1.1011461040419932e-08  5.4662454699847820e-04  3.4140395028146223e-07
3.9600000000000698e+01  6.3575243401390374e-03  3.8830467075365641e-09  5.6824226836347971e-04  3.4765150907934522e-07
4.0000000000000597e+01  6.6369170289397776e-03  -2.7614960181700015e-09  5.9042730060651573e-04  3.5282634520569474e-07
4.0400000000000503e+01  6.9255188049059564e-03  -9.7946691626535462e-09  6.1319304144195408e-04  3.5666253787107795e-07
4.0800000000000502e+01  7.2235615681482367e-03  -1.7528431054512233e-08  6.3654380055409442e-04  3.5875027636931770e-07
4.1200000000000401e+01  7.5312891047345405e-03  -2.5517068351542057e-08  6.6049673766016114e-04  3.5892837295257756e-07
4.1600000000000300e+01  7.8489659333340796e-03  -3.3150725230064986e-08  6.8509827151026011e-04  3.5761924474377000e-07
4.2000000000000199e+01  8.1768674732336875e-03  -4.0526798870632011e-08  7.1040556463308291e-04  3.5586389591482719e-07
4.2400000000000098e+01  8.5152690175678732e-03  -4.8596194457704639e-08  7.3644894895131272e-04  3.5515722994191860e-07
4.2800000000000097e+01  8.8644562359154310e-03  -5.8138044716877721e-08  7.6322331292800593e-04  3.5698124323115611e-07
4.3200000000000003e+01  9.2247508327819201e-03  -6.8473598904817117e-08  7.9072181214516403e-04  3.6182911613278409e-07
4.3599999999999902e+01  9.5965203283717507e-03  -7.7513887551313181e-08  8.1896809701583872e-04  3.6824195533665321e-07
4.3999999999999801e+01  9.9801593739413021e-03  -8.3555409856810947e-08  8.4800806743923164e-04  3.7302260283549223e-07
4.4399999999999700e+01  1.0376069014891397e-02  -8.7150819030916904e-08  8.7788256632334246e-04  3.7302315797675065e-07
4.4799999999999699e+01  1.0784663158422868e-02  -9.0908582384466828e-08  9.0862629643711492e-04  3.6726041274982303e-07
4.5199999999999598e+01  1.1206391918719678e-02  -9.7184906575764488e-08  9.4029026521035377e-04  3.5757921131052297e-07
4.5599999999999497e+01  1.1641746528610823e-02  -1.0603085711668889e-07  9.7294344334443320e-04  3.4745089660980975e-07
4.5999999999999403e+01  1.2091237464932392e-02  -1.1547769610689511e-07  1.0066417514759270e-03  3.4013138581419873e-07
4.6399999999999302e+01  1.2555378914596356e-02  -1.2354964697155828e-07  1.0414077175617236e-03  3.3741052335890363e-07
4.6799999999999301e+01  1.3033973646776591e-02  2.0091989475109589e-07  1.0772528411691494e-03  3.3909878849761164e-07
4.7199999999999200e+01  1.3529571441418163e-02  2.0878167494464993e-07  1.1142157880741450e-03  3.4312033854126086e-07
4.7599999999999099e+01  1.4042031061948627e-02  2.2152099381843006e-07  1.1523530472481293e-03  3.4653149768706929e-07
4.7999999999998998e+01  1.4571512641684086e-02  2.4071032429481051e-07  1.1917051041625366e-03  3.4730133703928975e-07
4.8399999999998897e+01  1.5118521381194827e-02  2.6414394946131512e-07  1.2323252200025759e-03  3.4563313475892780e-07
4.8799999999998903e+01  1.5683079173615461e-02  2.8884155769783103e-07  1.2742017843596356e-03  3.4373166026684487e-07
4.9199999999998802e+01  1.6265777473731976e-02  3.1529778534579282e-07  1.3173918546424157e-03  3.4323721852495170e-07
4.9599999999998701e+01  1.6867611832103974e-02  3.3178206619090842e-07  1.3619646012679606e-03  3.4362241718701289e-07
4.9999999999998600e+01  1.7490721673090751e-02  3.3427313154739543e-07  1.4077873235714790e-03  3.4204156122002248e-07
5.0399999999998499e+01  1.8137872244813003e-02  3.5280774255762694e-07  1.4548408205250401e-03  3.3493209861321557e-07
5.0799999999998498e+01  1.8808825138915453e-02  3.7913450895599328e-07  1.5033120050930316e-03  3.2166279450378487e-07
5.1199999999998397e+01  1.9502899838035697e-02  4.0491743000165600e-07  1.5533644338179193e-03  3.0550288656122070e-07
5.1599999999998303e+01  2.0221698066562321e-02  4.4014218814346405e-07  1.6051081836699682e-03  2.9234985156152803e-07
5.1999999999998202e+01  2.0967521883819951e-02  4.7809905413120782e-07  1.6585648915787476e-03  2.8737641094200797e-07
5.2399999999998101e+01  2.1758042980290507e-02  1.3428800175822040e-07  1.7040704239730975e-03  2.0145509157255567e-07
5.2799999999998100e+01  2.2547723619800286e-02  1.9056662059363538e-08  1.7612350689355581e-03  1.5484947239849139e-07
5.3199999999997999e+01  2.3387733521495015e-02  8.1058024486313105e-08  1.8187972964168225e-03  2.3261834975318812e-07
5.3599999999997898e+01  2.4259079186410733e-02  1.7785103850055759e-07  1.8780312667840849e-03  3.3762063853025582e-07
5.3999999999997797e+01  2.5167308796887840e-02  1.6345188814672576e-07  1.9387242398910156e-03  4.2304003300626282e-07
5.4399999999997704e+01  2.6116328836577451e-02  1.9887930542778691e-07  2.0013333429061064e-03  4.6253876187154747e-07
5.4799999999997702e+01  2.7110162952078683e-02  2.5004194878542089e-07  2.0659661594143136e-03  4.8016594459127410e-07
5.5199999999997601e+01  2.8146130820110776e-02  2.9206039190077986e-07  2.1328716699055344e-03  4.5637465355939056e-07
5.5599999999997500e+01  2.9228248634100638e-02  3.3031191887871142e-07  2.2020574103520504e-03  4.2218442259968280e-07
5.5999999999997399e+01  3.0373033931930374e-02  -9.2162581244089605e-06  2.2742544492689205e-03  8.0109233574320585e-07
5.6399999999997299e+01  3.1590792761961424e-02  3.1152871751027487e-07  2.3470653698461920e-03  4.1060970667764350e-07
5.6799999999997297e+01  3.2837854916500236e-02  7.7985765882868227e-08  2.4214773833496441e-03  4.6390319833109912e-07
5.7199999999997203e+01  3.4145998260434886e-02  1.9744521819383960e-07  2.4985747972441582e-03  4.9704910086896802e-07
5.7599999999997102e+01  3.5518731398733280e-02  -3.9333741402885385e-08  2.5779021016801964e-03  5.3725469846208667e-07
5.7999999999997002e+01  3.6958420007166037e-02  -3.9472822507076368e-08  2.6594660457281852e-03  5.2302309259356874e-07
5.8399999999997000e+01  3.8472030423102765e-02  2.3402550412257497e-07  2.7432155234998895e-03  5.0295567628037027e-07
5.8799999999996899e+01  4.0068536062133210e-02  -1.4820294799288303e-07  2.8306663798907511e-03  4.9337710025840493e-07
5.9199999999996798e+01  4.1745711363846832e-02  -4.9282307419039545e-07  2.9210564079972219e-03  4.3656906907006202e-07
5.9599999999996697e+01  4.3506494045955260e-02  -4.2816188436367846e-07  3.0123213097677671e-03  3.5086014197357759e-07
5.9999999999996597e+01  4.5361588513412140e-02  -7.5386326687479788e-08  3.1037200000502479e-03  3.1725507489968430e-07
6.0009999999996602e+01  4.5409252517602361e-02  -6.5291774186077099e-08  3.1060098184255659e-03  3.1693921507895527e-07
