# time  Re_m-2(R=8)  Im_m-2(R=8)  Re_m-1(R=8)  Im_m-1(R=8)  Re_m0(R=8)  Im_m0(R=8)  Re_m1(R=8)  Im_m1(R=8)  Re_m2(R=8)  Im_m2(R=8)  Re_m-2(R=16)  Im_m-2(R=16)  Re_m-1(R=16)  Im_m-1(R=16)  Re_m0(R=16)  Im_m0(R=16)  Re_m1(R=16)  Im_m1(R=16)  Re_m2(R=16)  Im_m2(R=16)
0.0000000000000000e+00  3.0338542125397538e-05  1.4911712420783942e-04  1.2349096065443889e-04  -2.1014421323756396e-05  -5.2219295424962226e-05  1.3038868887882148e-06  -1.5810885130698976e-04  1.9579473483056246e-05  2.6801395810246981e-05  -1.4804351646462068e-04  2.9657773870485242e-05  -8.7029531603469310e-06  -1.1403567830476425e-05  2.0141281715906255e-05  1.5216227589811158e-05  5.6587410123768287e-07  -7.1182457162832977e-05  -5.5894232187015088e-06  1.1619397905160031e-04  -8.6146657376320623e-06
4.0000000000000002e-01  4.8488888871440848e-05  1.3050414968912037e-04  1.2092963573699243e-04  -5.6137996798509409e-06  -5.2701509621618393e-05  -3.4357478601720323e-07  -1.3164975315198551e-04  -2.0495573348546053e-06  4.9510183137967965e-05  -1.2338010063491531e-04  4.9412184325935599e-05  5.3730452893900243e-06  5.3135925598762904e-06  7.6413387688260503e-07  -3.7651008218547034e-05  -1.6637965386711953e-06  -1.5506873526619511e-05  5.0036608680109182e-06  5.6915063234732886e-05  -7.2555640838636296e-06
8.0000000000000004e-01  5.0867211059689873e-05  1.2745106096617002e-04  1.2670805547323634e-04  -4.5638786506627430e-07  -4.3859052398667302e-05  2.0611525987366832e-07  -1.2415858428736103e-04  -5.2093324199723729e-06  4.8008218442395200e-05  -1.2424014452071147e-04  4.9246264757267971e-05  9.4226224020865693e-06  9.6399593184229922e-06  -1.2741915654896780e-06  -4.6780179933240172e-05  -6.7770932188655362e-07  -6.0307830809683911e-06  3.3602898234458373e-06  4.7862751689909580e-05  -1.0085438879390264e-05
1.2000000000000000e+00  4.6482965513102167e-05  1.2709567792261084e-04  1.2733538310245543e-04  -4.4710163577271278e-06  -4.5705220187138877e-05  -5.0975960139997051e-07  -1.2259351419860475e-04  7.1260677714413587e-07  5.0695076447981546e-05  -1.2609807446133090e-04  4.9588006764713586e-05  8.1373648571606382e-06  9.8756506187769896e-06  1.5187013329612125e-06  -4.2170289633860377e-05  -6.5126690625165606e-07  -7.5456691273777834e-06  5.0225238151743696e-07  5.0349211386313485e-05  -8.5353012920251631e-06
1.6000000000000001e+00  5.0925693760093960e-05  1.2546632842797188e-04  1.2603985916416767e-04  -2.5219023618366533e-06  -4.5641190005095972e-05  2.6160484493473406e-07  -1.1799883540714544e-04  -9.7871203400194127e-07  5.1398128863145996e-05  -1.2342943989669737e-04  4.9178500069809098e-05  9.3182763338567245e-06  1.0598461774178028e-05  -2.0679410087195674e-07  -4.3053092157580283e-05  -1.4894946614269963e-07  -6.1587533283867903e-06  6.7829098764857339e-07  4.9599690645137885e-05  -9.1562879392269780e-06
2.0000000000000000e+00  5.0706510675313369e-05  1.2315106554550967e-04  1.2812544660707463e-04  -2.5095040178224253e-06  -4.3200907595893493e-05  -1.4551100784125696e-07  -1.1434687105837905e-04  -6.2012538836066216e-07  5.2103680893486293e-05  -1.2301248790949059e-04  4.9262881292339178e-05  9.2669025731458583e-06  1.0199424237809502e-05  1.8480837716911734e-07  -4.2102877478426106e-05  -2.8560796766614976e-07  -6.8196587995214092e-06  1.4874927666198964e-06  4.9567291302756129e-05  -9.7273578629166938e-06
2.3999999999999901e+00  4.8015305765339846e-05  1.2176005147728038e-04  1.2688430959658081e-04  -1.3373001782038238e-06  -4.5117224189025195e-05  -4.6846094156585160e-07  -1.1138952016446785e-04  -4.2524213314322779e-07  4.8984135846928816e-05  -1.2204747762841500e-04  5.0658528784861392e-05  9.2144493841967164e-06  9.2617210326817673e-06  1.0751659526452208e-06  -4.1891780719068545e-05  -7.3609631627880186e-08  -7.5472203566014290e-06  4.4751194750885058e-07  5.0135740824205448e-05  -9.1316162031072703e-06
2.7999999999999798e+00  5.1506791566047495e-05  1.2173920248115183e-04  1.2543540892135486e-04  -1.2350564208112904e-06  -4.9126140597819191e-05  2.6785274775663973e-07  -1.1056038548776779e-04  -1.2518627119345672e-06  5.1558875157148752e-05  -1.2071185052705344e-04  4.9756843021486646e-05  9.5451960623414966e-06  9.8511495872261485e-06  8.2130503727057116e-09  -4.1644232600746183e-05  1.7240573894917865e-09  -7.3640171672556602e-06  5.6689576516897420e-08  4.9892300482702762e-05  -9.4400289373385206e-06
3.1999999999999802e+00  5.4412025356787227e-05  1.2064380610109213e-04  1.2399437848557154e-04  -2.0422991704147565e-06  -4.9037015284643144e-05  1.3262147956403659e-07  -1.1072230610732666e-04  9.5900668719416945e-08  5.6498493805255665e-05  -1.1999971233362343e-04  4.9623861725439651e-05  9.1856343236867462e-06  1.0411558538559268e-05  5.6566282840139259e-07  -4.1339313331989442e-05  -1.9202097008638452e-07  -6.6854123621456314e-06  3.4400025646668835e-07  4.9722983625027873e-05  -9.4510976206505309e-06
3.5999999999999699e+00  5.5878753416264282e-05  1.1911224965734400e-04  1.2263089607379371e-04  -1.5207688115338425e-06  -4.8419120922038541e-05  -5.6356655557066887e-07  -1.0911340063201940e-04  9.8217732196284617e-07  5.7765430812877533e-05  -1.1945797304074667e-04  5.0217575241950343e-05  9.2016348547205334e-06  9.8061809606863302e-06  4.9802155454376210e-07  -4.0904311641702678e-05  -1.4474070602827944e-07  -7.1971720833379009e-06  4.7239791819374289e-07  5.0115581719645711e-05  -9.3166273775298220e-06
3.9999999999999600e+00  5.6680912045930769e-05  1.1765221153950474e-04  1.2172754264397307e-04  -1.6665242777804559e-06  -5.0054441117130486e-05  -2.6618957875570160e-07  -1.0663800334863050e-04  4.3609400465111423e-07  5.8316207331826724e-05  -1.1783341920057023e-04  4.9632082941834467e-05  9.3226894320191746e-06  9.5650536207376590e-06  1.0267818639101789e-08  -4.0654285260320256e-05  -1.3925277294287798e-07  -7.8737340279075996e-06  9.3316116941277925e-07  5.0392265791600299e-05  -9.3323798344352903e-06
4.3999999999999497e+00  6.0152550327553923e-05  1.1647100866824183e-04  1.1986509600683164e-04  -8.7878926285753146e-07  -5.1986322277250723e-05  -1.3247054810238913e-07  -1.0569360362769727e-04  3.9287625335832990e-08  6.0611175336833214e-05  -1.1641872557490842e-04  4.9607983818572752e-05  9.3848965729190616e-06  9.5615033598362602e-06  1.8702825514294123e-07  -4.0908138829001919e-05  2.5873061110121581e-08  -7.8992670165684833e-06  8.8469574331184279e-07  5.0456309460153418e-05  -9.4090210120213796e-06
4.7999999999999403e+00  6.4812938791852391e-05  1.1571576165649444e-04  1.1797666638652479e-04  -8.8318811782103312e-07  -5.4475174159205282e-05  3.4245074050192688e-08  -1.0550553489343297e-04  1.6553599655730667e-07  6.5398231164325108e-05  -1.1544374351383654e-04  5.0679778309793209e-05  9.4523110949626706e-06  9.6779798556784029e-06  5.1664603322075391e-07  -4.1183837499833043e-05  5.4783032701725562e-08  -7.7418492455879077e-06  3.3230683528680885e-07  5.0707277045632686e-05  -9.5686313264163655e-06
5.1999999999999300e+00  6.8786056649684403e-05  1.1446660519745240e-04  1.1651904168911650e-04  -9.2964074589997701e-07  -5.6934587635635451e-05  1.0141377027813679e-07  -1.0466740969074234e-04  9.5152481720459598e-08  6.9593605899075984e-05  -1.1419651880816977e-04  5.1769225406918708e-05  9.2598119261869200e-06  9.8399716845361490e-06  8.0332056941801952e-07  -4.1516449067766371e-05  -1.8630320259204076e-07  -7.5341169206016178e-06  2.5889880547817390e-07  5.1464015234301512e-05  -9.4446921402720757e-06
5.5999999999999304e+00  7.3706321039354621e-05  1.1334298140726797e-04  1.1483159325991805e-04  -4.3299281557521394e-07  -5.8559602785643719e-05  -1.0477530378029376e-07  -1.0423084163678693e-04  1.2417944413699444e-07  7.3721025758871511e-05  -1.1331091287122034e-04  5.2305582259701779e-05  9.4755782058591887e-06  9.9415901400405187e-06  4.4577807011038120e-07  -4.1445694331701252e-05  -1.5044566613772473e-07  -8.0059896629773033e-06  7.4019285414119503e-07  5.2607673026761404e-05  -9.6052552736044504e-06
5.9999999999999201e+00  7.8496741535090671e-05  1.1255867924268525e-04  1.1308439200055599e-04  -4.5625947223847315e-07  -5.9496609468325608e-05  -1.2901356274307640e-07  -1.0390344739208141e-04  4.4244093076427213e-07  7.8581457565129678e-05  -1.1255893753036037e-04  5.2672906609191271e-05  9.6693309858164152e-06  9.7665199806156139e-06  9.7170554485547463e-08  -4.1123384130747331e-05  -5.3291701001517406e-08  -8.3899683400486121e-06  8.0058098442014905e-07  5.3157639691697670e-05  -9.7211681300677436e-06
6.3999999999999098e+00  8.3280367183366790e-05  1.1153832531876387e-04  1.1158047053724265e-04  -1.7388146384768297e-07  -6.0704178020957181e-05  -1.0441399220988984e-07  -1.0284729671160525e-04  1.5006554298212051e-09  8.2826814806293315e-05  -1.1149110233004814e-04  5.3147190196867436e-05  9.3844328875990444e-06  9.2883362979198197e-06  4.9387809546963604e-07  -4.0703380621861821e-05  -1.2538709154233833e-07  -8.2832783326130085e-06  3.5119518382852530e-07  5.3102988849760770e-05  -9.4846877161514562e-06
6.7999999999999003e+00  8.9220318543082323e-05  1.1048756763237792e-04  1.1026012012583782e-04  2.6789125767213711e-07  -6.2914531712992674e-05  -9.5422581329184461e-08  -1.0170782135068401e-04  -4.9104636092747871e-07  8.7843944587375893e-05  -1.1041893242299918e-04  5.3942726807781006e-05  9.5120845797022166e-06  9.3200752639453570e-06  5.7580480351379802e-07  -4.0625644530579446e-05  -3.1208068645711062e-08  -8.4739476545490423e-06  3.4568408178023147e-07  5.3883484749634522e-05  -9.5540676282266275e-06
7.1999999999998900e+00  9.5776267516082175e-05  1.0950785514627853e-04  1.0877104020651609e-04  1.9830045608051793e-07  -6.5215378450314535e-05  -1.5054690429631497e-07  -1.0097869358826467e-04  -2.2509867941412092e-07  9.4552773255067140e-05  -1.0948570461105410e-04  5.5181551816581835e-05  9.8717591366176294e-06  9.5846100901857768e-06  9.2614682342216210e-08  -4.1040735136595166e-05  5.1643020020366855e-08  -8.8256693178759418e-06  9.0611400136552432e-07  5.5742937090811262e-05  -9.8602150086738531e-06
7.5999999999998797e+00  1.0285653118298190e-04  1.0840585803910779e-04  1.0681340915284733e-04  3.7287584677466595e-07  -6.6850698369565274e-05  -2.1863547262022319e-07  -1.0052271094346829e-04  -1.3399377607544711e-07  1.0160977549127927e-04  -1.0844092769183002e-04  5.6331324812784145e-05  9.6450651956799094e-06  9.2966336370041674e-06  2.2294322001742716e-07  -4.0865267887572804e-05  -1.0894274078477545e-07  -8.7869067202489255e-06  9.2043769991106585e-07  5.6737358080965672e-05  -9.8705539510588674e-06
7.9999999999998703e+00  1.1009222592349457e-04  1.0738600752790176e-04  1.0481110337366619e-04  8.2652876618238652e-07  -6.8066023770217791e-05  8.3279898756442180e-10  -1.0017944937311363e-04  -4.3024407021441677e-07  1.0825734898053408e-04  -1.0728278809139211e-04  5.7498711844182453e-05  9.4923961359670855e-06  8.9127119369260233e-06  7.0953942349797809e-07  -4.0173536753834098e-05  -9.7102830998559927e-08  -8.7198849033983961e-06  2.2968193907690913e-07  5.6967754124981739e-05  -9.6886019672683357e-06
8.3999999999998707e+00  1.1635626669893859e-04  1.0647437305145043e-04  1.0328033569249623e-04  6.3436260742582740e-07  -6.8570811241676255e-05  4.3488522860552400e-08  -9.9601140200746463e-05  -4.9409473229806667e-07  1.1455314822396905e-04  -1.0640884895494115e-04  5.8846981798173189e-05  9.9353989662611026e-06  9.0505869307623771e-06  6.0386322290668752e-07  -3.9911180976059894e-05  3.4720832984412410e-08  -9.1589473460502486e-06  1.7404811457163129e-07  5.8369553282563092e-05  -9.8040395391489016e-06
8.7999999999998604e+00  1.2197998149762225e-04  1.0553990710080644e-04  1.0203582967133022e-04  2.2241544752956606e-07  -6.8047474488081754e-05  -2.5053062252963794e-07  -9.8626302006167457e-05  -3.1673304339141708e-07  1.2058574454470772e-04  -1.0569941099972860e-04  5.9808817539954802e-05  1.0276326681668405e-05  9.2943274375015066e-06  7.4909809510341502e-08  -3.9552183757683464e-05  -6.9531116948469735e-08  -9.7828028897086383e-06  9.9541726592558390e-07  6.0453929936023882e-05  -1.0202962683124196e-05
9.1999999999998501e+00  1.2836213030284865e-04  1.0484064144488063e-04  1.0073631038387835e-04  5.8253916793341530e-07  -6.7310268595539477e-05  -2.0996443921365958e-07  -9.7871206452815156e-05  -2.6143282303478309e-07  1.2663330548422558e-04  -1.0481854351445035e-04  6.0490668036436002e-05  1.0160598106953026e-05  9.0622234985801597e-06  -2.8406814639951937e-07  -3.8530621656713979e-05  -1.9178030199220277e-07  -1.0014581320007433e-05  1.4862995938492329e-06  6.1738267481116694e-05  -1.0405841137087283e-05
9.5999999999998398e+00  1.3520950416678797e-04  1.0431580294805892e-04  9.9306948014839551e-05  1.1679096262388013e-06  -6.6679916113119924e-05  4.0863941124885756e-08  -9.7665994529343896e-05  -4.5407732225107743e-07  1.3276757337857544e-04  -1.0406905063460374e-04  6.1788274923288330e-05  9.9380119532772288e-06  8.5421433061423982e-06  9.6404986437520599e-09  -3.7511205033590021e-05  -1.3746722330205932e-07  -9.9410414245722060e-06  1.0475683677963986e-06  6.2331950201570079e-05  -1.0253618277121429e-05
9.9999999999998295e+00  1.4074179522847086e-04  1.0340795503833659e-04  9.7683683353718548e-05  9.8833678707706651e-07  -6.5067549185994890e-05  -5.6883797090238470e-09  -9.7190451890327928e-05  -4.8719075914301390e-07  1.3842835321170664e-04  -1.0339915928533943e-04  6.3647875005208937e-05  9.8986133065161304e-06  8.1132740235516338e-06  5.4417789974041945e-07  -3.6772281081751434e-05  -7.9101376094468660e-09  -1.0061441283367077e-05  3.6283666495860175e-07  6.3188484725370077e-05  -1.0008818910762406e-05
1.0399999999999800e+01  1.4474667408070557e-04  1.0223881494239318e-04  9.6065732859415944e-05  2.9383281955906100e-07  -6.2089866629518590e-05  -1.2823536871290705e-07  -9.5962971114023506e-05  -2.7029577662262185e-08  1.4337165341267975e-04  -1.0237965809769967e-04  6.5183017926357775e-05  1.0025130175322253e-05  7.8100440676180118e-06  4.6030760942378994e-07  -3.5933548073222212e-05  9.2228571792577335e-08  -1.0406567991169555e-05  2.7917421971475423e-07  6.4732810707381655e-05  -9.9196978109440999e-06
1.0799999999999800e+01  1.4901517277554637e-04  1.0152298090538374e-04  9.5051070725968453e-05  4.4618086741944247e-08  -5.8765279477228521e-05  -1.2029573256610993e-07  -9.4725462506793754e-05  2.9890200627963637e-07  1.4808447843813293e-04  -1.0148070081728039e-04  6.6537388706089048e-05  1.0194057607697949e-05  7.7278603943896210e-06  9.4378692050265260e-08  -3.5092778390973959e-05  4.0286948299872472e-08  -1.0697515803127419e-05  6.9920604099288515e-07  6.6680290787975816e-05  -1.0092655493283028e-05
1.1199999999999800e+01  1.5452681416586867e-04  1.0121807881259713e-04  9.4623233975366810e-05  6.1465551749737977e-07  -5.5521792205633598e-05  -1.2756649665962317e-07  -9.3925349982255219e-05  -9.1454000225240347e-08  1.5282952051395889e-04  -1.0113240274614082e-04  6.8313597524188312e-05  1.0351570853847113e-05  7.8267772039756860e-06  1.9340085967029673e-08  -3.4301294380300195e-05  -1.3933900134483855e-07  -1.1020334008882821e-05  1.0931529554709777e-06  6.8742543545886523e-05  -1.0420225943760384e-05
1.1599999999999801e+01  1.6013524582425225e-04  1.0069377989271643e-04  9.3926942755335097e-05  1.2531852951923047e-06  -5.1658748358964694e-05  -1.2318411204818485e-07  -9.3054167943406219e-05  -5.2891039901303336e-07  1.5754252424416814e-04  -1.0070545921132880e-04  7.0282618181783014e-05  1.0416894345595032e-05  7.6590435786235680e-06  8.2284151907694313e-09  -3.3193292829469723e-05  -2.0811759904290472e-07  -1.1449321316324423e-05  1.2150786613494180e-06  7.0702999897564312e-05  -1.0593130887508690e-05
1.1999999999999799e+01  1.6464176323905251e-04  9.9895264150458212e-05  9.2703953882681146e-05  1.1910502064718386e-06  -4.6903534930206204e-05  -4.2386882919004135e-08  -9.1843388918098770e-05  -3.3500588431594237e-07  1.6228830981023903e-04  -9.9842124351666426e-05  7.2393292279866850e-05  1.0386138918715087e-05  7.1502168189912119e-06  7.1525170121274797e-09  -3.2011106574795059e-05  -8.9182181456029177e-08  -1.1751996592669368e-05  1.0073089111082912e-06  7.2501159296563925e-05  -1.0542009641506257e-05
1.2399999999999800e+01  1.6859374298271076e-04  9.9196401504113638e-05  9.1661932028565371e-05  8.3271079077024015e-07  -4.1703724541906998e-05  -7.9766892749098397e-10  -9.0611667994037895e-05  -2.8705901661565082e-08  1.6691863539410146e-04  -9.9066572327592548e-05  7.5052019510260743e-05  1.0442210471540088e-05  6.7215317103682586e-06  1.7810847542795717e-07  -3.1252352839876950e-05  1.3345344434629859e-08  -1.1919356172303746e-05  6.6310566194765723e-07  7.4621330994092706e-05  -1.0524144953811142e-05
1.2799999999999800e+01  1.7278611915499335e-04  9.8624291637420440e-05  9.1116723083248903e-05  7.6357183548192362e-07  -3.6024206157438850e-05  -5.8529800947985349e-08  -8.9457921316426613e-05  -1.3410480369874042e-07  1.7111666486866915e-04  -9.8623129070456763e-05  7.8236695004349957e-05  1.0619772988351348e-05  6.4752164692064463e-06  4.0787282802507355e-07  -3.0714815964358896e-05  -1.4413492520311636e-08  -1.2201201709393424e-05  4.3619765738326655e-07  7.7470603350154941e-05  -1.0624953050297733e-05
1.3199999999999800e+01  1.7686526468735144e-04  9.7977712463096048e-05  9.0616948157031581e-05  8.6796885746127995e-07  -2.9458909772274071e-05  -1.4361448336991571e-07  -8.8123751441146351e-05  -3.1957049794375458e-07  1.7492303327764977e-04  -9.8133117044041672e-05  8.1679000845857105e-05  1.0747848630549294e-05  6.1736993883385809e-06  6.2417351531381422e-07  -3.0084015439689151e-05  -1.5782964809928833e-08  -1.2687528222362547e-05  3.2756482358106961e-07  8.0720056491734440e-05  -1.0678897533770216e-05
1.3599999999999801e+01  1.8069647593842278e-04  9.7277022670281502e-05  8.9963230856197418e-05  1.0252915902077269e-06  -2.2298889302872298e-05  -2.0916502025144745e-07  -8.6521257560081112e-05  -3.9655309882615798e-07  1.7864976211511444e-04  -9.7423831416459190e-05  8.5079881396426713e-05  1.0775769909773087e-05  5.7755369329510543e-06  7.3902456328995155e-07  -2.9294901102540818e-05  8.1572474112648271e-08  -1.3232636780402968e-05  3.1536442442415418e-07  8.3835092631450565e-05  -1.0679305415026964e-05
1.3999999999999700e+01  1.8469693691913443e-04  9.6695703196856452e-05  8.9454607657767516e-05  1.2638612400714183e-06  -1.4962253470914217e-05  -2.2757737429109646e-07  -8.4860282492592439e-05  -5.8592150419840661e-07  1.8238808087852419e-04  -9.6745175950781258e-05  8.8118814921070470e-05  1.0764973562008672e-05  5.4491621858126669e-06  6.0929256008568272e-07  -2.8101531396960154e-05  6.5059686415512331e-08  -1.3569255752475382e-05  3.9022526137422321e-07  8.6737282270178971e-05  -1.0785084075212984e-05
1.4399999999999700e+01  1.8848004008350131e-04  9.6314390998769372e-05  8.9250530462266046e-05  1.5178852306625351e-06  -6.9876379898239474e-06  -1.2104156318741185e-07  -8.3368194176061195e-05  -7.9483917026524815e-07  1.8574821399676387e-04  -9.6263706067082429e-05  9.1052582348076955e-05  1.0796726227559293e-05  5.2739939178590418e-06  5.4445269569120775e-07  -2.6444339668076028e-05  -1.0562251388196938e-07  -1.3650401850285124e-05  3.7356857496646824e-07  8.9640632495912825e-05  -1.0955977497187380e-05
1.4799999999999701e+01  1.9138791703802262e-04  9.6022982854535751e-05  8.9203089735300075e-05  1.7349144175273841e-06  2.1618510612126585e-06  5.5383377239631634e-08  -8.1999676631719321e-05  -8.3960561940843783e-07  1.8842308734471399e-04  -9.5903231410803016e-05  9.4466907712438376e-05  1.1016640921268238e-05  5.1344588409408913e-06  9.2016434774852497e-07  -2.4740420495702050e-05  -1.3297161476568537e-07  -1.3910606593865016e-05  1.3859530467034891e-07  9.2602266581511984e-05  -1.1072536469543117e-05
1.5199999999999701e+01  1.9354564629922203e-04  9.5591164322430432e-05  8.9133186635103993e-05  1.7598291950480115e-06  1.2342059273587630e-05  8.7431855429373536e-08  -8.0409157470904625e-05  -8.1732034040593237e-07  1.9070650663096468e-04  -9.5512510194861134e-05  9.8059745314334044e-05  1.1338626571013107e-05  4.7983866525962290e-06  1.3454579552404285e-06  -2.3023670991364484e-05  2.8046069693208082e-08  -1.4642778158243964e-05  -1.3976320915822456e-07  9.5474195880713167e-05  -1.1206154609544840e-05
1.5599999999999699e+01  1.9522294865087969e-04  9.4961769503518984e-05  8.9022820912071409e-05  1.5043461175229698e-06  2.3373727766742091e-05  -4.4083135390686375e-08  -7.8385870964544236e-05  -7.7905696507827775e-07  1.9280276693013504e-04  -9.4986146143148501e-05  1.0083850756932184e-04  1.1354375887094630e-05  4.1046553591463455e-06  1.2019048586365287e-06  -2.0702662674276258e-05  7.9299844502432090e-08  -1.5387330727393883e-05  -1.4561725743877647e-07  9.8174072385548157e-05  -1.1291735392473087e-05
1.5999999999999700e+01  1.9638269952389648e-04  9.4356189856365427e-05  8.9035698446176658e-05  1.2561278053312986e-06  3.5329543875236426e-05  -1.3146805409483284e-07  -7.6163145530499512e-05  -6.9996993188715240e-07  1.9435710501817369e-04  -9.4388808830503501e-05  1.0264014473675190e-04  1.1053639113717707e-05  3.2410351457348111e-06  6.2840240704771330e-07  -1.7563558169263445e-05  -2.1291906666590133e-08  -1.5685314710876049e-05  2.1206529450724763e-07  1.0077204386475783e-04  -1.1144289511310040e-05
1.6399999999999800e+01  1.9704422077597010e-04  9.3952703051704173e-05  8.9341197662377945e-05  1.3013284771498736e-06  4.8206096326408810e-05  -9.4841487835516014e-08  -7.4050163238383081e-05  -6.9079908020427413e-07  1.9506845168757789e-04  -9.3909010642987222e-05  1.0436917634021327e-04  1.0999522555181837e-05  2.6881364128609998e-06  3.1169681373888484e-07  -1.4007247242715708e-05  -4.9963576756160242e-08  -1.5898585995199660e-05  6.0276538733718199e-07  1.0317684555519168e-04  -1.1026398677510566e-05
1.6799999999999802e+01  1.9717192352169569e-04  9.3672119156240857e-05  8.9928934159071248e-05  1.5715041438198767e-06  6.2097698933853555e-05  -3.8686859624297189e-08  -7.2015618769359895e-05  -8.5047938729463515e-07  1.9489660809858387e-04  -9.3604693350093655e-05  1.0664377619302542e-04  1.1356195305943047e-05  2.5670724674539170e-06  5.6622076469056237e-07  -1.0271462391324062e-05  1.5722700585881134e-08  -1.6487263790265381e-05  6.0036484314703513e-07  1.0515562605232860e-04  -1.1273767623061215e-05
1.7199999999999900e+01  1.9635234743714937e-04  9.3344302774248821e-05  9.0646897467159182e-05  1.8625128704456650e-06  7.7401537224840473e-05  -3.1646636079533874e-08  -6.9809787008832339e-05  -1.1105778552572179e-06  1.9366345742451217e-04  -9.3331078183192171e-05  1.0887936285310146e-04  1.1631239817588525e-05  2.3546476814983433e-06  9.0191774225896453e-07  -6.1291364889306280e-06  4.3158434246780992e-08  -1.7197566366867784e-05  3.4133232735750664e-07  1.0678793125807188e-04  -1.1584231880691888e-05
1.7600000000000001e+01  1.9398829409300608e-04  9.2909394824713641e-05  9.1381423501047353e-05  2.0397189918739348e-06  9.4506827617718586e-05  -4.6469026480475183e-08  -6.7274592397208741e-05  -1.3277971544116803e-06  1.9105521647600697e-04  -9.2941621728486365e-05  1.1009939052178306e-04  1.1593723004377278e-05  1.6840795865109988e-06  6.9706552736753348e-07  -1.2434319262153308e-06  3.0768804368118513e-08  -1.7684169824247020e-05  4.0026627506612126e-07  1.0824864511391499e-04  -1.1580876515686771e-05
1.8000000000000000e+01  1.8973307583711088e-04  9.2432563064763027e-05  9.2178125538048541e-05  2.0512331653023161e-06  1.1352980464514006e-04  -5.0390756697053806e-08  -6.4440595221964192e-05  -1.4223990306719434e-06  1.8687902609166687e-04  -9.2450416802951552e-05  1.1035889853384964e-04  1.1548415642424487e-05  9.0700745503796698e-07  1.5809184138651862e-07  4.4270731171169584e-06  3.7875017062185343e-08  -1.8147217025883417e-05  8.1875831782884619e-07  1.0931590285007031e-04  -1.1487909610227298e-05
1.8400000000000102e+01  1.8367505803646315e-04  9.2010680305252245e-05  9.3193519092983103e-05  1.9648560971549904e-06  1.3438770561758397e-04  -4.3042601159550625e-08  -6.1434347215735948e-05  -1.4304680898918805e-06  1.8109690255888974e-04  -9.1981309294630773e-05  1.1061308389503434e-04  1.1680804141607825e-05  3.9700727502500017e-07  -2.9386341301714925e-08  1.0528699895419078e-05  4.9747513179064893e-08  -1.8820243747549176e-05  1.0695674526123904e-06  1.0986399217087207e-04  -1.1603290719137312e-05
1.8800000000000100e+01  1.7612754222871857e-04  9.1683136636800517e-05  9.4533847955199273e-05  1.9344772449064979e-06  1.5696852219902394e-04  -2.9685879535734393e-08  -5.8343201467584132e-05  -1.4461641547779470e-06  1.7374335082679824e-04  -9.1618674342603488e-05  1.1152166190209285e-04  1.1826902183020834e-05  -3.3621976386116661e-08  2.5332870914256590e-07  1.6615286042534429e-05  3.2068554271862574e-08  -1.9522896660733680e-05  9.6389915818681556e-07  1.1039651285535986e-04  -1.1785110954517211e-05
1.9200000000000198e+01  1.6725941065046614e-04  9.1413282086758005e-05  9.6170050786784957e-05  2.0518355535453911e-06  1.8125094043471690e-04  -9.8103990564628172e-09  -5.5150158408693402e-05  -1.5233585230916469e-06  1.6484971977200709e-04  -9.1341131890522733e-05  1.1313342843656367e-04  1.1852061067637288e-05  -6.4971472419272577e-07  5.7459438808633981e-07  2.2474105767338039e-05  -1.7383431001277080e-08  -2.0035289940973256e-05  7.4380918681908250e-07  1.1153498825090879e-04  -1.1828741642984775e-05
1.9600000000000300e+01  1.5695190992076708e-04  9.1138347742736605e-05  9.8006266992338486e-05  2.2778001655028014e-06  2.0733499080449096e-04  8.9012831948067011e-09  -5.1770983199497973e-05  -1.6537919913689059e-06  1.5437635932559119e-04  -9.1076123421730498e-05  1.1517266199254433e-04  1.1846047693716592e-05  -1.3620232463983279e-06  6.9551803456418020e-07  2.8189602778897431e-05  -4.4490745115315859e-08  -2.0463851698671954e-05  5.9055532388993267e-07  1.1331300131064604e-04  -1.1802050274672122e-05
2.0000000000000298e+01  1.4494168422666320e-04  9.0821500815577204e-05  9.9986011367494011e-05  2.5168073778414664e-06  2.3538274262028803e-04  9.1044036067437087e-09  -4.8127826498314472e-05  -1.8157361534448340e-06  1.4219705501664258e-04  -9.0776313381904695e-05  1.1726143015555407e-04  1.1939713640183164e-05  -2.0003098241839893e-06  7.4111693172483721e-07  3.3978175925000654e-05  2.3816773488676870e-08  -2.1062581034186011e-05  5.5779882111903485e-07  1.1526283059593118e-04  -1.1844483519397158e-05
2.0400000000000400e+01  1.3099485339955114e-04  9.0464143428822360e-05  1.0212634683392542e-04  2.7077162515534781e-06  2.6554790315717555e-04  -1.6586893421970397e-08  -4.4190114993973486e-05  -2.0011737919893047e-06  1.2813837756394587e-04  -9.0439443476164502e-05  1.1938819700723860e-04  1.2092592627209703e-05  -2.5945885048563608e-06  8.0537709118321361e-07  3.9858015433319435e-05  1.2701473670437428e-07  -2.1856998521153621e-05  6.0345317558552899e-07  1.1722914903198724e-04  -1.1965032204733622e-05
2.0800000000000502e+01  1.1495552040277317e-04  9.0094879715856932e-05  1.0448895079394728e-04  2.8494217241475978e-06  2.9794613311414758e-04  -4.9952004593659040e-08  -3.9972879729947407e-05  -2.1990209943134091e-06  1.1202869505625422e-04  -9.0086472921106116e-05  1.2203758351070081e-04  1.2143938414008689e-05  -3.2704823390567578e-06  8.0537112472163874e-07  4.5564254480929831e-05  1.0991859085697911e-07  -2.2603798948244043e-05  5.8073932278693546e-07  1.1973971629400856e-04  -1.2077727676435250e-05
2.1200000000000500e+01  9.6714183805054262e-05  8.9752776247691983e-05  1.0713924598683292e-04  2.9765102304469135e-06  3.3265697486802839e-04  -5.9213030523463230e-08  -3.5510085048995940e-05  -2.3846320999641599e-06  9.3729842995242781e-05  -8.9741821032475371e-05  1.2562617699298412e-04  1.2066815753783548e-05  -4.0426582743751131e-06  7.3260616488920418e-07  5.0852486597168951e-05  -2.3215201016765351e-08  -2.3159062899608617e-05  4.4570687394606695e-07  1.2330351246237709e-04  -1.2112231900975995e-05
2.1600000000000598e+01  7.6173520456214086e-05  8.9463224991632212e-05  1.1011786849594212e-04  3.1188911056995159e-06  3.6974892653953762e-04  -3.1023079670121826e-08  -3.0820371613888512e-05  -2.5397366177705422e-06  7.3142285773996506e-05  -8.9425554024968824e-05  1.3019501337466267e-04  1.2033912153097940e-05  -4.7970270690896608e-06  7.2731056175518079e-07  5.5651335612202864e-05  -1.0469591017368857e-07  -2.3685388644179028e-05  3.3006511538963145e-07  1.2786840521941711e-04  -1.2101083061344493e-05
2.2000000000000600e+01  5.3240963440429349e-05  8.9218859262016478e-05  1.1343111256611332e-04  3.2784599467876003e-06  4.0930868654951672e-04  1.4631030783592664e-08  -2.5886127105914040e-05  -2.6725978459035518e-06  5.0189046250674125e-05  -8.9145854353628724e-05  1.3564748210182366e-04  1.2172976993703976e-05  -5.4498536436366619e-06  8.4879579536307127e-07  5.9947532869843764e-05  -5.2248583714763938e-08  -2.4383069569120809e-05  3.2473576767950230e-07  1.3320164629873607e-04  -1.2143564957274883e-05
2.2400000000000698e+01  2.7837099566887786e-05  8.8988140222840998e-05  1.1706484557102515e-04  3.4418065396002943e-06  4.5144240435993858e-04  4.5258830829133620e-08  -2.0661829864671282e-05  -2.8115797939514914e-06  2.4791830515858099e-05  -8.8894056221724670e-05  1.4188667466620350e-04  1.2396076707347283e-05  -6.0451679777468793e-06  9.9273091774908149e-07  6.3798540255780218e-05  5.6662922380771582e-08  -2.5216850795762777e-05  3.7601509314649794e-07  1.3923354642341666e-04  -1.2264350408144749e-05
2.2800000000000800e+01  -1.1143637167285864e-07  8.8745691916045501e-05  1.2101138526217229e-04  3.6068903483490033e-06  4.9625414636046607e-04  4.6506483243789011e-08  -1.5103082702322673e-05  -2.9828873084264019e-06  -3.1506271855572551e-06  -8.8652834900453275e-05  1.4870786498269288e-04  1.2535131560650973e-05  -6.6848433404277305e-06  1.0346223490515363e-06  6.7422021051652994e-05  1.2550722117918913e-07  -2.6009674142348622e-05  4.1358753313168438e-07  1.4589940428292927e-04  -1.2378686470859001e-05
2.3200000000000799e+01  -3.0700295709641494e-05  8.8491544390084556e-05  1.2528395770983886e-04  3.7870795468905957e-06  5.4383620688443451e-04  2.9957859481035358e-08  -9.1878635129025860e-06  -3.1940998513332368e-06  -3.3766882233814637e-05  -8.8410872885727839e-05  1.5578537984585502e-04  1.2541955893363477e-05  -7.4200917064928297e-06  9.2384016722149813e-07  7.1100805417180073e-05  1.3433786100806941e-07  -2.6665379573868420e-05  4.5831504073704450e-07  1.5303012517244128e-04  -1.2413592107523005e-05
2.3600000000000900e+01  -6.4064198784408519e-05  8.8242177651138022e-05  1.2990868829572443e-04  3.9913184480405180e-06  5.9428065413508137e-04  1.7243178503106391e-08  -2.9123438435932347e-06  -3.4314621029441402e-06  -6.7192387866329783e-05  -8.8167688068830656e-05  1.6287502037973985e-04  1.2501608814220757e-05  -8.2094881450607928e-06  6.9284323288671356e-07  7.5008738173284174e-05  1.1153218373870217e-07  -2.7231295672472465e-05  5.6965947474526319e-07  1.6044073015583684e-04  -1.2395978304935318e-05
2.4000000000000998e+01  -1.0036111322384638e-04  8.8010302248477649e-05  1.3491087835345358e-04  4.2107591329806702e-06  6.4769232290905806e-04  2.1303460192396298e-08  3.7274714913019744e-06  -3.6701169054996762e-06  -1.0354912149422631e-04  -8.7927819393645803e-05  1.7000170794653917e-04  1.2510183337947497e-05  -8.9588762320148884e-06  4.6113607899669591e-07  7.9159109739025544e-05  8.0701522693231818e-08  -2.7810937609092274e-05  7.2977337358333122e-07  1.6797926783624470e-04  -1.2404449355689026e-05
2.4400000000001000e+01  -1.3974130749074272e-04  8.7796417545333308e-05  1.4031127942387483e-04  4.4287041493390446e-06  7.0418769768204516e-04  3.9822318894078732e-08  1.0746529775831556e-05  -3.8916705682928095e-06  -1.4295030056986886e-04  -8.7695579524295353e-05  1.7735407088771156e-04  1.2585901065592900e-05  -9.6135282348193884e-06  3.7728246797187624e-07  8.3493033528522157e-05  5.2614375746218961e-08  -2.8460633330778997e-05  8.2906054206452109e-07  1.7551623616081073e-04  -1.2475727163147111e-05
2.4800000000001098e+01  -1.8232698647312472e-04  8.7593806570374915e-05  1.4612860209093845e-04  4.6386570308539044e-06  7.6388132008299288e-04  6.1119864098797278e-08  1.8168562723498271e-05  -4.0965383066362559e-06  -1.8551462720172847e-04  -8.7473784106722118e-05  1.8496614476015821e-04  1.2680955013167830e-05  -1.0207040622395021e-05  4.9240626269000108e-07  8.8023893713671056e-05  4.0152402085765028e-08  -2.9153982591503358e-05  7.7894925724954980e-07  1.8293391484673323e-04  -1.2576582333153176e-05
2.5200000000001101e+01  -2.2821440719462982e-04  8.7395346533818973e-05  1.5238037020232119e-04  4.8490508542150469e-06  8.2687497420019524e-04  7.4650100874253346e-08  2.6020363768234148e-05  -4.3010826130746013e-06  -2.3136655546432744e-04  -8.7262542734402036e-05  1.9256067435272623e-04  1.2747339126398186e-05  -1.0809614760700270e-05  7.0385054001415794e-07  9.2915638436959387e-05  5.4769801384083198e-08  -2.9818322460204946e-05  6.1057818605695004e-07  1.9011463251676611e-04  -1.2650970465362475e-05
2.5600000000001199e+01  -2.7749855148761268e-04  8.7196711638869140e-05  1.5908300409975262e-04  5.0730192876416450e-06  8.9326621400370406e-04  7.7912616686608878e-08  3.4328063543334793e-05  -4.5234446367867279e-06  -2.8063218125431007e-04  -8.7058453302264139e-05  1.9972637509351718e-04  1.2780815839281414e-05  -1.1448399316506242e-05  8.4476161797281082e-07  9.8406488688764253e-05  8.9963873008294266e-08  -3.0399774814569402e-05  4.4485520878779264e-07  1.9695053897833754e-04  -1.2678366001122104e-05
2.6000000000001300e+01  -3.3030046272284545e-04  8.6997662702076680e-05  1.6625330898566940e-04  5.3165982908288247e-06  9.6316905469363324e-04  7.6053246587535105e-08  4.3113754790845282e-05  -4.7709463305177951e-06  -3.3344256353959393e-04  -8.6857101233075252e-05  2.0622743619582337e-04  1.2811045722501130e-05  -1.2089728567695390e-05  8.2410120786488227e-07  1.0463635760537773e-04  1.2181589756080676e-07  -3.0904800850542350e-05  3.8229678852185935e-07  2.0339238818237334e-04  -1.2686135771830292e-05
2.6400000000001299e+01  -3.8676560848029042e-04  8.6802096369700645e-05  1.7390976778353931e-04  5.5758446766486230e-06  1.0367181284519898e-03  7.6278350794903193e-08  5.2393037256934921e-05  -5.0381338256284301e-06  -3.8993003002498979e-04  -8.6657191483573430e-05  2.1216130998051951e-04  1.2865466517365752e-05  -1.2679512492324001e-05  6.8741160689516225e-07  1.1153952403431571e-04  1.3100809366716140e-07  -3.1386301292652069e-05  4.3290597259965203e-07  2.0949556784042859e-04  -1.2715766840272311e-05
2.6800000000001400e+01  -4.4703379246861634e-04  8.6615970909910260e-05  1.8207279057025306e-04  5.8429309567103469e-06  1.1140492163150585e-03  8.2340140926717955e-08  6.2177165670430131e-05  -5.3148002776072256e-06  -4.5021328392897591e-04  -8.6462061892631075e-05  2.1786377784028448e-04  1.2946838815476608e-05  -1.3188121664700473e-05  5.6458864633521558e-07  1.1889884728120097e-04  1.1986116980798639e-07  -3.1887908712196610e-05  5.3181227408400183e-07  2.1540417269925283e-04  -1.2784551956822246e-05
2.7200000000001499e+01  -5.1122015868290520e-04  8.6443896842590181e-05  1.9076455002572847e-04  6.1141149531625862e-06  1.1952835684682936e-03  9.2868201393040807e-08  7.2479388668045090e-05  -5.5957864738515462e-06  -5.1439546344131946e-04  -8.6277317043652481e-05  2.2366410222573736e-04  1.3033323796361192e-05  -1.3628010508617318e-05  5.6178298328525789e-07  1.2650770443351503e-04  1.0414751254582969e-07  -3.2398353150712988e-05  5.9879817872415583e-07  2.2126752255428395e-04  -1.2874604529579870e-05
2.7600000000001501e+01  -5.7942851379904551e-04  8.6286751285986568e-05  2.0000806660634566e-04  6.3923239186079354e-06  1.2805340157212041e-03  1.0352115080377816e-07  8.3319901322122074e-05  -5.8840458184970532e-06  -5.8258308278664333e-04  -8.6107016896474258e-05  2.2968002507416406e-04  1.3091989798378017e-05  -1.4040391918440729e-05  6.8643897679159691e-07  1.3430280671848589e-04  9.3648837128339320e-08  -3.2857303875683474e-05  5.8803707517827655e-07  2.2714988900795197e-04  -1.2948571282645884e-05
2.8000000000001599e+01  -6.5177243283659763e-04  8.6142130540396583e-05  2.0982593560729592e-04  6.6831510981875323e-06  1.3699174850338525e-03  1.1044864217903130e-07  9.4725426468947327e-05  -6.1857188388817103e-06  -6.5489967542462445e-04  -8.5951691062625396e-05  2.3578325005139795e-04  1.3100886464764388e-05  -1.4460298995195024e-05  8.6059318563809990e-07  1.4237591009694150e-04  8.7277460165982851e-08  -3.3205610581175590e-05  5.0432499338030732e-07  2.3299885217392105e-04  -1.2976290019359494e-05
2.8400000000001601e+01  -7.2837794511539772e-04  8.6007319895404564e-05  2.2024093719296518e-04  6.9895484599122963e-06  1.4635559903490259e-03  1.1260185140574194e-07  1.0672529755057858e-04  -6.5036139783993468e-06  -7.3147778824504163e-04  -8.5809504234088881e-05  2.4172402155802275e-04  1.3068936345540668e-05  -1.4883238152129242e-05  9.9752063238090041e-07  1.5088236200152700e-04  8.3412176363483049e-08  -3.3432954765461259e-05  3.8730280488180205e-07  2.3868644722241237e-04  -1.2956243985055366e-05
2.8800000000001699e+01  -8.0937318769449206e-04  8.5882273444902953e-05  2.3127898128432172e-04  7.3107646744615660e-06  1.5615701358339786e-03  1.1179066125687909e-07  1.1934845887972331e-04  -6.8356680612459594e-06  -8.1244513066768562e-04  -8.5679068863826294e-05  2.4730202938621799e-04  1.3033456055402680e-05  -1.5263007049243411e-05  1.0650124388912042e-06  1.5993155474555856e-04  8.6341184751091032e-08  -3.3579765397032807e-05  2.8080446414089802e-07  2.4409308167378199e-04  -1.2916939798954869e-05
2.9200000000001801e+01  -8.9488087125675980e-04  8.5769976192924386e-05  2.4297111988776489e-04  7.6453600683621744e-06  1.6640761705566886e-03  1.1087501840094122e-07  1.3262323281994616e-04  -7.1785486624600707e-06  -8.9792151820007940e-04  -8.5561159052347576e-05  2.5247221596940670e-04  1.3031522189008306e-05  -1.5546675136607715e-05  1.0868226316242495e-06  1.6953098383264698e-04  1.0063641956830957e-07  -3.3695002624434126e-05  2.0961459455990892e-07  2.4918467042964328e-04  -1.2894912728308920e-05
2.9600000000001799e+01  -9.8501730591073937e-04  8.5674041478903286e-05  2.5535166221803997e-04  7.9935369886267126e-06  1.7711880607686474e-03  1.1163533526182707e-07  1.4657848418943731e-04  -7.5313673589701017e-06  -9.8802286119639487e-04  -8.5457974664513166e-05  2.5733942803005940e-04  1.3070517553648804e-05  -1.5714699175436411e-05  1.1014026301183694e-06  1.7960345554518000e-04  1.2357709035875623e-07  -3.3792702010540998e-05  1.7481763727669510e-07  2.5403061734633939e-04  -1.2907071747139869e-05
3.0000000000001901e+01  -1.0798949606795802e-03  8.5596038452911697e-05  2.6845377639253152e-04  8.3559028335323461e-06  1.8830210065581565e-03  1.1395430716348460e-07  1.6124415854787844e-04  -7.8956934283194779e-06  -1.0828634602796212e-03  -8.5371134564704221e-05  2.6206847644584172e-04  1.3125672322706966e-05  -1.5787937776291154e-05  1.1288350678530108e-06  1.9004857842176931e-04  1.4624257197299853e-07  -3.3845366237525670e-05  1.6160110940602918e-07  2.5874717250277935e-04  -1.2941241707110141e-05
3.0400000000001999e+01  -1.1796259664862596e-03  8.5535017262320344e-05  2.8230652208354043e-04  8.7312147388782904e-06  1.9996947831266289e-03  1.1660632410231008e-07  1.7665032064666849e-04  -8.2731488296511435e-06  -1.1825563795041314e-03  -8.5300637420399598e-05  2.6678122390090954e-04  1.3164174144980589e-05  -1.5798934996297861e-05  1.1708999821191390e-06  2.0079785737748884e-04  1.6131419793767583e-07  -3.3811520555501935e-05  1.4823990592461299e-07  2.6341623056975235e-04  -1.2970510539468194e-05
3.0800000000002001e+01  -1.2843235596389964e-03  8.5489206314419739e-05  2.9693527267819807e-04  9.1171675191712550e-06  2.1213360404188494e-03  1.1850023532155056e-07  1.9282539629149461e-04  -8.6643582484004989e-06  -1.2872144794262371e-03  -8.5245603466099006e-05  2.7150504217621484e-04  1.3171024951166262e-05  -1.5758924476279106e-05  1.2265326401980152e-06  2.1183261966226075e-04  1.6835029905432040e-07  -3.3665205905029027e-05  1.1423199752763824e-07  2.6804844502756906e-04  -1.2975856182202740e-05
3.1200000000002099e+01  -1.3941002340392113e-03  8.5457814662108028e-05  3.1236433983563303e-04  9.5136676197022738e-06  2.2480780420269762e-03  1.1922509262074431e-07  2.0979557979637240e-04  -9.0702513074363980e-06  -1.3969509452688290e-03  -8.5205547525689279e-05  2.7618694750456275e-04  1.3155490754189534e-05  -1.5649340574308405e-05  1.2951272318210842e-06  2.2317363655803459e-04  1.7209930141029801e-07  -3.3403064094804868e-05  5.1509718284869434e-08  2.7260544851248012e-04  -1.2958298704997444e-05
3.1600000000002101e+01  -1.5090658533112116e-03  8.5441385082638774e-05  3.2861979898401832e-04  9.9238590798290380e-06  2.3800576536302590e-03  1.1884963115142214e-07  2.2758678049152091e-04  -9.4928738405918390e-06  -1.5118772479523219e-03  -8.5180792918235297e-05  2.8074329077214558e-04  1.3138184712587899e-05  -1.5438945792640600e-05  1.3674442700592465e-06  2.3486433804566814e-04  1.7744793828891810e-07  -3.3032458985942574e-05  -2.6747770255579759e-08  2.7704030893181924e-04  -1.2933996530917135e-05
3.2000000000002203e+01  -1.6293300149991989e-03  8.5441144032791428e-05  3.4573140716662957e-04  1.0351010936279000e-05  2.5174124998589235e-03  1.1758206609625545e-07  2.4622773458565653e-04  -9.9336148658175097e-06  -1.6321013674206939e-03  -8.5172235028038891e-05  2.8510564221127604e-04  1.3133716877482962e-05  -1.5105806501292574e-05  1.4265039872751756e-06  2.4695414019859744e-04  1.8623537942279451e-07  -3.2558455856411127e-05  -9.4003992959389217e-08  2.8131683151684902e-04  -1.2919273396618917e-05
3.2400000000002102e+01  -1.7550082760522953e-03  8.5458660950364204e-05  3.6373330753609575e-04  1.0795574691726284e-05  2.6602821885352229e-03  1.1561318812554149e-07  2.6575139489783779e-04  -1.0391199076006154e-05  -1.7577323709239961e-03  -8.5181413842078631e-05  2.8923820504625817e-04  1.3142221882271461e-05  -1.4644231616587093e-05  1.4656169013363212e-06  2.5948185496495511e-04  1.9730665998504883e-07  -3.1978480363953365e-05  -1.3468403138757549e-07  2.8540384829922345e-04  -1.2918086957302769e-05
3.2800000000002001e+01  -1.8862259598764934e-03  8.5496088498462393e-05  3.8266371498893708e-04  1.1256764833077085e-05  2.8088128814046810e-03  1.1304403903837546e-07  2.8619406835084932e-04  -1.0863037043293088e-05  -1.8888902446201061e-03  -8.5210781799607846e-05  2.9312687347787369e-04  1.3152411946922777e-05  -1.4056282405075699e-05  1.4999613858244248e-06  2.7246720200638425e-04  2.0826759225973201e-07  -3.1281544187423721e-05  -1.5975508606100592e-07  2.8926520345883466e-04  -1.2920516670669048e-05
3.3200000000001999e+01  -2.0231142132441102e-03  8.5556090686116364e-05  4.0256393060167069e-04  1.1736225041086220e-05  2.9631589483284761e-03  1.0983863735083476e-07  3.0759462283718505e-04  -1.1348891735025604e-05  -2.0257095732456854e-03  -8.5263181543044784e-05  2.9676337276353089e-04  1.3150926143936474e-05  -1.3343711928823373e-05  1.5510516479894362e-06  2.8591602134051680e-04  2.1748242354930289e-07  -3.0450863313342806e-05  -1.9292125529758301e-07  2.9286496488900013e-04  -1.2911829643225660e-05
3.3600000000001899e+01  -2.1658025229196578e-03  8.5640929874384144e-05  4.2347669862765258e-04  1.2237939451084987e-05  3.1234782853895712e-03  1.0591936796452972e-07  3.2999491374011754e-04  -1.1851967777235034e-05  -2.1683302228188775e-03  -8.5340503611513134e-05  3.0014448290945355e-04  1.3131259342837296e-05  -1.2509599653921636e-05  1.6213065155439792e-06  2.9983166673893486e-04  2.2537427656240686e-07  -2.9472664111546251e-05  -2.4352991290089795e-07  2.9618558771796232e-04  -1.2884088699542139e-05
3.4000000000001798e+01  -2.3144167617765881e-03  8.5751462159740951e-05  4.4544428679432193e-04  1.2764069571584870e-05  3.2899263796847388e-03  1.0138322416957570e-07  3.5343960334168357e-04  -1.2375781960009632e-05  -2.3168842067263903e-03  -8.5442903713442593e-05  3.0327648386245255e-04  1.3097216002705900e-05  -1.1559735898934091e-05  1.6932378334583038e-06  3.1422190261068064e-04  2.3404942288797908e-07  -2.8345593139715228e-05  -3.0102558139544379e-07  2.9923545763884258e-04  -1.2841131148805911e-05
3.4400000000001697e+01  -2.4690819503024545e-03  8.5887198162334319e-05  4.6850801126479711e-04  1.3312570673280730e-05  3.4626554778679616e-03  9.6570706671415373e-08  3.7797405713852102e-04  -1.2921049670589155e-05  -2.4714912939108207e-03  -8.5569609015212115e-05  3.0616531600255063e-04  1.3059089649880264e-05  -1.0492554717042232e-05  1.7548119877954682e-06  3.2909738946435973e-04  2.4524155714511927e-07  -2.7078112215602845e-05  -3.5595516714045009e-07  3.0203189084932120e-04  -1.2793877720535250e-05
3.4800000000001603e+01  -2.6299204808144828e-03  8.6047559630714096e-05  4.9271032421795754e-04  1.3879823315595283e-05  3.6418187797122564e-03  9.1835602833359177e-08  4.0364211453136969e-04  -1.3486435077188943e-05  -2.6322632236699512e-03  -8.5720528703456936e-05  3.0880164073362700e-04  1.3025710629220892e-05  -9.2876421762288271e-06  1.8154400372848901e-06  3.4446310623587886e-04  2.5843563126281919e-07  -2.5673542678484110e-05  -4.1529219373541732e-07  3.0457920984579062e-04  -1.2751241901042126e-05
3.5200000000001602e+01  -2.7970463516033927e-03  8.6233207260390531e-05  5.1809704230919252e-04  1.4464346891576962e-05  3.8275762514297291e-03  8.7246295060332989e-08  4.3048605868718304e-04  -1.4071219485731400e-05  -2.7993091925303110e-03  -8.5896986037202700e-05  3.1116635192268775e-04  1.2998689164862971e-05  -7.9123907931091374e-06  1.8907539934427302e-06  3.6031014067758511e-04  2.7117766063446231e-07  -2.4119340509796755e-05  -4.8977167419014567e-07  3.0686917255420197e-04  -1.2714695142394792e-05
3.5600000000001501e+01  -2.9705657984837020e-03  8.6446237088357050e-05  5.4471627510262362e-04  1.5066993941045172e-05  4.0200985616321528e-03  8.2551198129491074e-08  4.5854875955572477e-04  -1.4675949161172820e-05  -2.9727392010638703e-03  -8.6101037343373830e-05  3.1325302479046703e-04  1.2972859486238791e-05  -6.3438184675412628e-06  1.9788956064993621e-06  3.7662015812610448e-04  2.8122903592829001e-07  -2.2392231212941681e-05  -5.7316114448646145e-07  3.0889779271988879e-04  -1.2679693452372881e-05
3.6000000000001400e+01  -3.1505839707345242e-03  8.6689214170755793e-05  5.7261583555462924e-04  1.5689099954914586e-05  4.2195643736118379e-03  7.7410305777377085e-08  4.8787676418323312e-04  -1.5301381068479768e-05  -3.1526639215310875e-03  -8.6334493810356108e-05  3.1507464585005186e-04  1.2941456840255719e-05  -4.5795784657848195e-06  2.0618710957621488e-06  3.9338454967901345e-04  2.8824242104277314e-07  -2.0471022971098969e-05  -6.4556139559187607e-07  3.1066902103823026e-04  -1.2640776969520710e-05
3.6400000000001299e+01  -3.3372066160957318e-03  8.6964198221479137e-05  6.0184511806342985e-04  1.6332588425568903e-05  4.4261512864046844e-03  7.1594966693513343e-08  5.1852338709009686e-04  -1.5948707240185904e-05  -3.3391910254505341e-03  -8.6598893049036807e-05  3.1664121786088574e-04  1.2901359190677272e-05  -2.6258868225697207e-06  2.1292802918644148e-06  4.1062109874148418e-04  2.9349591193510311e-07  -1.8343393993910722e-05  -6.9801560321967597e-07  3.1217784575504859e-04  -1.2595505231167267e-05
3.6800000000001198e+01  -3.5305372201090719e-03  8.7272860521545595e-05  6.3246210003156840e-04  1.7001391455655612e-05  4.6400317617135162e-03  6.4966364221603060e-08  5.5055011005681644e-04  -1.6620760713422823e-05  -3.5324242476923134e-03  -8.6896340789119529e-05  3.1793540360108190e-04  1.2854591210989045e-05  -4.8120245617041049e-07  2.1918646084102092e-06  4.2837007514103979e-04  2.9851745170791929e-07  -1.6004990757954429e-05  -7.4522544918315771e-07  3.1339799553007524e-04  -1.2545036584755617e-05
3.7200000000001197e+01  -3.7306801339754584e-03  8.7617543638036455e-05  6.6453761143383215e-04  1.7700273557260147e-05  4.8613820725658813e-03  5.7364187762076681e-08  5.8402453191281917e-04  -1.7321044916298121e-05  -3.7324697781267145e-03  -8.7230144284292525e-05  3.1891691408426779e-04  1.2805554982577537e-05  1.8643330184119674e-06  2.2681645885967428e-06  4.4667278551531540e-04  3.0419789208121517e-07  -1.3455859889863740e-05  -8.0929455902617425e-07  3.1429384242315000e-04  -1.2492100773669972e-05
3.7600000000001103e+01  -3.9377464716672458e-03  8.8002037330728043e-05  6.9815099145239742e-04  1.8431167910004979e-05  5.0903928597002997e-03  4.8652922451988812e-08  6.1901659583035815e-04  -1.8050610253835564e-05  -3.9394405054909041e-03  -8.7604548380280960e-05  3.1954990290791524e-04  1.2756818175605777e-05  4.4214002636113218e-06  2.3628122598906926e-06  4.6555142060773357e-04  3.1081657182196641e-07  -1.0694217304635877e-05  -8.9520527794794221e-07  3.1484260962740402e-04  -1.2438371673655793e-05
3.8000000000001002e+01  -4.1518486537512316e-03  8.8431114351825881e-05  7.3338224774421434e-04  1.9191992094183941e-05  5.3272658612563643e-03  3.8965500284158979e-08  6.5559784421011322e-04  -1.8807125843836170e-05  -4.1534470736218007e-03  -8.8023864886054316e-05  3.1982274398349437e-04  1.2707152318287929e-05  7.2031538102733340e-06  2.4626912111875887e-06  4.8500341838277159e-04  3.1830770131658436e-07  -7.7081831301767552e-06  -9.8731741710177400e-07  3.1504107956427667e-04  -1.2382979957695412e-05
3.8400000000000901e+01  -4.3730861117975773e-03  8.8909186683034264e-05  7.7030996033851558e-04  1.9980526882039851e-05  5.5722033849905650e-03  2.8896409988921816e-08  6.9384496787232817e-04  -1.9588637460872516e-05  -4.3745848919413749e-03  -8.8491666122139412e-05  3.1974614428585739e-04  1.2652896519386928e-05  1.0230313948230004e-05  2.5531175565422695e-06  5.0500997983015685e-04  3.2630597245258391e-07  -4.4754902467716590e-06  -1.0687305243004282e-06  3.1489579977070825e-04  -1.2322789479499444e-05
3.8800000000000800e+01  -4.6015419021714007e-03  8.9439387828979132e-05  8.0901570157492549e-04  2.0799256163947004e-05  5.8254095982538138e-03  1.9346820324691422e-08  7.3384255109832253e-04  -2.0398356423278726e-05  -4.6029364846729044e-03  -8.9010478302819406e-05  3.1934304728594814e-04  1.2590632497031221e-05  1.3521682706427694e-05  2.6339888751666708e-06  5.2555190854057022e-04  3.3419624373683919e-07  -9.7770427846658771e-07  -1.1396371245219426e-06  3.1441782546745854e-04  -1.2254122903770543e-05
3.9200000000000799e+01  -4.8372973950066445e-03  9.0023916407521362e-05  8.4958753082396091e-04  2.1655138792967159e-05  6.0871036452620729e-03  1.1011461040419932e-08  7.7568038866149876e-04  -2.1244514045226045e-05  -4.8385888857945371e-03  -8.9582123578726757e-05  3.1864192791392559e-04  1.2518997308017448e-05  1.7076755783411099e-05  2.7190040247637424e-06  5.4662454699847820e-04  3.4140395028146223e-07  2.7857867137032373e-06  -1.2152900953634260e-06  3.1362826515194086e-04  -1.2175223234445673e-05
3.9600000000000698e+01  -5.0804478415031051e-03  9.0665023277707019e-05  8.9211822796498100e-04  2.2553680568268220e-05  6.3575243401390374e-03  3.8830467075365641e-09  8.1944850544377838e-04  -2.2134124112678155e-05  -5.0816439570346731e-03  -9.0208486564432585e-05  3.1766607069945717e-04  1.2439142030020764e-05  2.0878905657156690e-05  2.8211552879385662e-06  5.6824226836347971e-04  3.4765150907934522e-07  6.8060917786808353e-06  -1.3087201216919943e-06  3.1255468184164813e-04  -1.2088059829818368e-05
4.0000000000000597e+01  -5.3310992142636682e-03  9.1365227368379092e-05  9.3670234873754511e-04  2.3493307264101119e-05  6.6369170289397776e-03  -2.7614960181700015e-09  8.6523731643877062e-04  -2.3066470614441317e-05  -5.3322068033441802e-03  -9.0891957060552209e-05  3.1641526455094421e-04  1.2354017573706254e-05  2.4924119345003668e-05  2.9416335556960584e-06  5.9042730060651573e-04  3.5282634520569474e-07  1.1090604053824596e-05  -1.4188508446808750e-06  3.1120777425382661e-04  -1.1997594505122184e-05
4.0400000000000503e+01  -5.5893472040819377e-03  9.2126396834397528e-05  9.8343797886090486e-04  2.4466778144674760e-05  6.9255188049059564e-03  -9.7946691626535462e-09  9.1314470219118048e-04  -2.4033788656401739e-05  -5.5903634560753382e-03  -9.1634953566752710e-05  3.1485849199067205e-04  1.2266734757361755e-05  2.9241620706403539e-05  3.0730718144084980e-06  6.1319304144195408e-04  3.5666253787107795e-07  1.5673572042283019e-05  -1.5356607892993085e-06  3.0956276645088083e-04  -1.1908390981789122e-05
4.0800000000000502e+01  -5.8552582525420805e-03  9.2949180089488875e-05  1.0324329634831880e-03  2.5469707056957230e-05  7.2235615681482367e-03  -1.7528431054512233e-08  9.6328320210480219e-04  -2.5030034474572810e-05  -5.8561710770093124e-03  -9.2439159407616095e-05  3.1295282071143362e-04  1.2179025375622440e-05  3.3878898342529044e-05  3.2088534211151992e-06  6.3654380055409442e-04  3.5875027636931770e-07  2.0594038006268569e-05  -1.6518817723610245e-06  3.0757343185094504e-04  -1.1821499449444665e-05
4.1200000000000401e+01  -6.1288712523132572e-03  9.3834283778944269e-05  1.0838100274163038e-03  2.6507878923067467e-05  7.5312891047345405e-03  -2.5517068351542057e-08  1.0157801502217491e-03  -2.6059268631399252e-05  -6.1296692172187741e-03  -9.3305858483762731e-05  3.1067096732080861e-04  1.2090827529163065e-05  3.8869024586642154e-05  3.3421136038755496e-06  6.6049673766016114e-04  3.5892837295257756e-07  2.5866685198888337e-05  -1.7626331887915912e-06  3.0520638813628719e-04  -1.1734407383558331e-05
4.1600000000000300e+01  -6.4102184842014702e-03  9.4784662914139861e-05  1.1377067074942460e-03  2.7594216971770669e-05  7.8489659333340796e-03  -3.3150725230064986e-08  1.0707719858488451e-03  -2.7133488280352599e-05  -6.4108975387234795e-03  -9.4237503566650400e-05  3.0800747771074564e-04  1.2000424373211002e-05  4.4218287060405559e-05  3.4552455486454222e-06  6.8509827151026011e-04  3.5761924474377000e-07  3.1482579907355637e-05  -1.8534489042753775e-06  3.0245609788536484e-04  -1.1643073032524972e-05
4.2000000000000199e+01  -6.6993457541394260e-03  9.5805957425296157e-05  1.1942716295929908e-03  2.8736503514078682e-05  8.1768674732336875e-03  -4.0526798870632011e-08  1.1284006539823855e-03  -2.8260304222807899e-05  -6.6999018349192556e-03  -9.5238764322651311e-05  3.0496187374791898e-04  1.1904169641122725e-05  4.9922105112965628e-05  3.5220761188802825e-06  7.1040556463308291e-04  3.5586389591482719e-07  3.7438918762382461e-05  -1.9002689667543177e-06  2.9932602732275044e-04  -1.1543290586290139e-05
4.2400000000000098e+01  -6.9963148061784946e-03  9.6904381647217253e-05  1.2536617542529688e-03  2.9928852498775560e-05  8.5152690175678732e-03  -4.8596194457704639e-08  1.1888167985528494e-03  -2.9433786203689615e-05  -6.9967299607108287e-03  -9.6315606610721752e-05  3.0152316768638560e-04  1.1796860958064050e-05  5.5983571556980681e-05  3.5353445709176056e-06  7.3644894895131272e-04  3.5515722994191860e-07  4.3760014415944676e-05  -1.8960351885205834e-06  2.9580248358888379e-04  -1.1431371830600230e-05
4.2800000000000097e+01  -7.3011908039921757e-03  9.8084661779612777e-05  1.3160430910077337e-03  3.1158471645639592e-05  8.8644562359154310e-03  -5.8138044716877721e-08  1.2521856917030892e-03  -3.0640858188350304e-05  -7.3014333899814026e-03  -9.7473399670328971e-05  2.9766962848313584e-04  1.1674437844039889e-05  6.2414525179738676e-05  3.5357010478338827e-06  7.6322331292800593e-04  3.5698124323115611e-07  5.0483779852789372e-05  -1.8805990315118000e-06  2.9185159842348208e-04  -1.1305980521009727e-05
4.3200000000000003e+01  -7.6140297387663836e-03  9.9350641952369981e-05  1.3815930538264168e-03  3.2422646997635117e-05  9.2247508327819201e-03  -6.8473598904817117e-08  1.3186885927275269e-03  -3.1878554786675017e-05  -7.6140762112345385e-03  -9.8716278514183973e-05  2.9337631484977904e-04  1.1537471134196348e-05  6.9226795986943165e-05  3.6033844032820734e-06  7.9072181214516403e-04  3.6182911613278409e-07  5.7631451694480909e-05  -1.9331609198546755e-06  2.8743958790456586e-04  -1.1170095635809830e-05
4.3599999999999902e+01  -7.9348752051859386e-03  1.0070725819040402e-04  1.4505009070318398e-03  3.3737163068466600e-05  9.5965203283717507e-03  -7.7513887551313181e-08  1.3885182079830631e-03  -3.3162944116616529e-05  -7.9347332698384183e-03  -1.0004806794032807e-04  2.8862230298538270e-04  1.1391508551160090e-05  7.6431279982978927e-05  3.8076265572785754e-06  8.1896809701583872e-04  3.6824195533665321e-07  6.5197904644570320e-05  -2.1208258091776736e-06  2.8255288108610218e-04  -1.1029713991769347e-05
4.3999999999999801e+01  -8.2637638935170558e-03  1.0216026384589492e-04  1.5229659304223020e-03  3.5124898360614507e-05  9.9801593739413021e-03  -8.3555409856810947e-08  1.4618743119199024e-03  -3.4517827342058112e-05  -8.2634688690812093e-03  -1.0147279719818119e-04  2.8339620505824089e-04  1.1243384416713865e-05  8.4047111813260978e-05  4.1543079647172021e-06  8.4800806743923164e-04  3.7302260283549223e-07  7.3173550951749228e-05  -2.4458291654009555e-06  2.7719805886144055e-04  -1.0889320871162369e-05
4.4399999999999700e+01  -8.6007346928452990e-03  1.0371350044456864e-04  1.5991982048455793e-03  3.6596139854973725e-05  1.0376069014891397e-02  -8.7150819030916904e-08  1.5389656660551952e-03  -3.5954663222839219e-05  -8.6003180224201725e-03  -1.0299395410842430e-04  2.7769370964868311e-04  1.1097270668604143e-05  9.2105966792616761e-05  4.5752714441098748e-06  8.7788256632334246e-04  3.7302315797675065e-07  8.1570361721111824e-05  -2.8374160949905418e-06  2.7138074983885880e-04  -1.0748808440533513e-05
4.4799999999999699e+01  -8.9458346528022911e-03  1.0536818043376737e-04  1.6794270771990491e-03  3.8143189658807895e-05  1.0784663158422868e-02  -9.0908582384466828e-08  1.6200181076546308e-03  -3.7466779154807070e-05  -8.9452969889328941e-03  -1.0461455960322677e-04  2.7150208070050923e-04  1.0953840335636732e-05  1.0063911447874769e-04  4.9641105030115426e-06  9.0862629643711492e-04  3.6726041274982303e-07  9.0420335369152498e-05  -3.1910377760190106e-06  2.6508164305984443e-04  -1.0605065025551186e-05
4.5199999999999598e+01  -9.2991146774687710e-03  1.0712683671452663e-04  1.7639137249853684e-03  3.9755676539956769e-05  1.1206391918719678e-02  -9.7184906575764488e-08  1.7052836296894318e-03  -3.9044608625303402e-05  -9.2984338206153986e-03  -1.0633953207097113e-04  2.6478618544009647e-04  1.0811412831951811e-05  1.0965629324665750e-04  5.2300456879459216e-06  9.4029026521035377e-04  3.5757921131052297e-07  9.9749628879527985e-05  -3.4215716789932393e-06  2.5825296744945919e-04  -1.0455680785159434e-05
4.5599999999999497e+01  -9.6606138695839172e-03  1.0899751756124779e-04  1.8529556842164143e-03  4.1438042513729230e-05  1.1641746528610823e-02  -1.0603085711668889e-07  1.7950455248080801e-03  -4.0693085017384644e-05  -9.6597784827898193e-03  -1.0817752244204608e-04  2.5749741631387940e-04  1.0666231806680214e-05  1.1914183136091622e-04  5.3395231611408225e-06  9.7294344334443320e-04  3.4745089660980975e-07  1.0956274102841865e-04  -3.5001572138788891e-06  2.5084029743082081e-04  -1.0300206211759851e-05
4.5999999999999403e+01  -1.0030343164811540e-02  1.1099183143126612e-04  1.9468768077179370e-03  4.3208071710037041e-05  1.2091237464932392e-02  -1.1547769610689511e-07  1.8896182931926776e-03  -4.2429681229999253e-05  -1.0029372450700631e-02  -1.1013841576918314e-04  2.4959928318710813e-04  1.0512244164554699e-05  1.2907989851498967e-04  5.3289803656334180e-06  1.0066417514759270e-03  3.4013138581419873e-07  1.1985817172002842e-04  -3.4639157222736014e-06  2.4280712223624220e-04  -1.0138471334451746e-05
4.6399999999999302e+01  -1.0408283893093628e-02  1.1311809160329907e-04  2.0460133015190764e-03  4.5078637622573465e-05  1.2555378914596356e-02  -1.2354964697155828e-07  1.9893444775546769e-03  -4.4265723680669823e-05  -1.0407209123520809e-02  -1.1222830632770343e-04  2.4107954384508867e-04  1.0343499210835829e-05  1.3948619240176084e-04  5.2844942253712466e-06  1.0414077175617236e-03  3.3741052335890363e-07  1.3065470123704154e-04  -3.3976030820357573e-06  2.3413843594144408e-04  -9.9696100269667398e-06
4.6799999999999301e+01  -1.0803583550785870e-02  1.0402003988484347e-04  2.1458356295250688e-03  3.6634036292493122e-05  1.3033973646776591e-02  2.0091989475109589e-07  2.0896141764372303e-03  -3.5238075005796479e-05  -1.0802492320243289e-02  -1.0280976550377811e-04  2.3193730098076409e-04  1.0159525065055813e-05  1.5041076256116582e-04  5.2972415842776429e-06  1.0772528411691494e-03  3.3909878849761164e-07  1.4199247521032646e-04  -3.3919024519880722e-06  2.2482866665237365e-04  -9.7940444168392859e-06
4.7199999999999200e+01  -1.1200150733810851e-02  1.0582186815358491e-04  2.2556810992827850e-03  3.8155495469872538e-05  1.3529571441418163e-02  2.0878167494464993e-07  2.1998217795199237e-03  -3.6695303517982320e-05  -1.1199117753159769e-02  -1.0456112833465116e-04  2.2216634244478253e-04  9.9682762094567976e-06  1.6191181180040624e-04  5.4181007721093660e-06  1.1142157880741450e-03  3.4312033854126086e-07  1.5391151089581660e-04  -3.4967313693595580e-06  2.1487671998108841e-04  -9.6155076654222314e-06
4.7599999999999099e+01  -1.1605326565219534e-02  1.0766628175411194e-04  2.3718791134506572e-03  3.9643614598263361e-05  1.4042031061948627e-02  2.2152099381843006e-07  2.3163521331591779e-03  -3.8104742617307735e-05  -1.1604289048194803e-02  -1.0635028452707665e-04  2.1175047295922536e-04  9.7805825147619984e-06  1.7402562023937067e-04  5.6372217939292144e-06  1.1523530472481293e-03  3.4653149768706929e-07  1.6643406083175481e-04  -3.6981268669214948e-06  2.0428754831737809e-04  -9.4381812182431687e-06
4.7999999999998998e+01  -1.2019039335154028e-02  1.0963585538145950e-04  2.4944903387051267e-03  4.1195068595967964e-05  1.4571512641684086e-02  2.4071032429481051e-07  2.4393386074194456e-03  -3.9559422903274207e-05  -1.2017886109252246e-02  -1.0825743939504569e-04  2.0065826977065166e-04  9.5975240737517803e-06  1.8676553599226878e-04  5.8982946711560630e-06  1.1917051041625366e-03  3.4730133703928975e-07  1.7957729327800994e-04  -3.9346880543256324e-06  1.9305604910042844e-04  -9.2585346775379894e-06
4.8399999999998897e+01  -1.2440200195638833e-02  1.1166710495209427e-04  2.6243892319935160e-03  4.2766172250525282e-05  1.5118521381194827e-02  2.6414394946131512e-07  2.5696238152797899e-03  -4.1018788325062759e-05  -1.2438903839472425e-02  -1.1021550744932044e-04  1.8885055730561155e-04  9.4052802391352292e-06  2.0016534105602021e-04  6.1395378418531093e-06  1.2323252200025759e-03  3.4563313475892780e-07  1.9339360688089518e-04  -4.1441289500491957e-06  1.8114861827817774e-04  -9.0627436126318458e-06
4.8799999999998903e+01  -1.2868070225082306e-02  1.1383063365207389e-04  2.7620111825307717e-03  4.4464370112700693e-05  1.5683079173615461e-02  2.8884155769783103e-07  2.7075821299736621e-03  -4.2598743072984553e-05  -1.2866725566169676e-02  -1.1229765997434972e-04  1.7627910613018336e-04  9.1871914460858896e-06  2.1420312414590172e-04  6.3365278167375018e-06  1.2742017843596356e-03  3.4373166026684487e-07  2.0787465255915996e-04  -4.3066122729539489e-06  1.6848637417700551e-04  -8.8375879527592060e-06
4.9199999999998802e+01  -1.3302364899958109e-02  1.1611512003722728e-04  2.9079169266014414e-03  4.6288732805862867e-05  1.6265777473731976e-02  3.1529778534579282e-07  2.8537455920268238e-03  -4.4300741710228479e-05  -1.3301092712589200e-02  -1.1449416440287905e-04  1.6297933645793974e-04  8.9406344380589672e-06  2.2887892139617535e-04  6.5133218452057277e-06  1.3173918546424157e-03  3.4323721852495170e-07  2.2301031204796672e-04  -4.4508312339318742e-06  1.5505400467236526e-04  -8.5852302031322201e-06
4.9599999999998701e+01  -1.3743381438793945e-02  1.1849279736654056e-04  3.0625999920878520e-03  4.8157980330052291e-05  1.6867611832103974e-02  3.3178206619090842e-07  3.0086705310035785e-03  -4.6062498575500161e-05  -1.3742142159825698e-02  -1.1678846295764375e-04  1.4908147278295907e-04  8.6845332895660615e-06  2.4419073544983735e-04  6.7153954227756355e-06  1.3619646012679606e-03  3.4362241718701289e-07  2.3877270308755622e-04  -4.6213470041895227e-06  1.4095750518768987e-04  -8.3287129436852442e-06
4.9999999999998600e+01  -1.4192174088221061e-02  1.2089058027754486e-04  3.2268471634969032e-03  4.9923154725287259e-05  1.7490721673090751e-02  3.3427313154739543e-07  3.1732583352996014e-03  -4.7738610549258973e-05  -1.4190653543405634e-02  -1.1911425860798499e-04  1.3464484063008394e-04  8.4406421730745776e-06  2.6000317962688734e-04  6.9561519082786671e-06  1.4077873235714790e-03  3.4204156122002248e-07  2.5501511434079045e-04  -4.8269673191580066e-06  1.2629448688856895e-04  -8.0921153728989225e-06
5.0399999999998499e+01  -1.4649575657356867e-02  1.2342674781794290e-04  3.4019598960934655e-03  5.1722762631879174e-05  1.8137872244813003e-02  3.5280774255762694e-07  3.3486423471996837e-03  -4.9415237693734636e-05  -1.4647659827724221e-02  -1.2156490205047142e-04  1.1964383568645930e-04  8.2148913431329524e-06  2.7632423880231960e-04  7.1952900732709813e-06  1.4548408205250401e-03  3.3493209861321557e-07  2.7176327815531752e-04  -5.0248720636391498e-06  1.1111438427388706e-04  -7.8804235413672215e-06
5.0799999999998498e+01  -1.5113840863817417e-02  1.2627601823877075e-04  3.5886668546252446e-03  5.3773751864814049e-05  1.8808825138915453e-02  3.7913450895599328e-07  3.5352455409877522e-03  -5.1329166385758777e-05  -1.5111841758416320e-02  -1.2432596552169818e-04  1.0399696841101503e-04  8.0004315043850235e-06  2.9338256559085282e-04  7.3766299249140988e-06  1.5033120050930316e-03  3.2166279450378487e-07  2.8927833406761365e-04  -5.1593280061928186e-06  9.5373427898385056e-05  -7.6806577549024762e-06
5.1199999999998397e+01  -1.5583171130363459e-02  1.2937626089876624e-04  3.7873974717780217e-03  5.6020256765306644e-05  1.9502899838035697e-02  4.0491743000165600e-07  3.7336200960299878e-03  -5.3439549440792954e-05  -1.5581294223887427e-02  -1.2734009087575233e-04  8.7585532747749828e-05  7.7866218858165921e-06  3.1140102104497392e-04  7.4799456910305880e-06  1.5533644338179193e-03  3.0550288656122070e-07  3.0780582523347072e-04  -5.2137289239269291e-06  7.8902657026105476e-05  -7.4732165790540407e-06
5.1599999999998303e+01  -1.6057720710156667e-02  1.3270598158581005e-04  3.9990352789041981e-03  5.8471518360318851e-05  2.0221698066562321e-02  4.4014218814346405e-07  3.9447823836537563e-03  -5.5732435818660648e-05  -1.6056105613352790e-02  -1.3057053468851023e-04  7.0354053491225891e-05  7.5665156212508837e-06  3.3051005359792276e-04  7.5438989734630275e-06  1.6051081836699682e-03  2.9234985156152803e-07  3.2747820542293102e-04  -5.2333901283408041e-06  6.1542906633429452e-05  -7.2453345136917490e-06
5.1999999999998202e+01  -1.6537879060357759e-02  1.3627741684957788e-04  4.2247860035793923e-03  6.1170002002889701e-05  2.0967521883819951e-02  4.7809905413120782e-07  4.1699484506394977e-03  -5.8254616088982526e-05  -1.6536728906726639e-02  -1.3403034315623931e-04  5.2363764518776418e-05  7.3325699689016202e-06  3.5070453251847969e-04  7.6375055932924199e-06  1.6585648915787476e-03  2.8737641094200797e-07  3.4827475303174696e-04  -5.2959200336603534e-06  4.3293969900725340e-05  -6.9919676237843018e-06
5.2399999999998101e+01  -1.7040358018479376e-02  1.0659284390570855e-04  4.4789393660526929e-03  3.9849012295269977e-05  2.1758042980290507e-02  1.3428800175822040e-07  4.4215095970680483e-03  -3.7529977314294298e-05  -1.7042043456772470e-02  -1.0497563851028234e-04  3.0724976137535385e-05  6.8050830740445392e-06  3.6446941030273371e-04  7.5082476488374238e-06  1.7040704239730975e-03  2.0145509157255567e-07  3.6278559676077233e-04  -5.3078548612773060e-06  2.1449450546370195e-05  -6.5248965662042718e-06
5.2799999999998100e+01  -1.7527309431264862e-02  1.0895525079767813e-04  4.7344124598395895e-03  4.1412337185400399e-05  2.2547723619800286e-02  1.9056662059363538e-08  4.6767228876553957e-03  -3.9220209804569233e-05  -1.7528993286845672e-02  -1.0737028591231749e-04  1.1788184546257903e-05  6.4599022625420136e-06  3.8683841703120669e-04  7.7152138417822349e-06  1.7612350689355581e-03  1.5484947239849139e-07  3.8580192169749053e-04  -5.6052552048644760e-06  2.2553183287215347e-06  -6.2131488126866128e-06
5.3199999999997999e+01  -1.8026060552159114e-02  1.1194115983065555e-04  5.0093544705697227e-03  4.3892362092740482e-05  2.3387733521495015e-02  8.1058024486313105e-08  4.9508998742395730e-03  -4.1466257339852158e-05  -1.8028807097247385e-02  -1.1023887718804350e-04  -8.3968340939207008e-06  6.1521433633403554e-06  4.0884465153638323e-04  8.1337002480694311e-06  1.8187972964168225e-03  2.3261834975318812e-07  4.0846062097347146e-04  -5.9020957442581786e-06  -1.8022220135499101e-05  -5.8490948127186277e-06
5.3599999999997898e+01  -1.8527886888177112e-02  1.1500589638968191e-04  5.3028695669483060e-03  4.6333328700178070e-05  2.4259079186410733e-02  1.7785103850055759e-07  5.2438806231356258e-03  -4.3595181320757825e-05  -1.8531068956282985e-02  -1.1313743087078526e-04  -2.9168142149557807e-05  5.7953685409676312e-06  4.3165028833512379e-04  8.5762132343861832e-06  1.8780312667840849e-03  3.3762063853025582e-07  4.3175406921376613e-04  -6.1560913204893624e-06  -3.8909545863267744e-05  -5.4273796226047543e-06
5.3999999999997797e+01  -1.9033050549389967e-02  1.1843739288318722e-04  5.6180108375620819e-03  4.9067922184249316e-05  2.5167308796887840e-02  1.6345188814672576e-07  5.5578355626817299e-03  -4.6238854161791021e-05  -1.9037345812236844e-02  -1.1652173950437246e-04  -5.0456181238208299e-05  5.5334810022066989e-06  4.5523867674812429e-04  9.1096698278935911e-06  1.9387242398910156e-03  4.2304003300626282e-07  4.5570800862390366e-04  -6.5061947151071514e-06  -6.0400322954771342e-05  -5.1163935791820455e-06
5.4399999999997704e+01  -1.9541148518550447e-02  1.2144319627432242e-04  5.9573131063890431e-03  5.1022414860690913e-05  2.6116328836577451e-02  1.9887930542778691e-07  5.8967677033578683e-03  -4.8012223023369548e-05  -1.9545192862084216e-02  -1.1942719615245037e-04  -7.2058766836573902e-05  5.4298821372435146e-06  4.8006562951229148e-04  9.7142301586540717e-06  2.0013333429061064e-03  4.6253876187154747e-07  4.8094545696722142e-04  -6.9847578261855321e-06  -8.2265149228590733e-05  -4.9810303213855986e-06
5.4799999999997702e+01  -2.0058033331647046e-02  1.2462548648025550e-04  6.3212454971335310e-03  5.2869383612115894e-05  2.7110162952078683e-02  2.5004194878542089e-07  6.2608402594100518e-03  -4.9640916257109714e-05  -2.0060589829099751e-02  -1.2245688165545818e-04  -9.4162079224880898e-05  5.2308355667230650e-06  5.0614661209087285e-04  1.0083035184743094e-05  2.0659661594143136e-03  4.8016594459127410e-07  5.0755127049970073e-04  -7.2745325938497828e-06  -1.0470520629997216e-04  -4.7578974744963704e-06
5.5199999999997601e+01  -2.0576564497864918e-02  1.2905429010337852e-04  6.7116389966928617e-03  5.6132647517089125e-05  2.8146130820110776e-02  2.9206039190077986e-07  6.6493568279333264e-03  -5.2707388483826443e-05  -2.0580228311465203e-02  -1.2675813971707478e-04  -1.1690707155395823e-04  4.8751629849086884e-06  5.3352648068952799e-04  1.0188817373589717e-05  2.1328716699055344e-03  4.5637465355939056e-07  5.3561516641777835e-04  -7.3871817064730921e-06  -1.2780527414827116e-04  -4.4064051412765230e-06
5.5599999999997500e+01  -2.1085913703194237e-02  1.3358585374623045e-04  7.1346172694810419e-03  5.9451773756126984e-05  2.9228248634100638e-02  3.3031191887871142e-07  7.0701086759723418e-03  -5.5829145755098228e-05  -2.1091141626248037e-02  -1.3118747842272798e-04  -1.4010229703037921e-04  4.4819016710205592e-06  5.6223392520013968e-04  1.0271095942315763e-05  2.2020574103520504e-03  4.2218442259968280e-07  5.6511016812433711e-04  -7.4975012857490271e-06  -1.5134525738312937e-04  -4.0311515953885581e-06
5.5999999999997399e+01  -2.1599629594308223e-02  1.1921353786308156e-04  7.5926421202159068e-03  4.0752802186827617e-05  3.0373033931930374e-02  -9.2162581244089605e-06  7.5331599183037475e-03  -5.8207572036806846e-05  -2.1591356348229469e-02  -1.3425041010456187e-04  -1.6126045597488229e-04  4.3036769352863554e-06  5.9427866264375384e-04  1.1109640004676292e-05  2.2742544492689205e-03  8.0109233574320585e-07  5.9604637360102862e-04  -7.7198702336503031e-06  -1.7510913885609311e-04  -3.7956111467353746e-06
5.6399999999997299e+01  -2.2097254343926884e-02  1.3584176747264795e-04  8.0989706417896011e-03  6.3285137420021761e-05  3.1590792761961424e-02  3.1152871751027487e-07  8.0311183595243151e-03  -5.9388507831165284e-05  -2.2102990698152289e-02  -1.3348316052984733e-04  -1.8441164811374000e-04  2.4951142392629340e-06  6.2502429329108853e-04  9.6031629232904790e-06  2.3470653698461920e-03  4.1060970667764350e-07  6.2969122226424579e-04  -6.7586926433880087e-06  -1.9591556254431263e-04  -2.0572504519402757e-06
5.6799999999997297e+01  -2.2583324126514460e-02  1.4097532128962338e-04  8.6332630414694897e-03  6.6979467229496951e-05  3.2837854916500236e-02  7.7985765882868227e-08  8.5636972232933043e-03  -6.3282516709693785e-05  -2.2589664955612529e-02  -1.3866062109267407e-04  -2.0873685464953523e-04  2.0498283910035300e-06  6.5704313160414333e-04  9.8824925214764240e-06  2.4214773833496441e-03  4.6390319833109912e-07  6.6206479165187965e-04  -6.8977776356478698e-06  -2.2066500864761511e-04  -1.5864994297523090e-06
5.7199999999997203e+01  -2.3061091947009102e-02  1.4682828466048507e-04  9.2097979320904938e-03  7.1624065545887678e-05  3.4145998260434886e-02  1.9744521819383960e-07  9.1376513360546877e-03  -6.7487522162294874e-05  -2.3069602977409551e-02  -1.4436080585675013e-04  -2.3237800126567221e-04  1.6714204382828095e-06  6.9154690456319249e-04  1.0193873641797339e-05  2.4985747972441582e-03  4.9704910086896802e-07  6.9706727102699078e-04  -7.0770972947487273e-06  -2.4450803669480415e-04  -1.1524726859385219e-06
5.7599999999997102e+01  -2.3528074602634091e-02  1.5280121405336075e-04  9.8325585656179638e-03  7.6093871830377292e-05  3.5518731398733280e-02  -3.9333741402885385e-08  9.7578776594060453e-03  -7.2166636387202917e-05  -2.3538248183327858e-02  -1.5051846426762552e-04  -2.5512949943561053e-04  1.2700166374604545e-06  7.2839824664449162e-04  1.0475269469082734e-05  2.5779021016801964e-03  5.3725469846208667e-07  7.3448200639557337e-04  -7.2323942810842826e-06  -2.6740399288597660e-04  -7.0578534356994091e-07
5.7999999999997002e+01  -2.3983065140413283e-02  1.5980238308720162e-04  1.0503199064918770e-02  8.1565119586698639e-05  3.6958420007166037e-02  -3.9472822507076368e-08  1.0425748019026362e-02  -7.7189444186905867e-05  -2.3995611511339100e-02  -1.5707744167176929e-04  -2.7790390070280680e-04  8.0025501795521470e-07  7.6668954695063634e-04  1.0666689236587311e-05  2.6594660457281852e-03  5.2302309259356874e-07  7.7387981903195803e-04  -7.4157320642074285e-06  -2.8990131861036895e-04  -2.3761163042933083e-07
5.8399999999997000e+01  -2.4414081348226091e-02  1.6709180517784656e-04  1.1231424845391615e-02  8.7598667810256296e-05  3.8472030423102765e-02  2.3402550412257497e-07  1.1149417440634751e-02  -8.2496672534696056e-05  -2.4431334831236006e-02  -1.6393599418106967e-04  -3.0132246749130860e-04  2.4614006297620369e-07  8.0565403181163020e-04  1.0785314844552284e-05  2.7432155234998895e-03  5.0295567628037027e-07  8.1399615915804220e-04  -7.5749464933799664e-06  -3.1319289397226981e-04  2.9458317658284598e-07
5.8799999999996899e+01  -2.4815006385979763e-02  1.7383325090304229e-04  1.2025168589244933e-02  9.2951527451745283e-05  4.0068536062133210e-02  -1.4820294799288303e-07  1.1939422401457556e-02  -8.8443847948086834e-05  -2.4836367491656370e-02  -1.7111226620844121e-04  -3.2452365037009281e-04  -3.0970268806760655e-07  8.4638107377257399e-04  1.0943380756799542e-05  2.8306663798907511e-03  4.9337710025840493e-07  8.5567463050623084e-04  -7.7601506036867958e-06  -3.3660763449301596e-04  8.3371991468515731e-07
5.9199999999996798e+01  -2.5188667344349405e-02  1.8095089046375499e-04  1.2881070614306690e-02  9.8680329640951658e-05  4.1745711363846832e-02  -4.9282307419039545e-07  1.2792750572361934e-02  -9.4818586207578884e-05  -2.5213105341135151e-02  -1.7865003703167377e-04  -3.4710300583233486e-04  -8.2114404037264468e-07  8.8879075782615684e-04  1.1138543055889268e-05  2.9210564079972219e-03  4.3656906907006202e-07  8.9895481280911102e-04  -8.0478881443141415e-06  -3.5947474974385905e-04  1.3032056065161752e-06
5.9599999999996697e+01  -2.5543568916132981e-02  1.8898418263815873e-04  1.3800714689600696e-02  1.0537513910477560e-04  4.3506494045955260e-02  -4.2816188436367846e-07  1.3710017814177529e-02  -1.0151061413629517e-04  -2.5568443188830756e-02  -1.8667773485357933e-04  -3.6915085145427812e-04  -1.2682610123186862e-06  9.3228625798896445e-04  1.1380904897046618e-05  3.0123213097677671e-03  3.5086014197357759e-07  9.4306527724105551e-04  -8.4357066909685304e-06  -3.8197848396805605e-04  1.6840447463260566e-06
5.9999999999996597e+01  -2.5878543800100649e-02  1.9842031000150907e-04  1.4793979055802545e-02  1.1362108052953627e-04  4.5361588513412140e-02  -7.5386326687479788e-08  1.4700062872371633e-02  -1.0873122748461116e-04  -2.5905087656569448e-02  -1.9533760023581945e-04  -3.9090232151353795e-04  -1.6138358997876771e-06  9.7696902736886288e-04  1.1774983795210037e-05  3.1037200000502479e-03  3.1725507489968430e-07  9.8813524972810821e-04  -8.8817235317361910e-06  -4.0440870396528747e-04  2.0067249557776167e-06
6.0009999999996602e+01  -2.5886470039128581e-02  1.9866880851614175e-04  1.4819856830464280e-02  1.1384445666286794e-04  4.5409252517602361e-02  -6.5291774186077099e-08  1.4725840732758445e-02  -1.0891999505497778e-04  -2.5913121766663043e-02  -1.9556140209435122e-04  -3.9144621129807479e-04  -1.6214493429980317e-06  9.7810353525807931e-04  1.1786838883242905e-05  3.1060098184255659e-03  3.1693921507895527e-07  9.8927980508643439e-04  -8.8936012165910986e-06  -4.0497069588384934e-04  2.0143811434995364e-06
