# time  R_areal_min  r_at_R_areal_min
0.0000000000000000e+00  2.4982442815534847e-01  2.5000000000000000e-01
4.0000000000000002e-01  2.4983010864137870e-01  2.5000000000000000e-01
8.0000000000000004e-01  2.4984589559178982e-01  2.5000000000000000e-01
1.2000000000000000e+00  2.4986245182382333e-01  2.5000000000000000e-01
1.6000000000000001e+00  2.4987155839670624e-01  2.5000000000000000e-01
2.0000000000000000e+00  2.4987214424241944e-01  2.5000000000000000e-01
2.3999999999999901e+00  2.4986769325776509e-01  2.5000000000000000e-01
2.7999999999999798e+00  2.4986303884831967e-01  2.5000000000000000e-01
3.1999999999999802e+00  2.4985967465626391e-01  2.5000000000000000e-01
3.5999999999999699e+00  2.4985498929918629e-01  2.5000000000000000e-01
3.9999999999999600e+00  2.4984656716086875e-01  2.5000000000000000e-01
4.3999999999999497e+00  2.4983359526758861e-01  2.5000000000000000e-01
4.7999999999999403e+00  2.4981751800322843e-01  2.5000000000000000e-01
5.1999999999999300e+00  2.4980073342369180e-01  2.5000000000000000e-01
5.5999999999999304e+00  2.4978270270330502e-01  2.5000000000000000e-01
5.9999999999999201e+00  2.4976289037993696e-01  2.5000000000000000e-01
6.3999999999999098e+00  2.4974598725514241e-01  2.5000000000000000e-01
6.7999999999999003e+00  2.4973787933796157e-01  2.5000000000000000e-01
7.1999999999998900e+00  2.4973834856039898e-01  2.5000000000000000e-01
7.5999999999998797e+00  2.4974227395206994e-01  2.5000000000000000e-01
7.9999999999998703e+00  2.4974649999784584e-01  2.5000000000000000e-01
8.3999999999998707e+00  2.4975154939528116e-01  2.5000000000000000e-01
8.7999999999998604e+00  2.4975804890433309e-01  2.5000000000000000e-01
9.1999999999998501e+00  2.4976505295817955e-01  2.5000000000000000e-01
9.5999999999998398e+00  2.4977123560592437e-01  2.5000000000000000e-01
9.9999999999998295e+00  2.4977604135459505e-01  2.5000000000000000e-01
1.0399999999999800e+01  2.4977983457692154e-01  2.5000000000000000e-01
1.0799999999999800e+01  2.4978325069657240e-01  2.5000000000000000e-01
1.1199999999999800e+01  2.4978650250930304e-01  2.5000000000000000e-01
1.1599999999999801e+01  2.4978942411564301e-01  2.5000000000000000e-01
1.1999999999999799e+01  2.4979196071982904e-01  2.5000000000000000e-01
1.2399999999999800e+01  2.4979439537737710e-01  2.5000000000000000e-01
1.2799999999999800e+01  2.4979718395366970e-01  2.5000000000000000e-01
1.3199999999999800e+01  2.4980066508883567e-01  2.5000000000000000e-01
1.3599999999999801e+01  2.4980489450657808e-01  2.5000000000000000e-01
1.3999999999999700e+01  2.4980969883508958e-01  2.5000000000000000e-01
1.4399999999999700e+01  2.4981483640249680e-01  2.5000000000000000e-01
1.4799999999999701e+01  2.4982007640662221e-01  2.5000000000000000e-01
1.5199999999999701e+01  2.4982516254652279e-01  2.5000000000000000e-01
1.5599999999999699e+01  2.4982978596455882e-01  2.5000000000000000e-01
1.5999999999999700e+01  2.4983365163279495e-01  2.5000000000000000e-01
1.6399999999999800e+01  2.4983658137044124e-01  2.5000000000000000e-01
1.6799999999999802e+01  2.4983855526040760e-01  2.5000000000000000e-01
1.7199999999999900e+01  2.4983967195334206e-01  2.5000000000000000e-01
1.7600000000000001e+01  2.4984007813881134e-01  2.5000000000000000e-01
1.8000000000000000e+01  2.4983990980110685e-01  2.5000000000000000e-01
1.8400000000000102e+01  2.4983925359038767e-01  2.5000000000000000e-01
1.8800000000000100e+01  2.4983812669421965e-01  2.5000000000000000e-01
1.9200000000000198e+01  2.4983647698644723e-01  2.5000000000000000e-01
1.9600000000000300e+01  2.4983420367429890e-01  2.5000000000000000e-01
2.0000000000000298e+01  2.4983119219088834e-01  2.5000000000000000e-01
2.0400000000000400e+01  2.4982734679362917e-01  2.5000000000000000e-01
2.0800000000000502e+01  2.4982260511263490e-01  2.5000000000000000e-01
2.1200000000000500e+01  2.4981694235982602e-01  2.5000000000000000e-01
2.1600000000000598e+01  2.4981038369028233e-01  2.5000000000000000e-01
2.2000000000000600e+01  2.4980301149670733e-01  2.5000000000000000e-01
2.2400000000000698e+01  2.4979492926110189e-01  2.5000000000000000e-01
2.2800000000000800e+01  2.4978618094397456e-01  2.5000000000000000e-01
2.3200000000000799e+01  2.4977668442007087e-01  2.5000000000000000e-01
2.3600000000000900e+01  2.4976623765839406e-01  2.5000000000000000e-01
2.4000000000000998e+01  2.4975459402390243e-01  2.5000000000000000e-01
2.4400000000001000e+01  2.4974155164174347e-01  2.5000000000000000e-01
2.4800000000001098e+01  2.4972701108851628e-01  2.5000000000000000e-01
2.5200000000001101e+01  2.4971099784899611e-01  2.5000000000000000e-01
2.5600000000001199e+01  2.4969366360624634e-01  2.5000000000000000e-01
2.6000000000001300e+01  2.4967526307152990e-01  2.5000000000000000e-01
2.6400000000001299e+01  2.4965609087726612e-01  2.5000000000000000e-01
2.6800000000001400e+01  2.4963638251533574e-01  2.5000000000000000e-01
2.7200000000001499e+01  2.4961621321726446e-01  2.5000000000000000e-01
2.7600000000001501e+01  2.4959543727600578e-01  2.5000000000000000e-01
2.8000000000001599e+01  2.4957369392046436e-01  2.5000000000000000e-01
2.8400000000001601e+01  2.4955047802896765e-01  2.5000000000000000e-01
2.8800000000001699e+01  2.4952524821959010e-01  2.5000000000000000e-01
2.9200000000001801e+01  2.4949753865917618e-01  2.5000000000000000e-01
2.9600000000001799e+01  2.4946705816298717e-01  2.5000000000000000e-01
3.0000000000001901e+01  2.4943376786675150e-01  2.5000000000000000e-01
3.0400000000001999e+01  2.4939790460085834e-01  2.5000000000000000e-01
3.0800000000002001e+01  2.4935990675413688e-01  2.5000000000000000e-01
3.1200000000002099e+01  2.4932025152213722e-01  2.5000000000000000e-01
3.1600000000002101e+01  2.4927928026729868e-01  2.5000000000000000e-01
3.2000000000002203e+01  2.4923708978228210e-01  2.5000000000000000e-01
3.2400000000002102e+01  2.4919351122904096e-01  2.5000000000000000e-01
3.2800000000002001e+01  2.4914815860427780e-01  2.5000000000000000e-01
3.3200000000001999e+01  2.4910052321433154e-01  2.5000000000000000e-01
3.3600000000001899e+01  2.4905008851227736e-01  2.5000000000000000e-01
3.4000000000001798e+01  2.4899643876018043e-01  2.5000000000000000e-01
3.4400000000001697e+01  2.4893934818322663e-01  2.5000000000000000e-01
3.4800000000001603e+01  2.4887884115287703e-01  2.5000000000000000e-01
3.5200000000001602e+01  2.4881519130463711e-01  2.5000000000000000e-01
3.5600000000001501e+01  2.4874882256228451e-01  2.5000000000000000e-01
3.6000000000001400e+01  2.4868013116167978e-01  2.5000000000000000e-01
3.6400000000001299e+01  2.4860931934577099e-01  2.5000000000000000e-01
3.6800000000001198e+01  2.4853633323764199e-01  2.5000000000000000e-01
3.7200000000001197e+01  2.4846092607164144e-01  2.5000000000000000e-01
3.7600000000001103e+01  2.4838279980631189e-01  2.5000000000000000e-01
3.8000000000001002e+01  2.4830175603281995e-01  2.5000000000000000e-01
3.8400000000000901e+01  2.4821778929923050e-01  2.5000000000000000e-01
3.8800000000000800e+01  2.4813107338812515e-01  2.5000000000000000e-01
3.9200000000000799e+01  2.4804184601924351e-01  2.5000000000000000e-01
3.9600000000000698e+01  2.4795027006610496e-01  2.5000000000000000e-01
4.0000000000000597e+01  2.4785636573756267e-01  2.5000000000000000e-01
4.0400000000000503e+01  2.4776003758068377e-01  2.5000000000000000e-01
4.0800000000000502e+01  2.4766113494716815e-01  2.5000000000000000e-01
4.1200000000000401e+01  2.4755948117903631e-01  2.5000000000000000e-01
4.1600000000000300e+01  2.4745488323858233e-01  2.5000000000000000e-01
4.2000000000000199e+01  2.4734718589612650e-01  2.5000000000000000e-01
4.2400000000000098e+01  2.4723638742839188e-01  2.5000000000000000e-01
4.2800000000000097e+01  2.4712274045097729e-01  2.5000000000000000e-01
4.3200000000000003e+01  2.4700673826362335e-01  2.5000000000000000e-01
4.3599999999999902e+01  2.4688896496937801e-01  2.5000000000000000e-01
4.3999999999999801e+01  2.4676987970085551e-01  2.5000000000000000e-01
4.4399999999999700e+01  2.4664962555182418e-01  2.5000000000000000e-01
4.4799999999999699e+01  2.4652791759461701e-01  2.5000000000000000e-01
4.5199999999999598e+01  2.4640404194916665e-01  2.5000000000000000e-01
4.5599999999999497e+01  2.4627700300067906e-01  2.5000000000000000e-01
4.5999999999999403e+01  2.4614582929642592e-01  2.5000000000000000e-01
4.6399999999999302e+01  2.4600995419430588e-01  2.5000000000000000e-01
4.6799999999999301e+01  2.4586948648792836e-01  2.5000000000000000e-01
4.7199999999999200e+01  2.4572519020810679e-01  2.5000000000000000e-01
4.7599999999999099e+01  2.4557813980416454e-01  2.5000000000000000e-01
4.7999999999998998e+01  2.4542921330395495e-01  2.5000000000000000e-01
4.8399999999998897e+01  1.2234095438122909e-01  1.2500000000000000e-01
4.8799999999998903e+01  1.2226502328296099e-01  1.2500000000000000e-01
4.9199999999998802e+01  1.2218760511008067e-01  1.2500000000000000e-01
4.9599999999998701e+01  1.2210816257784057e-01  1.2500000000000000e-01
4.9999999999998600e+01  1.2202647837146378e-01  1.2500000000000000e-01
5.0399999999998499e+01  1.2194285199606920e-01  1.2500000000000000e-01
5.0799999999998498e+01  1.2185757176515612e-01  1.2500000000000000e-01
5.1199999999998397e+01  1.2177052856561540e-01  1.2500000000000000e-01
5.1599999999998303e+01  1.2168206097103623e-01  1.2500000000000000e-01
5.1999999999998202e+01  1.2159360263469142e-01  1.2500000000000000e-01
5.2399999999998101e+01  1.2150461292150150e-01  1.2500000000000000e-01
5.2799999999998100e+01  1.2141354490292251e-01  1.2500000000000000e-01
5.3199999999997999e+01  1.2131957914035940e-01  1.2500000000000000e-01
5.3599999999997898e+01  1.2122310735749878e-01  1.2500000000000000e-01
5.3999999999997797e+01  1.2112478965892361e-01  1.2500000000000000e-01
5.4399999999997704e+01  1.2102547106199049e-01  1.2500000000000000e-01
5.4799999999997702e+01  1.2092524963459009e-01  1.2500000000000000e-01
5.5199999999997601e+01  1.2082302935177619e-01  1.2500000000000000e-01
5.5599999999997500e+01  1.2071801898906349e-01  1.2500000000000000e-01
5.5999999999997399e+01  1.2061042209465132e-01  1.2500000000000000e-01
5.6399999999997299e+01  1.2050145264728851e-01  1.2500000000000000e-01
5.6799999999997297e+01  1.2039366598102694e-01  1.2500000000000000e-01
5.7199999999997203e+01  1.2029027982419391e-01  1.2500000000000000e-01
5.7599999999997102e+01  1.2019346727790786e-01  1.2500000000000000e-01
5.7999999999997002e+01  1.2010360813569421e-01  1.2500000000000000e-01
5.8399999999997000e+01  1.2001993454252829e-01  1.2500000000000000e-01
5.8799999999996899e+01  1.1994022979836319e-01  1.2500000000000000e-01
5.9199999999996798e+01  1.1986166879782575e-01  1.2500000000000000e-01
5.9599999999996697e+01  1.1978269277226763e-01  1.2500000000000000e-01
5.9999999999996597e+01  1.1970303963930910e-01  1.2500000000000000e-01
6.0009999999996602e+01  1.1970104132157139e-01  1.2500000000000000e-01
