# downsampled to dt=0.5 from the every-step stream
# time matter_min_NEC matter_min_WEC matter_min_SEC matter_min_DEC matter_integral_NEC_violation
   0.0100000   -2.1326884152e-04   -1.3025574584e-03   -1.3673365520e-03   -5.2663015821e-04    2.0370880733e-02
   0.5100000   -2.1404420074e-04   -1.3073897346e-03   -1.3721393948e-03   -5.2856521562e-04    2.0440894085e-02
   1.0100000   -2.1594097881e-04   -1.3187388625e-03   -1.3844630472e-03   -5.3320145250e-04    2.0498879940e-02
   1.5100000   -2.1553962090e-04   -1.3162161637e-03   -1.3811894922e-03   -5.3220459630e-04    2.0535319523e-02
   2.0100000   -2.0979187417e-04   -1.2816810498e-03   -1.3437993256e-03   -5.1812766332e-04    2.0542890964e-02
   2.5100000   -2.0801809850e-04   -1.2709061938e-03   -1.3329590052e-03   -5.1375320410e-04    2.0530169636e-02
   3.0100000   -2.1075653823e-04   -1.2873099051e-03   -1.3506127659e-03   -5.2045219362e-04    2.0522523015e-02
   3.5100000   -2.1163542684e-04   -1.2927961160e-03   -1.3564474090e-03   -5.2264317787e-04    2.0529915019e-02
   4.0100000   -2.1241608059e-04   -1.2975483495e-03   -1.3614128756e-03   -5.2456826525e-04    2.0563419807e-02
   4.5100000   -2.1280024257e-04   -1.2998017862e-03   -1.3639312771e-03   -5.2549841881e-04    2.0590010019e-02
   5.0100000   -2.1253365186e-04   -1.2982161059e-03   -1.3622250006e-03   -5.2484832480e-04    2.0610619080e-02
   5.5100000   -2.1247278636e-04   -1.2979153372e-03   -1.3618306965e-03   -5.2471187398e-04    2.0626401063e-02
   6.0100000   -2.1288394980e-04   -1.3004104434e-03   -1.3643917415e-03   -5.2572498203e-04    2.0636267037e-02
   6.5100000   -2.1301600968e-04   -1.3011922288e-03   -1.3650911301e-03   -5.2604810128e-04    2.0646806981e-02
   7.0100000   -2.1264287563e-04   -1.2989286022e-03   -1.3625813195e-03   -5.2513123681e-04    2.0664148446e-02
   7.5100000   -2.1211918322e-04   -1.2957608313e-03   -1.3591897697e-03   -5.2384457369e-04    2.0681129817e-02
   8.0100000   -2.1172086609e-04   -1.2933581778e-03   -1.3566726226e-03   -5.2286646044e-04    2.0691401028e-02
   8.5100000   -2.1156300651e-04   -1.2924188366e-03   -1.3557254090e-03   -5.2248070471e-04    2.0699775178e-02
   9.0100000   -2.1166177922e-04   -1.2931033854e-03   -1.3564621685e-03   -5.2274067509e-04    2.0710461678e-02
   9.5100000   -2.1190088065e-04   -1.2945654144e-03   -1.3579684416e-03   -5.2333172197e-04    2.0722522475e-02
  10.0100000   -2.1211568999e-04   -1.2958729382e-03   -1.3592653149e-03   -5.2386237699e-04    2.0735021039e-02
  10.5100000   -2.1219005757e-04   -1.2963227875e-03   -1.3596439466e-03   -5.2404656724e-04    2.0749181630e-02
  11.0100000   -2.1209617553e-04   -1.2957517913e-03   -1.3589695110e-03   -5.2381621770e-04    2.0765364477e-02
  11.5100000   -2.1190657043e-04   -1.2946054431e-03   -1.3577329759e-03   -5.2335042439e-04    2.0781506663e-02
  12.0100000   -2.1175140745e-04   -1.2936749992e-03   -1.3567630822e-03   -5.2297001316e-04    2.0795926947e-02
  12.5100000   -2.1174079445e-04   -1.2936257577e-03   -1.3567323278e-03   -5.2294609241e-04    2.0808557408e-02
  13.0100000   -2.1190023306e-04   -1.2946075854e-03   -1.3577641585e-03   -5.2334109333e-04    2.0820268925e-02
  13.5100000   -2.1215471269e-04   -1.2961613825e-03   -1.3593558308e-03   -5.2396987663e-04    2.0831907952e-02
  14.0100000   -2.1236968212e-04   -1.2974700511e-03   -1.3606537938e-03   -5.2450098448e-04    2.0844833118e-02
  14.5100000   -2.1242774394e-04   -1.2978242267e-03   -1.3609385000e-03   -5.2464553069e-04    2.0860387404e-02
  15.0100000   -2.1229791454e-04   -1.2970405039e-03   -1.3600472375e-03   -5.2432751595e-04    2.0878075923e-02
  15.5100000   -2.1205608733e-04   -1.2955824689e-03   -1.3584834769e-03   -5.2373403506e-04    2.0895550516e-02
  16.0100000   -2.1184303450e-04   -1.2943038409e-03   -1.3571384077e-03   -5.2321176036e-04    2.0911065617e-02
  16.5100000   -2.1178352635e-04   -1.2939581914e-03   -1.3567807670e-03   -5.2306771016e-04    2.0924377388e-02
  17.0100000   -2.1191394325e-04   -1.2947621939e-03   -1.3576126722e-03   -5.2339111566e-04    2.0936415159e-02
  17.5100000   -2.1216099501e-04   -1.2962691559e-03   -1.3591520261e-03   -5.2400133409e-04    2.0948478162e-02
  18.0100000   -2.1238420927e-04   -1.2976279698e-03   -1.3605113472e-03   -5.2455263986e-04    2.0962135557e-02
  18.5100000   -2.1245792946e-04   -1.2980797018e-03   -1.3609140950e-03   -5.2473595515e-04    2.0978429672e-02
  19.0100000   -2.1234521458e-04   -1.2974036303e-03   -1.3601497216e-03   -5.2446054167e-04    2.0996607050e-02
  19.5100000   -2.1211969529e-04   -1.2960476087e-03   -1.3586978583e-03   -5.2390770686e-04    2.1014426524e-02
  20.0100000   -2.1192175201e-04   -1.2948615170e-03   -1.3574439783e-03   -5.2342291530e-04    2.1030316846e-02
  20.5100000   -2.1187499728e-04   -1.2945918959e-03   -1.3571542695e-03   -5.2331022537e-04    2.1044126859e-02
  21.0100000   -2.1201295156e-04   -1.2954394647e-03   -1.3580222622e-03   -5.2365195049e-04    2.1056741429e-02
  21.5100000   -2.1225938273e-04   -1.2969415649e-03   -1.3595554173e-03   -5.2426046733e-04    2.1069546910e-02
  22.0100000   -2.1247377857e-04   -1.2982479942e-03   -1.3608678426e-03   -5.2479014507e-04    2.1083989691e-02
  22.5100000   -2.1253496979e-04   -1.2986267055e-03   -1.3612060168e-03   -5.2494295944e-04    2.1100727860e-02
  23.0100000   -2.1241312603e-04   -1.2978985366e-03   -1.3603954448e-03   -5.2464552667e-04    2.1118832487e-02
  23.5100000   -2.1218692073e-04   -1.2965401755e-03   -1.3589408980e-03   -5.2409135280e-04    2.1136445405e-02
  24.0100000   -2.1199567323e-04   -1.2953942742e-03   -1.3577206783e-03   -5.2362312732e-04    2.1152273452e-02
  24.5100000   -2.1195579590e-04   -1.2951643380e-03   -1.3574613122e-03   -5.2352718983e-04    2.1166227475e-02
  25.0100000   -2.1209206446e-04   -1.2959996431e-03   -1.3583093742e-03   -5.2386451028e-04    2.1179207362e-02
  25.5100000   -2.1232435093e-04   -1.2974153978e-03   -1.3597532828e-03   -5.2443809168e-04    2.1192529157e-02
  26.0100000   -2.1251678709e-04   -1.2985900081e-03   -1.3609360315e-03   -5.2491382489e-04    2.1207340272e-02
  26.5100000   -2.1255935299e-04   -1.2988581901e-03   -1.3611686096e-03   -5.2502105888e-04    2.1223924322e-02
  27.0100000   -2.1243289765e-04   -1.2981039944e-03   -1.3603365082e-03   -5.2471253445e-04    2.1241389383e-02
  27.5100000   -2.1221883866e-04   -1.2968195373e-03   -1.3589574895e-03   -5.2418835381e-04    2.1258301627e-02
  28.0100000   -2.1204856615e-04   -1.2957992920e-03   -1.3578610480e-03   -5.2377162886e-04    2.1273702003e-02
  28.5100000   -2.1202414371e-04   -1.2956607944e-03   -1.3576888737e-03   -5.2371347057e-04    2.1287636144e-02
  29.0100000   -2.1215842126e-04   -1.2964824628e-03   -1.3585187351e-03   -5.2404567662e-04    2.1300952757e-02
  29.5100000   -2.1236968588e-04   -1.2977708161e-03   -1.3598322440e-03   -5.2456748302e-04    2.1314684455e-02
  30.0100000   -2.1253259113e-04   -1.2987678758e-03   -1.3608369247e-03   -5.2497067302e-04    2.1329600770e-02
  30.5100000   -2.1255370654e-04   -1.2989078191e-03   -1.3609429538e-03   -5.2502530772e-04    2.1345751811e-02
  31.0100000   -2.1242608379e-04   -1.2981473786e-03   -1.3601073373e-03   -5.2471401606e-04    2.1362411542e-02
  31.5100000   -2.1223079654e-04   -1.2969759582e-03   -1.3588436043e-03   -5.2423596631e-04    2.1378562506e-02
  32.0100000   -2.1208607393e-04   -1.2961086692e-03   -1.3579005964e-03   -5.2388190328e-04    2.1393596836e-02
  32.5100000   -2.1207607889e-04   -1.2960556803e-03   -1.3578121005e-03   -5.2385900846e-04    2.1407641773e-02
  33.0100000   -2.1220238180e-04   -1.2968281225e-03   -1.3585891312e-03   -5.2417145848e-04    2.1421351725e-02
  33.5100000   -2.1238603582e-04   -1.2979496109e-03   -1.3597318747e-03   -5.2462534475e-04    2.1435465290e-02
  34.0100000   -2.1251717059e-04   -1.2987553772e-03   -1.3605428623e-03   -5.2495046896e-04    2.1450403018e-02
  34.5100000   -2.1252101282e-04   -1.2987915954e-03   -1.3605454961e-03   -5.2496268323e-04    2.1466121296e-02
  35.0100000   -2.1240055046e-04   -1.2980743735e-03   -1.3597560915e-03   -5.2466897315e-04    2.1482101399e-02
  35.5100000   -2.1223144876e-04   -1.2970602748e-03   -1.3586538371e-03   -5.2425518548e-04    2.1497681863e-02
  36.0100000   -2.1211436434e-04   -1.2963586422e-03   -1.3578795290e-03   -5.2396890111e-04    2.1512519592e-02
  36.5100000   -2.1211486837e-04   -1.2963679656e-03   -1.3578534574e-03   -5.2397166924e-04    2.1526792318e-02
  37.0100000   -2.1222682332e-04   -1.2970532386e-03   -1.3585402685e-03   -5.2424876985e-04    2.1540927086e-02
  37.5100000   -2.1237933014e-04   -1.2979866476e-03   -1.3594903564e-03   -5.2462607012e-04    2.1555345821e-02
  38.0100000   -2.1248104438e-04   -1.2986149117e-03   -1.3601204251e-03   -5.2487886097e-04    2.1570269637e-02
  38.5100000   -2.1247437047e-04   -1.2985874996e-03   -1.3600593936e-03   -5.2486517049e-04    2.1585645772e-02
  39.0100000   -2.1236747909e-04   -1.2979516175e-03   -1.3593550678e-03   -5.2460470645e-04    2.1601179314e-02
  39.5100000   -2.1222634216e-04   -1.2971054258e-03   -1.3584263995e-03   -5.2425950793e-04    2.1616500199e-02
  40.0100000   -2.1213331777e-04   -1.2965481019e-03   -1.3578008970e-03   -5.2403221877e-04    2.1631429055e-02
  40.5100000   -2.1213832902e-04   -1.2965839341e-03   -1.3578020783e-03   -5.2404596018e-04    2.1646050286e-02
  41.0100000   -2.1223164680e-04   -1.2971562874e-03   -1.3583725778e-03   -5.2427718621e-04    2.1660629071e-02
  41.5100000   -2.1235288397e-04   -1.2979006328e-03   -1.3591282272e-03   -5.2457756943e-04    2.1675357361e-02
  42.0100000   -2.1242882678e-04   -1.2983728798e-03   -1.3595983722e-03   -5.2476692323e-04    2.1690318818e-02
  42.5100000   -2.1241645494e-04   -1.2983103260e-03   -1.3595024190e-03   -5.2473907991e-04    2.1705502183e-02
  43.0100000   -2.1232589229e-04   -1.2977720214e-03   -1.3589002288e-03   -5.2451856242e-04    2.1720783432e-02
  43.5100000   -2.1221122915e-04   -1.2970846233e-03   -1.3581368326e-03   -5.2423824680e-04    2.1736009840e-02
  44.0100000   -2.1213665079e-04   -1.2966378296e-03   -1.3576266372e-03   -5.2405614934e-04    2.1751096568e-02
  44.5100000   -2.1213912561e-04   -1.2966577722e-03   -1.3576123507e-03   -5.2406355716e-04    2.1766068085e-02
  45.0100000   -2.1220928130e-04   -1.2970897866e-03   -1.3580385098e-03   -5.2423776708e-04    2.1780959386e-02
  45.5100000   -2.1229995710e-04   -1.2976489012e-03   -1.3586031045e-03   -5.2446290739e-04    2.1795793959e-02
  46.0100000   -2.1235539434e-04   -1.2979962313e-03   -1.3589444252e-03   -5.2460166111e-04    2.1810585075e-02
  46.5100000   -2.1234300657e-04   -1.2979321641e-03   -1.3588475734e-03   -5.2457351964e-04    2.1825446346e-02
  47.0100000   -2.1226986553e-04   -1.2974976392e-03   -1.3583541483e-03   -5.2439555829e-04    2.1840515173e-02
  47.5100000   -2.1217603868e-04   -1.2969349527e-03   -1.3577219837e-03   -5.2416624230e-04    2.1855946166e-02
  48.0100000   -2.1211017716e-04   -1.2965400667e-03   -1.3572679786e-03   -5.2400542288e-04    2.1871641656e-02
  48.5100000   -2.1210201730e-04   -1.2964952005e-03   -1.3571885392e-03   -5.2398657612e-04    2.1887287898e-02
  49.0100000   -2.1214714970e-04   -1.2967752745e-03   -1.3574582207e-03   -5.2409913452e-04    2.1902754583e-02
  49.5100000   -2.1221163653e-04   -1.2971749095e-03   -1.3578575558e-03   -5.2425967844e-04    2.1918006763e-02
  50.0100000   -2.1225259851e-04   -1.2974330543e-03   -1.3581063050e-03   -5.2436254524e-04    2.1933090871e-02
  50.5100000   -2.1224236129e-04   -1.2973801008e-03   -1.3580216893e-03   -5.2433934836e-04    2.1948236097e-02
  51.0100000   -2.1218267346e-04   -1.2970252364e-03   -1.3576129150e-03   -5.2419414715e-04    2.1963639743e-02
  51.5100000   -2.1210190531e-04   -1.2965402921e-03   -1.3570644235e-03   -5.2399669618e-04    2.1979398077e-02
  52.0100000   -2.1203791007e-04   -1.2961558570e-03   -1.3566243464e-03   -5.2384029101e-04    2.1995403791e-02
  52.5100000   -2.1201683694e-04   -1.2960321009e-03   -1.3564652073e-03   -5.2378953316e-04    2.2011458292e-02
  53.0100000   -2.1203966833e-04   -1.2961761556e-03   -1.3565945308e-03   -5.2384704681e-04    2.2027430780e-02
  53.5100000   -2.1208318837e-04   -1.2964472975e-03   -1.3568603338e-03   -5.2395573847e-04    2.2043128303e-02
  54.0100000   -2.1211379782e-04   -1.2966407310e-03   -1.3570418110e-03   -5.2403277629e-04    2.2058633503e-02
  54.5100000   -2.1210598161e-04   -1.2966002868e-03   -1.3569712609e-03   -5.2401514020e-04    2.2074174634e-02
  55.0100000   -2.1205554447e-04   -1.2962996132e-03   -1.3566215050e-03   -5.2389234369e-04    2.2090021643e-02
  55.5100000   -2.1198105001e-04   -1.2958514044e-03   -1.3561150753e-03   -5.2371006466e-04    2.2106279381e-02
  56.0100000   -2.1191315915e-04   -1.2954425348e-03   -1.3556534126e-03   -5.2354388826e-04    2.2122794530e-02
  56.5100000   -2.1187779558e-04   -1.2952313138e-03   -1.3554058132e-03   -5.2345778636e-04    2.2139270815e-02
  57.0100000   -2.1188220149e-04   -1.2952623035e-03   -1.3554182468e-03   -5.2346970291e-04    2.2155408467e-02
  57.5100000   -2.1191128918e-04   -1.2954439172e-03   -1.3555905549e-03   -5.2354251736e-04    2.2171128726e-02
  58.0100000   -2.1193620924e-04   -1.2956004910e-03   -1.3557337584e-03   -5.2360513152e-04    2.2186567685e-02
  58.5100000   -2.1193056193e-04   -1.2955710066e-03   -1.3556764302e-03   -5.2359242483e-04    2.2202066763e-02
  59.0100000   -2.1188527556e-04   -1.2952998373e-03   -1.3553610789e-03   -5.2348195908e-04    2.2217919772e-02
  59.5100000   -2.1181345973e-04   -1.2948665269e-03   -1.3548745571e-03   -5.2330598819e-04    2.2234209744e-02
  60.0100000   -2.1174224795e-04   -1.2944362701e-03   -1.3543941258e-03   -5.2313138225e-04    2.2250715465e-02
  60.5100000   -2.1169675298e-04   -1.2941621991e-03   -1.3540829012e-03   -5.2302007735e-04    2.2267108813e-02
  61.0100000   -2.1168610951e-04   -1.2941002387e-03   -1.3539992346e-03   -5.2299464481e-04    2.2283157949e-02
  61.5100000   -2.1169958820e-04   -1.2941852441e-03   -1.3540717535e-03   -5.2302867872e-04    2.2298823313e-02
  62.0100000   -2.1171384070e-04   -1.2942750029e-03   -1.3541471946e-03   -5.2306463251e-04    2.2314257154e-02
  62.5100000   -2.1170597196e-04   -1.2942299017e-03   -1.3540764846e-03   -5.2304604455e-04    2.2329757452e-02
  63.0100000   -2.1166521648e-04   -1.2939842279e-03   -1.3537912221e-03   -5.2294634589e-04    2.2345675449e-02
  63.5100000   -2.1159800289e-04   -1.2935771350e-03   -1.3533357572e-03   -5.2278136835e-04    2.2362059285e-02
  64.0100000   -2.1152448521e-04   -1.2931314220e-03   -1.3528427586e-03   -5.2260079072e-04    2.2378731624e-02
  64.5100000   -2.1146800303e-04   -1.2927891765e-03   -1.3524633419e-03   -5.2246213850e-04    2.2395304218e-02
  65.0100000   -2.1144234631e-04   -1.2926342349e-03   -1.3522846505e-03   -5.2239939112e-04    2.2411492677e-02
  65.5100000   -2.1144364360e-04   -1.2926429904e-03   -1.3522789147e-03   -5.2240301094e-04    2.2427244119e-02
  66.0100000   -2.1145193227e-04   -1.2926940751e-03   -1.3523155336e-03   -5.2242382629e-04    2.2442749240e-02
  66.5100000   -2.1144221719e-04   -1.2926355561e-03   -1.3522336088e-03   -5.2240026486e-04    2.2458329047e-02
  67.0100000   -2.1139908472e-04   -1.2923736747e-03   -1.3519358378e-03   -5.2229433923e-04    2.2474243271e-02
  67.5100000   -2.1132617995e-04   -1.2919304771e-03   -1.3514479619e-03   -5.2211500474e-04    2.2490518288e-02
  68.0100000   -2.1124427977e-04   -1.2914322037e-03   -1.3509047030e-03   -5.2191343780e-04    2.2506969555e-02
  68.5100000   -2.1117871447e-04   -1.2910328409e-03   -1.3504683729e-03   -5.2175204750e-04    2.2523311856e-02
  69.0100000   -2.1114408303e-04   -1.2908211356e-03   -1.3502313967e-03   -5.2166679632e-04    2.2539299660e-02
  69.5100000   -2.1113600950e-04   -1.2907704979e-03   -1.3501644363e-03   -5.2164689203e-04    2.2554919545e-02
  70.0100000   -2.1113458646e-04   -1.2907600534e-03   -1.3501391230e-03   -5.2164330625e-04    2.2570320510e-02
  70.5100000   -2.1111638366e-04   -1.2906476407e-03   -1.3500052879e-03   -5.2159836953e-04    2.2585813203e-02
  71.0100000   -2.1106741759e-04   -1.2903484014e-03   -1.3496740491e-03   -5.2147767185e-04    2.2601679805e-02
  71.5100000   -2.1101523399e-04   -1.2899275400e-03   -1.3492304455e-03   -5.2132876319e-04    2.2617894210e-02
  72.0100000   -2.1099829714e-04   -1.2898423159e-03   -1.3490974493e-03   -5.2129084111e-04    2.2634262372e-02
  72.5100000   -2.1098511221e-04   -1.2897797117e-03   -1.3489915491e-03   -5.2126209359e-04    2.2650484150e-02
  73.0100000   -2.1099447539e-04   -1.2898537007e-03   -1.3490307223e-03   -5.2128880457e-04    2.2666358385e-02
  73.5100000   -2.1103102085e-04   -1.2900924086e-03   -1.3492422870e-03   -5.2138241006e-04    2.2681898526e-02
  74.0100000   -2.1108268428e-04   -1.2904225639e-03   -1.3495478667e-03   -5.2151320963e-04    2.2697289104e-02
  74.5100000   -2.1112862973e-04   -1.2907175732e-03   -1.3498143064e-03   -5.2162987450e-04    2.2712770066e-02
  75.0100000   -2.1115197743e-04   -1.2908749375e-03   -1.3499348344e-03   -5.2169082101e-04    2.2728461980e-02
  75.5100000   -2.1114904284e-04   -1.2908724688e-03   -1.3498878308e-03   -5.2168699037e-04    2.2744372495e-02
  76.0100000   -2.1113051310e-04   -1.2907753060e-03   -1.3497435653e-03   -5.2164472925e-04    2.2760353182e-02
  76.5100000   -2.1111524685e-04   -1.2906979795e-03   -1.3496232338e-03   -5.2161047832e-04    2.2776206477e-02
  77.0100000   -2.1112013115e-04   -1.2907427322e-03   -1.3496333846e-03   -5.2162578236e-04    2.2791838191e-02
  77.5100000   -2.1115048990e-04   -1.2909415626e-03   -1.3498055600e-03   -5.2170371342e-04    2.2807209999e-02
  78.0100000   -2.1119617830e-04   -1.2912328810e-03   -1.3500733042e-03   -5.2181930509e-04    2.2822416083e-02
  78.5100000   -2.1123669083e-04   -1.2914925433e-03   -1.3503059090e-03   -5.2192212536e-04    2.2837690143e-02
  79.0100000   -2.1125317292e-04   -1.2916064012e-03   -1.3503845126e-03   -5.2196579014e-04    2.2853150304e-02
  79.5100000   -2.1123997163e-04   -1.2915400737e-03   -1.3502744475e-03   -5.2193635371e-04    2.2868795166e-02
  80.0100000   -2.1120824364e-04   -1.2913609145e-03   -1.3500474727e-03   -5.2186121450e-04    2.2884507385e-02
  80.5100000   -2.1117938119e-04   -1.2911984948e-03   -1.3498399650e-03   -5.2179299963e-04    2.2900115355e-02
  81.0100000   -2.1117243289e-04   -1.2911685164e-03   -1.3497730753e-03   -5.2177863412e-04    2.2915491581e-02
  81.5100000   -2.1119305894e-04   -1.2913056389e-03   -1.3498823700e-03   -5.2183211517e-04    2.2930633999e-02
  82.0100000   -2.1123034469e-04   -1.2915437980e-03   -1.3500974834e-03   -5.2192660194e-04    2.2945629631e-02
  82.5100000   -2.1126323767e-04   -1.2917551291e-03   -1.3502835228e-03   -5.2201024053e-04    2.2960616576e-02
  83.0100000   -2.1127303973e-04   -1.2918259637e-03   -1.3503213105e-03   -5.2203695688e-04    2.2975708787e-02
  83.5100000   -2.1125470569e-04   -1.2917256241e-03   -1.3501795174e-03   -5.2199431812e-04    2.2990955336e-02
  84.0100000   -2.1121977881e-04   -1.2915242255e-03   -1.3499327475e-03   -5.2191075761e-04    2.3006322562e-02
  84.5100000   -2.1118874231e-04   -1.2913460895e-03   -1.3497120456e-03   -5.2183671025e-04    2.3021637578e-02
  85.0100000   -2.1117790549e-04   -1.2912901149e-03   -1.3496211116e-03   -5.2181231460e-04    2.3036858284e-02
  85.5100000   -2.1118980090e-04   -1.2913716458e-03   -1.3496754108e-03   -5.2184379816e-04    2.3051986603e-02
  86.0100000   -2.1121296340e-04   -1.2915212324e-03   -1.3498011971e-03   -5.2190295649e-04    2.3066990970e-02
  86.5100000   -2.1122997856e-04   -1.2916333551e-03   -1.3498871037e-03   -5.2194694848e-04    2.3081965105e-02
  87.0100000   -2.1122781447e-04   -1.2916289222e-03   -1.3498500958e-03   -5.2194369278e-04    2.3097012128e-02
  87.5100000   -2.1120442309e-04   -1.2914953072e-03   -1.3496774805e-03   -5.2188811176e-04    2.3112223131e-02
  88.0100000   -2.1116884044e-04   -1.2912871423e-03   -1.3494273932e-03   -5.2180241086e-04    2.3127776625e-02
  88.5100000   -2.1113569119e-04   -1.2910931342e-03   -1.3491935988e-03   -5.2172258126e-04    2.3143654951e-02
  89.0100000   -2.1111733302e-04   -1.2909883838e-03   -1.3490552069e-03   -5.2167906188e-04    2.3159583914e-02
  89.5100000   -2.1111743107e-04   -1.2909952922e-03   -1.3490354845e-03   -5.2168090505e-04    2.3175375521e-02
  90.0100000   -2.1112889565e-04   -1.2910709772e-03   -1.3490886683e-03   -5.2171068633e-04    2.3191046645e-02
  90.5100000   -2.1113732383e-04   -1.2911281106e-03   -1.3491222280e-03   -5.2173296381e-04    2.3206765875e-02
  91.0100000   -2.1112865476e-04   -1.2910813092e-03   -1.3490461618e-03   -5.2171310947e-04    2.3222771101e-02
  91.5100000   -2.1109729598e-04   -1.2908964372e-03   -1.3488250032e-03   -5.2163731690e-04    2.3239044318e-02
  92.0100000   -2.1104994737e-04   -1.2906139223e-03   -1.3485019233e-03   -5.2152204293e-04    2.3255481634e-02
  92.5100000   -2.1100218961e-04   -1.2903282053e-03   -1.3481765704e-03   -5.2140563683e-04    2.3271909567e-02
  93.0100000   -2.1096927404e-04   -1.2901319069e-03   -1.3479462464e-03   -5.2132566621e-04    2.3288353407e-02
  93.5100000   -2.1095670480e-04   -1.2900586217e-03   -1.3478460603e-03   -5.2129571028e-04    2.3304792983e-02
  94.0100000   -2.1095682607e-04   -1.2900621104e-03   -1.3478272979e-03   -5.2129694154e-04    2.3321301384e-02
  94.5100000   -2.1095376404e-04   -1.2900461807e-03   -1.3477887916e-03   -5.2129028724e-04    2.3337956475e-02
  95.0100000   -2.1093337729e-04   -1.2899249698e-03   -1.3476401763e-03   -5.2124092290e-04    2.3354718647e-02
  95.5100000   -2.1089162630e-04   -1.2896737337e-03   -1.3473553338e-03   -5.2113887872e-04    2.3371630303e-02
  96.0100000   -2.1083627885e-04   -1.2893393534e-03   -1.3469835920e-03   -5.2100325364e-04    2.3388682618e-02
  96.5100000   -2.1078158772e-04   -1.2890082337e-03   -1.3466160228e-03   -5.2086913174e-04    2.3405762562e-02
  97.0100000   -2.1073981659e-04   -1.2887549153e-03   -1.3463312884e-03   -5.2076671958e-04    2.3422843579e-02
  97.5100000   -2.1071467006e-04   -1.2886020647e-03   -1.3461533615e-03   -5.2070515281e-04    2.3439830652e-02
  98.0100000   -2.1069990316e-04   -1.2885118945e-03   -1.3460423474e-03   -5.2066906163e-04    2.3456655562e-02
  98.5100000   -2.1068334534e-04   -1.2884105600e-03   -1.3459201739e-03   -5.2062848345e-04    2.3473370680e-02
  99.0100000   -2.1065387213e-04   -1.2882304973e-03   -1.3457153868e-03   -5.2055603078e-04    2.3490051479e-02
  99.5100000   -2.1060748175e-04   -1.2879473038e-03   -1.3454022578e-03   -5.2044184297e-04    2.3506768771e-02
 100.0100000   -2.1054915400e-04   -1.2875910501e-03   -1.3450127456e-03   -5.2029816068e-04    2.3523603600e-02
 100.5100000   -2.1048949853e-04   -1.2872260486e-03   -1.3446149448e-03   -5.2015109147e-04    2.3540557928e-02
 101.0100000   -2.1043821378e-04   -1.2869112445e-03   -1.3442711207e-03   -5.2002452227e-04    2.3557460825e-02
 101.5100000   -2.1039833438e-04   -1.2866652402e-03   -1.3440008904e-03   -5.1992594549e-04    2.3574241177e-02
 102.0100000   -2.1036481497e-04   -1.2864575405e-03   -1.3437721670e-03   -5.1984294789e-04    2.3590812963e-02
 102.5100000   -2.1032819227e-04   -1.2862307084e-03   -1.3435244648e-03   -5.1975222373e-04    2.3607237916e-02
 103.0100000   -2.1028062022e-04   -1.2859370593e-03   -1.3432073150e-03   -5.1963445375e-04    2.3623635105e-02
 103.5100000   -2.1022011567e-04   -1.2855644817e-03   -1.3428074240e-03   -5.1948476397e-04    2.3640046964e-02
 104.0100000   -2.1015064122e-04   -1.2851368985e-03   -1.3423495373e-03   -5.1931290676e-04    2.3656513705e-02
 104.5100000   -2.1007899045e-04   -1.2846953575e-03   -1.3418769701e-03   -5.1913557715e-04    2.3672973813e-02
 105.0100000   -2.1001123367e-04   -1.2842766109e-03   -1.3414290612e-03   -5.1896768941e-04    2.3689351702e-02
 105.5100000   -2.1001970957e-04   -1.2842884003e-03   -1.3414157076e-03   -5.1898058754e-04    2.3705585062e-02
 106.0100000   -2.1004998052e-04   -1.2844906871e-03   -1.3415836970e-03   -5.1905916733e-04    2.3721671143e-02
 106.5100000   -2.1008566718e-04   -1.2847255879e-03   -1.3417865385e-03   -5.1915103380e-04    2.3737656569e-02
 107.0100000   -2.1011978882e-04   -1.2849506233e-03   -1.3419788552e-03   -5.1923899045e-04    2.3753618227e-02
 107.5100000   -2.1014465808e-04   -1.2851189551e-03   -1.3421111667e-03   -5.1930407409e-04    2.3769657880e-02
 108.0100000   -2.1015651166e-04   -1.2852076187e-03   -1.3421596625e-03   -5.1933698680e-04    2.3785717489e-02
 108.5100000   -2.1015877562e-04   -1.2852373819e-03   -1.3421469188e-03   -5.1934615430e-04    2.3801749257e-02
 109.0100000   -2.1016074070e-04   -1.2852647222e-03   -1.3421330920e-03   -5.1935446885e-04    2.3817713076e-02
 109.5100000   -2.1017157816e-04   -1.2853455060e-03   -1.3421773001e-03   -5.1938454696e-04    2.3833561319e-02
 110.0100000   -2.1019376756e-04   -1.2854949809e-03   -1.3422953497e-03   -5.1944252067e-04    2.3849303881e-02
 110.5100000   -2.1022108101e-04   -1.2856753454e-03   -1.3424468151e-03   -5.1951304649e-04    2.3864948450e-02
 111.0100000   -2.1024284198e-04   -1.2858215509e-03   -1.3425625527e-03   -5.1956979564e-04    2.3880544610e-02
 111.5100000   -2.1025120322e-04   -1.2858856832e-03   -1.3425917912e-03   -5.1959341218e-04    2.3896161673e-02
 112.0100000   -2.1024606478e-04   -1.2858670656e-03   -1.3425340554e-03   -5.1958365267e-04    2.3911867412e-02
 112.5100000   -2.1023449172e-04   -1.2858087545e-03   -1.3424353564e-03   -5.1955794298e-04    2.3927576186e-02
 113.0100000   -2.1022573105e-04   -1.2857670863e-03   -1.3423556234e-03   -5.1953907500e-04    2.3943199376e-02
 113.5100000   -2.1022565223e-04   -1.2857777192e-03   -1.3423324465e-03   -5.1954149630e-04    2.3958760692e-02
 114.0100000   -2.1023403040e-04   -1.2858391299e-03   -1.3423636962e-03   -5.1956462891e-04    2.3974128104e-02
 114.5100000   -2.1024559015e-04   -1.2859191373e-03   -1.3424148737e-03   -5.1959546577e-04    2.3989315087e-02
 115.0100000   -2.1025334353e-04   -1.2859753537e-03   -1.3424411235e-03   -5.1961680921e-04    2.4004395766e-02
 115.5100000   -2.1025198013e-04   -1.2859757374e-03   -1.3424089871e-03   -5.1961560827e-04    2.4019454476e-02
 116.0100000   -2.1023984306e-04   -1.2859103658e-03   -1.3423085812e-03   -5.1958779336e-04    2.4034578140e-02
 116.5100000   -2.1021924515e-04   -1.2857931982e-03   -1.3421551145e-03   -5.1953903963e-04    2.4049897810e-02
 117.0100000   -2.1019548034e-04   -1.2856561739e-03   -1.3419824080e-03   -5.1948235470e-04    2.4065533076e-02
 117.5100000   -2.1017476694e-04   -1.2855369564e-03   -1.3418299413e-03   -5.1943304815e-04    2.4081332235e-02
 118.0100000   -2.1016137572e-04   -1.2854615784e-03   -1.3417247309e-03   -5.1940166302e-04    2.4097386372e-02
 118.5100000   -2.1015497925e-04   -1.2854281958e-03   -1.3416644131e-03   -5.1938741742e-04    2.4113491715e-02
 119.0100000   -2.1015008316e-04   -1.2854034403e-03   -1.3416135371e-03   -5.1937677368e-04    2.4129624290e-02
 119.5100000   -2.1013877138e-04   -1.2853390791e-03   -1.3415212350e-03   -5.1935020355e-04    2.4145909069e-02
 120.0100000   -2.1011565981e-04   -1.2852022794e-03   -1.3413531747e-03   -5.1929442280e-04    2.4162466622e-02
 120.5100000   -2.1008173834e-04   -1.2849991001e-03   -1.3411161965e-03   -5.1921188048e-04    2.4179277878e-02
 121.0100000   -2.1004397495e-04   -1.2847720341e-03   -1.3408554508e-03   -5.1911977110e-04    2.4196289051e-02
 121.5100000   -2.1001052523e-04   -1.2845707185e-03   -1.3406233460e-03   -5.1903819773e-04    2.4213430485e-02
 122.0100000   -2.0998494764e-04   -1.2844167126e-03   -1.3404424775e-03   -5.1897590766e-04    2.4230687061e-02
 122.5100000   -2.0996389157e-04   -1.2842895700e-03   -1.3402911235e-03   -5.1892462290e-04    2.4248001047e-02
 123.0100000   -2.0994002808e-04   -1.2841447698e-03   -1.3401222545e-03   -5.1886628959e-04    2.4265337195e-02
 123.5100000   -2.0990762274e-04   -1.2839475358e-03   -1.3398991439e-03   -5.1878680211e-04    2.4282684628e-02
 124.0100000   -2.0986609886e-04   -1.2836943586e-03   -1.3396179633e-03   -5.1868475202e-04    2.4300138285e-02
 124.5100000   -2.0981919275e-04   -1.2834078331e-03   -1.3393023753e-03   -5.1856933133e-04    2.4317732821e-02
 125.0100000   -2.0977147345e-04   -1.2831156020e-03   -1.3389815501e-03   -5.1845177014e-04    2.4335357985e-02
 125.5100000   -2.0972575605e-04   -1.2828347364e-03   -1.3386738366e-03   -5.1833898671e-04    2.4352848287e-02
 126.0100000   -2.0968286166e-04   -1.2825703124e-03   -1.3383850395e-03   -5.1823301291e-04    2.4370189859e-02
 126.5100000   -2.0964223232e-04   -1.2823191142e-03   -1.3381118911e-03   -5.1813250664e-04    2.4387541813e-02
 127.0100000   -2.0960168208e-04   -1.2820680118e-03   -1.3378402146e-03   -5.1803211242e-04    2.4404864862e-02
 127.5100000   -2.0955693381e-04   -1.2817910088e-03   -1.3375421553e-03   -5.1792128736e-04    2.4422140693e-02
 128.0100000   -2.0950304556e-04   -1.2814578777e-03   -1.3371856843e-03   -5.1778781332e-04    2.4439397208e-02
 128.5100000   -2.0943800340e-04   -1.2810561445e-03   -1.3367578051e-03   -5.1762668872e-04    2.4456621021e-02
 129.0100000   -2.0936556060e-04   -1.2806085448e-03   -1.3362827126e-03   -5.1744716493e-04    2.4473762332e-02
 129.5100000   -2.0929389486e-04   -1.2801649049e-03   -1.3358130531e-03   -5.1726943269e-04    2.4490799650e-02
 130.0100000   -2.0923011440e-04   -1.2797685929e-03   -1.3353945238e-03   -5.1711103874e-04    2.4507711698e-02
 130.5100000   -2.0917478895e-04   -1.2794231015e-03   -1.3350306551e-03   -5.1697337497e-04    2.4524496741e-02
 131.0100000   -2.0914993892e-04   -1.2792441562e-03   -1.3348333550e-03   -5.1690666327e-04    2.4541128755e-02
 131.5100000   -2.0918633108e-04   -1.2794843927e-03   -1.3350369576e-03   -5.1700057466e-04    2.4557629699e-02
 132.0100000   -2.0921326918e-04   -1.2796663493e-03   -1.3351798228e-03   -5.1707102563e-04    2.4574100355e-02
 132.5100000   -2.0923067822e-04   -1.2797899663e-03   -1.3352628628e-03   -5.1711789722e-04    2.4590584545e-02
 133.0100000   -2.0924312133e-04   -1.2798831413e-03   -1.3353160080e-03   -5.1715246366e-04    2.4607053071e-02
 133.5100000   -2.0925625059e-04   -1.2799800023e-03   -1.3353750128e-03   -5.1718861827e-04    2.4623431180e-02
 134.0100000   -2.0927347504e-04   -1.2801008945e-03   -1.3354605572e-03   -5.1723470269e-04    2.4639642389e-02
 134.5100000   -2.0929466987e-04   -1.2802448929e-03   -1.3355708575e-03   -5.1729038604e-04    2.4655650740e-02
 135.0100000   -2.0931673349e-04   -1.2803932929e-03   -1.3356858532e-03   -5.1734805252e-04    2.4671462512e-02
 135.5100000   -2.0933508648e-04   -1.2805185176e-03   -1.3357768077e-03   -5.1739645914e-04    2.4687133163e-02
 136.0100000   -2.0934568712e-04   -1.2805961269e-03   -1.3358187077e-03   -5.1742566362e-04    2.4702723266e-02
 136.5100000   -2.0934719939e-04   -1.2806179512e-03   -1.3358035475e-03   -5.1743236381e-04    2.4718362942e-02
 137.0100000   -2.0934216307e-04   -1.2805993160e-03   -1.3357475495e-03   -5.1742280091e-04    2.4733954327e-02
 137.5100000   -2.0933585253e-04   -1.2805721980e-03   -1.3356840552e-03   -5.1740995820e-04    2.4749564537e-02
 138.0100000   -2.0933305742e-04   -1.2805656629e-03   -1.3356433531e-03   -5.1740562460e-04    2.4765095200e-02
 138.5100000   -2.0933501358e-04   -1.2805872055e-03   -1.3356333243e-03   -5.1741283331e-04    2.4780495949e-02
 139.0100000   -2.0933885840e-04   -1.2806194660e-03   -1.3356358919e-03   -5.1742453243e-04    2.4795721690e-02
 139.5100000   -2.0933988213e-04   -1.2806339130e-03   -1.3356211211e-03   -5.1742913851e-04    2.4810923413e-02
 140.0100000   -2.0933459780e-04   -1.2806094216e-03   -1.3355666131e-03   -5.1741808491e-04    2.4826349231e-02
 140.5100000   -2.0932238882e-04   -1.2805421917e-03   -1.3354680738e-03   -5.1738985618e-04    2.4842101004e-02
 141.0100000   -2.0930509506e-04   -1.2804432502e-03   -1.3353369571e-03   -5.1734896206e-04    2.4858055591e-02
 141.5100000   -2.0928550647e-04   -1.2803294371e-03   -1.3351911470e-03   -5.1730224763e-04    2.4874429566e-02
 142.0100000   -2.0926598840e-04   -1.2802151768e-03   -1.3350462126e-03   -5.1725553332e-04    2.4891094112e-02
 142.5100000   -2.0924769292e-04   -1.2801076452e-03   -1.3349100307e-03   -5.1721167572e-04    2.4907882637e-02
 143.0100000   -2.0923018738e-04   -1.2800043359e-03   -1.3347799393e-03   -5.1716963103e-04    2.4924737571e-02
 143.5100000   -2.0921143032e-04   -1.2798927864e-03   -1.3346424246e-03   -5.1712437386e-04    2.4941841449e-02
 144.0100000   -2.0918838816e-04   -1.2797543893e-03   -1.3344774515e-03   -5.1706841643e-04    2.4959023480e-02
 144.5100000   -2.0915846549e-04   -1.2795732733e-03   -1.3342682507e-03   -5.1699535100e-04    2.4976425919e-02
 145.0100000   -2.0912120673e-04   -1.2793467515e-03   -1.3340124734e-03   -5.1690405601e-04    2.4994146902e-02
 145.5100000   -2.0907910504e-04   -1.2790901395e-03   -1.3337269272e-03   -5.1680068265e-04    2.5012064532e-02
 146.0100000   -2.0903660426e-04   -1.2788304919e-03   -1.3334403941e-03   -5.1669617885e-04    2.5030001739e-02
 146.5100000   -2.0899754521e-04   -1.2785910053e-03   -1.3331769050e-03   -5.1659999220e-04    2.5047958268e-02
 147.0100000   -2.0896257265e-04   -1.2783754000e-03   -1.3329396137e-03   -5.1651369658e-04    2.5065872573e-02
 147.5100000   -2.0892834761e-04   -1.2781633507e-03   -1.3327066793e-03   -5.1642907074e-04    2.5083841685e-02
 148.0100000   -2.0888936387e-04   -1.2779215827e-03   -1.3324433630e-03   -5.1633257337e-04    2.5101917362e-02
 148.5100000   -2.0884134416e-04   -1.2776243321e-03   -1.3321232762e-03   -5.1621368660e-04    2.5119956730e-02
 149.0100000   -2.0878393793e-04   -1.2772694998e-03   -1.3317446637e-03   -5.1607153971e-04    2.5137979693e-02
 149.5100000   -2.0872084466e-04   -1.2768793518e-03   -1.3313307066e-03   -5.1591521742e-04    2.5155887791e-02
 150.0100000   -2.0865731758e-04   -1.2764855474e-03   -1.3309140525e-03   -5.1575763866e-04    2.5173636781e-02
 150.5100000   -2.0859680938e-04   -1.2761090063e-03   -1.3305163316e-03   -5.1560731633e-04    2.5191177290e-02
 151.0100000   -2.0853895356e-04   -1.2757476964e-03   -1.3301357091e-03   -5.1546337720e-04    2.5208552789e-02
 151.5100000   -2.0848001720e-04   -1.2753791996e-03   -1.3297492872e-03   -5.1531664701e-04    2.5225799868e-02
 152.0100000   -2.0841534527e-04   -1.2749753230e-03   -1.3293277908e-03   -5.1515564983e-04    2.5242973277e-02
 152.5100000   -2.0834218959e-04   -1.2745192156e-03   -1.3288531835e-03   -5.1497358524e-04    2.5260069640e-02
 153.0100000   -2.0835549667e-04   -1.2746059786e-03   -1.3289008954e-03   -5.1500775074e-04    2.5277017479e-02
 153.5100000   -2.0837548743e-04   -1.2747464236e-03   -1.3289991887e-03   -5.1506125709e-04    2.5293854587e-02
 154.0100000   -2.0839386381e-04   -1.2748762435e-03   -1.3290880736e-03   -5.1511063349e-04    2.5310576865e-02
 154.5100000   -2.0841424944e-04   -1.2750176183e-03   -1.3291913694e-03   -5.1516482922e-04    2.5327140171e-02
 155.0100000   -2.0843788665e-04   -1.2751780630e-03   -1.3293167139e-03   -5.1522689322e-04    2.5343587347e-02
 155.5100000   -2.0846274003e-04   -1.2753450364e-03   -1.3294501630e-03   -5.1529178139e-04    2.5359910966e-02
 156.0100000   -2.0848461914e-04   -1.2754929295e-03   -1.3295641868e-03   -5.1534915194e-04    2.5376071359e-02
 156.5100000   -2.0849979232e-04   -1.2755990605e-03   -1.3296349200e-03   -5.1538981780e-04    2.5392133301e-02
 157.0100000   -2.0850733573e-04   -1.2756579262e-03   -1.3296570721e-03   -5.1541152207e-04    2.5408087421e-02
 157.5100000   -2.0850958398e-04   -1.2756838321e-03   -1.3296462847e-03   -5.1542002788e-04    2.5423898774e-02
 158.0100000   -2.0851047517e-04   -1.2757007399e-03   -1.3296280731e-03   -5.1542503212e-04    2.5439554541e-02
 158.5100000   -2.0851304839e-04   -1.2757270477e-03   -1.3296216885e-03   -5.1543400739e-04    2.5455065323e-02
 159.0100000   -2.0851772440e-04   -1.2757652093e-03   -1.3296293354e-03   -5.1544797967e-04    2.5470515471e-02
 159.5100000   -2.0852224916e-04   -1.2758014786e-03   -1.3296361810e-03   -5.1546139572e-04    2.5485870490e-02
 160.0100000   -2.0852308454e-04   -1.2758143967e-03   -1.3296195291e-03   -5.1546554564e-04    2.5501271565e-02
 160.5100000   -2.0851732812e-04   -1.2757864145e-03   -1.3295611068e-03   -5.1545328535e-04    2.5516988460e-02
 161.0100000   -2.0850416282e-04   -1.2757126208e-03   -1.3294560836e-03   -5.1542260467e-04    2.5532949317e-02
 161.5100000   -2.0848519702e-04   -1.2756027614e-03   -1.3293149404e-03   -5.1537746641e-04    2.5549265177e-02
 162.0100000   -2.0846358403e-04   -1.2754759128e-03   -1.3291577214e-03   -5.1532563696e-04    2.5565873137e-02
 162.5100000   -2.0844233233e-04   -1.2753502821e-03   -1.3290033799e-03   -5.1527452122e-04    2.5582895989e-02
 163.0100000   -2.0842262722e-04   -1.2752330623e-03   -1.3288593150e-03   -5.1522702875e-04    2.5600086118e-02
 163.5100000   -2.0840310232e-04   -1.2751160053e-03   -1.3287168574e-03   -5.1517978634e-04    2.5617528644e-02
 164.0100000   -2.0838060194e-04   -1.2749800061e-03   -1.3285560482e-03   -5.1512502414e-04    2.5635107669e-02
 164.5100000   -2.0835209247e-04   -1.2748066598e-03   -1.3283576271e-03   -5.1505528309e-04    2.5653100132e-02
 165.0100000   -2.0831652977e-04   -1.2745895838e-03   -1.3281148339e-03   -5.1496800312e-04    2.5671343690e-02
 165.5100000   -2.0827540559e-04   -1.2743377671e-03   -1.3278369949e-03   -5.1486685721e-04    2.5689775049e-02
 166.0100000   -2.0823161633e-04   -1.2740687580e-03   -1.3275425348e-03   -5.1475896500e-04    2.5708235765e-02
 166.5100000   -2.0818754249e-04   -1.2737970369e-03   -1.3272468484e-03   -5.1465017359e-04    2.5726836063e-02
 167.0100000   -2.0814372587e-04   -1.2735259618e-03   -1.3269537282e-03   -5.1454181121e-04    2.5745347952e-02
 167.5100000   -2.0809889070e-04   -1.2732478320e-03   -1.3266552025e-03   -5.1443074191e-04    2.5763763507e-02
 168.0100000   -2.0805096241e-04   -1.2729500302e-03   -1.3263378549e-03   -5.1431186836e-04    2.5782085290e-02
 168.5100000   -2.0799820267e-04   -1.2726219345e-03   -1.3259901977e-03   -5.1418091916e-04    2.5800261055e-02
 169.0100000   -2.0793987210e-04   -1.2722590058e-03   -1.3256072403e-03   -5.1403607534e-04    2.5818356887e-02
 169.5100000   -2.0787636663e-04   -1.2718636532e-03   -1.3251915886e-03   -5.1387830434e-04    2.5836408540e-02
 170.0100000   -2.0780896695e-04   -1.2714436886e-03   -1.3247517498e-03   -5.1371074503e-04    2.5854407681e-02
 170.5100000   -2.0773926542e-04   -1.2710087932e-03   -1.3242981616e-03   -5.1353730426e-04    2.5872311370e-02
 171.0100000   -2.0766839750e-04   -1.2705658347e-03   -1.3238380672e-03   -5.1336077512e-04    2.5889998379e-02
 171.5100000   -2.0759643521e-04   -1.2701152195e-03   -1.3233717097e-03   -5.1318134894e-04    2.5907470400e-02
 172.0100000   -2.0758762170e-04   -1.2700700464e-03   -1.3232911376e-03   -5.1316171838e-04    2.5924818526e-02
 172.5100000   -2.0761984996e-04   -1.2702853077e-03   -1.3234680851e-03   -5.1324552104e-04    2.5941953385e-02
 173.0100000   -2.0764835757e-04   -1.2704770205e-03   -1.3236218022e-03   -5.1331998735e-04    2.5958974641e-02
 173.5100000   -2.0767185941e-04   -1.2706373756e-03   -1.3237442143e-03   -5.1338192693e-04    2.5975909509e-02
 174.0100000   -2.0768994557e-04   -1.2707638209e-03   -1.3238326845e-03   -5.1343030565e-04    2.5992686518e-02
 174.5100000   -2.0770376201e-04   -1.2708632549e-03   -1.3238944369e-03   -5.1346794263e-04    2.6009270688e-02
 175.0100000   -2.0771565109e-04   -1.2709499009e-03   -1.3239444073e-03   -5.1350062677e-04    2.6025656203e-02
 175.5100000   -2.0772773161e-04   -1.2710366816e-03   -1.3239962237e-03   -5.1353360096e-04    2.6041838738e-02
 176.0100000   -2.0774039132e-04   -1.2711260023e-03   -1.3240524625e-03   -5.1356782830e-04    2.6057822895e-02
 176.5100000   -2.0775184907e-04   -1.2712070391e-03   -1.3241017057e-03   -5.1359890905e-04    2.6073669934e-02
 177.0100000   -2.0775913307e-04   -1.2712616951e-03   -1.3241248148e-03   -5.1361950348e-04    2.6089339949e-02
 177.5100000   -2.0775982529e-04   -1.2712752572e-03   -1.3241062745e-03   -5.1362364435e-04    2.6104865520e-02
 178.0100000   -2.0775354526e-04   -1.2712454375e-03   -1.3240438095e-03   -5.1361039672e-04    2.6120570832e-02
 178.5100000   -2.0774239169e-04   -1.2711850106e-03   -1.3239510672e-03   -5.1358493985e-04    2.6136540000e-02
 179.0100000   -2.0773000709e-04   -1.2711160736e-03   -1.3238513568e-03   -5.1355625508e-04    2.6152550705e-02
 179.5100000   -2.0771949236e-04   -1.2710573936e-03   -1.3237642501e-03   -5.1353198401e-04    2.6168748814e-02
 180.0100000   -2.0771118159e-04   -1.2710109752e-03   -1.3236916411e-03   -5.1351294460e-04    2.6185368646e-02
 180.5100000   -2.0770185184e-04   -1.2709573106e-03   -1.3236130347e-03   -5.1349118548e-04    2.6202617615e-02
 181.0100000   -2.0768641040e-04   -1.2708655698e-03   -1.3234963071e-03   -5.1345414845e-04    2.6220532420e-02
 181.5100000   -2.0766132835e-04   -1.2707143487e-03   -1.3233192335e-03   -5.1339313767e-04    2.6238684779e-02
 182.0100000   -2.0762736558e-04   -1.2705081802e-03   -1.3230865209e-03   -5.1331003722e-04    2.6257218625e-02
 182.5100000   -2.0758921450e-04   -1.2702754438e-03   -1.3228276093e-03   -5.1321642468e-04    2.6275883503e-02
 183.0100000   -2.0755197761e-04   -1.2700470751e-03   -1.3225746599e-03   -5.1312487623e-04    2.6294633292e-02
 183.5100000   -2.0751715022e-04   -1.2698322003e-03   -1.3223373285e-03   -5.1303906140e-04    2.6313641714e-02
 184.0100000   -2.0748147496e-04   -1.2696111301e-03   -1.3220954063e-03   -5.1295093238e-04    2.6332848798e-02
 184.5100000   -2.0743972534e-04   -1.2693521961e-03   -1.3218161089e-03   -5.1284760384e-04    2.6352072387e-02
 185.0100000   -2.0738902333e-04   -1.2690379357e-03   -1.3214811533e-03   -5.1272200018e-04    2.6371130184e-02
 185.5100000   -2.0733091590e-04   -1.2686776974e-03   -1.3210999455e-03   -5.1257795755e-04    2.6390113966e-02
 186.0100000   -2.0726956674e-04   -1.2682966696e-03   -1.3206984250e-03   -5.1242574337e-04    2.6408989738e-02
 186.5100000   -2.0720804415e-04   -1.2679133788e-03   -1.3202958714e-03   -5.1227290001e-04    2.6427746852e-02
 187.0100000   -2.0714621977e-04   -1.2675270013e-03   -1.3198917126e-03   -5.1211908251e-04    2.6446404479e-02
 187.5100000   -2.0708182326e-04   -1.2671238268e-03   -1.3194720762e-03   -5.1195868233e-04    2.6464945683e-02
 188.0100000   -2.0701298666e-04   -1.2666926774e-03   -1.3190256198e-03   -5.1178710642e-04    2.6483346346e-02
 188.5100000   -2.0693953396e-04   -1.2662326090e-03   -1.3185513928e-03   -5.1160394209e-04    2.6501536578e-02
 189.0100000   -2.0686394725e-04   -1.2657684736e-03   -1.3180651244e-03   -5.1141730708e-04    2.6519530342e-02
 189.5100000   -2.0689676116e-04   -1.2659882554e-03   -1.3182456978e-03   -5.1150273613e-04    2.6537306726e-02
 190.0100000   -2.0692482564e-04   -1.2661778159e-03   -1.3183957899e-03   -5.1157624535e-04    2.6554864766e-02
 190.5100000   -2.0694799065e-04   -1.2663362896e-03   -1.3185147929e-03   -5.1163745550e-04    2.6572175964e-02
 191.0100000   -2.0696736149e-04   -1.2664705968e-03   -1.3186104751e-03   -5.1168909039e-04    2.6589332443e-02
 191.5100000   -2.0698483621e-04   -1.2665924347e-03   -1.3186954942e-03   -5.1173582908e-04    2.6606262757e-02
 192.0100000   -2.0700156178e-04   -1.2667087402e-03   -1.3187771107e-03   -5.1178049684e-04    2.6622963699e-02
 192.5100000   -2.0701697016e-04   -1.2668158667e-03   -1.3188510606e-03   -5.1182169401e-04    2.6639368358e-02
 193.0100000   -2.0702941371e-04   -1.2669036270e-03   -1.3189060963e-03   -5.1185536652e-04    2.6655485437e-02
 193.5100000   -2.0703760843e-04   -1.2669642115e-03   -1.3189337761e-03   -5.1187835806e-04    2.6671491920e-02
 194.0100000   -2.0704134233e-04   -1.2669964789e-03   -1.3189331995e-03   -5.1189014475e-04    2.6687435123e-02
 194.5100000   -2.0704099169e-04   -1.2670028789e-03   -1.3189075934e-03   -5.1189163923e-04    2.6703245942e-02
 195.0100000   -2.0703682037e-04   -1.2669850683e-03   -1.3188592236e-03   -5.1188347464e-04    2.6719272782e-02
 195.5100000   -2.0702904708e-04   -1.2669443046e-03   -1.3187893999e-03   -5.1186618690e-04    2.6735470454e-02
 196.0100000   -2.0701837147e-04   -1.2668847175e-03   -1.3187019194e-03   -5.1184151552e-04    2.6752020336e-02
 196.5100000   -2.0700581043e-04   -1.2668123990e-03   -1.3186025373e-03   -5.1181198675e-04    2.6769143920e-02
 197.0100000   -2.0699149935e-04   -1.2667281651e-03   -1.3184918775e-03   -5.1177794178e-04    2.6786527417e-02
 197.5100000   -2.0697367942e-04   -1.2666214041e-03   -1.3183591773e-03   -5.1173503623e-04    2.6804467108e-02
 198.0100000   -2.0694943396e-04   -1.2664745165e-03   -1.3181866865e-03   -5.1167606584e-04    2.6822899898e-02
 198.5100000   -2.0691710485e-04   -1.2662775233e-03   -1.3179644711e-03   -5.1159693420e-04    2.6841804303e-02
 199.0100000   -2.0687827480e-04   -1.2660400278e-03   -1.3177025597e-03   -5.1150154072e-04    2.6861022628e-02
 199.5100000   -2.0683709454e-04   -1.2657871033e-03   -1.3174266666e-03   -5.1140011711e-04    2.6880320196e-02
 200.0100000   -2.0679707004e-04   -1.2655398634e-03   -1.3171582820e-03   -5.1130130642e-04    2.6899872353e-02
