# time  total_canon  bary_x_canon  bary_y_canon  bary_z_canon  rms_radius_canon  total_phantom  bary_x_phantom  bary_y_phantom  bary_z_phantom  rms_radius_phantom
0.0000000000000000e+00  1.5899742897930143e+01  3.8000921706581067e+01  3.1999891111636320e+01  3.1999890606210226e+01  5.0451531727161711e+00  2.1014562704897795e+01  2.6001134127402072e+01  3.2000116695369314e+01  3.2000116359220293e+01  5.4268831755046936e+00
2.0000000000000001e-01  1.5899833756453067e+01  3.8000927518421982e+01  3.1999888835376169e+01  3.1999888357421952e+01  5.0452188029521770e+00  2.1016479742531288e+01  2.6001149479467546e+01  3.2000119351307326e+01  3.2000119034250346e+01  5.4268350566738279e+00
4.0000000000000002e-01  1.5898541679115606e+01  3.8000945010827579e+01  3.1999882538407515e+01  3.1999882127733795e+01  5.0454119449237673e+00  2.1020018611288961e+01  2.6001193848272678e+01  3.2000126725542600e+01  3.2000126457264386e+01  5.4266976183798930e+00
5.9999999999999998e-01  1.5896062412763627e+01  3.8000972248564317e+01  3.1999872760013357e+01  3.1999872449073116e+01  5.0457131526701362e+00  2.1024885508870575e+01  2.6001262461666201e+01  3.2000138099232622e+01  3.2000137904003893e+01  5.4264924757562225e+00
8.0000000000000104e-01  1.5892704333504449e+01  3.8001005781307754e+01  3.1999859921903724e+01  3.1999859745745443e+01  5.0460914844485698e+00  2.1030674056826996e+01  2.6001348734655799e+01  3.2000152810543526e+01  3.2000152712027187e+01  5.4262490677439477e+00
1.0000000000000000e+00  1.5888842488155930e+01  3.8001041355167963e+01  3.1999844489071940e+01  3.1999844488901690e+01  5.0465096280997885e+00  2.1036932925142132e+01  2.6001445083078380e+01  3.2000170150962937e+01  3.2000170174217523e+01  5.4259990784815457e+00
1.2000000000000000e+00  1.5884863491643760e+01  3.8001074527372730e+01  3.1999826961282078e+01  3.1999827185041660e+01  5.0469301966285141e+00  2.1043236507579273e+01  2.6001543971745662e+01  3.2000189423841483e+01  3.2000189596456458e+01  5.4257708144784722e+00
1.3999999999999899e+00  1.5881111617164590e+01  3.8001101199156771e+01  3.1999807803455372e+01  3.1999808303966102e+01  5.0473220413912863e+00  2.1049243785649907e+01  2.6001638876766862e+01  3.2000210043183472e+01  3.2000210395157829e+01  5.4255844434410312e+00
1.5999999999999901e+00  1.5877846890954793e+01  3.8001117999104714e+01  3.1999787376593193e+01  3.1999788207365768e+01  5.0476653747974662e+00  2.1054735289229161e+01  2.6001724961850247e+01  3.2000231613687049e+01  3.2000232175362740e+01  5.4254489622749986e+00
1.7999999999999801e+00  1.5875223128666256e+01  3.8001122457846144e+01  3.1999765904989165e+01  3.1999767114742308e+01  5.0479546926507473e+00  2.1059623333894585e+01  2.6001799354907341e+01  3.2000253962082233e+01  3.2000254760608890e+01  5.4253613808505410e+00
1.9999999999999800e+00  1.5873288866587892e+01  3.8001112959841969e+01  3.1999743489580812e+01  3.1999745117268706e+01  5.0481989713368423e+00  2.1063935399480087e+01  2.6001861009485459e+01  3.2000277114529780e+01  3.2000278170197163e+01  5.4253081072243887e+00
2.1999999999999802e+00  1.5872008869589536e+01  3.8001088513958855e+01  3.1999720159109103e+01  3.1999722230962114e+01  5.0484192820944802e+00  2.1067775888550628e+01  2.6001910226684430e+01  3.2000301230931889e+01  3.2000302554698457e+01  5.4252681090922863e+00
2.3999999999999702e+00  1.5871299107160187e+01  3.8001048439074822e+01  3.1999695939551060e+01  3.1999698468524791e+01  5.0486445225221308e+00  2.1071277801501584e+01  2.6001947970361140e+01  3.2000326508106802e+01  3.2000328100991219e+01  5.4252171911205691e+00
2.5999999999999699e+00  1.5871065401367225e+01  3.8000992092462198e+01  3.1999670920211532e+01  3.1999673907164045e+01  5.0489062704317478e+00  2.1074557042931410e+01  2.6001975154305661e+01  3.2000353068946737e+01  3.2000354923150574e+01  5.4251324502844147e+00
2.7999999999999599e+00  1.5871236194776310e+01  3.8000918755539502e+01  3.1999645295708131e+01  3.1999648731340294e+01  5.0492337980072639e+00  2.1077679382328231e+01  2.6001992099139589e+01  3.2000380868898979e+01  3.2000382970102038e+01  5.4249959283030593e+00
2.9999999999999600e+00  1.5871782111302750e+01  3.8000827735887313e+01  3.1999619364383044e+01  3.1999623231302628e+01  5.0496500872803010e+00  2.1080646911018242e+01  2.6001998333747760e+01  3.2000409659932672e+01  3.2000411990131795e+01  5.4247968173828278e+00
3.1999999999999500e+00  1.5872718280347851e+01  3.8000718679231184e+01  3.1999593473117653e+01  3.1999597747849922e+01  5.0501693783166539e+00  2.1083406430957545e+01  2.6001992836949622e+01  3.2000439038322710e+01  3.2000441578578169e+01  5.4245320341200705e+00
3.3999999999999502e+00  1.5874089295845977e+01  3.8000592035966406e+01  3.1999567915918401e+01  3.1999572571019797e+01  5.0507964417556712e+00  2.1085876876172136e+01  2.6001974688814666e+01  3.2000468569369460e+01  3.2000471301971679e+01  5.4242053876023508e+00
3.5999999999999499e+00  1.5875940687769258e+01  3.8000449591213538e+01  3.1999542809759411e+01  3.1999547816328970e+01  5.0515274184828671e+00  2.1087988272578485e+01  2.6001943981527532e+01  3.2000497953080988e+01  3.2000500863027703e+01  5.4238258671791284e+00
3.7999999999999399e+00  1.5878284210131639e+01  3.8000294940966903e+01  3.1999517979867147e+01  3.1999523310661381e+01  5.0523517440692043e+00  2.1089722099307465e+01  2.6001902769862081e+01  3.2000527184532864e+01  3.2000530260571011e+01  5.4234057042140504e+00
3.9999999999999400e+00  1.5881066228788340e+01  3.8000133786717392e+01  3.1999492887128895e+01  3.1999498520247748e+01  5.0532544537267254e+00  2.1091142842603659e+01  2.6001855830036643e+01  3.2000556667932180e+01  3.2000559903516297e+01  5.4229588072011907e+00
4.1999999999999300e+00  1.5884148218770864e+01  3.7999973938630397e+01  3.1999466622800778e+01  3.1999472545656552e+01  5.0542181384992579e+00  2.1092412865575771e+01  2.6001811033841900e+01  3.2000587256114784e+01  3.2000590650404824e+01  5.4224999708969728e+00
4.3999999999999302e+00  1.5887305636963365e+01  3.7999824966237973e+01  3.1999437981146936e+01  3.1999444194194226e+01  5.0552240327428528e+00  2.1093786612026371e+01  2.6001779216253265e+01  3.2000620202631893e+01  3.2000623761392170e+01  5.4220449839882363e+00
4.5999999999999197e+00  1.5890246965492157e+01  3.7999697505086324e+01  3.1999405602848082e+01  3.1999412122435974e+01  5.0562520857229298e+00  2.1095584647324948e+01  2.6001773505011034e+01  3.2000657030231714e+01  3.2000660766434720e+01  5.4216114735769194e+00
4.7999999999999199e+00  1.5892649820630211e+01  3.7999602298695294e+01  3.1999368166117087e+01  3.1999375025952247e+01  5.0572802760997559e+00  2.1098152291839739e+01  2.6001808178190245e+01  3.2000699335768026e+01  3.2000703269741379e+01  5.4212200851197725e+00
4.9999999999999201e+00  1.5894206981981650e+01  3.7999549106943000e+01  3.1999324592372005e+01  3.1999331843367500e+01  5.0582837431667347e+00  2.1101810810697565e+01  2.6001897207245477e+01  3.2000748564460274e+01  3.2000752723451711e+01  5.4208954616324858e+00
5.1999999999999096e+00  1.5894673152920419e+01  3.7999545633535334e+01  3.1999274230602449e+01  3.1999281939208633e+01  5.0592344143787713e+00  2.1106810576423708e+01  2.6002052713259324e+01  3.2000805793479870e+01  3.2000810210590160e+01  5.4206665029769079e+00
5.3999999999999098e+00  1.5893903584326846e+01  3.7999596614442588e+01  3.1999216989475087e+01  3.1999225234840740e+01  5.0601016751287675e+00  2.1113295033692623e+01  2.6002283592388547e+01  3.2000871563454652e+01  3.2000876275965652e+01  5.4205655519303590e+00
5.5999999999999002e+00  1.5891877689541850e+01  3.7999703178031702e+01  3.1999153395775330e+01  3.1999162266216231e+01  5.0608543554363790e+00  2.1121281802949902e+01  2.6002594539478999e+01  3.2000945786574952e+01  3.2000950833850538e+01  5.4206264293658144e+00
5.7999999999999003e+00  1.5888703747747421e+01  3.7999862550556252e+01  3.1999084569077208e+01  3.1999094158350378e+01  5.0614639835044510e+00  2.1130663440908542e+01  2.6002985622109723e+01  3.2001027744581606e+01  3.2001033165933819e+01  5.4208815627256968e+00
5.9999999999998899e+00  1.5884604395361876e+01  3.8000068144308806e+01  3.1999012115195423e+01  3.1999022519018990e+01  5.0619089043010259e+00  2.1141226335558585e+01  2.6003452452822355e+01  3.2001116173222030e+01  3.2001122006206018e+01  5.4213587205126395e+00
6.1999999999998900e+00  1.5879886209993010e+01  3.8000310028738348e+01  3.1998937955528994e+01  3.1998949268696808e+01  5.0621785531560137e+00  2.1152683017781161e+01  2.6003986909059943e+01  3.2001209416828665e+01  3.2001215696221941e+01  5.4220780044050452e+00
6.3999999999998902e+00  1.5874899524202434e+01  3.8000575743153270e+01  3.1998864123100212e+01  3.1998876437444302e+01  5.0622770034068996e+00  2.1164711311503510e+01  2.6004578283105015e+01  3.2001305629366428e+01  3.2001312386827351e+01  5.4230497550265095e+00
6.5999999999998797e+00  1.5869996087478437e+01  3.8000851369379426e+01  3.1998792563560126e+01  3.1998805966894963e+01  5.0622249268489101e+00  2.1176993458350928e+01  2.6005214711311272e+01  3.2001402994836518e+01  3.2001410259227306e+01  5.4242738998371092e+00
6.7999999999998799e+00  1.5865491872620222e+01  3.8001122753270934e+01  3.1998724974362261e+01  3.1998739550442586e+01  5.0620593425233436e+00  2.1189249463078895e+01  2.6005884724594853e+01  3.2001499939237661e+01  3.2001507737636757e+01  5.4257410433388369e+00
6.9999999999998703e+00  1.5861640274651975e+01  3.8001376747486404e+01  3.1998662698958238e+01  3.1998678528333599e+01  5.0618309518152502e+00  2.1201260913633810e+01  2.6006578779621204e+01  3.2001595309185149e+01  3.2001603668390807e+01  5.4274353355101690e+00
7.1999999999998696e+00  1.5858617897854332e+01  3.8001602342763306e+01  3.1998606672674004e+01  3.1998623834027242e+01  5.0615993544909710e+00  2.1212883993992406e+01  2.6007290667162309e+01  3.2001688499093355e+01  3.2001697447228970e+01  5.4293388928431030e+00
7.3999999999998600e+00  1.5856522032398960e+01  3.8001791570412870e+01  3.1998557403859650e+01  3.1998575974992445e+01  5.0614268728989789e+00  2.1224052753707561e+01  2.6008018724196685e+01  3.2001779519810462e+01  3.2001789087745969e+01  5.4314373130999645e+00
7.5999999999998602e+00  1.5855376647274003e+01  3.8001940092301915e+01  3.1998514973533041e+01  3.1998535030895741e+01  5.0613719795004082e+00  2.1234775313130285e+01  2.6008766755090026e+01  3.2001869015210382e+01  3.2001879237673130e+01  5.4337256254609816e+00
7.7999999999998604e+00  1.5855142844115777e+01  3.8002047428779541e+01  3.1998479045841577e+01  3.1998500661811214e+01  5.0614833793758338e+00  2.1245126068474182e+01  2.6009544427380437e+01  3.2001958238693156e+01  3.2001969155000573e+01  5.4362137985679251e+00
7.9999999999998499e+00  1.5855730202408028e+01  3.8002116800866482e+01  3.1998448891709728e+01  3.1998472129891450e+01  5.0617956617652142e+00  2.1255235965538695e+01  2.6010366580792681e+01  3.2002048984039511e+01  3.2002060638303483e+01  5.4389305495652653e+00
8.1999999999998803e+00  1.5857006785008990e+01  3.8002154589290051e+01  3.1998423432745522e+01  3.1998448342925236e+01  5.0623271598425426e+00  2.1265280818339257e+01  2.6011250540970440e+01  3.2002143425105238e+01  3.2002155865404120e+01  5.4419236889985845e+00
8.3999999999999098e+00  1.5858807192770080e+01  3.8002169453190916e+01  3.1998401311836542e+01  3.1998427926837312e+01  5.0630802981534604e+00  2.1275466339937690e+01  2.6012210980319086e+01  3.2002243791213985e+01  3.2002257066839832e+01  5.4452553208182017e+00
8.5999999999999392e+00  1.5860939513811438e+01  3.8002171203217657e+01  3.1998380994142309e+01  3.1998409330120424e+01  5.0640443054635016e+00  2.1286010444728610e+01  2.6013253984576988e+01  3.2002351865408130e+01  3.2002366021641791e+01  5.4489921181993104e+00
8.7999999999999794e+00  1.5863192914682845e+01  3.8002169572263952e+01  3.1998360898160371e+01  3.1998390958271358e+01  5.0651997767139489e+00  2.1297126578623221e+01  2.6014374116735166e+01  3.2002468467875829e+01  3.2002483539181071e+01  5.4531938886998832e+00
9.0000000000000107e+00  1.5865347670954606e+01  3.8002173059696247e+01  3.1998339548118423e+01  3.1998371328105115e+01  5.0665242392851102e+00  2.1309011049874595e+01  2.6015556953455985e+01  3.2002593237415141e+01  3.2002609241485274e+01  5.4579044912151220e+00
9.2000000000000401e+00  1.5867188624320448e+01  3.8002188030492583e+01  3.1998315725758268e+01  3.1998349219620856e+01  5.0679976799763278e+00  2.1321833531389640e+01  2.6016785512185358e+01  3.2002724938628944e+01  3.2002741873979332e+01  5.4631473360420379e+00
9.4000000000000696e+00  1.5868521698018217e+01  3.8002218216852853e+01  3.1998288589646723e+01  3.1998323794010677e+01  5.0696069900287997e+00  2.1335728390854477e+01  2.6018046432375588e+01  3.2002862162025991e+01  3.2002880010431554e+01  5.4689257507760169e+00
9.6000000000000991e+00  1.5869191682350477e+01  3.8002264691686968e+01  3.1998257733280127e+01  3.1998294649762734e+01  5.0713485376626872e+00  2.1350785334241941e+01  2.6019332405044246e+01  3.2003003936881257e+01  3.2003022669690885e+01  5.4752271053634436e+00
9.8000000000001304e+00  1.5869098502074841e+01  3.8002326270348128e+01  3.1998223169330821e+01  3.1998261804732977e+01  5.0732285596843232e+00  2.1367038557702486e+01  2.6020640141249483e+01  3.2003149842677502e+01  3.2003169428480504e+01  5.4820281582567398e+00
1.0000000000000201e+01  1.5868208949432969e+01  3.8002400171630264e+01  3.1998185247406251e+01  3.1998225611961683e+01  5.0752616310633272e+00  2.1384454584101817e+01  2.6021965905458096e+01  3.2003299638129810e+01  3.2003320049161481e+01  5.4892985574001774e+00
1.0200000000000200e+01  1.5866561491824889e+01  3.8002482661613392e+01  3.1998144531421900e+01  3.1998186635771425e+01  5.0774679104090819e+00  2.1402921033436261e+01  2.6023301558467438e+01  3.2003452754192978e+01  3.2003473969913500e+01  5.4970005519531711e+00
1.0400000000000199e+01  1.5864263056779338e+01  3.8002569353735844e+01  3.1998101681630235e+01  3.1998145533524859e+01  5.0798700845754663e+00  2.1422241022736678e+01  2.6024633058904744e+01  3.2003607985322361e+01  3.2003629992779224e+01  5.5050854941143221e+00
1.0600000000000300e+01  1.5861478302411236e+01  3.8002654903413692e+01  3.1998057398113239e+01  3.1998102999626404e+01  5.0824910279558164e+00  2.1442138340357374e+01  2.6025941995787520e+01  3.2003763526649948e+01  3.2003786318348354e+01  5.5134894704165234e+00
1.0800000000000299e+01  1.5858413385145417e+01  3.8002732051342896e+01  3.1998012469350112e+01  3.1998059814567679e+01  5.0853532024146331e+00  2.1462276820160497e+01  2.6027209063543790e+01  3.2003917308867649e+01  3.2003940879599369e+01  5.5221311668142938e+00
1.1000000000000300e+01  1.5855297361935261e+01  3.8002790225582771e+01  3.1997967935307702e+01  3.1998017007614575e+01  5.0884807254794495e+00  2.1482293563288692e+01  2.6028417769423470e+01  3.2004067435585888e+01  3.2004091779479680e+01  5.5309144686427931e+00
1.1200000000000401e+01  1.5852365072484165e+01  3.8002813872512696e+01  3.1997925342564379e+01  3.1997976110721993e+01  5.0919047738029128e+00  2.1501840354582427e+01  2.6029556626418625e+01  3.2004212502910100e+01  3.2004237611349708e+01  5.5397359721102495e+00
1.1400000000000400e+01  1.5849846280861039e+01  3.8002780043694145e+01  3.1997887097761090e+01  3.1997939510892088e+01  5.0956731712063954e+00  2.1520624112723887e+01  2.6030619679033887e+01  3.2004351718955789e+01  3.2004377579375955e+01  5.5484954615447730e+00
1.1600000000000399e+01  1.5847968849583571e+01  3.8002653015654097e+01  3.1997857101448620e+01  3.1997911080323323e+01  5.0998673403002037e+00  2.1538437187613006e+01  2.6031606064903063e+01  3.2004484888929206e+01  3.2004511484481569e+01  5.5571058362984260e+00
1.1800000000000400e+01  1.5846995435864837e+01  3.8002367368852696e+01  3.1997842333189801e+01  3.1997897752489340e+01  5.1046390687594752e+00  2.1555173041510223e+01  2.6032519374695894e+01  3.2004612357962827e+01  3.2004639667877548e+01  5.5655007392022053e+00
1.2000000000000499e+01  1.5847333565811876e+01  3.8001783002803300e+01  3.1997857004963443e+01  3.1997913648636864e+01  5.1102976304191294e+00  2.1570827028718114e+01  2.6033367116414045e+01  3.2004734949478838e+01  3.2004762949991182e+01  5.5736390514226137e+00
1.2200000000000500e+01  1.5849441486684389e+01  3.8000812522328140e+01  3.1997922631321643e+01  3.1997980113474117e+01  5.1172599479660876e+00  2.1585485277830635e+01  2.6034160061831923e+01  3.2004853890303828e+01  3.2004882555797636e+01  5.5815068347480752e+00
1.2400000000000500e+01  1.5853500396408293e+01  3.7999628349553646e+01  3.1998041736601998e+01  3.1998099664386977e+01  5.1258188530643736e+00  2.1599305432720151e+01  2.6034911477697072e+01  3.2004970711937148e+01  3.2005000016274579e+01  5.5891167377692073e+00
1.2600000000000600e+01  1.5859186010625208e+01  3.7998494295012478e+01  3.1998165250563058e+01  3.1998223524300599e+01  5.1359386445192108e+00  2.1612493384434686e+01  2.6035636063625770e+01  3.2005087125877665e+01  3.2005117043667262e+01  5.5965051769013572e+00
1.2800000000000599e+01  1.5865706753568265e+01  3.7997504857022662e+01  3.1998256422460777e+01  3.1998315115239301e+01  5.1472196006443154e+00  2.1625279674622597e+01  2.6036348798581301e+01  3.2005204886964513e+01  3.2005235394433782e+01  5.6037276627622159e+00
1.3000000000000600e+01  1.5872283803111493e+01  3.7996641112455940e+01  3.1998316123807161e+01  3.1998375306696996e+01  5.1592179463657759e+00  2.1637898064888148e+01  2.6037063828551634e+01  3.2005325661753467e+01  3.2005356737635893e+01  5.6108522092320428e+00
1.3200000000000699e+01  1.5878354607808722e+01  3.7995882366251024e+01  3.1998350397829046e+01  3.1998410136484779e+01  5.1716006679762954e+00  2.1650568206059241e+01  2.6037793584691482e+01  3.2005450925401448e+01  3.2005482551625001e+01  5.6179518044982686e+00
1.3400000000000700e+01  1.5883537954620923e+01  3.7995215715871467e+01  3.1998363388640435e+01  3.1998423750651575e+01  5.1841288778112116e+00  2.1663482985388796e+01  2.6038548331612880e+01  3.2005581905511285e+01  3.2005614068544062e+01  5.6250966089731094e+00
1.3600000000000700e+01  1.5887593788740844e+01  3.7994629903289386e+01  3.1998358277772049e+01  3.1998419330701431e+01  5.1966362914776099e+00  2.1676800601518188e+01  2.6039336091094096e+01  3.2005719582110082e+01  3.2005752274442081e+01  5.6323472212665804e+00
1.3800000000000800e+01  1.5890398879661632e+01  3.7994112309794531e+01  3.1998338002268241e+01  3.1998399807704097e+01  5.2090195686365108e+00  2.1690640397228037e+01  2.6040162962361912e+01  3.2005864732793171e+01  3.2005897954537964e+01  5.6397497583128544e+00
1.4000000000000799e+01  1.5891929455315324e+01  3.7993647981646433e+01  3.1998305540317876e+01  3.1998368147372386e+01  5.2212333550500087e+00  2.1705081341931844e+01  2.6041033497739210e+01  3.2006017994408538e+01  3.2006051754830196e+01  5.6473335827711848e+00
1.4200000000000800e+01  1.5892246660702696e+01  3.7993219813423345e+01  3.1998263965371116e+01  3.1998327405182735e+01  5.2332860946373776e+00  2.1720161618991781e+01  2.6041951081998569e+01  3.2006179905361059e+01  3.2006214223721280e+01  5.6551113779398925e+00
1.4400000000000899e+01  1.5891482446126872e+01  3.7992809645214706e+01  3.1998216340405971e+01  3.1998280622690398e+01  5.2452344653190295e+00  2.1735878421047417e+01  2.6042917855588765e+01  3.2006350893306688e+01  3.2006385799032479e+01  5.6630813073895911e+00
1.4600000000000900e+01  1.5889823280400494e+01  3.7992400274067705e+01  3.1998165474818983e+01  3.1998230586073529e+01  5.2571743526466879e+00  2.1752187550316251e+01  2.6043934380633406e+01  3.2006531189066543e+01  3.2006566720453023e+01  5.6712302126577390e+00
1.4800000000000900e+01  1.5887489458836999e+01  3.7991977918694310e+01  3.1998113589189092e+01  3.1998179494463233e+01  5.2692270434367661e+00  2.1769003305748903e+01  2.6044998856085780e+01  3.2006720668869974e+01  3.2006756870293600e+01  5.6795366965294178e+00
1.5000000000000901e+01  1.5884709590669564e+01  3.7991534389817950e+01  3.1998062032966317e+01  3.1998128682218105e+01  5.2815206099572922e+00  2.1786200362057905e+01  2.6046106351186502e+01  3.2006918669113070e+01  3.2006955586780968e+01  5.6879738079829618e+00
1.5200000000000999e+01  1.5881693259121366e+01  3.7991067734664270e+01  3.1998011243375622e+01  3.1998078581089381e+01  5.2941691947264502e+00  2.1803619456580662e+01  2.6047248396547889e+01  3.2007123856857739e+01  3.2007161533399831e+01  5.6965108136247542e+00
1.5400000000001000e+01  1.5878607599507278e+01  3.7990581042486866e+01  3.1997961039546020e+01  3.1998029014251514e+01  5.3072552302371054e+00  2.1821078844715743e+01  2.6048413433791648e+01  3.2007334249026719e+01  3.2007372718820292e+01  5.7051149501226401e+00
1.5600000000001000e+01  1.5875562812132799e+01  3.7990080324140820e+01  3.1997911065655874e+01  3.1997979633687034e+01  5.3208192972166763e+00  2.1838391470762929e+01  2.6049588432342006e+01  3.2007547422171314e+01  3.2007586707724236e+01  5.7137531487528719e+00
1.5800000000001100e+01  1.5872607637262224e+01  3.7989572751974585e+01  3.1997861097805739e+01  3.1997930224727611e+01  5.3348594746010773e+00  2.1855386383492849e+01  2.6050760830912584e+01  3.2007760859270832e+01  3.2007800969973900e+01  5.7223948598691843e+00
1.6000000000001101e+01  1.5869731806701278e+01  3.7989066005221126e+01  3.1997811110670749e+01  3.1997880770073962e+01  5.3493378548249515e+00  2.1871930772180566e+01  2.6051920562675477e+01  3.2007972321204825e+01  3.2008013253790352e+01  5.7310154508527926e+00
1.6200000000001101e+01  1.5866872120996133e+01  3.7988568091687632e+01  3.1997761161662080e+01  3.1997831336182678e+01  5.3641905550965783e+00  2.1887948755741441e+01  2.6053061438709296e+01  3.2008180140404697e+01  3.2008221880701214e+01  5.7395996353225707e+00
1.6400000000001000e+01  1.5863920675196947e+01  3.7988087211031790e+01  3.1997711319156807e+01  3.1997782004296756e+01  5.3793379866789008e+00  2.1903434045317645e+01  2.6054182276849296e+01  3.2008383399806398e+01  3.2008425925536571e+01  5.7481445438995618e+00
1.6600000000001000e+01  1.5860735555422131e+01  3.7987631315084606e+01  3.1997661646642459e+01  3.1997732851960368e+01  5.3946939168911605e+00  2.1918455617252143e+01  2.6055287283262789e+01  3.2008582029035090e+01  3.2008625312798181e+01  5.7566631534128998e+00
1.6800000000000900e+01  1.5857154608887653e+01  3.7987207388382657e+01  3.1997612208018356e+01  3.1997683957773042e+01  5.4101734752327646e+00  2.1933157352314833e+01  2.6056386430086466e+01  3.2008776900826319e+01  3.2008820913751705e+01  5.7651885955857800e+00
1.7000000000000899e+01  1.5853011700246846e+01  3.7986820864112623e+01  3.1997563141809504e+01  3.1997635471243036e+01  5.4257001376420479e+00  2.1947754263228660e+01  2.6057496330442522e+01  3.2008970057122148e+01  3.2009014773283141e+01  5.7737798740651858e+00
1.7200000000000902e+01  1.5848154012060004e+01  3.7986475143137255e+01  3.1997514620469151e+01  3.1997587572557482e+01  5.4412122462935386e+00  2.1962528919914931e+01  2.6058642366746231e+01  3.2009165227571557e+01  3.2009210630862263e+01  5.7825295573847715e+00
1.7400000000000801e+01  1.5842457703138436e+01  3.7986171582356619e+01  3.1997466884679998e+01  3.1997540510029872e+01  5.4566676454594329e+00  2.1977828956163162e+01  2.6059860322553757e+01  3.2009368580320945e+01  3.2009414674965441e+01  5.7915736311717376e+00
1.7600000000000801e+01  1.5835839810738328e+01  3.7985909636508488e+01  3.1997420251273727e+01  3.1997494605272387e+01  5.4720461053571885e+00  2.1994048304757602e+01  2.6061189841401415e+01  3.2009588134003138e+01  3.2009634955256111e+01  5.8010918117877681e+00
1.7800000000000701e+01  1.5828264896353248e+01  3.7985687179673910e+01  3.1997375048849708e+01  3.1997450188384757e+01  5.4873495212274266e+00  2.2011552435748342e+01  2.6062652329568369e+01  3.2009828441673712e+01  3.2009876045539016e+01  5.8112685144784360e+00
1.8000000000000700e+01  1.5819746018188050e+01  3.7985501137245983e+01  3.1997331578716299e+01  3.1997407558253887e+01  5.5026004623510767e+00  2.2030572681668541e+01  2.6064235593846206e+01  3.2010085070933769e+01  3.2010133496893253e+01  5.8222240539663463e+00
1.8200000000000699e+01  1.5810340506060616e+01  3.7985348146728299e+01  3.1997290042170704e+01  3.1997366912721819e+01  5.5178394986849604e+00  2.2051179054911081e+01  2.6065913433326770e+01  3.2010349244992952e+01  3.2010398504979179e+01  5.8339871765413598e+00
1.8400000000000599e+01  1.5800141587935265e+01  3.7985225317222351e+01  3.1997250517578440e+01  3.1997328326428036e+01  5.5331210708719869e+00  2.2073333894011206e+01  2.6067669241678498e+01  3.2010614903384464e+01  3.2010665000622936e+01  5.8465214753403307e+00
1.8600000000000598e+01  1.5789267474660077e+01  3.7985130493915037e+01  3.1997212999218171e+01  3.1997291791862192e+01  5.5485076896048575e+00  2.2096948807902400e+01  2.6069497715266365e+01  3.2010879641934991e+01  3.2010930583078732e+01  5.8597610035502870e+00
1.8800000000000502e+01  1.5777849790786155e+01  3.7985062110926641e+01  3.1997177415944890e+01  3.1997257235057020e+01  5.5640631131714402e+00  2.2121914541453222e+01  2.6071396027503908e+01  3.2011142730154837e+01  3.2011194527916373e+01  5.8736328376070226e+00
1.9000000000000501e+01  1.5766023522978621e+01  3.7985019457589537e+01  3.1997143678196739e+01  3.1997224561466517e+01  5.5798467485327947e+00  2.2148110058284011e+01  2.6073357018924586e+01  3.2011403553277802e+01  3.2011456225568558e+01  5.8880672464896930e+00
1.9200000000000500e+01  1.5753919820190653e+01  3.7985003313490154e+01  3.1997111706565949e+01  3.1997193686175464e+01  5.5959104536026674e+00  2.2175401494448089e+01  2.6075366888479952e+01  3.2011660949599118e+01  3.2011714515873670e+01  5.9029999495436707e+00
1.9400000000000400e+01  1.5741661279515323e+01  3.7985016029079809e+01  3.1997081422367017e+01  3.1997164525727698e+01  5.6122954699581085e+00  2.2203637762730079e+01  2.6077406281595902e+01  3.2011913126336417e+01  3.2011967601777577e+01  5.9183703952130831e+00
1.9600000000000399e+01  1.5729359472820484e+01  3.7985060569989699e+01  3.1997052795254227e+01  3.1997137046741816e+01  5.6290293154048729e+00  2.2232647820466941e+01  2.6079453059924578e+01  3.2012157991484756e+01  3.2012213385398880e+01  5.9341218097064203e+00
1.9800000000000299e+01  1.5717114412237152e+01  3.7985139162120888e+01  3.1997025838166618e+01  3.1997111260284242e+01  5.6461240474520471e+00  2.2262241390870763e+01  2.6081486568827465e+01  3.2012393804020789e+01  3.2012450124978947e+01  5.9502039305579943e+00
2.0000000000000298e+01  1.5705015816675973e+01  3.7985253596006778e+01  3.1997000624323817e+01  3.1997087236399697e+01  5.6635790462428375e+00  2.2292214309403171e+01  2.6083493751270471e+01  3.2012619908343382e+01  3.2012677171239169e+01  5.9665748869583330e+00
2.0200000000000301e+01  1.5693145001796509e+01  3.7985406304173864e+01  3.1996977318372863e+01  3.1997065136425960e+01  5.6813878450508044e+00  2.2322363437064226e+01  2.6085473703178945e+01  3.2012837092778895e+01  3.2012895318720538e+01  5.9832027583519611e+00
2.0400000000000201e+01  1.5681574436927006e+01  3.7985599982355353e+01  3.1996956108999282e+01  3.1997045145165085e+01  5.6995420351222483e+00  2.2352511220158163e+01  2.6087436878582515e+01  3.2013047297558842e+01  3.2013106508085478e+01  6.0000702919814533e+00
2.0600000000000200e+01  1.5670364988739962e+01  3.7985836326490620e+01  3.1996937210024424e+01  3.1997027472356432e+01  5.7180330981300873e+00  2.2382527887835778e+01  2.6089400158497284e+01  3.2013252929424638e+01  3.2013313143093200e+01  6.0171799515842270e+00
2.0800000000000100e+01  1.5659562321606966e+01  3.7986115705938865e+01  3.1996920794609967e+01  3.1997012292913727e+01  5.7368559687831322e+00  2.2412340822936059e+01  2.6091380363736405e+01  3.2013456272478770e+01  3.2013517505782836e+01  6.0345569774954653e+00
2.1000000000000099e+01  1.5649193104227953e+01  3.7986438533393247e+01  3.1996906905368178e+01  3.1996999655657412e+01  5.7560132867184439e+00  2.2441926799727689e+01  2.6093391245955363e+01  3.2013659184950662e+01  3.2013721453696029e+01  6.0522426135287688e+00
2.1200000000000099e+01  1.5639262107949843e+01  3.7986806484021656e+01  3.1996895443496872e+01  3.1996989471754045e+01  5.7755189967551965e+00  2.2471293058681134e+01  2.6095443312822294e+01  3.2013863132376983e+01  3.2013926449177809e+01  6.0702799589354415e+00
2.1399999999999999e+01  1.5629750277009366e+01  3.7987221523241487e+01  3.1996886094539047e+01  3.1996981437983901e+01  5.7953960644439428e+00  2.2500455672686876e+01  2.6097546439439494e+01  3.2014069328942689e+01  3.2014133701919732e+01  6.0886961518355536e+00
2.1600000000000001e+01  1.5620616363460373e+01  3.7987684308696181e+01  3.1996878394012686e+01  3.1996975097833722e+01  5.8156725581856126e+00  2.2529426932716191e+01  2.6099709820556050e+01  3.2014278748090213e+01  3.2014344181352755e+01  6.1074946314623251e+00
2.1799999999999901e+01  1.5611804745421603e+01  3.7988193989744019e+01  3.1996871837639613e+01  3.1996969955256166e+01  5.8363823597097824e+00  2.2558213434618537e+01  2.6101940138403123e+01  3.2014492029092906e+01  3.2014558527263070e+01  6.1266573275598173e+00
2.1999999999999901e+01  1.5603258777808112e+01  3.7988748536344971e+01  3.1996866002032483e+01  3.1996965594417834e+01  5.8575674489203609e+00  2.2586820011923475e+01  2.6104239907372619e+01  3.2014709366221979e+01  3.2014776936342969e+01  6.1461507203461876e+00
2.2199999999999900e+01  1.5594940452147984e+01  3.7989345137000761e+01  3.1996860768826760e+01  3.1996961902016995e+01  5.8792844270436673e+00  2.2615253488594952e+01  2.6106607840156933e+01  3.2014930540170745e+01  3.2014999186349613e+01  6.1659300907303090e+00
2.2399999999999800e+01  1.5586857408452239e+01  3.7989979203106586e+01  3.1996856519706085e+01  3.1996959261570538e+01  5.9016148742374464e+00  2.2643524552872375e+01  2.6109040792879732e+01  3.2015155050406769e+01  3.2015224773737074e+01  6.1859427169292642e+00
2.2599999999999799e+01  1.5579100818804104e+01  3.7990639181007865e+01  3.1996854569558973e+01  3.1996958983117132e+01  5.9246808959380779e+00  2.2671648998461958e+01  2.6111534949718248e+01  3.2015382185392610e+01  3.2015452984891127e+01  6.2061326644764607e+00
2.2799999999999699e+01  1.5571888024570788e+01  3.7991301725056672e+01  3.1996857937007778e+01  3.1996964081642425e+01  5.9486679965046525e+00  2.2699648180342592e+01  2.6114086145265095e+01  3.2015611086170310e+01  3.2015682961366394e+01  6.2264447439243522e+00
2.2999999999999702e+01  1.5565542240110496e+01  3.7991939315832802e+01  3.1996871293786775e+01  3.1996979221581032e+01  5.9738159183027211e+00  2.2727548920257234e+01  2.6116688822103026e+01  3.2015840911592768e+01  3.2015913863976586e+01  6.2468272642832803e+00
2.3199999999999701e+01  1.5560245295398680e+01  3.7992536911153934e+01  3.1996891442869217e+01  3.1997001120403095e+01  6.0002767074131347e+00  2.2755383023548575e+01  2.6119335516820527e+01  3.2016070921841326e+01  3.2016144950284406e+01  6.2672368631134772e+00
2.3399999999999601e+01  1.5555705551893507e+01  3.7993118488854293e+01  3.1996904094381396e+01  3.1997015353970525e+01  6.0279093981714764e+00  2.2783184041871394e+01  2.6122017933027660e+01  3.2016300601657136e+01  3.2016375701472512e+01  6.2876407158751402e+00
2.3599999999999600e+01  1.5551458716753006e+01  3.7993710978297017e+01  3.1996906738011386e+01  3.1997019406609272e+01  6.0564436448177794e+00  2.2810981211363973e+01  2.6124730170028755e+01  3.2016529724682641e+01  3.2016605888137072e+01  6.3080159176064541e+00
2.3799999999999500e+01  1.5547166916436588e+01  3.7994328039253332e+01  3.1996901936709740e+01  3.1997015864250976e+01  6.0856603932732973e+00  2.2838791624073018e+01  2.6127471247348680e+01  3.2016758338649851e+01  3.2016835553621100e+01  6.3283454058787543e+00
2.3999999999999499e+01  1.5542609221618866e+01  3.7994979207953584e+01  3.1996891347142910e+01  3.1997006395725606e+01  6.1153931747602126e+00  2.2866612802447975e+01  2.6130244834952244e+01  3.2016986794268739e+01  3.2017065047456292e+01  6.3486127479120649e+00
2.4199999999999498e+01  1.5537643600670297e+01  3.7995670903444370e+01  3.1996875812191856e+01  3.1996991854330638e+01  6.1455083183003101e+00  2.2894418853053924e+01  2.6133058261454277e+01  3.2017215709722841e+01  3.2017294988662194e+01  6.3688033687545422e+00
2.4399999999999402e+01  1.5532185426657193e+01  3.7996405171837701e+01  3.1996855807571176e+01  3.1996972725760610e+01  6.1758925780221370e+00  2.2922161595216245e+01  2.6135920672537118e+01  3.2017445967812925e+01  3.2017526259553797e+01  6.3889123260121226e+00
2.4599999999999401e+01  1.5526196203029350e+01  3.7997179053056890e+01  3.1996831822052190e+01  3.1996949507178382e+01  6.2064508290306204e+00  2.2949776131978201e+01  2.6138841225994980e+01  3.2017678683809827e+01  3.2017759971079123e+01  6.4089535075020772e+00
2.4799999999999400e+01  1.5519677331952053e+01  3.7997984901063710e+01  3.1996804519478324e+01  3.1996922870239867e+01  6.2371112121649048e+00  2.2977187515102258e+01  2.6141827547968937e+01  3.2017915095980918e+01  3.2017997353840876e+01  6.4289606126181882e+00
2.4999999999999300e+01  1.5512665457449542e+01  3.7998811931650430e+01  3.1996774792702460e+01  3.1996893718646980e+01  6.2678323367059718e+00  2.3004314057239711e+01  2.6144885776420882e+01  3.2018156460249948e+01  3.2018239664372153e+01  6.4489697756028317e+00
2.5199999999999299e+01  1.5505226066485065e+01  3.7999648507011685e+01  3.1996743681815381e+01  3.1996863101651194e+01  6.2986042129173434e+00  2.3031073233754071e+01  2.6148022068547977e+01  3.2018403947967769e+01  3.2018488089573104e+01  6.4690061782582413e+00
2.5399999999999199e+01  1.5497443830548537e+01  3.8000483808516101e+01  3.1996712406375718e+01  3.1996832233460907e+01  6.3294400543085994e+00  2.3057394182784762e+01  2.6151243305467592e+01  3.2018658630488090e+01  3.2018743712293428e+01  6.4890906785781084e+00
2.5599999999999199e+01  1.5489412890430039e+01  3.8001308435774284e+01  3.1996682490631692e+01  3.1996802631384408e+01  6.3603742580050593e+00  2.3083230180159831e+01  2.6154557450100189e+01  3.2018921455155130e+01  3.2019007468433230e+01  6.5092518143286640e+00
2.5799999999999201e+01  1.5481227401977637e+01  3.8002114066395045e+01  3.1996655504790635e+01  3.1996775870702816e+01  6.3914646993380480e+00  2.3108563163876145e+01  2.6157973205118317e+01  3.2019193028078881e+01  3.2019279943692496e+01  6.5295240490490825e+00
2.5999999999999101e+01  1.5472970891754123e+01  3.8002892614718377e+01  3.1996632746532402e+01  3.1996753271005154e+01  6.4227883756344761e+00  2.3133399036301924e+01  2.6161499236839560e+01  3.2019473481102871e+01  3.2019561274026167e+01  6.5499288318258806e+00
2.6199999999999100e+01  1.5464703797806902e+01  3.8003635613110617e+01  3.1996615016642767e+01  3.1996735640052201e+01  6.4544223509052090e+00  2.3157761587215976e+01  2.6165141901881853e+01  3.2019762515090726e+01  3.2019851200984576e+01  6.5704596092470746e+00
2.6399999999999000e+01  1.5456452886435351e+01  3.8004334063783922e+01  3.1996602775319065e+01  3.1996723407778969e+01  6.4864205733053568e+00  2.3181694199969236e+01  2.6168902666197180e+01  3.2020059431110802e+01  3.2020149038549349e+01  6.5910984063253011e+00
2.6599999999999000e+01  1.5448210351154128e+01  3.8004979453522260e+01  3.1996596373176800e+01  3.1996716914248950e+01  6.5188192458844512e+00  2.3205263382565896e+01  2.6172777087297625e+01  3.2020363265236035e+01  3.2020453782538638e+01  6.6118443830529685e+00
2.6799999999998999e+01  1.5439937976274299e+01  3.8005565540259923e+01  3.1996595954178034e+01  3.1996716320886634e+01  6.5516490455439307e+00  2.3228551720071092e+01  2.6176755349757311e+01  3.2020672567559885e+01  3.2020763949685787e+01  6.6327127487436570e+00
2.6999999999998899e+01  1.5431573018685921e+01  3.8006090659117227e+01  3.1996601326918231e+01  3.1996721471545964e+01  6.5849421248615023e+00  2.3251645236115536e+01  2.6180824149101429e+01  3.2020985460504342e+01  3.2021077687503514e+01  6.6537152581963372e+00
2.7199999999998902e+01  1.5423031389362169e+01  3.8006560109683008e+01  3.1996611834965403e+01  3.1996731699397778e+01  6.6187177374611359e+00  2.3274620986479817e+01  2.6184968577869270e+01  3.2021299987045232e+01  3.2021393105889814e+01  6.6748376116933912e+00
2.7399999999998801e+01  1.5414211406921499e+01  3.8006987040665756e+01  3.1996626881828885e+01  3.1996746356778466e+01  6.6529678148359066e+00  2.3297546499724270e+01  2.6189174927305185e+01  3.2021614481459402e+01  3.2021708531863318e+01  6.6960510873754222e+00
2.7599999999998801e+01  1.5405002344186880e+01  3.8007390607202304e+01  3.1996645993209231e+01  3.1996764954556042e+01  6.6876676690366796e+00  2.3320482795613877e+01  2.6193433978396847e+01  3.2021927647153866e+01  3.2022022613091707e+01  6.7173344542179709e+00
2.7799999999998800e+01  1.5395291898872273e+01  3.8007792160615352e+01  3.1996668824423594e+01  3.1996787180093989e+01  6.7227849915187230e+00  2.3343483055558178e+01  2.6197743273675954e+01  3.2022238360086178e+01  3.2022334176509943e+01  6.7386802237166803e+00
2.7999999999998700e+01  1.5384972957217517e+01  3.8008211705827826e+01  3.1996695047274393e+01  3.1996812770666079e+01  6.7582869859834496e+00  2.3366582872951440e+01  2.6202106782661279e+01  3.2022545572990417e+01  3.2022642242317730e+01  6.7600708868402597e+00
2.8199999999998699e+01  1.5373945766191374e+01  3.8008665078021068e+01  3.1996724061888980e+01  3.1996841136606985e+01  6.7941269183388027e+00  2.3389797543980379e+01  2.6206531802628067e+01  3.2022848866189037e+01  3.2022946455888530e+01  6.7814730229733149e+00
2.8399999999998599e+01  1.5362119744220937e+01  3.8009161862420449e+01  3.1996755072206742e+01  3.1996871444980037e+01  6.8302303230392143e+00  2.3413128205547608e+01  2.6211025052438238e+01  3.2023148513657148e+01  3.2023247088854738e+01  6.8028552123264294e+00
2.8599999999998602e+01  1.5349419927957991e+01  3.8009704678570039e+01  3.1996787246363557e+01  3.1996902840679375e+01  6.8665033943457692e+00  2.3436571456483748e+01  2.6215589386308569e+01  3.2023445537134613e+01  3.2023545098449006e+01  6.8242130154575769e+00
2.8799999999998601e+01  1.5335795978374453e+01  3.8010290771584330e+01  3.1996819982300433e+01  3.1996934747663722e+01  6.9028538029255371e+00  2.3460128660716272e+01  2.6220221912149672e+01  3.2023741641393109e+01  3.2023842108686964e+01  6.8455873650127401e+00
2.8999999999998501e+01  1.5321231666390522e+01  3.8010915590647620e+01  3.1996853217403430e+01  3.1996967170225098e+01  6.9392173724424122e+00  2.3483803907559590e+01  2.6224915941985877e+01  3.2024038866125672e+01  3.2024140161532792e+01  6.8670477369418457e+00
2.9199999999998500e+01  1.5305750465561243e+01  3.8011576013853393e+01  3.1996887549016584e+01  3.1997000766410689e+01  6.9755757302052190e+00  2.3507594250825306e+01  2.6229667685507618e+01  3.2024339573252625e+01  3.2024441683919932e+01  6.8886533320209233e+00
2.9399999999998400e+01  1.5289412083968850e+01  3.8012271518096981e+01  3.1996923933594868e+01  3.1997036480052369e+01  7.0119460650177308e+00  2.3531488863971610e+01  2.6234480616217567e+01  3.2024646813212641e+01  3.2024749758589920e+01  6.9104380182561957e+00
2.9599999999998399e+01  1.5272302031822157e+01  3.8013003689238303e+01  3.1996963135540245e+01  3.1997075016465047e+01  7.0483531985783419e+00  2.3555457560051785e+01  2.6239371745464414e+01  3.2024963772320490e+01  3.2025067551952439e+01  6.9324111374970228e+00
2.9799999999998398e+01  1.5254521405943660e+01  3.8013774410667949e+01  3.1997005474496390e+01  3.1997116653234301e+01  7.0848148737844880e+00  2.3579419532846835e+01  2.6244379993656011e+01  3.2025291357701768e+01  3.2025395943412690e+01  6.9545571056011255e+00
2.9999999999998298e+01  1.5236176536924617e+01  3.8014580791563240e+01  3.1997050827179006e+01  3.1997161273778673e+01  7.1213375080006651e+00  2.3603263241393108e+01  2.6249550281399298e+01  3.2025628744467483e+01  3.2025734098232284e+01  6.9768571606570315e+00
3.0199999999998301e+01  1.5217370692124614e+01  3.8015410431640532e+01  3.1997098852355439e+01  3.1997208590188471e+01  7.1579221608162964e+00  2.3626895100207371e+01  2.6254912836134189e+01  3.2025975061226553e+01  3.2026081190426723e+01  6.9993082811401681e+00
3.0399999999998201e+01  1.5198201038810332e+01  3.8016244024200248e+01  3.1997149340933959e+01  3.1997258453337512e+01  7.1945819852017712e+00  2.3650252649737915e+01  2.6260478480736829e+01  3.2026328912319165e+01  3.2026435907916948e+01  7.0219013594420030e+00
3.0599999999998200e+01  1.5178756504307167e+01  3.8017063146942860e+01  3.1997202371573959e+01  3.1997310966070295e+01  7.2313537981369258e+00  2.3673300503020460e+01  2.6266242300156122e+01  3.2026687940952222e+01  3.2026795934216807e+01  7.0445958184223105e+00
3.0799999999998199e+01  1.5159111977116037e+01  3.8017857295310534e+01  3.1997257996783649e+01  3.1997366164158919e+01  7.2682904004875546e+00  2.3696028653229760e+01  2.6272189065635573e+01  3.2027049052396627e+01  3.2027158151102043e+01  7.0673174601833280e+00
3.0999999999998099e+01  1.5139319094147716e+01  3.8018627626298560e+01  3.1997315629273015e+01  3.1997423436231482e+01  7.3054365177032690e+00  2.3718452010485805e+01  2.6278298323691512e+01  3.2027408940349574e+01  3.2027519193875960e+01  7.0899684436893660e+00
3.1199999999998099e+01  1.5119398008468590e+01  3.8019387068602505e+01  3.1997373836704607e+01  3.1997481340069541e+01  7.3428068684174583e+00  2.3740611725120907e+01  2.6284549534644313e+01  3.2027764678393538e+01  3.2027876081640549e+01  7.1124481936607156e+00
3.1399999999997998e+01  1.5099333075404076e+01  3.8020156836468836e+01  3.1997430630416552e+01  3.1997537903019744e+01  7.3803758730516051e+00  2.3762577868253970e+01  2.6290925431692617e+01  3.2028114182621046e+01  3.2028226716392069e+01  7.1346799186285192e+00
3.1599999999998001e+01  1.5079073814004053e+01  3.8020960349607577e+01  3.1997483938472541e+01  3.1997591097721838e+01  7.4180809852232725e+00  2.3784450040948009e+01  2.6297412443377883e+01  3.2028456436888256e+01  3.2028570111089209e+01  7.1566298086937525e+00
3.1799999999998001e+01  1.5058542052714888e+01  3.8021815506089368e+01  3.1997532121351501e+01  3.1997639326505119e+01  7.4558426532932547e+00  2.3806351917270533e+01  2.6303998201771673e+01  3.2028791369366850e+01  3.2028906221936737e+01  7.1783060050051750e+00
3.1999999999997900e+01  1.5037642649990975e+01  3.8022729536282050e+01  3.1997574399460369e+01  3.1997681816132094e+01  7.4935870516374594e+00  2.3828419334808373e+01  2.6310668193655587e+01  3.2029119462418315e+01  3.2029235517885930e+01  7.1997380969930322e+00
3.2199999999997999e+01  1.5016276346857733e+01  3.8023699816236267e+01  3.1997610999381756e+01  3.1997718765879000e+01  7.5312622615441240e+00  2.3850788431158982e+01  2.6317405278617247e+01  3.2029441376326695e+01  3.2029558628403933e+01  7.2209570840622019e+00
3.2399999999998101e+01  1.4994351813676520e+01  3.8024720612866091e+01  3.1997642790845592e+01  3.1997751004258610e+01  7.5688388450992647e+00  2.3873591056438027e+01  2.6324191498094603e+01  3.2029757501629476e+01  3.2029875932765236e+01  7.2419893133618718e+00
3.2599999999998197e+01  1.4971793613938246e+01  3.8025788458253899e+01  3.1997670628247505e+01  3.1997779344084947e+01  7.6062962088507193e+00  2.3896958739750801e+01  2.6331008666260921e+01  3.2030067149105797e+01  3.2030186744797234e+01  7.2628635473421728e+00
3.2799999999998299e+01  1.4948546546847687e+01  3.8026902404408759e+01  3.1997694909251763e+01  3.1997804151957450e+01  7.6436077152065049e+00  2.3921011136640573e+01  2.6337844706301883e+01  3.2030367609837370e+01  3.2030488360557058e+01  7.2836149355498900e+00
3.2999999999998401e+01  1.4924578301799176e+01  3.8028061765954838e+01  3.1997715451419090e+01  3.1997825233944340e+01  7.6807323298708408e+00  2.3945795503129450e+01  2.6344711184171015e+01  3.2030654178245911e+01  3.2030776079190488e+01  7.3042651765923772e+00
3.3199999999998496e+01  1.4899880895338129e+01  3.8029263764381547e+01  3.1997731566251922e+01  3.1997841899413430e+01  7.7176118974622527e+00  2.3971226643442961e+01  2.6351642201331199e+01  3.2030925311580482e+01  3.2031048347324941e+01  7.3248042962860662e+00
3.3399999999998599e+01  1.4874470921300535e+01  3.8030502961554696e+01  3.1997742381493481e+01  3.1997853267766729e+01  7.7541717590490888e+00  2.3997127655556131e+01  2.6358674601947680e+01  3.2031185271776785e+01  3.2031309432782820e+01  7.3452253056478556e+00
3.3599999999998701e+01  1.4848392615170926e+01  3.8031769414493084e+01  3.1997747462185778e+01  3.1997858888649297e+01  7.7903406313097188e+00  2.4023312751891218e+01  2.6365838698031670e+01  3.2031438199164036e+01  3.2031563485631985e+01  7.3655648157058469e+00
3.3799999999998803e+01  1.4821724405475646e+01  3.8033045923217337e+01  3.1997747434876292e+01  3.1997859366943146e+01  7.8260873789688050e+00  2.4049610918731318e+01  2.6373159583428205e+01  3.2031686545986311e+01  3.2031812969206712e+01  7.3858876847288908e+00
3.3999999999998899e+01  1.4794585041477617e+01  3.8034308483848704e+01  3.1997744068632734e+01  3.1997856438979003e+01  7.8614544638867869e+00  2.4075863514792310e+01  2.6380657590713820e+01  3.2031931900840682e+01  3.2032059503889947e+01  7.4062461054371749e+00
3.4199999999999001e+01  1.4767131255496601e+01  3.8035532504684838e+01  3.1997739525673428e+01  3.1997852234796213e+01  7.8965587740345189e+00  2.4101922755679020e+01  2.6388346483735265e+01  3.2032175634904981e+01  3.2032304505494416e+01  7.4266484521412899e+00
3.4399999999999103e+01  1.4739542512703792e+01  3.8036703677834595e+01  3.1997735363817178e+01  3.1997848302630260e+01  7.9315485958150767e+00  2.4127655237742466e+01  2.6396236459282882e+01  3.2032419339104067e+01  3.2032549592174426e+01  7.4470601006360591e+00
3.4599999999999199e+01  1.4712000759781969e+01  3.8037824266660238e+01  3.1997731978465627e+01  3.1997845058834606e+01  7.9665528750651333e+00  2.4152947010453438e+01  2.6404334531759478e+01  3.2032665002528013e+01  3.2032796735133459e+01  7.4674204476270214e+00
3.4799999999999400e+01  1.4684673684818936e+01  3.8038910608535183e+01  3.1997728556106637e+01  3.1997841728608261e+01  8.0016518543035300e+00  2.4177709260123130e+01  2.6412642642840446e+01  3.2032914730062330e+01  3.2033047981091052e+01  7.4876586660961690e+00
3.4999999999999503e+01  1.4657704403029520e+01  3.8039983477369837e+01  3.1997723372018275e+01  3.1997836632993682e+01  8.0368716111039067e+00  2.4201888815171358e+01  2.6421155993443175e+01  3.2033170235620162e+01  3.2033304988668441e+01  7.5077037713259083e+00
3.5199999999999598e+01  1.4631207360500476e+01  3.8041055715798073e+01  3.1997714271841726e+01  3.1997827667352894e+01  8.0721951486450898e+00  2.4225487859984554e+01  2.6429860818100412e+01  3.2033432612493471e+01  3.2033568836873975e+01  7.5275083809951218e+00
3.5399999999999700e+01  1.4605267319023012e+01  3.8042127109547543e+01  3.1997699246587214e+01  3.1997812855120142e+01  8.1075822240093292e+00  2.4248577993018746e+01  2.6438734654995883e+01  3.2033702316616441e+01  3.2033840011603623e+01  7.5470721353308319e+00
3.5599999999999802e+01  1.4579937853063171e+01  3.8043196018413816e+01  3.1997676878209127e+01  3.1997790764275358e+01  8.1429899319442729e+00  2.4271293647339697e+01  2.6447751171675655e+01  3.2033979070097999e+01  3.2034118274066060e+01  7.5664370853478875e+00
3.5799999999999898e+01  1.4555244357902517e+01  3.8044277416558209e+01  3.1997646273632704e+01  3.1997760439662510e+01  8.1783926973456218e+00  2.4293804052020846e+01  2.6456887368727067e+01  3.2034261799505401e+01  3.2034402547832521e+01  7.5856537232017827e+00
3.6000000000000000e+01  1.4531195051432324e+01  3.8045414779901989e+01  3.1997606241352113e+01  3.1997720616260938e+01  8.2137971455491581e+00  2.4316275370384798e+01  2.6466127759123527e+01  3.2034548644781147e+01  3.2034690913658672e+01  7.6047361896208416e+00
3.6200000000000102e+01  1.4507783577625252e+01  3.8046679731433152e+01  3.1997555264269543e+01  3.1997669731676343e+01  8.2492409294072058e+00  2.4338840616657997e+01  2.6475460779282212e+01  3.2034837148834136e+01  3.2034980846264794e+01  7.6236326380355139e+00
3.6400000000000198e+01  1.4484932045209499e+01  3.8048129606019245e+01  3.1997495032716635e+01  3.1997609517858528e+01  8.2847582685793419e+00  2.4361588637390064e+01  2.6484872815841985e+01  3.2035124654821168e+01  3.2035269673006809e+01  7.6422350774035630e+00
3.6600000000000300e+01  1.4462437884683869e+01  3.8049779223377527e+01  3.1997429668279157e+01  3.1997544228408820e+01  8.3203348576307334e+00  2.4384566294724010e+01  2.6494347176915507e+01  3.2035408784870960e+01  3.2035555053720728e+01  7.6604168004782105e+00
3.6800000000000402e+01  1.4440005593419768e+01  3.8051610518450865e+01  3.1997360242823493e+01  3.1997474994360402e+01  8.3558867301304964e+00  2.4407784475485471e+01  2.6503868042950476e+01  3.2035688039043819e+01  3.2035835525034415e+01  7.6780688262254895e+00
3.7000000000000497e+01  1.4417335501477256e+01  3.8053600148247149e+01  3.1997284503053290e+01  3.1997399513586057e+01  8.3912683618749959e+00  2.4431226570540097e+01  2.6513427250427434e+01  3.2035962166003380e+01  3.2036110835556300e+01  7.6951300857303542e+00
3.7200000000000600e+01  1.4394169618126732e+01  3.8055732851446223e+01  3.1997200281785819e+01  3.1997315558662635e+01  8.4262884215468663e+00  2.4454856407325735e+01  2.6523029224465290e+01  3.2036231872586903e+01  3.2036381669514924e+01  7.7116062578271354e+00
3.7400000000000702e+01  1.4370304347442541e+01  3.8058000195244581e+01  3.1997107295937081e+01  3.1997222820747748e+01  8.4607480441973806e+00  2.4478619583526431e+01  2.6532689710140723e+01  3.2036497866535548e+01  3.2036648729889961e+01  7.7275654635882391e+00
3.7600000000000797e+01  1.4345601087022047e+01  3.8060394600929037e+01  3.1997007533878723e+01  3.1997123263320130e+01  8.4944976958646468e+00  2.4502430652453636e+01  2.6542426776318681e+01  3.2036760284513264e+01  3.2036912198685108e+01  7.7430944128895813e+00
3.7800000000000900e+01  1.4319994813036999e+01  3.8062904500239533e+01  3.1996904733260454e+01  3.1997020577976773e+01  8.5274853058476499e+00  2.4526153044048502e+01  2.6552252419114240e+01  3.2037019279328554e+01  3.2037172276553896e+01  7.7582339605673445e+00
3.8000000000001002e+01  1.4293493990626899e+01  3.8065512682678303e+01  3.1996803125823607e+01  3.1996918949152736e+01  8.5597738314537040e+00  2.4549601976892340e+01  2.6562171536171924e+01  3.2037275459239993e+01  3.2037429580109574e+01  7.7729556141957721e+00
3.8200000000001097e+01  1.4266168157540459e+01  3.8068197353355615e+01  3.1996706054112622e+01  3.1996821702122304e+01  8.5915203820823010e+00  2.4572572961540953e+01  2.6572186299259368e+01  3.2037530217459469e+01  3.2037685494720712e+01  7.7871895685124963e+00
3.8400000000001199e+01  1.4238119977625047e+01  3.8070936047748056e+01  3.1996615259676574e+01  3.1996730599998195e+01  8.6229099320715399e+00  2.4594876281934660e+01  2.6582301550247347e+01  3.2037785873019466e+01  3.2037942336936162e+01  7.8008712473255430e+00
3.8600000000001302e+01  1.4209447845452605e+01  3.8073711012296840e+01  3.1996531232487424e+01  3.1996646162956857e+01  8.6540595423893603e+00  2.4616363772145903e+01  2.6592527895102883e+01  3.2038045243898907e+01  3.2038202929400803e+01  7.8139736449350981e+00
3.8800000000001397e+01  1.4180224836191666e+01  3.8076513427726212e+01  3.1996453868220037e+01  3.1996568293730579e+01  8.6849706423896649e+00  2.4636943950430727e+01  2.6602880326200779e+01  3.2038310910473484e+01  3.2038469861628570e+01  7.8265167726922309e+00
3.9000000000001499e+01  1.4150502418979041e+01  3.8079345884102224e+01  3.1996382710072897e+01  3.1996496522151755e+01  8.7155588851129213e+00  2.4656585492259516e+01  2.6613371713246394e+01  3.2038584276884173e+01  3.2038744546314071e+01  7.8385581670797491e+00
3.9200000000001602e+01  1.4120322717649969e+01  3.8082223370929555e+01  3.1996316993746674e+01  3.1996430085101380e+01  8.7457135142596201e+00  2.4675309616919918e+01  2.6624007295892493e+01  3.2038864731861374e+01  3.2039026370596467e+01  7.8501681754003823e+00
3.9400000000001697e+01  1.4089728945986455e+01  3.8085171719617712e+01  3.1996255755885276e+01  3.1996368058425617e+01  8.7753523813682026e+00  2.4693176347885004e+01  2.6634784377172149e+01  3.2039149957607343e+01  3.2039312997130708e+01  7.8613974798902255e+00
3.9600000000001799e+01  1.4058771556873399e+01  3.8088221199276227e+01  3.1996197889825105e+01  3.1996309409083054e+01  8.8044630935606243e+00  2.4710272747039852e+01  2.6645693467619154e+01  3.2039437213653066e+01  3.2039601647328254e+01  7.8722550658847332e+00
3.9800000000001901e+01  1.4027505424337317e+01  3.8091396111072974e+01  3.1996141918989238e+01  3.1996252737562187e+01  8.8331103964221036e+00  2.4726706220253831e+01  2.6656717599578908e+01  3.2039724543786591e+01  3.2039890315285334e+01  7.8827079867846850e+00
4.0000000000001997e+01  1.3995975381330862e+01  3.8094706895180991e+01  3.1996085727984344e+01  3.1996195974497009e+01  8.8613979601685813e+00  2.4742603241174759e+01  2.6667832730037002e+01  3.2040011285718265e+01  3.2040178294537043e+01  7.8927052748395612e+00
4.0200000000002099e+01  1.3964197203673304e+01  3.8098151172713877e+01  3.1996026586203278e+01  3.1996136412352062e+01  8.8894096414956714e+00  2.4758110766322687e+01  2.6679012574443558e+01  3.2040297741002156e+01  3.2040465866606368e+01  7.9022159184148792e+00
4.0400000000002201e+01  1.3932143546669604e+01  3.8101722624570243e+01  3.1995961538315282e+01  3.1996071112081534e+01  8.9171636474725808e+00  2.4773392621221525e+01  2.6690236692519186e+01  3.2040584358162974e+01  3.2040753492026020e+01  7.9112527664065322e+00
4.0600000000002296e+01  1.3899742429200387e+01  3.8105420964798519e+01  3.1995888311762123e+01  3.1995997801952097e+01  8.9446024749038706e+00  2.4788617279774076e+01  2.6701497361639312e+01  3.2040871073191497e+01  3.2041041143463062e+01  7.9198694883632532e+00
4.0800000000002399e+01  1.3866890585600590e+01  3.8109257023083927e+01  3.1995806079186970e+01  3.1995915638956706e+01  8.9716218536572168e+00  2.4803939103395031e+01  2.6712800213275223e+01  3.2041157058613720e+01  3.2041328028121121e+01  7.9281368507971015e+00
4.1000000000002501e+01  1.3833473990084634e+01  3.8113250750219144e+01  3.1995715398790466e+01  3.1995825170481300e+01  8.9981155565332056e+00  2.4819476978659722e+01  2.6724158661037528e+01  3.2041440695738608e+01  3.2041612528719689e+01  7.9361085968033871e+00
4.1200000000002603e+01  1.3799385132050231e+01  3.8117423846240328e+01  3.1995617490463406e+01  3.1995727621546045e+01  9.0240092827438900e+00  2.4835296107142284e+01  2.6735587016092751e+01  3.2041719894602203e+01  3.2041892522644332e+01  7.9437931151243886e+00
4.1400000000002699e+01  1.3764531500086310e+01  3.8121789931623837e+01  3.1995513337177155e+01  3.1995623978980813e+01  9.0492727954743515e+00  2.4851398721343365e+01  2.6747095828306751e+01  3.2041992973462300e+01  3.2042166301991877e+01  7.9511477287402279e+00
4.1600000000002801e+01  1.3728835397139608e+01  3.8126346373609081e+01  3.1995402986374238e+01  3.1995514291226574e+01  9.0739135359395799e+00  2.4867722075098165e+01  2.6758690863225887e+01  3.2042259598374507e+01  3.2042433552873398e+01  7.9580970834415634e+00
4.1800000000002903e+01  1.3692228772637705e+01  3.8131072628175865e+01  3.1995285332318979e+01  3.1995397460580172e+01  9.0979571232663741e+00  2.4884138296286675e+01  2.6770373799555408e+01  3.2042520644417337e+01  3.2042695201786756e+01  7.9645540374686865e+00
4.2000000000002998e+01  1.3654649210200704e+01  3.8135935989017710e+01  3.1995158692476593e+01  3.1995271800080648e+01  9.1214265705403257e+00  2.4900467661159929e+01  2.6782143939296937e+01  3.2042777569076989e+01  3.2042952756963402e+01  7.9704398195658408e+00
4.2200000000003101e+01  1.3616041360927841e+01  3.8140902047596875e+01  3.1995022101543295e+01  3.1995136286225566e+01  9.1443314107122937e+00  2.4916515121286857e+01  2.6794003608656915e+01  3.2043032788148828e+01  3.2043208676668748e+01  7.9757111887238255e+00
4.2400000000003203e+01  1.3576362200336039e+01  3.8145946197265161e+01  3.1994876567153504e+01  3.1994991833598029e+01  9.1666660446354680e+00  2.4932113715483595e+01  2.6805966278382261e+01  3.2043290786069747e+01  3.2043467472931837e+01  7.9803875000490345e+00
4.2600000000003298e+01  1.3535586679204707e+01  3.8151060606188643e+01  3.1994725520068972e+01  3.1994841815210666e+01  9.1884165326188167e+00  2.4947144215894848e+01  2.6818059887137093e+01  3.2043557431564196e+01  3.2043735022932090e+01  7.9845554663264444e+00
4.2800000000003401e+01  1.3493713639089723e+01  3.8156253786571817e+01  3.1994574379381255e+01  3.1994691638628758e+01  9.2095789868882800e+00  2.4961520404736596e+01  2.6830319968146355e+01  3.2043835594529362e+01  3.2044014197183358e+01  7.9883339606163162e+00
4.3000000000003503e+01  1.3450772903833450e+01  3.8161543491429036e+01  3.1994429504256889e+01  3.1994547664927069e+01  9.2301876055791165e+00  2.4975170823309703e+01  2.6842777214965626e+01  3.2044123340299926e+01  3.2044303054577824e+01  7.9918230019729632e+00
4.3200000000003598e+01  1.3406830386288627e+01  3.8166944111925069e+01  3.1994296671125181e+01  3.1994415669503699e+01  9.2503403336648340e+00  2.4988037119457708e+01  2.6855446768964377e+01  3.2044417194198743e+01  3.2044598106794872e+01  7.9950668775112570e+00
4.3400000000003800e+01  1.3361983824502314e+01  3.8172454777369886e+01  3.1994179304095596e+01  3.1994299077047451e+01  9.2701990738955065e+00  2.5000088801923493e+01  2.6868321098841093e+01  3.2044714880289092e+01  3.2044897058113257e+01  7.9980619658761549e+00
4.3600000000003902e+01  1.3316346738380314e+01  3.8178054561427508e+01  3.1994077159111754e+01  3.1994197644966629e+01  9.2899544937091623e+00  2.5011342079680087e+01  2.6881368120917536e+01  3.2045015619351418e+01  3.2045199101429020e+01  8.0007921738697014e+00
4.3800000000003998e+01  1.3270026422735251e+01  3.8183709278968117e+01  3.1993986280704029e+01  3.1994107432541316e+01  9.3097736440527967e+00  2.5021869526093941e+01  2.6894538669504591e+01  3.2045319193968268e+01  3.2045503983200447e+01  8.0032532987274116e+00
4.4000000000004100e+01  1.3223102972676745e+01  3.8189391934390073e+01  3.1993900837674619e+01  3.1994022641977434e+01  9.3297479784257078e+00  2.5031797740409399e+01  2.6907780434045051e+01  3.2045624731729724e+01  3.2045810798737257e+01  8.0054551475629019e+00
4.4200000000004202e+01  1.3175618712393927e+01  3.8195107160781134e+01  3.1993815473124879e+01  3.1993937945222129e+01  9.3498710237251803e+00  2.5041296796237749e+01  2.6921053809198629e+01  3.2045930003555462e+01  3.2046117313398746e+01  8.0074124303751528e+00
4.4400000000004297e+01  1.3127581136070120e+01  3.8200898387881786e+01  3.1993726021072248e+01  3.1993849183654614e+01  9.3700611075653111e+00  2.5050560359254611e+01  2.6934349197411215e+01  3.2046231817904122e+01  3.2046420357697741e+01  8.0091335283575660e+00
4.4600000000004400e+01  1.3078970226875255e+01  3.8206829141218940e+01  3.1993628927852274e+01  3.1993752799945980e+01  9.3901995188038772e+00  2.5059775305556233e+01  2.6947699254482430e+01  3.2046527643633752e+01  3.2046717414010402e+01  8.0106111547911372e+00
4.4800000000004502e+01  1.3029747466959455e+01  3.8212956386657147e+01  3.1993520720289617e+01  3.1993645319844731e+01  9.4101602284242958e+00  2.5069111114661901e+01  2.6961163261584957e+01  3.2046816899220367e+01  3.2047007894377096e+01  8.0118362750119712e+00
4.5000000000004597e+01  1.2979868412256490e+01  3.8219313357252730e+01  3.1993398711209370e+01  3.1993524052529398e+01  9.4298270550135328e+00  2.5078707998369353e+01  2.6974792696124286e+01  3.2047103134346365e+01  3.2047295357703490e+01  8.0128134647200682e+00
4.5200000000004700e+01  1.2929293894494382e+01  3.8225902173837063e+01  3.1993262265611222e+01  3.1993388358406328e+01  9.4491025123072916e+00  2.5088680319694170e+01  2.6988606022122653e+01  3.2047389689731176e+01  3.2047583183560107e+01  8.0135743219364866e+00
4.5400000000004802e+01  1.2877993832482298e+01  3.8232694969122122e+01  3.1993112950218254e+01  3.1993239790107225e+01  9.4679122680099539e+00  2.5099123628338841e+01  2.7002583922447123e+01  3.2047678544183263e+01  3.2047873386683435e+01  8.0141781452177465e+00
4.5600000000004897e+01  1.2825945773551956e+01  3.8239646016425532e+01  3.1992953162475036e+01  3.1993080716673344e+01  9.4862132569977184e+00  2.5110102729993830e+01  2.7016683879302789e+01  3.2047970939555839e+01  3.2048167210209215e+01  8.0146894683808672e+00
4.5800000000004999e+01  1.2773134839479683e+01  3.8246712634494173e+01  3.1992785052207154e+01  3.1992913264601640e+01  9.5040088711441335e+00  2.5121622959945160e+01  2.7030868250892471e+01  3.2048267360292975e+01  3.2048465117497841e+01  8.0151383068905560e+00
4.6000000000005102e+01  1.2719556112551100e+01  3.8253873364548269e+01  3.1992610763915295e+01  3.1992739571244808e+01  9.5213566351033521e+00  2.5133586566290653e+01  2.7045125571775088e+01  3.2048568075174551e+01  3.2048767351297748e+01  8.0154763299219063e+00
4.6200000000005197e+01  1.2665215903961290e+01  3.8261130527093279e+01  3.1992433127665180e+01  3.1992562457380537e+01  9.5383563863913920e+00  2.5145781695268148e+01  2.7059474562861258e+01  3.2048873387976847e+01  3.2049074196899412e+01  8.0155647766212983e+00
4.6400000000005299e+01  1.2610124960544219e+01  3.8268500004601862e+01  3.1992255719599083e+01  3.1992385468654469e+01  9.5551137854312014e+00  2.5157948984583726e+01  2.7073958261007125e+01  3.2049182882934517e+01  3.2049385239735194e+01  8.0152287806495011e+00
4.6600000000005402e+01  1.2554289700261000e+01  3.8275991961389472e+01  3.1992081684819755e+01  3.1992211704303287e+01  9.5716927233051567e+00  2.5169849960253664e+01  2.7088627822959303e+01  3.2049494706195141e+01  3.2049698647014978e+01  8.0143287758629906e+00
4.6800000000005497e+01  1.2497707858972532e+01  3.8283595209932578e+01  3.1991913189536355e+01  3.1992043293122592e+01  9.5880885433784044e+00  2.5181292498951869e+01  2.7103523723939269e+01  3.2049806371071206e+01  3.2050011951229266e+01  8.0127917738508483e+00
4.7000000000005599e+01  1.2440369685290307e+01  3.8291276557203929e+01  3.1991751469843862e+01  3.1991881473428496e+01  9.6042398686904598e+00  2.5192145608995169e+01  2.7118661654847148e+01  3.2050116913429342e+01  3.2050324186645852e+01  8.0106259649615996e+00
4.7200000000005701e+01  1.2382261910140231e+01  3.8298991628215397e+01  3.1991597203711830e+01  3.1991726976722980e+01  9.6200625691144683e+00  2.5202353296007399e+01  2.7134024193905084e+01  3.2050427195194139e+01  3.2050636214840914e+01  8.0079312155616265e+00
4.7400000000005797e+01  1.2323369685871965e+01  3.8306700702525944e+01  3.1991450756651446e+01  3.1991580233446584e+01  9.6354859315121395e+00  2.5211925751952382e+01  2.7149562353879496e+01  3.2050738471096992e+01  3.2050949293254050e+01  8.0048600875234275e+00
4.7600000000005899e+01  1.2263681917530363e+01  3.8314385126738649e+01  3.1991312224336472e+01  3.1991441343770365e+01  9.6504985113243986e+00  2.5220921501920870e+01  2.7165210766341769e+01  3.2051051183816760e+01  3.2051263843002161e+01  8.0015593211004603e+00
4.7800000000006001e+01  1.2203210195192639e+01  3.8322062737030770e+01  3.1991182305190023e+01  3.1991310936695371e+01  9.6652048304290190e+00  2.5229429326804492e+01  2.7180918079676307e+01  3.2051365568584245e+01  3.2051580057880876e+01  7.9981243476867734e+00
4.8000000000006096e+01  1.2142003585795742e+01  3.8329791779901335e+01  3.1991062842724752e+01  3.1991190744950298e+01  9.6798528440181748e+00  2.5237540356907438e+01  2.7196676526207046e+01  3.2051684619927180e+01  3.2051900891589533e+01  7.9945584188614713e+00
4.8200000000006199e+01  1.2080142650078294e+01  3.8337656673414727e+01  3.1990955736273371e+01  3.1991082566221714e+01  9.6948006239114886e+00  2.5245339870055510e+01  2.7212516265568123e+01  3.2052010951081741e+01  3.2052228947905114e+01  7.9907829685520753e+00
4.8400000000006301e+01  1.2017711364707715e+01  3.8345734127782691e+01  3.1990861154183261e+01  3.1990986519707477e+01  9.7103966313723564e+00  2.5252923514740061e+01  2.7228479908565394e+01  3.2052343493916908e+01  3.2052563173761527e+01  7.9866981541724495e+00
4.8600000000006403e+01  1.1954757488493048e+01  3.8354053905602498e+01  3.1990776932188549e+01  3.1990900449808535e+01  9.7268104217744238e+00  2.5260414741823045e+01  2.7244605213521186e+01  3.2052680695569556e+01  3.2052902049883855e+01  7.9822468562596880e+00
4.8800000000006499e+01  1.1891255876135006e+01  3.8362578355014286e+01  3.1990700144821986e+01  3.1990821508391768e+01  9.7439434203089981e+00  2.5267965849755115e+01  2.7260915527122261e+01  3.2053021446453428e+01  3.2053244493513525e+01  7.9774515348441550e+00
4.9000000000006601e+01  1.1827116512753534e+01  3.8371229591689463e+01  3.1990626697843101e+01  3.1990745693708014e+01  9.7614933308958829e+00  2.5275748594060929e+01  2.7277411525262554e+01  3.2053364969332307e+01  3.2053589727866090e+01  7.9724186156379835e+00
4.9200000000006703e+01  1.1762219903997948e+01  3.8379927774106328e+01  3.1990552626828283e+01  3.1990669136859772e+01  9.7790988051646224e+00  2.5283931373809018e+01  2.7294069697583605e+01  3.2053711053439713e+01  3.2053937518298895e+01  7.9673074870931391e+00
4.9400000000006798e+01  1.1696446925343126e+01  3.8388611584959030e+01  3.1990475653264330e+01  3.1990589649244690e+01  9.7964793475121876e+00  2.5292634492497374e+01  2.7310860417754707e+01  3.2054061259376574e+01  3.2054289392358555e+01  7.9622575263410305e+00
4.9600000000006901e+01  1.1629713649547350e+01  3.8397266224320951e+01  3.1990395437163446e+01  3.1990506946926931e+01  9.8135263936693633e+00  2.5301873243249617e+01  2.7327780122023210e+01  3.2054417780302579e+01  3.2054647540873269e+01  7.9572853655484748e+00
4.9800000000007003e+01  1.1561989282198578e+01  3.8405935432340399e+01  3.1990311820954364e+01  3.1990420875609821e+01  9.8303119264066829e+00  2.5311552124993163e+01  2.7344864060486636e+01  3.2054781078742614e+01  3.2055012447548464e+01  7.9522513479622310e+00
5.0000000000007098e+01  1.1493288711729914e+01  3.8414711778116974e+01  3.1990223270623943e+01  3.1990329860766725e+01  9.8470241333708266e+00  2.5321542106613691e+01  2.7362165246481851e+01  3.2055152949868301e+01  3.2055385945994345e+01  7.9469637644640487e+00
5.0200000000007201e+01  1.1423644175825210e+01  3.8423694674479734e+01  3.1990129325666274e+01  3.1990233398982205e+01  9.8638453312457504e+00  2.5331726960523426e+01  2.7379729350385134e+01  3.2055535860932402e+01  3.2055770529972769e+01  7.9412943541991909e+00
5.0400000000007303e+01  1.1353066729944079e+01  3.8432925513336976e+01  3.1990035052843147e+01  3.1990136600455742e+01  9.8807901419558117e+00  2.5341997397602956e+01  2.7397575375057276e+01  3.2055929523820993e+01  3.2056165924372173e+01  7.9352172986696354e+00
5.0600000000007398e+01  1.1281533827921660e+01  3.8442368901666846e+01  3.1989946198239309e+01  3.1990045288205863e+01  9.8976724497606643e+00  2.5352249793301795e+01  2.7415689874069415e+01  3.2056331876296561e+01  3.2056570088734688e+01  7.9287982712720702e+00
5.0800000000007500e+01  1.1209008503782382e+01  3.8451945287137306e+01  3.1989865651536302e+01  3.1989962357822122e+01  9.9142469922238075e+00  2.5362391020678452e+01  2.7434041130790398e+01  3.2056740336037102e+01  3.2056980447739207e+01  7.9221598717244763e+00
5.1000000000007603e+01  1.1135458914916530e+01  3.8461567302274545e+01  3.1989794553094633e+01  3.1989888868557387e+01  9.9303631949949764e+00  2.5372339676150084e+01  2.7452599865589271e+01  3.2057150899287215e+01  3.2057392981161662e+01  7.9154401269274901e+00
5.1200000000007698e+01  1.1060870568887331e+01  3.8471163513927927e+01  3.1989733368590169e+01  3.1989825163376793e+01  9.9460659130153317e+00  2.5382031212824806e+01  2.7471346783532582e+01  3.2057560607479537e+01  3.2057804690805753e+01  7.9087575254512563e+00
5.1400000000007800e+01  1.0985247180860700e+01  3.8480696022756206e+01  3.1989681941215910e+01  3.1989771011774081e+01  9.9615986043133589e+00  2.5391399745989986e+01  2.7490273710176346e+01  3.2057968306612672e+01  3.2058214367011587e+01  7.9021475471091938e+00
5.1600000000007903e+01  1.0908597677894367e+01  3.8490172333355481e+01  3.1989638828157037e+01  3.1989724990801250e+01  9.9772949710019674e+00  2.5400367284588896e+01  2.7509389748416059e+01  3.2058374353407530e+01  3.2058622339188318e+01  7.8955202065322201e+00
5.1800000000007998e+01  1.0830917462548019e+01  3.8499638000463044e+01  3.1989600655636956e+01  3.1989683805760322e+01  9.9934339194454083e+00  2.5408858655634340e+01  2.7528723303750130e+01  3.2058780080591035e+01  3.2059029955847635e+01  7.8887008368324052e+00
5.2000000000008100e+01  1.0752168596788012e+01  3.8509152592355250e+01  3.1989563168418975e+01  3.1989643288875644e+01  1.0010124530836174e+01  2.5416825503598293e+01  2.7548309824561407e+01  3.2059186025022903e+01  3.2059437797986533e+01  7.8815321117100048e+00
5.2200000000008302e+01  1.0672268450853373e+01  3.8518751307126507e+01  3.1989523259863162e+01  3.1989600389382090e+01  1.0027253528473580e+01  2.5424272820474464e+01  2.7568176498151907e+01  3.2059592861082884e+01  3.2059846570683895e+01  7.8739839472172592e+00
5.2400000000008397e+01  1.0591098123293687e+01  3.8528419374550943e+01  3.1989480435348597e+01  3.1989554633388163e+01  1.0044537922555946e+01  2.5431271473776142e+01  2.7588331430986397e+01  3.2060001297000504e+01  3.2060256984453829e+01  7.8661913657403248e+00
5.2600000000008500e+01  1.0508532847328381e+01  3.8538098987177726e+01  3.1989438394782624e+01  3.1989509720323646e+01  1.0061699456363440e+01  2.5437952825881965e+01  2.7608761005293662e+01  3.2060411415822443e+01  3.2060669112899198e+01  7.8584035667226333e+00
5.2800000000008602e+01  1.0424479782196588e+01  3.8547712086794235e+01  3.1989406010050697e+01  3.1989474481209378e+01  1.0078672545956106e+01  2.5444480672755791e+01  2.7629436896049501e+01  3.2060822836253344e+01  3.2061082558444411e+01  7.8508666426063511e+00
5.3000000000008697e+01  1.0338898602476862e+01  3.8557183912720838e+01  3.1989393644583600e+01  3.1989459205903803e+01  1.0095712457284737e+01  2.5451007781878840e+01  2.7650327442468534e+01  3.2061235816439165e+01  3.2061497552563473e+01  7.8436992385734365e+00
5.3200000000008799e+01  1.0251795388477781e+01  3.8566461320264793e+01  3.1989406074320364e+01  3.1989468604481775e+01  1.0113347152086867e+01  2.5457642460404728e+01  2.7671410507252947e+01  3.2061651190641385e+01  3.2061914911973368e+01  7.8368404094910957e+00
5.3400000000008902e+01  1.0163198398020391e+01  3.8575521150677851e+01  3.1989441627880865e+01  3.1989500998627758e+01  1.0132184118708999e+01  2.5464438234200294e+01  2.7692681389027822e+01  3.2062069328792873e+01  3.2062335017417233e+01  7.8300806975998301e+00
5.3600000000008997e+01  1.0073119205309954e+01  3.8584375101869000e+01  3.1989492284694688e+01  3.1989548412479291e+01  1.0152630707503242e+01  2.5471403593887441e+01  2.7714155398982999e+01  3.2062490231163217e+01  3.2062757902319525e+01  7.8231485096904896e+00
5.3800000000009099e+01  9.9815290977881190e+00  3.8593074972546226e+01  3.1989546662667802e+01  3.1989599487791537e+01  1.0174745488470656e+01  2.5478533064454982e+01  2.7735866886966352e+01  3.2062914733168853e+01  3.2063184424450959e+01  7.8158440888188112e+00
5.4000000000009202e+01  9.8883591877260457e+00  3.8601691621292680e+01  3.1989599168892994e+01  3.1989648699325873e+01  1.0198247516417412e+01  2.5485830493229962e+01  2.7757864799275250e+01  3.2063344314061347e+01  3.2063616063297381e+01  7.8081487099789921e+00
5.4200000000009297e+01  9.7935164125191356e+00  3.8610258904010934e+01  3.1989647806830760e+01  3.1989694153000130e+01  1.0222633555706885e+01  2.5493311002461546e+01  2.7780193980473587e+01  3.2063781017366857e+01  3.2064054854108960e+01  7.8002406576838954e+00
5.4400000000009399e+01  9.6969175961384035e+00  3.8618741883540658e+01  3.1989690842788487e+01  3.1989734108035186e+01  1.0247456507773878e+01  2.5500967286329814e+01  2.7802887037554719e+01  3.2064226203417526e+01  3.2064502164549985e+01  7.7923874905433550e+00
5.4600000000009501e+01  9.5985160886007428e+00  3.8627060324563097e+01  3.1989728492807092e+01  3.1989768647880613e+01  1.0272555177766272e+01  2.5508752202029193e+01  2.7825964397969837e+01  3.2064678749022775e+01  3.2064956896371427e+01  7.7848177871453750e+00
5.4800000000009597e+01  9.4983099186700244e+00  3.8635132525094910e+01  3.1989762763533477e+01  3.1989799617500871e+01  1.0298103019029922e+01  2.5516582638560692e+01  2.7849432341789246e+01  3.2065137552309899e+01  3.2065417948875734e+01  7.7776225901306537e+00
5.5000000000009699e+01  9.3963331171218911e+00  3.8642905569188997e+01  3.1989794157245147e+01  3.1989827375426639e+01  1.0324513439555298e+01  2.5524343258739968e+01  2.7873282823105523e+01  3.2065603640693183e+01  3.2065886320050332e+01  7.7707256599772672e+00
5.5200000000009801e+01  9.2926348656671234e+00  3.8650369390026789e+01  3.1989819843916599e+01  3.1989848987618185e+01  1.0352260412910804e+01  2.5531887045614205e+01  2.7897499184910103e+01  3.2066079585233197e+01  3.2066364543249612e+01  7.7639232414708923e+00
5.5400000000009904e+01  9.1872513112557943e+00  3.8657557115509618e+01  3.1989837328396259e+01  3.1989861951223613e+01  1.0381667529710294e+01  2.5539047856543313e+01  2.7922057910764906e+01  3.2066565178365941e+01  3.2066852398152953e+01  7.7569563292354937e+00
5.5600000000009999e+01  9.0801819222453979e+00  3.8664533376496017e+01  3.1989847065556226e+01  3.1989866798751560e+01  1.0412747417744416e+01  2.5545684000969469e+01  2.7946929129079209e+01  3.2067058255785064e+01  3.2067347727403522e+01  7.7496280805372919e+00
5.5800000000010101e+01  8.9713867431109975e+00  3.8671378760092615e+01  3.1989850837239146e+01  3.1989865425384334e+01  1.0445194745123686e+01  2.5551707241356695e+01  2.7972088821069203e+01  3.2067555933001600e+01  3.2067847670577095e+01  7.7418799608303477e+00
5.6000000000010203e+01  8.8608077560610710e+00  3.8678151158999000e+01  3.1989851903970109e+01  3.1989861202379540e+01  1.0478566004895663e+01  2.5557086903355412e+01  2.7997530009158247e+01  3.2068055936143558e+01  3.2068349973472621e+01  7.7337898185977370e+00
5.6200000000010299e+01  8.7484041053889889e+00  3.8684829745103862e+01  3.1989854453145362e+01  3.1989858408904436e+01  1.0512575311147119e+01  2.5561841262630487e+01  2.8023264200405507e+01  3.2068555461914407e+01  3.2068851836645571e+01  7.7255062263872194e+00
5.6400000000010401e+01  8.6341794797607374e+00  3.8691298808440472e+01  3.1989862744500495e+01  3.1989861354362304e+01  1.0547318889358246e+01  2.5566028297216093e+01  2.8049311352495085e+01  3.2069050515963006e+01  3.2069349260035480e+01  7.7171581990977982e+00
5.6600000000010503e+01  8.5181865595239827e+00  3.8697386907421887e+01  3.1989882909672925e+01  3.1989876167954762e+01  1.0583308927336295e+01  2.5569737069050419e+01  2.8075684137009922e+01  3.2069538416365020e+01  3.2069839545691806e+01  7.7087905898050897e+00
5.6800000000010598e+01  8.4005009182091950e+00  3.8702932389837478e+01  3.1989921729246046e+01  3.1989909575300583e+01  1.0621284085759314e+01  2.5573077482321253e+01  2.8102379611474639e+01  3.2070020633833039e+01  3.2070324142647046e+01  7.7003764504318468e+00
5.7000000000010701e+01  8.2811762650436620e+00  3.8707841201919173e+01  3.1989983676405760e+01  3.1989965959777649e+01  1.0661894127725907e+01  2.5576168720268470e+01  2.8129382233406641e+01  3.2070500692201904e+01  3.2070806566101183e+01  7.6918931744552559e+00
5.7200000000010803e+01  8.1602089422048323e+00  3.8712139015215627e+01  3.1990070601740218e+01  3.1990047156404032e+01  1.0705434534587260e+01  2.5579142788021692e+01  2.8156664759455353e+01  3.2070983058617550e+01  3.2071291291787574e+01  7.6833893040015235e+00
5.7400000000010898e+01  8.0375329569821652e+00  3.8715965611680751e+01  3.1990181242129864e+01  3.1990151988684552e+01  1.0751767542600573e+01  2.5582126275793858e+01  2.8184199357249380e+01  3.2071472648814783e+01  3.2071783260481332e+01  7.6749750380773714e+00
5.7600000000011001e+01  7.9130368222399881e+00  3.8719506779085549e+01  3.1990310322851837e+01  3.1990275240584392e+01  1.0800485990899926e+01  2.5585207935931138e+01  2.8211975836033726e+01  3.2071972495151847e+01  3.2072285530897808e+01  7.6667432189210851e+00
5.7800000000011103e+01  7.7866080778443854e+00  3.8722904782146017e+01  3.1990452255312363e+01  3.1990411299202311e+01  1.0851280156364098e+01  2.5588420536889370e+01  2.8240019133339164e+01  3.2072481297365982e+01  3.2072796829791372e+01  7.6587021325374467e+00
5.8000000000011198e+01  7.6581649730958468e+00  3.8726177010086893e+01  3.1990604131561089e+01  3.1990557166852476e+01  1.0904201895205791e+01  2.5591756611702166e+01  2.8268390603902880e+01  3.2072994831825703e+01  3.2073312953654820e+01  7.6507949986487871e+00
5.8200000000011300e+01  7.5276711984799487e+00  3.8729178602656745e+01  3.1990764599966084e+01  3.1990711318595228e+01  1.0959731193642101e+01  2.5595186684439248e+01  2.8297168151610116e+01  3.2073508804247538e+01  3.2073829595739440e+01  7.6429399326019292e+00
5.8400000000011403e+01  7.3951325413551885e+00  3.8731617230956765e+01  3.1990931866259743e+01  3.1990871850176784e+01  1.1018653250513905e+01  2.5598678561139053e+01  2.8326414190459509e+01  3.2074020487623145e+01  3.2074343981458853e+01  7.6350636600153576e+00
5.8600000000011498e+01  7.2605732989809013e+00  3.8733122124240154e+01  3.1991101143330727e+01  3.1991033987571974e+01  1.1081778241203015e+01  2.5602200997073751e+01  2.8356145951915689e+01  3.2074530930656444e+01  3.2074857119479695e+01  7.6271018254681353e+00
5.8800000000011600e+01  7.1240031666221064e+00  3.8733396199815552e+01  3.1991265722236609e+01  3.1991191068493354e+01  1.1149571880227063e+01  2.5605722643737401e+01  2.8386323863449860e+01  3.2075043837754073e+01  3.2075372729717849e+01  7.6190128118085472e+00
5.9000000000011703e+01  6.9853990199730038e+00  3.8732325776216911e+01  3.1991417382891139e+01  3.1991334947035050e+01  1.1221975121497447e+01  2.5609217240097045e+01  2.8416874683645794e+01  3.2075563931641462e+01  3.2075895577962164e+01  7.6108282770011995e+00
5.9200000000011798e+01  6.8447111781222194e+00  3.8729991222117356e+01  3.1991550740259491e+01  3.1991460292863348e+01  1.1298503976473908e+01  2.5612654338902534e+01  2.8447730539954623e+01  3.2076094503741061e+01  3.2076428961207505e+01  7.6026265687959311e+00
5.9400000000011900e+01  6.7018904174228719e+00  3.8726609030934050e+01  3.1991666407065644e+01  3.1991567724913935e+01  1.1378552767298139e+01  2.5615989399703444e+01  2.8478861995148925e+01  3.2076634912378474e+01  3.2076972225009818e+01  7.5944545224507936e+00
5.9600000000012002e+01  6.5569336351991740e+00  3.8722405321460194e+01  3.1991770462424181e+01  3.1991663292725871e+01  1.1461893205348149e+01  2.5619177173045742e+01  2.8510286756033231e+01  3.2077182676640732e+01  3.2077522871255901e+01  7.5863220566449048e+00
5.9800000000012098e+01  6.4099075176512574e+00  3.8717514305318311e+01  3.1991873141595782e+01  3.1991757180675961e+01  1.1548970599034698e+01  2.5622187110055812e+01  2.8542064249625408e+01  3.2077735761076234e+01  3.2078078858751788e+01  7.5782382671518640e+00
6.0000000000012200e+01  6.2609335708381959e+00  3.8711935362979091e+01  3.1991986304179136e+01  3.1991861145005704e+01  1.1640791710556714e+01  2.5625021860072380e+01  2.8574263506992679e+01  3.2078291388754877e+01  3.2078637429361365e+01  7.5702559031124874e+00
