# time  total_canon  bary_x_canon  bary_y_canon  bary_z_canon  rms_radius_canon  total_phantom  bary_x_phantom  bary_y_phantom  bary_z_phantom  rms_radius_phantom
0.0000000000000000e+00  3.9105702500782629e+00  3.7000309016523602e+01  3.1999999999999986e+01  3.1999999999999996e+01  4.3375359877477280e+00  4.0366791874684216e+00  2.7000322350278523e+01  3.2000000000000014e+01  3.2000000000000000e+01  4.4068766090337403e+00
8.0000000000000104e-01  3.9116294137018528e+00  3.7000344051045722e+01  3.2000000000000171e+01  3.2000000000000007e+01  4.3377440736641297e+00  4.0387578793273171e+00  2.7000360424431683e+01  3.1999999999999986e+01  3.2000000000000007e+01  4.4067328462647870e+00
1.5999999999999901e+00  3.9125985007510637e+00  3.7000414558710801e+01  3.2000000000002515e+01  3.2000000000000000e+01  4.3381218135305772e+00  4.0411305171368284e+00  2.7000437788060633e+01  3.2000000000000270e+01  3.1999999999999986e+01  4.4064606880561206e+00
2.3999999999999702e+00  3.9147129439696218e+00  3.7000467119562664e+01  3.2000000000007141e+01  3.2000000000000000e+01  4.3383780405671812e+00  4.0425246788802109e+00  2.7000498019636197e+01  3.2000000000000078e+01  3.1999999999999972e+01  4.4061946112062076e+00
3.1999999999999500e+00  3.9183230225237624e+00  3.7000509937459690e+01  3.2000000000009230e+01  3.1999999999999996e+01  4.3386760328335070e+00  4.0425830167198864e+00  2.7000552484745885e+01  3.1999999999994419e+01  3.1999999999999943e+01  4.4057708895274903e+00
3.9999999999999400e+00  3.9226317294951425e+00  3.7000615126220104e+01  3.2000000000006018e+01  3.1999999999999989e+01  4.3393324313363433e+00  4.0421250500942953e+00  2.7000677014752970e+01  3.1999999999974278e+01  3.1999999999999922e+01  4.4049868027685815e+00
4.7999999999999199e+00  3.9264047992569147e+00  3.7000838044989607e+01  3.1999999999994746e+01  3.1999999999999982e+01  4.3403552944507950e+00  4.0422735592807184e+00  2.7000922928883188e+01  3.1999999999935891e+01  3.1999999999999826e+01  4.4038714207114920e+00
5.5999999999999002e+00  3.9292982869855786e+00  3.7001152920844731e+01  3.1999999999965961e+01  3.1999999999999964e+01  4.3414221746800949e+00  4.0431976317448637e+00  2.7001257431516137e+01  3.1999999999897543e+01  3.1999999999999684e+01  4.4026240968170374e+00
6.3999999999998902e+00  3.9322881237158338e+00  3.7001501647540273e+01  3.1999999999904816e+01  3.1999999999999929e+01  4.3423726600939876e+00  4.0439379994114182e+00  2.7001624550417517e+01  3.1999999999873385e+01  3.1999999999999361e+01  4.4012931360206995e+00
7.1999999999998696e+00  3.9362271576626719e+00  3.7001900286208127e+01  3.1999999999793634e+01  3.1999999999999861e+01  4.3435777991902365e+00  4.0438095186804981e+00  2.7002051318552247e+01  3.1999999999835126e+01  3.1999999999998728e+01  4.3996378736532904e+00
7.9999999999998499e+00  3.9404816390411828e+00  3.7002441770679070e+01  3.1999999999614360e+01  3.1999999999999734e+01  4.3454481351644958e+00  4.0435204560595777e+00  2.7002635258495687e+01  3.1999999999723727e+01  3.1999999999997463e+01  4.3975037863170758e+00
8.7999999999999794e+00  3.9437002528205252e+00  3.7003174251717240e+01  3.1999999999348674e+01  3.1999999999999460e+01  4.3477477850924950e+00  4.0442303658002281e+00  2.7003419045262600e+01  3.1999999999515158e+01  3.1999999999994941e+01  4.3952254112228006e+00
9.6000000000000991e+00  3.9456700096431554e+00  3.7004034998484457e+01  3.1999999998985384e+01  3.1999999999998906e+01  4.3499089496893690e+00  4.0459214003819230e+00  2.7004340306566107e+01  3.1999999999223775e+01  3.1999999999989996e+01  4.3932804981145717e+00
1.0400000000000199e+01  3.9476199893931514e+00  3.7004950280881978e+01  3.1999999998521766e+01  3.1999999999997829e+01  4.3520007026197947e+00  4.0475022370431883e+00  2.7005345538007500e+01  3.1999999998856111e+01  3.1999999999980226e+01  4.3916885413239681e+00
1.1200000000000401e+01  3.9504533972298410e+00  3.7005953706730544e+01  3.1999999997941746e+01  3.1999999999997421e+01  4.3549068629649854e+00  4.0485126104585660e+00  2.7006506517918346e+01  3.1999999998390507e+01  3.1999999999962288e+01  4.3903618431529559e+00
1.2000000000000499e+01  3.9534770977719162e+00  3.7007126506748804e+01  3.1999999997257596e+01  3.1999999999984464e+01  4.3593141637344468e+00  4.0499440248915191e+00  2.7007952739616570e+01  3.1999999997744318e+01  3.1999999999915605e+01  4.3901052743307982e+00
1.2800000000000599e+01  3.9555214015855986e+00  3.7008433458746552e+01  3.1999999996377920e+01  3.1999999999979053e+01  4.3650864937502485e+00  4.0529027851022104e+00  2.7009691525488122e+01  3.1999999996934008e+01  3.1999999999854353e+01  4.3924316589820362e+00
1.3600000000000700e+01  3.9568614761614755e+00  3.7009691748798964e+01  3.1999999995219628e+01  3.1999999999978705e+01  4.3727892442296463e+00  4.0571216360188931e+00  2.7011613929010522e+01  3.1999999995514983e+01  3.1999999999668646e+01  4.3983163568456609e+00
1.4400000000000899e+01  3.9591591399656392e+00  3.7010684637362978e+01  3.1999999993655138e+01  3.1999999999888299e+01  4.3857022694809897e+00  4.0618928290536047e+00  2.7013817002652132e+01  3.1999999993199264e+01  3.1999999999250736e+01  4.4096299138998543e+00
1.5200000000000999e+01  3.9630701605018599e+00  3.7011761277695577e+01  3.1999999992012022e+01  3.1999999999844047e+01  4.4058847519737974e+00  4.0676415554326706e+00  2.7016436834480885e+01  3.1999999990749988e+01  3.1999999998800913e+01  4.4306138709520209e+00
1.6000000000001101e+01  3.9672180108573025e+00  3.7013370649084315e+01  3.1999999988883868e+01  3.1999999999704695e+01  4.4305782161668477e+00  4.0745190904598889e+00  2.7019132201258110e+01  3.1999999987018988e+01  3.1999999997988510e+01  4.4603250960910525e+00
1.6800000000000900e+01  3.9705572758385319e+00  3.7015364939300582e+01  3.1999999984505791e+01  3.1999999999428496e+01  4.4579708048592552e+00  4.0825947928001920e+00  2.7021911642576896e+01  3.1999999980670694e+01  3.1999999996718447e+01  4.4967177978319297e+00
1.7600000000000801e+01  3.9734354384589201e+00  3.7017580574694648e+01  3.1999999977133484e+01  3.1999999999050406e+01  4.4878576112839621e+00  4.0915856223538380e+00  2.7024720302749550e+01  3.1999999969166559e+01  3.1999999993901273e+01  4.5406016697072822e+00
1.8400000000000599e+01  3.9767609176703642e+00  3.7019976829481408e+01  3.1999999965139597e+01  3.1999999997934733e+01  4.5202773878072051e+00  4.0997772678273972e+00  2.7027410437146855e+01  3.1999999946007616e+01  3.1999999987792616e+01  4.5876463857125778e+00
1.9200000000000500e+01  3.9814366061761914e+00  3.7022933126116115e+01  3.1999999946501237e+01  3.1999999996125638e+01  4.5586932530770641e+00  4.1067738999234091e+00  2.7030148988591279e+01  3.1999999902993558e+01  3.1999999976156023e+01  4.6355439349030068e+00
2.0000000000000298e+01  3.9867493574729460e+00  3.7026055407623062e+01  3.1999999917462869e+01  3.1999999992447062e+01  4.6037815372424893e+00  4.1135903094449251e+00  2.7033043970841138e+01  3.1999999827614850e+01  3.1999999955671701e+01  4.6859545655519659e+00
2.0800000000000100e+01  3.9911280163983101e+00  3.7029100319261076e+01  3.1999999882743801e+01  3.1999999984968099e+01  4.6500468571671689e+00  4.1210428473429115e+00  2.7035876087319693e+01  3.1999999697749779e+01  3.1999999919858578e+01  4.7416440259841695e+00
2.1600000000000001e+01  3.9951424224994043e+00  3.7032055885953703e+01  3.1999999869581647e+01  3.1999999970024422e+01  4.6979744059961002e+00  4.1288628877801443e+00  2.7038452531525802e+01  3.1999999484150973e+01  3.1999999858914162e+01  4.8037013143368794e+00
2.2399999999999800e+01  3.9999701038118141e+00  3.7034788346684792e+01  3.1999999891990228e+01  3.1999999952998429e+01  4.7507706816392510e+00  4.1359065759478622e+00  2.7041171470119753e+01  3.1999999218723367e+01  3.1999999778618154e+01  4.8691269360325506e+00
2.3199999999999701e+01  4.0056571691996483e+00  3.7037359242514071e+01  3.1999999899240283e+01  3.1999999945508684e+01  4.8090419910306634e+00  4.1421883413353395e+00  2.7044118829807076e+01  3.1999998985809004e+01  3.1999999704687426e+01  4.9373903325296666e+00
2.3999999999999499e+01  4.0113296521315167e+00  3.7040019318000873e+01  3.1999999851068957e+01  3.1999999935663272e+01  4.8703318567608358e+00  4.1483529787596991e+00  2.7047121197918596e+01  3.1999998787488352e+01  3.1999999636984835e+01  5.0099467865110245e+00
2.4799999999999400e+01  4.0167898437711926e+00  3.7042657321715090e+01  3.1999999781616989e+01  3.1999999914018311e+01  4.9343235488449944e+00  4.1543746423567196e+00  2.7050059001485444e+01  3.1999998540078622e+01  3.1999999562265952e+01  5.0861311033287722e+00
2.5599999999999199e+01  4.0229842671778595e+00  3.7044941465198470e+01  3.1999999738962060e+01  3.1999999894914893e+01  5.0045111706213241e+00  4.1598406012507088e+00  2.7053034626102445e+01  3.1999998212118001e+01  3.1999999480139206e+01  5.1643951570821054e+00
2.6399999999999000e+01  4.0310531042898701e+00  3.7046756089763349e+01  3.1999999712150842e+01  3.1999999884420568e+01  5.0855334286460119e+00  4.1647546307506378e+00  2.7056293957978699e+01  3.1999997854823491e+01  3.1999999384832055e+01  5.2453300457821959e+00
2.7199999999998902e+01  4.0401430396262157e+00  3.7048563570024015e+01  3.1999999673157483e+01  3.1999999859157906e+01  5.1745571879065269e+00  4.1694057675012504e+00  2.7059861311771204e+01  3.1999997513114028e+01  3.1999999261432574e+01  5.3302285620630423e+00
2.7999999999998700e+01  4.0492138903918038e+00  3.7050378789603428e+01  3.1999999611618218e+01  3.1999999817562298e+01  5.2675052668853803e+00  4.1739189095467601e+00  2.7063519203395575e+01  3.1999997205536172e+01  3.1999999136081879e+01  5.4187480277872275e+00
2.8799999999998601e+01  4.0583282077457650e+00  3.7052096415487917e+01  3.1999999522588606e+01  3.1999999777279022e+01  5.3650358449142441e+00  4.1782369140036453e+00  2.7067294583463685e+01  3.1999996941248515e+01  3.1999999052735134e+01  5.5093220357843959e+00
2.9599999999998399e+01  4.0672145004127440e+00  3.7053901325541602e+01  3.1999999410385989e+01  3.1999999742467562e+01  5.4668527876597954e+00  4.1823479909596202e+00  2.7071580356728088e+01  3.1999996720801683e+01  3.1999999008196934e+01  5.6012179308289296e+00
3.0399999999998201e+01  4.0754830236546438e+00  3.7055723242439520e+01  3.1999999289980206e+01  3.1999999708464589e+01  5.5704356200103469e+00  4.1863995935093747e+00  2.7076787364240982e+01  3.1999996535836249e+01  3.1999998963434400e+01  5.6953088680263990e+00
3.1199999999998099e+01  4.0833167030665045e+00  3.7057332466007061e+01  3.1999999170075643e+01  3.1999999673141446e+01  5.6749875046204652e+00  4.1905269010725288e+00  2.7083011483012367e+01  3.1999996379879871e+01  3.1999998900980341e+01  5.7929472782282687e+00
3.1999999999997900e+01  4.0910974661753245e+00  3.7058460790531896e+01  3.1999999049301916e+01  3.1999999633137264e+01  5.7814172354868694e+00  4.1946019863987347e+00  2.7090078038626388e+01  3.1999996255648419e+01  3.1999998843286079e+01  5.8928899494113338e+00
3.2799999999998299e+01  4.0986446819037941e+00  3.7059342602664309e+01  3.1999998920403684e+01  3.1999999585040452e+01  5.8901953201964030e+00  4.1986035498688974e+00  2.7097740935303893e+01  3.1999996165815226e+01  3.1999998811628004e+01  5.9929940344609545e+00
3.3599999999998701e+01  4.1052504157045302e+00  3.7059993703831061e+01  3.1999998787638852e+01  3.1999999536269115e+01  5.9991272320642786e+00  4.2027435128452941e+00  2.7106380842411451e+01  3.1999996099843440e+01  3.1999998795939497e+01  6.0922512644057338e+00
3.4399999999999103e+01  4.1107279048660352e+00  3.7060419240215403e+01  3.1999998661110148e+01  3.1999999498727661e+01  6.1055008701518405e+00  4.2072940280971203e+00  2.7116239262201336e+01  3.1999996048608860e+01  3.1999998780980196e+01  6.1908474216656737e+00
3.5199999999999598e+01  4.1155985081025719e+00  3.7060167380325964e+01  3.1999998547773323e+01  3.1999999469780725e+01  6.2085183894835669e+00  4.2119328250962180e+00  2.7127046680110261e+01  3.1999996007777312e+01  3.1999998768534535e+01  6.2885930817643478e+00
3.6000000000000000e+01  4.1201524011346740e+00  3.7059150451074800e+01  3.1999998442447268e+01  3.1999999435822765e+01  6.3081591590041457e+00  4.2158949468313800e+00  2.7138641099738777e+01  3.1999995980013633e+01  3.1999998764789133e+01  6.3805074640357065e+00
3.6800000000000402e+01  4.1240216902144606e+00  3.7057531637198110e+01  3.1999998347025187e+01  3.1999999395915925e+01  6.4047034493373562e+00  4.2197212461245464e+00  2.7150972848318787e+01  3.1999995957544630e+01  3.1999998763089501e+01  6.4669846674909746e+00
3.7600000000000797e+01  4.1267058063188937e+00  3.7055532824517265e+01  3.1999998263944352e+01  3.1999999364467715e+01  6.4956429227290586e+00  4.2243926210991347e+00  2.7163792696883160e+01  3.1999995925946113e+01  3.1999998755652712e+01  6.5494219733411603e+00
3.8400000000001199e+01  4.1285635739104762e+00  3.7053351543599447e+01  3.1999998201790987e+01  3.1999999347695429e+01  6.5805348304970570e+00  4.2299731741896434e+00  2.7177279003084557e+01  3.1999995877455827e+01  3.1999998742070559e+01  6.6296090097043239e+00
3.9200000000001602e+01  4.1301584759285745e+00  3.7051040427567891e+01  3.1999998154241599e+01  3.1999999339584203e+01  6.6577058251312620e+00  4.2347156709972174e+00  2.7190993341056501e+01  3.1999995809752200e+01  3.1999998726808482e+01  6.7014669831636313e+00
4.0000000000001997e+01  4.1316683930689697e+00  3.7048773734343563e+01  3.1999998121028383e+01  3.1999999332398058e+01  6.7282049967378965e+00  4.2385201808304682e+00  2.7204881772749662e+01  3.1999995720530837e+01  3.1999998707751203e+01  6.7636272024391682e+00
4.0800000000002399e+01  4.1325259399818748e+00  3.7046653972764808e+01  3.1999998089800460e+01  3.1999999324252787e+01  6.7906886938140678e+00  4.2422009096808848e+00  2.7218508689753136e+01  3.1999995612113949e+01  3.1999998681900937e+01  6.8175792720767046e+00
4.1600000000002801e+01  4.1325283096143739e+00  3.7044717656410299e+01  3.1999998059256470e+01  3.1999999315655703e+01  6.8448844687234462e+00  4.2458476067893995e+00  2.7231663839359619e+01  3.1999995501632561e+01  3.1999998652300459e+01  6.8639823689514339e+00
4.2400000000003203e+01  4.1322118909659347e+00  3.7042799814007395e+01  3.1999998033327177e+01  3.1999999309239108e+01  6.8901550479387987e+00  4.2488661647189989e+00  2.7244023939912861e+01  3.1999995382101620e+01  3.1999998621984322e+01  6.9018820678272919e+00
4.3200000000003598e+01  4.1322895522251333e+00  3.7041072230738507e+01  3.1999998007357352e+01  3.1999999305667210e+01  6.9274059472986771e+00  4.2510063618820757e+00  2.7255707506069488e+01  3.1999995250459726e+01  3.1999998590513592e+01  6.9314897328745886e+00
4.4000000000004100e+01  4.1326886155508227e+00  3.7039755325651235e+01  3.1999997979504993e+01  3.1999999303827707e+01  6.9572365910590559e+00  4.2526121764971609e+00  2.7267149141536454e+01  3.1999995105797481e+01  3.1999998554710448e+01  6.9525281843290649e+00
4.4800000000004502e+01  4.1326662830784073e+00  3.7038800058976555e+01  3.1999997935845627e+01  3.1999999301932405e+01  6.9793564875142104e+00  4.2541301217695775e+00  2.7278220627020957e+01  3.1999994952268338e+01  3.1999998513018841e+01  6.9661884237465035e+00
4.5600000000004897e+01  4.1321796104474746e+00  3.7038162972302317e+01  3.1999997884938733e+01  3.1999999298341457e+01  6.9936356654795429e+00  4.2552521339998961e+00  2.7288514237503989e+01  3.1999994798983913e+01  3.1999998469626853e+01  6.9717142048632237e+00
4.6400000000005299e+01  4.1323915578615447e+00  3.7037806061684400e+01  3.1999997833832673e+01  3.1999999290130365e+01  7.0029707558738323e+00  4.2554964044040196e+00  2.7297998774009482e+01  3.1999994650099779e+01  3.1999998429977413e+01  6.9685556454857327e+00
4.7200000000005701e+01  4.1337205206902237e+00  3.7038427242093121e+01  3.1999997778988963e+01  3.1999999278506177e+01  7.0084276939385122e+00  4.2549381351943225e+00  2.7306332615879217e+01  3.1999994493705064e+01  3.1999998391390687e+01  6.9566664930224134e+00
4.8000000000006096e+01  4.1357754391720203e+00  3.7040101482751226e+01  3.1999997715549412e+01  3.1999999267736332e+01  7.0092417615950655e+00  4.2541379286568652e+00  2.7313970675065509e+01  3.1999994329487311e+01  3.1999998353264310e+01  6.9377760555110495e+00
4.8800000000006499e+01  4.1377286082709981e+00  3.7042593368500299e+01  3.1999997635453060e+01  3.1999999258190442e+01  7.0045701373575158e+00  4.2534124301535581e+00  2.7321374924170929e+01  3.1999994162934673e+01  3.1999998312973894e+01  6.9147587920011038e+00
4.9600000000006901e+01  4.1395932525941959e+00  3.7045633042220032e+01  3.1999997536249968e+01  3.1999999246565395e+01  6.9936825441650630e+00  4.2523268444457454e+00  2.7328444444999370e+01  3.1999994008481249e+01  3.1999998275305799e+01  6.8856319354213049e+00
5.0400000000007303e+01  4.1417780742606940e+00  3.7049048148670792e+01  3.1999997432350135e+01  3.1999999232407266e+01  6.9783465212126004e+00  4.2506669006119138e+00  2.7335053500897953e+01  3.1999993861017263e+01  3.1999998239317875e+01  6.8506942996259115e+00
5.1200000000007698e+01  4.1440589133015475e+00  3.7053284859216248e+01  3.1999997326075377e+01  3.1999999216579884e+01  6.9587605054785584e+00  4.2487040419738840e+00  2.7340766349793025e+01  3.1999993713565182e+01  3.1999998204990508e+01  6.8103615937966318e+00
5.2000000000008100e+01  4.1458408160802565e+00  3.7058472949532096e+01  3.1999997218873773e+01  3.1999999199721742e+01  6.9328436647232090e+00  4.2467322897495752e+00  2.7345686515180979e+01  3.1999993564766275e+01  3.1999998172122464e+01  6.7644194549378946e+00
5.2800000000008602e+01  4.1471094540213720e+00  3.7064660335355740e+01  3.1999997115141305e+01  3.1999999180801087e+01  6.9009262799551463e+00  4.2448472726391087e+00  2.7349938883443951e+01  3.1999993406787148e+01  3.1999998136317771e+01  6.7148582906064602e+00
5.3600000000008997e+01  4.1483823147393739e+00  3.7071556274013297e+01  3.1999997002710369e+01  3.1999999161887743e+01  6.8678830837587075e+00  4.2429510525621685e+00  2.7354128505066736e+01  3.1999993247224801e+01  3.1999998100042010e+01  6.6650980891219715e+00
5.4400000000009399e+01  4.1497530650128596e+00  3.7078940972327402e+01  3.1999996885884745e+01  3.1999999145436931e+01  6.8352054489632117e+00  4.2410053256812903e+00  2.7357980467628938e+01  3.1999993086212640e+01  3.1999998060811713e+01  6.6143974784181179e+00
5.5200000000009801e+01  4.1508637416798004e+00  3.7086793588864438e+01  3.1999996755249541e+01  3.1999999129043832e+01  6.8029830933344888e+00  4.2393247752319692e+00  2.7361647222456675e+01  3.1999992936977762e+01  3.1999998027685187e+01  6.5642149574629558e+00
5.6000000000010203e+01  4.1515011240666402e+00  3.7095122298067366e+01  3.1999996626050120e+01  3.1999999110092244e+01  6.7695650229725706e+00  4.2381737492777809e+00  2.7365038714007515e+01  3.1999992789072170e+01  3.1999997993872068e+01  6.5162474697493664e+00
5.6800000000010598e+01  4.1517265793367555e+00  3.7103828029209701e+01  3.1999996491708281e+01  3.1999999089326717e+01  6.7336568259781879e+00  4.2371104631738543e+00  2.7368455049466831e+01  3.1999992649482895e+01  3.1999997961452657e+01  6.4665173503365301e+00
5.7600000000011001e+01  4.1516627631992868e+00  3.7113618143744098e+01  3.1999996357534069e+01  3.1999999068660664e+01  6.6955761586764204e+00  4.2360319094865106e+00  2.7371720662192221e+01  3.1999992509337432e+01  3.1999997931356795e+01  6.4169298139620761e+00
5.8400000000011403e+01  4.1511982339296445e+00  3.7123206198710974e+01  3.1999996214941884e+01  3.1999999045518404e+01  6.6543898885384172e+00  4.2353560887669364e+00  2.7375746370407658e+01  3.1999992380376273e+01  3.1999997903092698e+01  6.3699722667038996e+00
5.9200000000011798e+01  4.1505871815202369e+00  3.7132861852038531e+01  3.1999996079539638e+01  3.1999999024072356e+01  6.6173561943229977e+00  4.2356660694918027e+00  2.7380139114254138e+01  3.1999992240243522e+01  3.1999997872221392e+01  6.3294523632648110e+00
6.0000000000012200e+01  4.1498169203803590e+00  3.7142105826987468e+01  3.1999995936780099e+01  3.1999999001005143e+01  6.5820221379970203e+00  4.2365815795242590e+00  2.7384702591185565e+01  3.1999992089358209e+01  3.1999997835131420e+01  6.2928333512290600e+00
6.0800000000012702e+01  4.1491279686611833e+00  3.7151116631095903e+01  3.1999995794902791e+01  3.1999998977648985e+01  6.5510091552475656e+00  4.2375677103560907e+00  2.7389471383976804e+01  3.1999991945286080e+01  3.1999997803695560e+01  6.2600767073905397e+00
6.1600000000013097e+01  4.1483473593162641e+00  3.7160201224998282e+01  3.1999995652282401e+01  3.1999998955276130e+01  6.5200303375525586e+00  4.2386406833491765e+00  2.7394662176927895e+01  3.1999991793290420e+01  3.1999997767043478e+01  6.2267397141678700e+00
6.2400000000013499e+01  4.1473157183592573e+00  3.7168926847420025e+01  3.1999995496304358e+01  3.1999998931177579e+01  6.4902439973309107e+00  4.2403465447378128e+00  2.7400709112572887e+01  3.1999991658983117e+01  3.1999997736252155e+01  6.1999803175892101e+00
6.3200000000013901e+01  4.1459840229877614e+00  3.7178144682639946e+01  3.1999995349981333e+01  3.1999998907399867e+01  6.4576780325407057e+00  4.2426257404245620e+00  2.7406858346166764e+01  3.1999991517648215e+01  3.1999997707143617e+01  6.1766750007640230e+00
6.4000000000014296e+01  4.1449092068187863e+00  3.7186672826284379e+01  3.1999995195278981e+01  3.1999998884040771e+01  6.4297890208368278e+00  4.2449624007597873e+00  2.7413088286071368e+01  3.1999991350916268e+01  3.1999997668322880e+01  6.1574327953163221e+00
6.4800000000013597e+01  4.1442688124513714e+00  3.7195160219482467e+01  3.1999995038956349e+01  3.1999998858739872e+01  6.4053057219979612e+00  4.2471506019058438e+00  2.7419111361046632e+01  3.1999991190348208e+01  3.1999997633896655e+01  6.1398500769196396e+00
6.5600000000012798e+01  4.1437769075019339e+00  3.7203733471244298e+01  3.1999994888991392e+01  3.1999998833912898e+01  6.3834734112076585e+00  4.2493426049293221e+00  2.7425095316851714e+01  3.1999991001666540e+01  3.1999997590647183e+01  6.1224310374234907e+00
6.6400000000012099e+01  4.1431317639903060e+00  3.7212550737733785e+01  3.1999994711274436e+01  3.1999998803925966e+01  6.3612884271932408e+00  4.2515912089427950e+00  2.7431454244649270e+01  3.1999990817762249e+01  3.1999997549669800e+01  6.1056954206207026e+00
6.7200000000011400e+01  4.1425688011247530e+00  3.7220778512015215e+01  3.1999994554370577e+01  3.1999998780176202e+01  6.3385083590564744e+00  4.2537571819166740e+00  2.7438511176495449e+01  3.1999990650437827e+01  3.1999997517662628e+01  6.0926829859044194e+00
6.8000000000010601e+01  4.1426859192353200e+00  3.7229086966398910e+01  3.1999994358547596e+01  3.1999998752825753e+01  6.3189628265385362e+00  4.2555133900639426e+00  2.7445303559377926e+01  3.1999990498709550e+01  3.1999997495389053e+01  6.0786839823344216e+00
6.8800000000009902e+01  4.1434954618845072e+00  3.7237244090269208e+01  3.1999994151580466e+01  3.1999998722885501e+01  6.3022571532842013e+00  4.2570405290248612e+00  2.7452338459165642e+01  3.1999990368929470e+01  3.1999997480726218e+01  6.0645665280435779e+00
6.9600000000009203e+01  4.1445605622515700e+00  3.7245156890830053e+01  3.1999993964698469e+01  3.1999998688745979e+01  6.2868807994381450e+00  4.2586135052676530e+00  2.7459772166559819e+01  3.1999990250323197e+01  3.1999997463331724e+01  6.0518281961590326e+00
7.0400000000008504e+01  4.1457991465655155e+00  3.7253784126567950e+01  3.1999993785441795e+01  3.1999998656469323e+01  6.2753651316162102e+00  4.2601288049454968e+00  2.7466624085407013e+01  3.1999990124228457e+01  3.1999997443460593e+01  6.0411373944552560e+00
7.1200000000007705e+01  4.1475363813300827e+00  3.7262414251779575e+01  3.1999993614246236e+01  3.1999998626262215e+01  6.2632762505790378e+00  4.2611896802702649e+00  2.7473572987943619e+01  3.1999989991389668e+01  3.1999997420316092e+01  6.0278474084278821e+00
7.2000000000007006e+01  4.1499605031422107e+00  3.7271142189439139e+01  3.1999993442522861e+01  3.1999998590800747e+01  6.2535338784080192e+00  4.2619093304459179e+00  2.7481165198970572e+01  3.1999989873486836e+01  3.1999997402355461e+01  6.0147053142347051e+00
7.2800000000006307e+01  4.1527644013677030e+00  3.7279192886940372e+01  3.1999993295747082e+01  3.1999998567082407e+01  6.2477705603998928e+00  4.2626068383890736e+00  2.7488771856212121e+01  3.1999989738816730e+01  3.1999997377035424e+01  6.0026342628137490e+00
7.3600000000005593e+01  4.1554187700803160e+00  3.7287913804675334e+01  3.1999993124573116e+01  3.1999998548471172e+01  6.2421198964446178e+00  4.2632555103321366e+00  2.7496038302262949e+01  3.1999989603715008e+01  3.1999997341414275e+01  5.9883489094441202e+00
7.4400000000004795e+01  4.1579104780102281e+00  3.7296706458967762e+01  3.1999992954311541e+01  3.1999998540874643e+01  6.2360933878379532e+00  4.2637029844926335e+00  2.7504040320903965e+01  3.1999989457305919e+01  3.1999997289523744e+01  5.9744484842447303e+00
7.5200000000004096e+01  4.1606357543703023e+00  3.7305537561403007e+01  3.1999992763850205e+01  3.1999998523138178e+01  6.2307987000056482e+00  4.2639147625102058e+00  2.7511953347065472e+01  3.1999989273018272e+01  3.1999997234819801e+01  5.9612865263445203e+00
7.6000000000003396e+01  4.1634617901171573e+00  3.7315357730785067e+01  3.1999992576241656e+01  3.1999998513915607e+01  6.2257746127976636e+00  4.2639933465534678e+00  2.7519366931739793e+01  3.1999989088978595e+01  3.1999997206413049e+01  5.9466681982350185e+00
7.6800000000002598e+01  4.1659408721991920e+00  3.7325211158480364e+01  3.1999992397860460e+01  3.1999998501866134e+01  6.2210925150773928e+00  4.2641972487213522e+00  2.7527304324290412e+01  3.1999988932520981e+01  3.1999997197560226e+01  5.9331045500204471e+00
7.7600000000001899e+01  4.1679194404108610e+00  3.7334669378949869e+01  3.1999992225190535e+01  3.1999998482338366e+01  6.2140791992849458e+00  4.2645026805105735e+00  2.7535486472681608e+01  3.1999988754862013e+01  3.1999997194871909e+01  5.9193130266099603e+00
7.8400000000001199e+01  4.1698015873786956e+00  3.7344030381199026e+01  3.1999992077861588e+01  3.1999998481957686e+01  6.2084872255815737e+00  4.2646999273195743e+00  2.7543610186652874e+01  3.1999988585682686e+01  3.1999997193187170e+01  5.9043838245034044e+00
7.9200000000000500e+01  4.1716176318436577e+00  3.7353950596388160e+01  3.1999991963719332e+01  3.1999998484479040e+01  6.2008318317797784e+00  4.2647201978911271e+00  2.7552051079081387e+01  3.1999988482258022e+01  3.1999997213080945e+01  5.8884322944054350e+00
7.9999999999999702e+01  4.1732077396194143e+00  3.7363681315972620e+01  3.1999991865158179e+01  3.1999998466417814e+01  6.1939981145536125e+00  4.2649211152504964e+00  2.7560603899994970e+01  3.1999988412260684e+01  3.1999997235836162e+01  5.8733051091221089e+00
8.0799999999999002e+01  4.1743192488174294e+00  3.7373850866912072e+01  3.1999991751412967e+01  3.1999998436203402e+01  6.1858275453880829e+00  4.2656088984469456e+00  2.7569084255308429e+01  3.1999988306010955e+01  3.1999997239931499e+01  5.8603609140641089e+00
8.1599999999998303e+01  4.1751707365502035e+00  3.7384056853872750e+01  3.1999991615756208e+01  3.1999998408602107e+01  6.1785321697540754e+00  4.2665516757110931e+00  2.7578003449469929e+01  3.1999988203292361e+01  3.1999997240882450e+01  5.8499871263385304e+00
8.2399999999997505e+01  4.1758819128733498e+00  3.7394109338404007e+01  3.1999991472064593e+01  3.1999998389400179e+01  6.1694470649603952e+00  4.2673490754515901e+00  2.7587009092235622e+01  3.1999988099771318e+01  3.1999997240775912e+01  5.8376605747342287e+00
8.3199999999996805e+01  4.1765094651206010e+00  3.7404265126794108e+01  3.1999991316482841e+01  3.1999998375809856e+01  6.1607056655287433e+00  4.2682673255847075e+00  2.7596063199863416e+01  3.1999987918474051e+01  3.1999997190723452e+01  5.8243692500620226e+00
8.3999999999996106e+01  4.1768067183898676e+00  3.7414947929169074e+01  3.1999991137387447e+01  3.1999998363793093e+01  6.1494712287627564e+00  4.2698454473444887e+00  2.7605369692041361e+01  3.1999987759326849e+01  3.1999997138029070e+01  5.8134144104747669e+00
8.4799999999995407e+01  4.1768462279961227e+00  3.7425450386604112e+01  3.1999990955201032e+01  3.1999998372878974e+01  6.1378256779579035e+00  4.2720140648793965e+00  2.7614909321041711e+01  3.1999987662171048e+01  3.1999997113213897e+01  5.8059101321023956e+00
8.5599999999994594e+01  4.1767940547815012e+00  3.7435811476214411e+01  3.1999990759672094e+01  3.1999998381715141e+01  6.1260445657389502e+00  4.2741242897187224e+00  2.7624486171392650e+01  3.1999987554814375e+01  3.1999997104164759e+01  5.7990408044164337e+00
8.6399999999993895e+01  4.1768126510931944e+00  3.7446334315963732e+01  3.1999990560744614e+01  3.1999998387050937e+01  6.1140600401722986e+00  4.2761830424995040e+00  2.7634407529486658e+01  3.1999987457410423e+01  3.1999997094620646e+01  5.7920366654546056e+00
8.7199999999993196e+01  4.1768740332184375e+00  3.7457006906335501e+01  3.1999990355297246e+01  3.1999998387622270e+01  6.1026164250553778e+00  4.2784795408003173e+00  2.7644249395176743e+01  3.1999987348589976e+01  3.1999997068071735e+01  5.7852610770496078e+00
8.7999999999992497e+01  4.1768494289627514e+00  3.7467890710623202e+01  3.1999990139414958e+01  3.1999998383612937e+01  6.0917606122230730e+00  4.2810649516820005e+00  2.7653783305234558e+01  3.1999987178151684e+01  3.1999997027301617e+01  5.7802589742152364e+00
8.8799999999991698e+01  4.1767307767818709e+00  3.7478786298939511e+01  3.1999989866040405e+01  3.1999998374845532e+01  6.0790199437612271e+00  4.2835896900750718e+00  2.7663532848075988e+01  3.1999986919667645e+01  3.1999996978902878e+01  5.7746146133969827e+00
8.9599999999990999e+01  4.1768438017097900e+00  3.7489540226215254e+01  3.1999989627751013e+01  3.1999998344499684e+01  6.0657422445932117e+00  4.2858979840400266e+00  2.7673522701374974e+01  3.1999986721276027e+01  3.1999996952259988e+01  5.7686716458865455e+00
9.0399999999990300e+01  4.1773348539758377e+00  3.7500454746553665e+01  3.1999989386893333e+01  3.1999998297799387e+01  6.0532851715513774e+00  4.2881611025314328e+00  2.7683661984531579e+01  3.1999986486902866e+01  3.1999996934331712e+01  5.7631939178624298e+00
9.1199999999989501e+01  4.1779849692579285e+00  3.7511806266159155e+01  3.1999989080432517e+01  3.1999998245643027e+01  6.0429772005330102e+00  4.2904730724138460e+00  2.7693695429920734e+01  3.1999986232643366e+01  3.1999996924592239e+01  5.7589040420605864e+00
9.1999999999988802e+01  4.1785834876544001e+00  3.7522981808849444e+01  3.1999988762135537e+01  3.1999998191807460e+01  6.0314984890955099e+00  4.2926262129858941e+00  2.7703965813287830e+01  3.1999986003873456e+01  3.1999996904829196e+01  5.7526127954495863e+00
9.2799999999988103e+01  4.1796034273937259e+00  3.7533847561374948e+01  3.1999988461644786e+01  3.1999998135850440e+01  6.0218413083100728e+00  4.2945643145471317e+00  2.7714355404580843e+01  3.1999985791392557e+01  3.1999996900012842e+01  5.7470289964253745e+00
9.3599999999987403e+01  4.1813460864271814e+00  3.7545099990338144e+01  3.1999988184879715e+01  3.1999998089310075e+01  6.0150082523780162e+00  4.2962585521388359e+00  2.7724713533349369e+01  3.1999985567627547e+01  3.1999996899197139e+01  5.7411281824447391e+00
9.4399999999986605e+01  4.1834750931453364e+00  3.7556565861047538e+01  3.1999987910033116e+01  3.1999998047029617e+01  6.0090763144843331e+00  4.2977975647646769e+00  2.7735168449036593e+01  3.1999985357582496e+01  3.1999996897471043e+01  5.7329121073177278e+00
9.5199999999985906e+01  4.1855020447202902e+00  3.7568289425945324e+01  3.1999987636301555e+01  3.1999997992933917e+01  6.0005081328238488e+00  4.2992845951162302e+00  2.7745566087309943e+01  3.1999985222168078e+01  3.1999996924218994e+01  5.7243367466588539e+00
9.5999999999985207e+01  4.1876563673643270e+00  3.7579796109874529e+01  3.1999987385133185e+01  3.1999997941480412e+01  5.9942550822168714e+00  4.3006409473668494e+00  2.7756432601617135e+01  3.1999985069190878e+01  3.1999996942603172e+01  5.7179343510756890e+00
9.6799999999984493e+01  4.1902564126121016e+00  3.7591237858669025e+01  3.1999987130326570e+01  3.1999997903877002e+01  5.9920340532795828e+00  4.3017841885666765e+00  2.7767450531727690e+01  3.1999984925372409e+01  3.1999996964568709e+01  5.7109647413814821e+00
9.7599999999983694e+01  4.1929638354080225e+00  3.7603109733671566e+01  3.1999986861519769e+01  3.1999997870681071e+01  5.9878232917143439e+00  4.3026911511529660e+00  2.7778220351342128e+01  3.1999984839043055e+01  3.1999996990629928e+01  5.7006988897993240e+00
9.8399999999982995e+01  4.1954860673956507e+00  3.7615154631440525e+01  3.1999986616001234e+01  3.1999997852645123e+01  5.9836945201781342e+00  4.3035967712047913e+00  2.7789201079052781e+01  3.1999984761846772e+01  3.1999996973990591e+01  5.6916863758727825e+00
9.9199999999982296e+01  4.1978211838123975e+00  3.7627507113647781e+01  3.1999986397360392e+01  3.1999997838466392e+01  5.9802144766100733e+00  4.3045155145550922e+00  2.7800193538916965e+01  3.1999984705977823e+01  3.1999996961732226e+01  5.6837766889761232e+00
9.9999999999981497e+01  4.2000923944210538e+00  3.7639750240573093e+01  3.1999986204485680e+01  3.1999997832008557e+01  5.9744717045413536e+00  4.3051988615189298e+00  2.7811358234723613e+01  3.1999984711268048e+01  3.1999996954831790e+01  5.6728738845382845e+00
1.0079999999998100e+02  4.2023955350694653e+00  3.7651983174706359e+01  3.1999986007339917e+01  3.1999997830862078e+01  5.9688124852726201e+00  4.3057261518833183e+00  2.7822705810615222e+01  3.1999984663583064e+01  3.1999996921883945e+01  5.6618831844846138e+00
1.0159999999998000e+02  4.2045526508383144e+00  3.7664252146390460e+01  3.1999985782935955e+01  3.1999997826891278e+01  5.9654357025689508e+00  4.3064007634185035e+00  2.7834288519173914e+01  3.1999984613441676e+01  3.1999996902428869e+01  5.6536638492176090e+00
1.0239999999997900e+02  4.2063892210950717e+00  3.7676661600681342e+01  3.1999985562550663e+01  3.1999997821715073e+01  5.9615904056968141e+00  4.3072341554744060e+00  2.7845958368939026e+01  3.1999984545192916e+01  3.1999996884278573e+01  5.6448309827142999e+00
1.0319999999997900e+02  4.2079161642679299e+00  3.7689289251104540e+01  3.1999985330631961e+01  3.1999997818949698e+01  5.9539953117439763e+00  4.3079389600278670e+00  2.7857653278814539e+01  3.1999984454308677e+01  3.1999996866107256e+01  5.6331266607420831e+00
1.0399999999997800e+02  4.2093745463080214e+00  3.7701767266542795e+01  3.1999985086291357e+01  3.1999997800408771e+01  5.9472345383325536e+00  4.3085816653680453e+00  2.7869568768576375e+01  3.1999984384800143e+01  3.1999996864589640e+01  5.6227463359945080e+00
1.0479999999997700e+02  4.2108045817840463e+00  3.7714546446413088e+01  3.1999984850306891e+01  3.1999997793328536e+01  5.9420938479693781e+00  4.3093620042037806e+00  2.7881390280264199e+01  3.1999984336825207e+01  3.1999996857438514e+01  5.6128078083999657e+00
1.0559999999997601e+02  4.2119008356563743e+00  3.7727925650729794e+01  3.1999984587443574e+01  3.1999997778545698e+01  5.9333629091146465e+00  4.3104448790015457e+00  2.7893218170800839e+01  3.1999984231328202e+01  3.1999996831168769e+01  5.6022266333817621e+00
1.0639999999997600e+02  4.2126733555238296e+00  3.7740992296378771e+01  3.1999984315665625e+01  3.1999997753724134e+01  5.9241436073738614e+00  4.3118424943256439e+00  2.7905502292840914e+01  3.1999984092529445e+01  3.1999996808613414e+01  5.5948115040722852e+00
1.0719999999997501e+02  4.2134154964150392e+00  3.7753681919038009e+01  3.1999984043638257e+01  3.1999997735801049e+01  5.9179895465550194e+00  4.3133527424517073e+00  2.7918365703720660e+01  3.1999983965276556e+01  3.1999996803604915e+01  5.5906279936871792e+00
1.0799999999997399e+02  4.2141523561359016e+00  3.7766787335284008e+01  3.1999983761274713e+01  3.1999997722697564e+01  5.9105867967663546e+00  4.3148436234486489e+00  2.7931194963207478e+01  3.1999983814639585e+01  3.1999996800960677e+01  5.5837021255588342e+00
1.0879999999997401e+02  4.2146946992455883e+00  3.7780270742427852e+01  3.1999983451105056e+01  3.1999997703470477e+01  5.8993697934156115e+00  4.3166898642762153e+00  2.7944000938591667e+01  3.1999983623922482e+01  3.1999996785164701e+01  5.5759330165543952e+00
1.0959999999997299e+02  4.2150322152499582e+00  3.7793390019626351e+01  3.1999983097704689e+01  3.1999997669464005e+01  5.8887696495090172e+00  4.3189439886808874e+00  2.7957181390284905e+01  3.1999983348057533e+01  3.1999996745276235e+01  5.5712190149625638e+00
1.1039999999997200e+02  4.2153073731718411e+00  3.7806758788749967e+01  3.1999982695004409e+01  3.1999997620994076e+01  5.8787862635365320e+00  4.3212330706160635e+00  2.7970206696950047e+01  3.1999983111224523e+01  3.1999996729454899e+01  5.5665450742593041e+00
1.1119999999997100e+02  4.2156733356940386e+00  3.7820582249464543e+01  3.1999982261975376e+01  3.1999997566646833e+01  5.8666983040155900e+00  4.3234668010996522e+00  2.7983139948136291e+01  3.1999982820158255e+01  3.1999996692126818e+01  5.5611656176357531e+00
1.1199999999997100e+02  4.2163010337592155e+00  3.7834372287008769e+01  3.1999981833355470e+01  3.1999997515643336e+01  5.8562523978702368e+00  4.3258852891722466e+00  2.7996335897627379e+01  3.1999982479297636e+01  3.1999996625519298e+01  5.5580059975813487e+00
1.1279999999997000e+02  4.2169805235900473e+00  3.7848131025339939e+01  3.1999981405637175e+01  3.1999997461672898e+01  5.8489309784365560e+00  4.3285191804548120e+00  2.8009610009772775e+01  3.1999982219115996e+01  3.1999996579400356e+01  5.5577630156755484e+00
1.1359999999996900e+02  4.2174975241364860e+00  3.7862468072517458e+01  3.1999981061811173e+01  3.1999997430604736e+01  5.8395362626466367e+00  4.3311234384104971e+00  2.8022527676028101e+01  3.1999982013109896e+01  3.1999996534950444e+01  5.5563237916959567e+00
1.1439999999996800e+02  4.2181307022884820e+00  3.7876841138913399e+01  3.1999980711511519e+01  3.1999997396216557e+01  5.8276768504292278e+00  4.3334776732656390e+00  2.8035443702760709e+01  3.1999981787711384e+01  3.1999996483601464e+01  5.5525004838613690e+00
1.1519999999996800e+02  4.2192715588581198e+00  3.7890607798327942e+01  3.1999980338355705e+01  3.1999997356923384e+01  5.8190855135173454e+00  4.3356918186316218e+00  2.8048678444199940e+01  3.1999981633205415e+01  3.1999996475322735e+01  5.5498817191863994e+00
1.1599999999996700e+02  4.2206478907240097e+00  3.7904617359030013e+01  3.1999979977546868e+01  3.1999997319247356e+01  5.8115435686143417e+00  4.3378681894574340e+00  2.8062066356325683e+01  3.1999981484818292e+01  3.1999996481070713e+01  5.5474153134714985e+00
1.1679999999996600e+02  4.2220565788262601e+00  3.7918931652598047e+01  3.1999979559597115e+01  3.1999997267801064e+01  5.8023018386281251e+00  4.3399875429802757e+00  2.8075502848528942e+01  3.1999981282902073e+01  3.1999996486156093e+01  5.5427351129512097e+00
1.1759999999996600e+02  4.2236934172414804e+00  3.7932788849397291e+01  3.1999979112818686e+01  3.1999997210884629e+01  5.7939802119329604e+00  4.3418760673776013e+00  2.8089194257783117e+01  3.1999981057176065e+01  3.1999996498129402e+01  5.5366243841647984e+00
1.1839999999996500e+02  4.2258328437863328e+00  3.7946141577470897e+01  3.1999978699631942e+01  3.1999997165426155e+01  5.7904494603084489e+00  4.3435024551963597e+00  2.8103243217655798e+01  3.1999980838012515e+01  3.1999996513522404e+01  5.5309456876184360e+00
1.1919999999996401e+02  4.2283265005305104e+00  3.7960156668075832e+01  3.1999978244424309e+01  3.1999997116845833e+01  5.7877410896004831e+00  4.3449717581298835e+00  2.8117077010952105e+01  3.1999980556996341e+01  3.1999996498268985e+01  5.5230327112143733e+00
1.1999999999996299e+02  4.2307791300113209e+00  3.7974734808193894e+01  3.1999977775790470e+01  3.1999997074709771e+01  5.7831738835356123e+00  4.3463665652769414e+00  2.8130982753430914e+01  3.1999980291382677e+01  3.1999996476347878e+01  5.5135331430442847e+00
1.2079999999996301e+02  4.2331876421220889e+00  3.7989228270518169e+01  3.1999977348693381e+01  3.1999997044355435e+01  5.7809595751817087e+00  4.3477759515158407e+00  2.8145295001449767e+01  3.1999980063225134e+01  3.1999996447842847e+01  5.5068699213261061e+00
1.2159999999996199e+02  4.2357139796663112e+00  3.8003757241758677e+01  3.1999976939144357e+01  3.1999997012784863e+01  5.7816873470258807e+00  4.3490321441514102e+00  2.8159578940580595e+01  3.1999979880095523e+01  3.1999996426464016e+01  5.5011789139403033e+00
1.2239999999996100e+02  4.2383243636765897e+00  3.8018775976573608e+01  3.1999976579616042e+01  3.1999996993816548e+01  5.7811196963557983e+00  4.3501197482234595e+00  2.8173816348663447e+01  3.1999979772010636e+01  3.1999996431826727e+01  5.4941378222001065e+00
1.2319999999996000e+02  4.2408110679398154e+00  3.8034113430339787e+01  3.1999976231231582e+01  3.1999996975393469e+01  5.7798028527920264e+00  4.3511512147027736e+00  2.8188071334571429e+01  3.1999979634749060e+01  3.1999996432427782e+01  5.4869742995715880e+00
1.2399999999996000e+02  4.2430085848087664e+00  3.8049336734940454e+01  3.1999975880584394e+01  3.1999996951996042e+01  5.7788074827439759e+00  4.3522017843728165e+00  2.8202501595916512e+01  3.1999979516223487e+01  3.1999996456814984e+01  5.4808991162482439e+00
1.2479999999995900e+02  4.2449812228553707e+00  3.8064687766447555e+01  3.1999975501185254e+01  3.1999996916771973e+01  5.7751403533637893e+00  4.3531973137277244e+00  2.8217095505994141e+01  3.1999979392050715e+01  3.1999996484428753e+01  5.4737880578227287e+00
1.2559999999995800e+02  4.2468120256848927e+00  3.8080572215729390e+01  3.1999975083698047e+01  3.1999996874672366e+01  5.7681835197399440e+00  4.3540611123200854e+00  2.8231423370849061e+01  3.1999979209872734e+01  3.1999996492504703e+01  5.4657068236707111e+00
1.2639999999995800e+02  4.2485459471004710e+00  3.8096265929901641e+01  3.1999974666296399e+01  3.1999996836645270e+01  5.7614764387634585e+00  4.3549071783476716e+00  2.8246068516031105e+01  3.1999979060783918e+01  3.1999996508511202e+01  5.4584234500591879e+00
1.2719999999995700e+02  4.2500680085875437e+00  3.8111868470120001e+01  3.1999974249009522e+01  3.1999996802411175e+01  5.7542190791467345e+00  4.3559366442166390e+00  2.8261001715300541e+01  3.1999978923692918e+01  3.1999996527962463e+01  5.4513416124852974e+00
1.2799999999995600e+02  4.2512945834735856e+00  3.8127713918028277e+01  3.1999973828797511e+01  3.1999996772304247e+01  5.7437048114689171e+00  4.3570923319675448e+00  2.8275947644472339e+01  3.1999978755804129e+01  3.1999996531022035e+01  5.4427834290785500e+00
1.2879999999995499e+02  4.2523640241927474e+00  3.8143704981511064e+01  3.1999973416440383e+01  3.1999996746737089e+01  5.7320785935603009e+00  4.3581610915555284e+00  2.8290875216066315e+01  3.1999978564823582e+01  3.1999996519931955e+01  5.4329128265658762e+00
1.2959999999995500e+02  4.2534382597940121e+00  3.8159540671856597e+01  3.1999972981982669e+01  3.1999996710632328e+01  5.7220160061569816e+00  4.3593000157646680e+00  2.8306070926702134e+01  3.1999978381509806e+01  3.1999996517314958e+01  5.4235603506197076e+00
1.3039999999995399e+02  4.2544897755208613e+00  3.8175316172995053e+01  3.1999972509998940e+01  3.1999996667903922e+01  5.7126585555130767e+00  4.3607888284348535e+00  2.8321483845052498e+01  3.1999978183226975e+01  3.1999996514785437e+01  5.4153036624471245e+00
1.3119999999995301e+02  4.2553674514264657e+00  3.8191575602638295e+01  3.1999972031704374e+01  3.1999996623694759e+01  5.7026429268357530e+00  4.3626024878575471e+00  2.8336832172146472e+01  3.1999978002231124e+01  3.1999996521498556e+01  5.4080207538693443e+00
1.3199999999995200e+02  4.2561079398998105e+00  3.8207874409125971e+01  3.1999971572179604e+01  3.1999996583062014e+01  5.6938989787102763e+00  4.3645407649877734e+00  2.8352523482254835e+01  3.1999977797861867e+01  3.1999996515039754e+01  5.4023810302742277e+00
1.3279999999995201e+02  4.2569144475104235e+00  3.8223916475970817e+01  3.1999971133917501e+01  3.1999996550995704e+01  5.6870232682792219e+00  4.3665070994600033e+00  2.8368414744014714e+01  3.1999977586302482e+01  3.1999996508805559e+01  5.3976352591815910e+00
1.3359999999995100e+02  4.2578347986396405e+00  3.8240076849410030e+01  3.1999970678843226e+01  3.1999996515583856e+01  5.6805347034689264e+00  4.3686190317074391e+00  2.8384258040722472e+01  3.1999977415242697e+01  3.1999996522590909e+01  5.3931414871218717e+00
1.3439999999995001e+02  4.2586755806032430e+00  3.8256652892677323e+01  3.1999970222307148e+01  3.1999996476740986e+01  5.6738396171726286e+00  4.3709934807063240e+00  2.8400106042722559e+01  3.1999977237468688e+01  3.1999996519985029e+01  5.3898460347787349e+00
1.3519999999994999e+02  4.2594313561976760e+00  3.8272963847555900e+01  3.1999969757036581e+01  3.1999996437065541e+01  5.6690539012577075e+00  4.3735509502106051e+00  2.8416275957923968e+01  3.1999977036431442e+01  3.1999996508379638e+01  5.3894195183416214e+00
1.3599999999994901e+02  4.2603546769555241e+00  3.8289193109403698e+01  3.1999969276011381e+01  3.1999996387223998e+01  5.6651572107171999e+00  4.3761045946855130e+00  2.8432534215069680e+01  3.1999976815500112e+01  3.1999996490195571e+01  5.3898587332959007e+00
1.3679999999994800e+02  4.2615435140893752e+00  3.8305719447586270e+01  3.1999968819942367e+01  3.1999996344585679e+01  5.6609070028852946e+00  4.3785841244758634e+00  2.8448673655258659e+01  3.1999976660042176e+01  3.1999996500394726e+01  5.3893895568580028e+00
1.3759999999994699e+02  4.2628617653087577e+00  3.8322535349271135e+01  3.1999968371602602e+01  3.1999996309728431e+01  5.6570915198159675e+00  4.3811188524812810e+00  2.8464894251714771e+01  3.1999976552452267e+01  3.1999996536660245e+01  5.3902478323965211e+00
1.3839999999994700e+02  4.2641756778686677e+00  3.8339104538425680e+01  3.1999967930099835e+01  3.1999996274413089e+01  5.6538003536981076e+00  4.3837018153130893e+00  2.8481347626110423e+01  3.1999976454125907e+01  3.1999996578639941e+01  5.3924425820296307e+00
1.3919999999994599e+02  4.2656051367060170e+00  3.8355689728264977e+01  3.1999967459575192e+01  3.1999996232279820e+01  5.6500626761224959e+00  4.3861619129900298e+00  2.8497847832758122e+01  3.1999976341659977e+01  3.1999996617999631e+01  5.3937643744321315e+00
1.3999999999994500e+02  4.2673218243351805e+00  3.8372521648508155e+01  3.1999966995940152e+01  3.1999996201259691e+01  5.6457833366729435e+00  4.3884047475575354e+00  2.8514336474298556e+01  3.1999976213709406e+01  3.1999996644528125e+01  5.3942310134618419e+00
1.4079999999994399e+02  4.2693892119990702e+00  3.8389426067520908e+01  3.1999966544092963e+01  3.1999996170863831e+01  5.6430301540078434e+00  4.3904880115940674e+00  2.8531008584655272e+01  3.1999976057080453e+01  3.1999996655492737e+01  5.3942513131718179e+00
1.4159999999994400e+02  4.2716098896664692e+00  3.8406401437391843e+01  3.1999966058679124e+01  3.1999996131637069e+01  5.6419104280461374e+00  4.3925311907116384e+00  2.8547868152250928e+01  3.1999975875737039e+01  3.1999996658976329e+01  5.3944181728927587e+00
1.4239999999994299e+02  4.2738219568503766e+00  3.8423726297099734e+01  3.1999965572880129e+01  3.1999996097254204e+01  5.6395116024969196e+00  4.3944359910870565e+00  2.8564630650657268e+01  3.1999975729410970e+01  3.1999996674624864e+01  5.3931816738959535e+00
1.4319999999994201e+02  4.2761364293284831e+00  3.8441202133821811e+01  3.1999965085957715e+01  3.1999996061245135e+01  5.6369803497397637e+00  4.3960858740958892e+00  2.8581477649802267e+01  3.1999975578221537e+01  3.1999996689365393e+01  5.3903973260672347e+00
1.4399999999994199e+02  4.2786832606822358e+00  3.8458602762889207e+01  3.1999964580818261e+01  3.1999996018771583e+01  5.6362360849371846e+00  4.3975662597861316e+00  2.8598537978290704e+01  3.1999975420974351e+01  3.1999996709312530e+01  5.3871409434422270e+00
1.4479999999994101e+02  4.2812854482541942e+00  3.8476321995786357e+01  3.1999964061231093e+01  3.1999995967529912e+01  5.6352670681393509e+00  4.3989885362659784e+00  2.8615562435038925e+01  3.1999975228559048e+01  3.1999996711882460e+01  5.3827134795984115e+00
1.4559999999994000e+02  4.2837031082158239e+00  3.8494532085720337e+01  3.1999963552203535e+01  3.1999995915267675e+01  5.6331348106839743e+00  4.4003604040524822e+00  2.8632588721748363e+01  3.1999975028756690e+01  3.1999996714833983e+01  5.3775076175475442e+00
1.4639999999993901e+02  4.2859604667888007e+00  3.8512701611036732e+01  3.1999963041153233e+01  3.1999995868602522e+01  5.6311247288929378e+00  4.4015820565056334e+00  2.8649932107779208e+01  3.1999974854522829e+01  3.1999996729121101e+01  5.3717390300291736e+00
1.4719999999993900e+02  4.2882034053310463e+00  3.8530717303265504e+01  3.1999962538160602e+01  3.1999995826788457e+01  5.6297491432475573e+00  4.4026531906652426e+00  2.8667393849213219e+01  3.1999974684521447e+01  3.1999996743506280e+01  5.3652354519808050e+00
1.4799999999993801e+02  4.2903876655228945e+00  3.8549137174114456e+01  3.1999962016241341e+01  3.1999995779471199e+01  5.6275539751637655e+00  4.4036484736996311e+00  2.8684662196523409e+01  3.1999974505287174e+01  3.1999996758892440e+01  5.3568310585815953e+00
1.4879999999993700e+02  4.2923052956828176e+00  3.8567974436248008e+01  3.1999961499537132e+01  3.1999995738650025e+01  5.6230721905022660e+00  4.4046779693021163e+00  2.8702071669877856e+01  3.1999974354206273e+01  3.1999996781976773e+01  5.3476280855855176e+00
1.4959999999993599e+02  4.2939645943995881e+00  3.8586616729573542e+01  3.1999960960782886e+01  3.1999995696745501e+01  5.6181058685255838e+00  4.4057452427057200e+00  2.8719760774375054e+01  3.1999974221394776e+01  3.1999996812953849e+01  5.3383144006903622e+00
1.5039999999993600e+02  4.2954743814028991e+00  3.8605346671867196e+01  3.1999960406308695e+01  3.1999995647214046e+01  5.6125214348094614e+00  4.4067765289643397e+00  2.8737339311859792e+01  3.1999974090498419e+01  3.1999996851078269e+01  5.3288014716452281e+00
1.5119999999993499e+02  4.2968848346145565e+00  3.8624403442943120e+01  3.1999959856201912e+01  3.1999995601125466e+01  5.6051739350577652e+00  4.4077697621382521e+00  2.8754960444074491e+01  3.1999973948092897e+01  3.1999996890330493e+01  5.3180496360172418e+00
1.5199999999993400e+02  4.2981640276721009e+00  3.8643340630715755e+01  3.1999959310867396e+01  3.1999995552552704e+01  5.5972237288029083e+00  4.4089431211036576e+00  2.8772944204057517e+01  3.1999973822432914e+01  3.1999996929756048e+01  5.3075595179904109e+00
1.5279999999993399e+02  4.2992591768009500e+00  3.8662326846570679e+01  3.1999958780019540e+01  3.1999995506786949e+01  5.5892268305824171e+00  4.4103641648925525e+00  2.8790944615654588e+01  3.1999973680049663e+01  3.1999996958422951e+01  5.2982769968495429e+00
1.5359999999993300e+02  4.3001709291471872e+00  3.8681640364894463e+01  3.1999958256674145e+01  3.1999995465718708e+01  5.5799061140984039e+00  4.4118885848107166e+00  2.8808947268411629e+01  3.1999973529894479e+01  3.1999996996204736e+01  5.2894640788315508e+00
1.5439999999993199e+02  4.3010020732403156e+00  3.8701002245128336e+01  3.1999957724005142e+01  3.1999995424127498e+01  5.5690053402542219e+00  4.4134161626316475e+00  2.8827253820515732e+01  3.1999973357745642e+01  3.1999997019802024e+01  5.2801866205115680e+00
1.5519999999993101e+02  4.3018406356366876e+00  3.8720262938255587e+01  3.1999957209564531e+01  3.1999995388055861e+01  5.5582056975665042e+00  4.4150806776196951e+00  2.8845763597469542e+01  3.1999973204545110e+01  3.1999997044202452e+01  5.2718540786297226e+00
1.5599999999993099e+02  4.3026324799680307e+00  3.8739823930585793e+01  3.1999956678031950e+01  3.1999995344752751e+01  5.5473189846247486e+00  4.4170290940266952e+00  2.8864308526611474e+01  3.1999973072843787e+01  3.1999997081351840e+01  5.2653167648988379e+00
1.5679999999993001e+02  4.3033353359350919e+00  3.8759614197602474e+01  3.1999956132600897e+01  3.1999995300473184e+01  5.5358367319404405e+00  4.4191177563658330e+00  2.8883041382207463e+01  3.1999972914320850e+01  3.1999997107710605e+01  5.2587960201179547e+00
1.5759999999992900e+02  4.3040401764621841e+00  3.8779072391077200e+01  3.1999955561814527e+01  3.1999995249301993e+01  5.5241852502784692e+00  4.4212059054400239e+00  2.8902000293157514e+01  3.1999972752150455e+01  3.1999997135496617e+01  5.2530254374659053e+00
1.5839999999992801e+02  4.3049090970671315e+00  3.8798515411839489e+01  3.1999954985577645e+01  3.1999995199292940e+01  5.5135746397893479e+00  4.4233145590289968e+00  2.8920900115690873e+01  3.1999972562050512e+01  3.1999997154963172e+01  5.2482686690882074e+00
1.5919999999992800e+02  4.3059634346846565e+00  3.8818340761163881e+01  3.1999954417015598e+01  3.1999995156437237e+01  5.5040960849077676e+00  4.4255770538812449e+00  2.8939832708139662e+01  3.1999972401550679e+01  3.1999997180772954e+01  5.2443934178165152e+00
1.5999999999992701e+02  4.3070566339897294e+00  3.8838165300081947e+01  3.1999953816480645e+01  3.1999995104929617e+01  5.4951173178574209e+00  4.4279752144300453e+00  2.8959014263465225e+01  3.1999972275461126e+01  3.1999997226052063e+01  5.2418966826738318e+00
1.6079999999992600e+02  4.3082169028060022e+00  3.8857797113100247e+01  3.1999953228696178e+01  3.1999995059606274e+01  5.4869387863790537e+00  4.4303621239610642e+00  2.8978352886881954e+01  3.1999972174121531e+01  3.1999997280249410e+01  5.2403877250519431e+00
1.6159999999992601e+02  4.3096402336300530e+00  3.8877419325133403e+01  3.1999952619185901e+01  3.1999995007343362e+01  5.4801341642691836e+00  4.4326938908394702e+00  2.8997766544467108e+01  3.1999972077019585e+01  3.1999997324158858e+01  5.2395675579728929e+00
1.6239999999992500e+02  4.3114054376706186e+00  3.8897275079569276e+01  3.1999951968755123e+01  3.1999994946059495e+01  5.4746965401958843e+00  4.4350203386046116e+00  2.9017241552917525e+01  3.1999971970987296e+01  3.1999997374344357e+01  5.2387951837053244e+00
1.6319999999992399e+02  4.3133393382147638e+00  3.8917328787804372e+01  3.1999951333715156e+01  3.1999994890155612e+01  5.4708354314881724e+00  4.4373945970435535e+00  2.9036846926934874e+01  3.1999971855694838e+01  3.1999997431196515e+01  5.2396016765625513e+00
1.6399999999992301e+02  4.3152808303710000e+00  3.8937528131736663e+01  3.1999950710472707e+01  3.1999994839110766e+01  5.4674959311183802e+00  4.4397310314240208e+00  2.9056590158527698e+01  3.1999971696367080e+01  3.1999997459693169e+01  5.2410152450508605e+00
1.6479999999992299e+02  4.3173625166518681e+00  3.8957762952929002e+01  3.1999950094222001e+01  3.1999994793705728e+01  5.4646907521223378e+00  4.4419427992300573e+00  2.9076400514116102e+01  3.1999971496166687e+01  3.1999997482311812e+01  5.2417527319877264e+00
1.6559999999992201e+02  4.3197224259940104e+00  3.8977917323549356e+01  3.1999949478686208e+01  3.1999994744135829e+01  5.4640543676157831e+00  4.4440672066259710e+00  2.9096262928165125e+01  3.1999971328880946e+01  3.1999997523803888e+01  5.2430188490583820e+00
1.6639999999992099e+02  4.3222475227285191e+00  3.8998133239984853e+01  3.1999948847945632e+01  3.1999994693428157e+01  5.4654585483712452e+00  4.4461500633779654e+00  2.9116223322091439e+01  3.1999971137104996e+01  3.1999997557034753e+01  5.2455558962391144e+00
1.6719999999992001e+02  4.3247488957870281e+00  3.9018547327664088e+01  3.1999948217766708e+01  3.1999994646102699e+01  5.4670934058750928e+00  4.4481540086561182e+00  2.9136234253020046e+01  3.1999970925806462e+01  3.1999997585995455e+01  5.2470487964185404e+00
1.6799999999991999e+02  4.3272281208626566e+00  3.9038964821899718e+01  3.1999947591770329e+01  3.1999994600634121e+01  5.4692160856313308e+00  4.4500818521350727e+00  2.9156286535912898e+01  3.1999970724783601e+01  3.1999997617277256e+01  5.2483442683830326e+00
1.6879999999991901e+02  4.3297933989940152e+00  3.9059358042879659e+01  3.1999946946572297e+01  3.1999994552648818e+01  5.4730708229478591e+00  4.4519043595551260e+00  2.9176381750278448e+01  3.1999970524637867e+01  3.1999997647783179e+01  5.2505960591185792e+00
1.6959999999991800e+02  4.3324113007289586e+00  3.9079833049477564e+01  3.1999946322479278e+01  3.1999994512220201e+01  5.4777014965163930e+00  4.4535983372985140e+00  2.9196585866669110e+01  3.1999970322531187e+01  3.1999997679630745e+01  5.2518679888367261e+00
1.7039999999991801e+02  4.3349646101878347e+00  3.9100479469180740e+01  3.1999945683078689e+01  3.1999994465136869e+01  5.4821724496390196e+00  4.4552795734836632e+00  2.9216928129614463e+01  3.1999970152082867e+01  3.1999997726411909e+01  5.2526204820336932e+00
1.7119999999991700e+02  4.3373970610373238e+00  3.9121234342946678e+01  3.1999945021376941e+01  3.1999994409933507e+01  5.4865724121851276e+00  4.4569904792904715e+00  2.9237382893993821e+01  3.1999970023316340e+01  3.1999997787786924e+01  5.2535301951720079e+00
1.7199999999991601e+02  4.3397346183993806e+00  3.9142047903648105e+01  3.1999944343431434e+01  3.1999994350400584e+01  5.4916715811454857e+00  4.4586265707767518e+00  2.9257876748729203e+01  3.1999969866134794e+01  3.1999997841008209e+01  5.2546535267255097e+00
1.7279999999991500e+02  4.3419654263464516e+00  3.9162844820911559e+01  3.1999943669471193e+01  3.1999994294702933e+01  5.4959762404296528e+00  4.4601363890091417e+00  2.9278534082866106e+01  3.1999969700628238e+01  3.1999997890574946e+01  5.2543803445823372e+00
1.7359999999991501e+02  4.3441173977850127e+00  3.9183770815600731e+01  3.1999942980401219e+01  3.1999994233530803e+01  5.4995107454461909e+00  4.4617180372334575e+00  2.9299455055730515e+01  3.1999969530699673e+01  3.1999997937016648e+01  5.2535499596294075e+00
1.7439999999991400e+02  4.3461654823943929e+00  3.9204946048634966e+01  3.1999942283935667e+01  3.1999994170314505e+01  5.5036084216128422e+00  4.4634561789899916e+00  2.9320505939666290e+01  3.1999969346667957e+01  3.1999997981788468e+01  5.2539066487550148e+00
1.7519999999991299e+02  4.3479885628593244e+00  3.9226211129119974e+01  3.1999941580969669e+01  3.1999994108620232e+01  5.5069317433027587e+00  4.4651777144578233e+00  2.9341725787832196e+01  3.1999969165562025e+01  3.1999998027413671e+01  5.2536906840831827e+00
1.7599999999991201e+02  4.3496435405272251e+00  3.9247392560044752e+01  3.1999940878795783e+01  3.1999994045805089e+01  5.5089986768374848e+00  4.4668247970344961e+00  2.9363194636569091e+01  3.1999968973421943e+01  3.1999998066945196e+01  5.2523886388266972e+00
1.7679999999991199e+02  4.3512782334119589e+00  3.9268672832552241e+01  3.1999940188730353e+01  3.1999993988153260e+01  5.5103408624609180e+00  4.4685339200321970e+00  2.9384833443162314e+01  3.1999968798381214e+01  3.1999998113750447e+01  5.2507136412474527e+00
1.7759999999991101e+02  4.3528723430220913e+00  3.9290234160590742e+01  3.1999939495045155e+01  3.1999993932429735e+01  5.5120268034988946e+00  4.4704428546642596e+00  2.9406659088651132e+01  3.1999968619414840e+01  3.1999998157145992e+01  5.2496253641035624e+00
1.7839999999990999e+02  4.3542558462607381e+00  3.9311909162859649e+01  3.1999938789181602e+01  3.1999993876962908e+01  5.5123802980962164e+00  4.4724470722609073e+00  2.9428681007092113e+01  3.1999968430898150e+01  3.1999998190311139e+01  5.2481107371654483e+00
1.7919999999991001e+02  4.3555105224236534e+00  3.9333533929087864e+01  3.1999938073125403e+01  3.1999993819481571e+01  5.5111204629838708e+00  4.4744324989430364e+00  2.9450813606680395e+01  3.1999968225697170e+01  3.1999998215227965e+01  5.2457468282921234e+00
1.7999999999990899e+02  4.3568515376356034e+00  3.9355326926684569e+01  3.1999937350525400e+01  3.1999993760880269e+01  5.5099533043220577e+00  4.4764394972892712e+00  2.9472941321416275e+01  3.1999968021914391e+01  3.1999998241418339e+01  5.2433342150026974e+00
1.8079999999990801e+02  4.3582443116494263e+00  3.9377477001185284e+01  3.1999936622698087e+01  3.1999993704910608e+01  5.5087940995538176e+00  4.4785519991329696e+00  2.9495019050481691e+01  3.1999967814360730e+01  3.1999998259640904e+01  5.2410685698343125e+00
1.8159999999990700e+02  4.3595248067304819e+00  3.9399814576504752e+01  3.1999935867686901e+01  3.1999993643076202e+01  5.5063338567329447e+00  4.4807730973719000e+00  2.9517147266443775e+01  3.1999967602996108e+01  3.1999998278685553e+01  5.2387320473956720e+00
1.8239999999990701e+02  4.3607173175728882e+00  3.9422125448375972e+01  3.1999935095561284e+01  3.1999993575850123e+01  5.5025756460529296e+00  4.4830158192916016e+00  2.9539471575430820e+01  3.1999967370474216e+01  3.1999998297932837e+01  5.2360495531049711e+00
1.8319999999990600e+02  4.3620109185270532e+00  3.9444625109893003e+01  3.1999934334435373e+01  3.1999993513916273e+01  5.4982776777846691e+00  4.4851812114281548e+00  2.9561687243425617e+01  3.1999967139779169e+01  3.1999998320761858e+01  5.2325148011071505e+00
1.8399999999990499e+02  4.3634803224855965e+00  3.9467505129642966e+01  3.1999933548916697e+01  3.1999993446160879e+01  5.4938830344702243e+00  4.4872833448821892e+00  2.9583794376328630e+01  3.1999966887914692e+01  3.1999998337520321e+01  5.2281027499290573e+00
1.8479999999990400e+02  4.3650154307504359e+00  3.9490577539283663e+01  3.1999932718294414e+01  3.1999993364816945e+01  5.4886748492971380e+00  4.4893943452583720e+00  2.9606077657159798e+01  3.1999966616795898e+01  3.1999998355886099e+01  5.2231897068483901e+00
1.8559999999990401e+02  4.3665504873022796e+00  3.9513775902124358e+01  3.1999931893094153e+01  3.1999993283121199e+01  5.4824894465222735e+00  4.4914763222882890e+00  2.9628385763100802e+01  3.1999966350949023e+01  3.1999998380421225e+01  5.2177925180554183e+00
1.8639999999990300e+02  4.3681976180665298e+00  3.9537296060771070e+01  3.1999931075077217e+01  3.1999993205333620e+01  5.4764672879103653e+00  4.4934565845109766e+00  2.9650418177494497e+01  3.1999966064141994e+01  3.1999998396197491e+01  5.2121045447781533e+00
1.8719999999990199e+02  4.3700595079679596e+00  3.9560992804574681e+01  3.1999930229962352e+01  3.1999993121152212e+01  5.4709621552232175e+00  4.4953123530147563e+00  2.9672508848988688e+01  3.1999965781403713e+01  3.1999998421493022e+01  5.2059207839850856e+00
1.8799999999990200e+02  4.3720886090277613e+00  3.9584620687543257e+01  3.1999929383043174e+01  3.1999993037376402e+01  5.4657182160265574e+00  4.4971060967846777e+00  2.9694952181400584e+01  3.1999965495257019e+01  3.1999998446132736e+01  5.1998923651421203e+00
1.8879999999990099e+02  4.3741356941679115e+00  3.9608565056133372e+01  3.1999928549369550e+01  3.1999992959812207e+01  5.4597851686303747e+00  4.4988758616691467e+00  2.9717395871668430e+01  3.1999965217020417e+01  3.1999998470714480e+01  5.1939666211654005e+00
1.8959999999990001e+02  4.3761333497476276e+00  3.9632965383846418e+01  3.1999927696711975e+01  3.1999992878119087e+01  5.4527587895400949e+00  4.5005790404043626e+00  2.9739659235471855e+01  3.1999964928584170e+01  3.1999998492639854e+01  5.1875210155975573e+00
1.9039999999989899e+02  4.3781409246636942e+00  3.9657382918614275e+01  3.1999926829773251e+01  3.1999992791002530e+01  5.4457805599690676e+00  4.5021477967723387e+00  2.9762138353783239e+01  3.1999964644949465e+01  3.1999998515011132e+01  5.1806798588449494e+00
1.9119999999989901e+02  4.3801857512947242e+00  3.9681707364461744e+01  3.1999925958886486e+01  3.1999992702048896e+01  5.4385139459938117e+00  4.5036159103208675e+00  2.9784969367743464e+01  3.1999964363485908e+01  3.1999998535969812e+01  5.1731846142170124e+00
1.9199999999989799e+02  4.3822063318135323e+00  3.9706472858783563e+01  3.1999925095052276e+01  3.1999992617522576e+01  5.4306096203118752e+00  4.5050948381109457e+00  2.9807748428768438e+01  3.1999964091728753e+01  3.1999998561618835e+01  5.1651756536822333e+00
1.9279999999989701e+02  4.3840967637960375e+00  3.9731701307203529e+01  3.1999924228184788e+01  3.1999992533361130e+01  5.4219892331572410e+00  4.5065651578656816e+00  2.9830417494116684e+01  3.1999963814008151e+01  3.1999998583266315e+01  5.1567444413738057e+00
1.9359999999989600e+02  4.3858694391939910e+00  3.9756699832374267e+01  3.1999923354897167e+01  3.1999992447592430e+01  5.4137098007170295e+00  4.5079493811088760e+00  2.9853506824621707e+01  3.1999963546139330e+01  3.1999998603826917e+01  5.1483559437692472e+00
1.9439999999989601e+02  4.3875762118045110e+00  3.9781478855329929e+01  3.1999922510285490e+01  3.1999992373688830e+01  5.4053389256163635e+00  4.5092916347659315e+00  2.9876939315432054e+01  3.1999963273619606e+01  3.1999998627711502e+01  5.1397123889079630e+00
1.9519999999989500e+02  4.3892532502707065e+00  3.9806681767651042e+01  3.1999921649503097e+01  3.1999992296581002e+01  5.3964273180259479e+00  4.5106774930827154e+00  2.9900210245204565e+01  3.1999963019747298e+01  3.1999998663481200e+01  5.1307377753746897e+00
1.9599999999989399e+02  4.3908603771526700e+00  3.9832242386753187e+01  3.1999920769269554e+01  3.1999992214181631e+01  5.3880879913634807e+00  4.5121118668852116e+00  2.9923595973112491e+01  3.1999962733794700e+01  3.1999998682529011e+01  5.1223979801953305e+00
1.9679999999989400e+02  4.3922929947169047e+00  3.9857473359398824e+01  3.1999919862473114e+01  3.1999992127592922e+01  5.3799029147637123e+00  4.5135616188377297e+00  2.9947536556082618e+01  3.1999962433375224e+01  3.1999998700521804e+01  5.1147070366530762e+00
1.9759999999989299e+02  4.3935991115775828e+00  3.9882510144253978e+01  3.1999918966237917e+01  3.1999992047098175e+01  5.3705047198629812e+00  4.5149938244090961e+00  2.9971631519243932e+01  3.1999962167516603e+01  3.1999998732760119e+01  5.1064188066612353e+00
1.9839999999989200e+02  4.3948864833374053e+00  3.9908149278579764e+01  3.1999918074880380e+01  3.1999991971110958e+01  5.3602943904221814e+00  4.5164293478523980e+00  2.9995466370042880e+01  3.1999961850225677e+01  3.1999998738123640e+01  5.0978376090217514e+00
1.9919999999989099e+02  4.3961269041840616e+00  3.9933905082833618e+01  3.1999917125871548e+01  3.1999991880463227e+01  5.3504346051013396e+00  4.5179711099715032e+00  3.0019631197670162e+01  3.1999961520835093e+01  3.1999998740621606e+01  5.0903366532218053e+00
1.9999999999989100e+02  4.3972402185401620e+00  3.9959120032386160e+01  3.1999916173905550e+01  3.1999991790717132e+01  5.3404902967840986e+00  4.5195993959233576e+00  3.0044313405086250e+01  3.1999961238488208e+01  3.1999998765933501e+01  5.0828567863296659e+00
2.0000499999989100e+02  4.3972467725238147e+00  3.9959277160700843e+01  3.1999916168201924e+01  3.1999991790232738e+01  5.3404245783959343e+00  4.5196096180269976e+00  3.0044467441342380e+01  3.1999961236860809e+01  3.1999998766159724e+01  5.0828074894124873e+00
