# downsampled to dt=0.5 from the every-step stream
# time L2_Ham L2_Mom min_rho_req max_rho_req integral_neg_rho L2_Ham_rel L2_Mom_rel pump_force_L2 governor pump_fi_L2 L2_Ham_amr L2_Mom_amr L2_Ham_amr_rel L2_Mom_amr_rel Linf_Ham_amr L2_Ham_amr_ref
   0.0100000    4.1942945290e-04    1.0403596378e-07   -1.4077801331e-04    1.2434709519e-04    2.5442298726e-01    9.5926724573e-01    4.5618551955e-01    0.0000000000e+00    9.9999999990e-01    0.0000000000e+00    1.0399712035e-06    1.1456913711e-07    7.6423603162e-03    4.5606124189e-01    8.5848344337e-05    0.0000000000e+00
   0.5100000    2.1993017993e-04    2.3230474552e-06   -3.2637860451e-05    1.2531834198e-04    1.6585189685e-01    8.7195851460e-01    7.1698484131e-01    0.0000000000e+00    9.9999999991e-01    0.0000000000e+00    1.4017353852e-05    2.0052540620e-06    1.0249840201e-01    6.7087179802e-01    1.5587078779e-04    0.0000000000e+00
   1.0100000    1.3413135114e-04    3.5300400251e-06   -4.1424276193e-05    1.2572663686e-04    1.0490337653e-01    7.3579861428e-01    7.5508081842e-01    0.0000000000e+00    9.9999999992e-01    0.0000000000e+00    2.1491072080e-05    3.0351384369e-06    1.5608834960e-01    7.2898680979e-01    2.3425403141e-04    0.0000000000e+00
   1.5100000    1.0298018380e-04    3.9799472643e-06   -4.4465257505e-05    1.2546361304e-04    8.5761657172e-02    6.4061069990e-01    7.5279533384e-01    0.0000000000e+00    9.9999999992e-01    0.0000000000e+00    2.3087288370e-05    3.3864546681e-06    1.6738414399e-01    7.3945557764e-01    2.1119310297e-04    0.0000000000e+00
   2.0100000    8.0430849087e-05    3.7538012820e-06   -3.3201737354e-05    1.2546675673e-04    7.0577311731e-02    5.4588662508e-01    7.3844458985e-01    0.0000000000e+00    9.9999999992e-01    0.0000000000e+00    2.0109686631e-05    3.1765489092e-06    1.4627645310e-01    7.2498240595e-01    1.5885787233e-04    0.0000000000e+00
   2.5100000    5.8773536349e-05    3.1769208326e-06   -2.1757521556e-05    1.2582794063e-04    5.5801361433e-02    4.2974015870e-01    7.2673736945e-01    0.0000000000e+00    9.9999999992e-01    0.0000000000e+00    1.5592636754e-05    2.6827194939e-06    1.1386801682e-01    6.9915795459e-01    1.3375315169e-04    0.0000000000e+00
   3.0100000    4.2156693370e-05    2.5697432316e-06   -1.8348112948e-05    1.2556016167e-04    4.0998954659e-02    3.2289884920e-01    7.4166754363e-01    0.0000000000e+00    9.9999999992e-01    0.0000000000e+00    1.1961854840e-05    2.1690708177e-06    8.7537665566e-02    7.1521618070e-01    9.8819033854e-05    0.0000000000e+00
   3.5100000    3.2521099655e-05    2.1010492341e-06   -1.6581293162e-05    1.2575981545e-04    3.3230272096e-02    2.5435509584e-01    7.4516063947e-01    0.0000000000e+00    9.9999999992e-01    0.0000000000e+00    1.0046686813e-05    1.7698417889e-06    7.3553065149e-02    7.2613913127e-01    1.0288691229e-04    0.0000000000e+00
   4.0100000    2.7638943711e-05    1.7744153085e-06   -1.2473092355e-05    1.2583985108e-04    2.9722825340e-02    2.1796261229e-01    7.5040934686e-01    0.0000000000e+00    9.9999999993e-01    0.0000000000e+00    9.1705755053e-06    1.4850045769e-06    6.7112449300e-02    7.4632160987e-01    9.9310253334e-05    0.0000000000e+00
   4.5100000    2.4316480549e-05    1.5224932587e-06   -8.8977803110e-06    1.2531310473e-04    2.7464259113e-02    1.9262557093e-01    6.8412048337e-01    0.0000000000e+00    9.9999999993e-01    0.0000000000e+00    8.4771671471e-06    1.2641651990e-06    6.2000473299e-02    6.4516649365e-01    6.9326606672e-05    0.0000000000e+00
   5.0100000    2.1044758232e-05    1.2968330077e-06   -7.5762637854e-06    1.2558826809e-04    2.4902796964e-02    1.6733741657e-01    7.0048900579e-01    0.0000000000e+00    9.9999999993e-01    0.0000000000e+00    7.6627462159e-06    1.0710210537e-06    5.6011272184e-02    6.6889722192e-01    8.2753020222e-05    0.0000000000e+00
   5.5100000    1.7665563030e-05    1.0848873040e-06   -6.1797021921e-06    1.2541982388e-04    2.1982061751e-02    1.4092144708e-01    6.6975409762e-01    0.0000000000e+00    9.9999999993e-01    0.0000000000e+00    6.7578790847e-06    8.9365126458e-07    4.9367685412e-02    6.2103707473e-01    6.9343981352e-05    0.0000000000e+00
   6.0100000    1.4474043898e-05    8.9375540498e-07   -5.3565628420e-06    1.2540089406e-04    1.9117769489e-02    1.1572918336e-01    5.9625977492e-01    0.0000000000e+00    9.9999999993e-01    0.0000000000e+00    5.8800419212e-06    7.3670062723e-07    4.2925742060e-02    5.2368240454e-01    6.0859992511e-05    0.0000000000e+00
   6.5100000    1.1773719944e-05    7.3293950657e-07   -4.7378139374e-06    1.2541021308e-04    1.6668114049e-02    9.4253838420e-02    5.4553172292e-01    0.0000000000e+00    9.9999999993e-01    0.0000000000e+00    5.1250468959e-06    6.0804766917e-07    3.7382999150e-02    4.6690646564e-01    5.7358276668e-05    0.0000000000e+00
   7.0100000    9.7289103734e-06    6.0415748895e-07   -4.2156437126e-06    1.2534514331e-04    1.4795719232e-02    7.7901271832e-02    4.9307190113e-01    0.0000000000e+00    9.9999999993e-01    0.0000000000e+00    4.5320701764e-06    5.0733572911e-07    3.3023169140e-02    4.1547496203e-01    5.3325624296e-05    0.0000000000e+00
   7.5100000    8.3455312088e-06    5.0503508254e-07   -3.7136611653e-06    1.2540594056e-04    1.3463773762e-02    6.6788466426e-02    4.3281737555e-01    0.0000000000e+00    9.9999999993e-01    0.0000000000e+00    4.1004198348e-06    4.3148656459e-07    2.9840773254e-02    3.6157680559e-01    5.7023372740e-05    0.0000000000e+00
   8.0100000    7.5018840792e-06    4.3157324075e-07   -3.2095047935e-06    1.2550902086e-04    1.2554692989e-02    5.9976785149e-02    3.8327101908e-01    0.0000000000e+00    9.9999999993e-01    0.0000000000e+00    3.8023890298e-06    3.7713807809e-07    2.7633948673e-02    3.2158606489e-01    6.0780971063e-05    0.0000000000e+00
   8.5100000    7.0183270558e-06    3.7708260691e-07   -2.7238538112e-06    1.2557296545e-04    1.1969545009e-02    5.6042013878e-02    3.4343404521e-01    0.0000000000e+00    9.9999999993e-01    0.0000000000e+00    3.5986248411e-06    3.3774069976e-07    2.6116112602e-02    2.9155227550e-01    6.3924223576e-05    0.0000000000e+00
   9.0100000    6.7341128563e-06    3.3556319585e-07   -2.2728714501e-06    1.2560470766e-04    1.1589406141e-02    5.3702645851e-02    3.1538272493e-01    0.0000000000e+00    9.9999999993e-01    0.0000000000e+00    3.4548994964e-06    3.0754530476e-07    2.5037940667e-02    2.7168066638e-01    6.7011146414e-05    0.0000000000e+00
   9.5100000    6.5432808220e-06    3.0328218790e-07   -1.8718060312e-06    1.2561962086e-04    1.1332948651e-02    5.2111534062e-02    2.9287150823e-01    0.0000000000e+00    9.9999999993e-01    0.0000000000e+00    3.3467239321e-06    2.8351458381e-07    2.4220224954e-02    2.5573984353e-01    7.0064288398e-05    0.0000000000e+00
  10.0100000    6.3905371023e-06    2.7753779128e-07   -1.5429712778e-06    1.2562726637e-04    1.1140645203e-02    5.0824395466e-02    2.7019737552e-01    0.0000000000e+00    9.9999999993e-01    0.0000000000e+00    3.2586147267e-06    2.6365082291e-07    2.3548648364e-02    2.3847601742e-01    7.2994251370e-05    0.0000000000e+00
  10.5100000    6.2531357944e-06    2.5624288948e-07   -1.3013293855e-06    1.2564954474e-04    1.0979826363e-02    4.9657015943e-02    2.5193455559e-01    0.0000000000e+00    9.9999999993e-01    0.0000000000e+00    3.1821714596e-06    2.4645451868e-07    2.2960685362e-02    2.2426146060e-01    7.5784358917e-05    0.0000000000e+00
  11.0100000    6.1249049116e-06    2.3813724499e-07   -1.2379632652e-06    1.2571020277e-04    1.0830271584e-02    4.8559194269e-02    2.3669109471e-01    0.0000000000e+00    9.9999999993e-01    0.0000000000e+00    3.1135454131e-06    2.3117582800e-07    2.2427848983e-02    2.1204323585e-01    7.8463388408e-05    0.0000000000e+00
  11.5100000    6.0062550275e-06    2.2254031272e-07   -1.2252758405e-06    1.2581484916e-04    1.0686251196e-02    4.7535130678e-02    2.2328911812e-01    0.0000000000e+00    9.9999999993e-01    0.0000000000e+00    3.0513043901e-06    2.1753037932e-07    2.1940172478e-02    2.0095831024e-01    8.1032916571e-05    0.0000000000e+00
  12.0100000    5.8990164615e-06    2.0900740194e-07   -1.2152139568e-06    1.2594819778e-04    1.0548560059e-02    4.6601428899e-02    2.0943209992e-01    0.0000000000e+00    9.9999999993e-01    0.0000000000e+00    2.9950769078e-06    2.0535124557e-07    2.1495930397e-02    1.8905629204e-01    8.3486985686e-05    0.0000000000e+00
  12.5100000    5.8043501244e-06    1.9715610786e-07   -1.2070752549e-06    1.2608345451e-04    1.0419946841e-02    4.5769320814e-02    1.9724359104e-01    0.0000000000e+00    9.9999999993e-01    0.0000000000e+00    2.9448696340e-06    1.9444503428e-07    2.1096118514e-02    1.7843234804e-01    8.5848820095e-05    0.0000000000e+00
  13.0100000    5.7223138353e-06    1.8668886167e-07   -1.2002514377e-06    1.2619547894e-04    1.0303844163e-02    4.5040222828e-02    1.9018207234e-01    0.0000000000e+00    9.9999999993e-01    0.0000000000e+00    2.9007388310e-06    1.8465151765e-07    2.0741583949e-02    1.7237591444e-01    8.8147767506e-05    0.0000000000e+00
  13.5100000    5.6520731128e-06    1.7744213187e-07   -1.1939279122e-06    1.2627353475e-04    1.0201149299e-02    4.4406942776e-02    1.8299119158e-01    0.0000000000e+00    9.9999999993e-01    0.0000000000e+00    2.8625979511e-06    1.7591565714e-07    2.0431410113e-02    1.6609927080e-01    9.0396888822e-05    0.0000000000e+00
  14.0100000    5.5922591389e-06    1.6931658053e-07   -1.1874911857e-06    1.2632748940e-04    1.0111279476e-02    4.3856810490e-02    1.7460865036e-01    0.0000000000e+00    9.9999999993e-01    0.0000000000e+00    2.8301009950e-06    1.6819851725e-07    2.0162221473e-02    1.5869086528e-01    9.2595363516e-05    0.0000000000e+00
  14.5100000    5.5413804501e-06    1.6220540971e-07   -1.1814009477e-06    1.2638279099e-04    1.0031918334e-02    4.3375868954e-02    1.6871282888e-01    0.0000000000e+00    9.9999999993e-01    0.0000000000e+00    2.8026651734e-06    1.6141756603e-07    1.9928794687e-02    1.5357759688e-01    9.4732914088e-05    0.0000000000e+00
  15.0100000    5.4981295497e-06    1.5597385434e-07   -1.1765717293e-06    1.2646617112e-04    9.9616802912e-03    4.2952418903e-02    1.6282875500e-01    0.0000000000e+00    9.9999999993e-01    0.0000000000e+00    2.7797064609e-06    1.5540136202e-07    1.9726270412e-02    1.4835915677e-01    9.6796410469e-05    0.0000000000e+00
  15.5100000    5.4613442098e-06    1.5048181748e-07   -1.1729011804e-06    1.2659005165e-04    9.8998548630e-03    4.2577451188e-02    1.5673292874e-01    0.0000000000e+00    9.9999999993e-01    0.0000000000e+00    2.7608510286e-06    1.4998671364e-07    1.9551990685e-02    1.4285685645e-01    9.8777408954e-05    0.0000000000e+00
  16.0100000    5.4298367174e-06    1.4555801070e-07   -1.1697601084e-06    1.2674442838e-04    9.8456417659e-03    4.2243230619e-02    1.5145441618e-01    0.0000000000e+00    9.9999999993e-01    0.0000000000e+00    2.7458434656e-06    1.4509994692e-07    1.9404797114e-02    1.3809255250e-01    1.0068411790e-04    0.0000000000e+00
  16.5100000    5.4025555471e-06    1.4129988834e-07   -1.1676256415e-06    1.2690165245e-04    9.7970497145e-03    4.1943662789e-02    1.4771293590e-01    0.0000000000e+00    9.9999999993e-01    0.0000000000e+00    2.7342327023e-06    1.4082721034e-07    1.9282400759e-02    1.3464884438e-01    1.0252608004e-04    0.0000000000e+00
  17.0100000    5.3790473894e-06    1.3772299764e-07   -1.1675619824e-06    1.2703194334e-04    9.7527597758e-03    4.1676649524e-02    1.4549260022e-01    0.0000000000e+00    9.9999999993e-01    0.0000000000e+00    2.7253115341e-06    1.3722258419e-07    1.9180419258e-02    1.3271843087e-01    1.0432575252e-04    0.0000000000e+00
  17.5100000    5.3594992786e-06    1.3459110120e-07   -1.1691073354e-06    1.2712110597e-04    9.7126822905e-03    4.1443543396e-02    1.4408835105e-01    0.0000000000e+00    9.9999999993e-01    0.0000000000e+00    2.7185013565e-06    1.3406829747e-07    1.9094717157e-02    1.3160742051e-01    1.0609852504e-04    0.0000000000e+00
  18.0100000    5.3440113750e-06    1.3204334200e-07   -1.1700638464e-06    1.2717857589e-04    9.6776546751e-03    4.1243554023e-02    1.4280763324e-01    0.0000000000e+00    9.9999999993e-01    0.0000000000e+00    2.7136951686e-06    1.3125417916e-07    1.9023821920e-02    1.3029055289e-01    1.0784856202e-04    0.0000000000e+00
  18.5100000    5.3317893108e-06    1.3012757985e-07   -1.1686744543e-06    1.2723170127e-04    9.6475089407e-03    4.1068462504e-02    1.4163305455e-01    0.0000000000e+00    9.9999999993e-01    0.0000000000e+00    2.7110996716e-06    1.2883059992e-07    1.8968206781e-02    1.2894934878e-01    1.0957487504e-04    0.0000000000e+00
  19.0100000    5.3213708082e-06    1.2860591428e-07   -1.1651624834e-06    1.2730992640e-04    9.6204923356e-03    4.0905667524e-02    1.4003508860e-01    0.0000000000e+00    9.9999999993e-01    0.0000000000e+00    2.7107223289e-06    1.2676573788e-07    1.8927260315e-02    1.2711360420e-01    1.1123919352e-04    0.0000000000e+00
  19.5100000    5.3120074572e-06    1.2759528562e-07   -1.1611026145e-06    1.2742657533e-04    9.5945861504e-03    4.0749642569e-02    1.3889796282e-01    0.0000000000e+00    9.9999999993e-01    0.0000000000e+00    2.7121655975e-06    1.2521379530e-07    1.8898248636e-02    1.2557185311e-01    1.1283818154e-04    0.0000000000e+00
  20.0100000    5.3044975799e-06    1.2677521047e-07   -1.1580171392e-06    1.2757219432e-04    9.5698392907e-03    4.0608157185e-02    1.3802859141e-01    0.0000000000e+00    9.9999999993e-01    0.0000000000e+00    2.7149828216e-06    1.2391871908e-07    1.8878783059e-02    1.2436092257e-01    1.1436773602e-04    0.0000000000e+00
  20.5100000    5.3002247425e-06    1.2593611489e-07   -1.1565811243e-06    1.2771783629e-04    9.5474889011e-03    4.0493878497e-02    1.3825841785e-01    0.0000000000e+00    9.9999999993e-01    0.0000000000e+00    2.7189155070e-06    1.2262144101e-07    1.8868038691e-02    1.2415840181e-01    1.1584897910e-04    0.0000000000e+00
  21.0100000    5.2997126494e-06    1.2525471283e-07   -1.1567913452e-06    1.2783357820e-04    9.5289204664e-03    4.0412105599e-02    1.4243610969e-01    0.0000000000e+00    9.9999999993e-01    0.0000000000e+00    2.7239592420e-06    1.2145423674e-07    1.8866628165e-02    1.2755432411e-01    1.1727078722e-04    0.0000000000e+00
  21.5100000    5.3021379994e-06    1.2471974341e-07   -1.1585060317e-06    1.2790546827e-04    9.5143182366e-03    4.0356369153e-02    1.4303808882e-01    0.0000000000e+00    9.9999999993e-01    0.0000000000e+00    2.7302416160e-06    1.2042554012e-07    1.8875376327e-02    1.2765033842e-01    1.1873337255e-04    0.0000000000e+00
  22.0100000    5.3060329514e-06    1.2436707070e-07   -1.1623038450e-06    1.2794315244e-04    9.5015037737e-03    4.0313994908e-02    1.4031993100e-01    0.0000000000e+00    9.9999999993e-01    0.0000000000e+00    2.7376810589e-06    1.1951778630e-07    1.8893017849e-02    1.2463107802e-01    1.2014409209e-04    0.0000000000e+00
  22.5100000    5.3104314931e-06    1.2415037222e-07   -1.1694853892e-06    1.2797525415e-04    9.4900710453e-03    4.0275771568e-02    1.4847326184e-01    0.0000000000e+00    9.9999999993e-01    0.0000000000e+00    2.7460130021e-06    1.1867799454e-07    1.8916830469e-02    1.3154444147e-01    1.2157054091e-04    0.0000000000e+00
  23.0100000    5.3153052988e-06    1.2389459212e-07   -1.1796872496e-06    1.2802972697e-04    9.4791015156e-03    4.0240374269e-02    1.5303943992e-01    0.0000000000e+00    9.9999999993e-01    0.0000000000e+00    2.7551671447e-06    1.1799705822e-07    1.8945785407e-02    1.3537049863e-01    1.2291861979e-04    0.0000000000e+00
  23.5100000    5.3211102049e-06    1.2339903214e-07   -1.1898890424e-06    1.2811848401e-04    9.4692332081e-03    4.0211553606e-02    1.4607186040e-01    0.0000000000e+00    9.9999999993e-01    0.0000000000e+00    2.7653820411e-06    1.1733057450e-07    1.8981643109e-02    1.2887450044e-01    1.2420600367e-04    0.0000000000e+00
  24.0100000    5.3281594835e-06    1.2278022212e-07   -1.1951831855e-06    1.2823139525e-04    9.4607885735e-03    4.0193186514e-02    1.4484889964e-01    0.0000000000e+00    9.9999999993e-01    0.0000000000e+00    2.7765888616e-06    1.1649158770e-07    1.9024628725e-02    1.2754321949e-01    1.2545436011e-04    0.0000000000e+00
  24.5100000    5.3365304335e-06    1.2241428169e-07   -1.1947831628e-06    1.2834253873e-04    9.4529555143e-03    4.0187679126e-02    1.4822507136e-01    0.0000000000e+00    9.9999999993e-01    0.0000000000e+00    2.7880637991e-06    1.1556971615e-07    1.9070652653e-02    1.3007997825e-01    1.2665078661e-04    0.0000000000e+00
  25.0100000    5.3462884948e-06    1.2213596434e-07   -1.1947803351e-06    1.2842618335e-04    9.4464023669e-03    4.0196618988e-02    1.5096394721e-01    0.0000000000e+00    9.9999999993e-01    0.0000000000e+00    2.7992297176e-06    1.1478410624e-07    1.9116323250e-02    1.3218009762e-01    1.2784814852e-04    0.0000000000e+00
  25.5100000    5.3574640596e-06    1.2195509421e-07   -1.2018097887e-06    1.2846969234e-04    9.4421022639e-03    4.0220024905e-02    1.5412782917e-01    0.0000000000e+00    9.9999999993e-01    0.0000000000e+00    2.8105765639e-06    1.1409671238e-07    1.9164927701e-02    1.3453341424e-01    1.2902120843e-04    0.0000000000e+00
  26.0100000    5.3695592895e-06    1.2203956292e-07   -1.2082891070e-06    1.2848117205e-04    9.4408419287e-03    4.0252846927e-02    1.5725892223e-01    0.0000000000e+00    9.9999999993e-01    0.0000000000e+00    2.8228410912e-06    1.1365679528e-07    1.9220876755e-02    1.3698129646e-01    1.3019212973e-04    0.0000000000e+00
  26.5100000    5.3814616452e-06    1.2208052342e-07   -1.2168136195e-06    1.2848387352e-04    9.4412780249e-03    4.0285148552e-02    1.5907841180e-01    0.0000000000e+00    9.9999999993e-01    0.0000000000e+00    2.8359767791e-06    1.1329802919e-07    1.9283072761e-02    1.3857768157e-01    1.3134301581e-04    0.0000000000e+00
  27.0100000    5.3923842239e-06    1.2217214857e-07   -1.2251160508e-06    1.2850284279e-04    9.4416267971e-03    4.0310086536e-02    1.6072057368e-01    0.0000000000e+00    9.9999999993e-01    0.0000000000e+00    2.8494059337e-06    1.1286150108e-07    1.9347104371e-02    1.3961701756e-01    1.3246624885e-04    0.0000000000e+00
  27.5100000    5.4028633515e-06    1.2244596742e-07   -1.2323996698e-06    1.2855098926e-04    9.4410263213e-03    4.0331865595e-02    1.6316527947e-01    0.0000000000e+00    9.9999999993e-01    0.0000000000e+00    2.8630357619e-06    1.1238930961e-07    1.9412420121e-02    1.4097962376e-01    1.3354310235e-04    0.0000000000e+00
  28.0100000    5.4142971508e-06    1.2238152530e-07   -1.2394020450e-06    1.2862228428e-04    9.4404479363e-03    4.0362100253e-02    1.6598542299e-01    0.0000000000e+00    9.9999999993e-01    0.0000000000e+00    2.8769969446e-06    1.1202447236e-07    1.9480477905e-02    1.4317112841e-01    1.3457479880e-04    0.0000000000e+00
  28.5100000    5.4276086369e-06    1.2240650835e-07   -1.2461895425e-06    1.2869557291e-04    9.4415525382e-03    4.0409136276e-02    1.6924957462e-01    0.0000000000e+00    9.9999999993e-01    0.0000000000e+00    2.8911524785e-06    1.1176737759e-07    1.9551082315e-02    1.4571247064e-01    1.3557000061e-04    0.0000000000e+00
  29.0100000    5.4424501978e-06    1.2249558931e-07   -1.2536227859e-06    1.2874662383e-04    9.4450232964e-03    4.0471321846e-02    1.7257555270e-01    0.0000000000e+00    9.9999999993e-01    0.0000000000e+00    2.9051633699e-06    1.1169832334e-07    1.9622427658e-02    1.4857692026e-01    1.3654890196e-04    0.0000000000e+00
  29.5100000    5.4576046326e-06    1.2211199494e-07   -1.2578425131e-06    1.2876188360e-04    9.4503252479e-03    4.0539510916e-02    1.7647934671e-01    0.0000000000e+00    9.9999999993e-01    0.0000000000e+00    2.9193382511e-06    1.1119087901e-07    1.9696573068e-02    1.5187849895e-01    1.3752268552e-04    0.0000000000e+00
  30.0100000    5.4718493245e-06    1.2239017341e-07   -1.2573792712e-06    1.2874597237e-04    9.4561334243e-03    4.0603565107e-02    1.8045276079e-01    0.0000000000e+00    9.9999999993e-01    0.0000000000e+00    2.9339510932e-06    1.1048687105e-07    1.9774849490e-02    1.5420026548e-01    1.3849367520e-04    0.0000000000e+00
  30.5100000    5.4849415347e-06    1.2250139404e-07   -1.2549048104e-06    1.2871854339e-04    9.4615554076e-03    4.0660251780e-02    1.8173463514e-01    0.0000000000e+00    9.9999999993e-01    0.0000000000e+00    2.9489608886e-06    1.1040028194e-07    1.9856269260e-02    1.5505243534e-01    1.3945819188e-04    0.0000000000e+00
  31.0100000    5.4975069020e-06    1.2199531689e-07   -1.2537433124e-06    1.2870302729e-04    9.4669466586e-03    4.0713187006e-02    1.8188438121e-01    0.0000000000e+00    9.9999999993e-01    0.0000000000e+00    2.9643315160e-06    1.1055470855e-07    1.9940079265e-02    1.5586568612e-01    1.4039839945e-04    0.0000000000e+00
  31.5100000    5.5101064137e-06    1.2166718093e-07   -1.2521765117e-06    1.2871397448e-04    9.4731628708e-03    4.0766461526e-02    1.8443357682e-01    0.0000000000e+00    9.9999999993e-01    0.0000000000e+00    2.9800828137e-06    1.1012349819e-07    2.0026375302e-02    1.5781457308e-01    1.4130407917e-04    0.0000000000e+00
  32.0100000    5.5226451729e-06    1.2163168386e-07   -1.2489943977e-06    1.2874929052e-04    9.4796775065e-03    4.0820271709e-02    1.8636146759e-01    0.0000000000e+00    9.9999999993e-01    0.0000000000e+00    2.9958258114e-06    1.0956565531e-07    2.0112983410e-02    1.5872440208e-01    1.4216971153e-04    0.0000000000e+00
  32.5100000    5.5346876114e-06    1.2153238900e-07   -1.2444062067e-06    1.2879132689e-04    9.4867210095e-03    4.0872715085e-02    1.8874604448e-01    0.0000000000e+00    9.9999999993e-01    0.0000000000e+00    3.0111042904e-06    1.0932025503e-07    2.0197496931e-02    1.6059596292e-01    1.4300132151e-04    0.0000000000e+00
  33.0100000    5.5460132137e-06    1.2094123530e-07   -1.2399164525e-06    1.2881687146e-04    9.4943007478e-03    4.0923116663e-02    1.9137188465e-01    0.0000000000e+00    9.9999999993e-01    0.0000000000e+00    3.0260561516e-06    1.0943340884e-07    2.0281324910e-02    1.6367549990e-01    1.4383746996e-04    0.0000000000e+00
  33.5100000    5.5567030689e-06    1.2008048614e-07   -1.2374489055e-06    1.2881063248e-04    9.5025689703e-03    4.0972091412e-02    1.9422052394e-01    0.0000000000e+00    9.9999999993e-01    0.0000000000e+00    3.0414870556e-06    1.0865791474e-07    2.0369883439e-02    1.6595297114e-01    1.4469680192e-04    0.0000000000e+00
  34.0100000    5.5667780196e-06    1.1957643857e-07   -1.2381709492e-06    1.2877406696e-04    9.5114881830e-03    4.1018835842e-02    1.9526713222e-01    0.0000000000e+00    9.9999999993e-01    0.0000000000e+00    3.0573126054e-06    1.0781531240e-07    2.0462133681e-02    1.6616617667e-01    1.4558619697e-04    0.0000000000e+00
  34.5100000    5.5764127195e-06    1.1876634493e-07   -1.2406384697e-06    1.2872441228e-04    9.5209009436e-03    4.1063215491e-02    1.9390319724e-01    0.0000000000e+00    9.9999999993e-01    0.0000000000e+00    3.0730606100e-06    1.0757589667e-07    2.0554209884e-02    1.6545098774e-01    1.4649163339e-04    0.0000000000e+00
  35.0100000    5.5858784904e-06    1.1790242279e-07   -1.2434238890e-06    1.2868481616e-04    9.5305275315e-03    4.1106112428e-02    1.9310864587e-01    0.0000000000e+00    9.9999999993e-01    0.0000000000e+00    3.0887041792e-06    1.0746053599e-07    2.0645376335e-02    1.6530044157e-01    1.4738915620e-04    0.0000000000e+00
  35.5100000    5.5951621505e-06    1.1717602921e-07   -1.2453706704e-06    1.2867128688e-04    9.5404008256e-03    4.1147210552e-02    1.9356600225e-01    0.0000000000e+00    9.9999999993e-01    0.0000000000e+00    3.1046495381e-06    1.0682480003e-07    2.0738234059e-02    1.6550430955e-01    1.4824112154e-04    0.0000000000e+00
  36.0100000    5.6040321000e-06    1.1613593800e-07   -1.2462765888e-06    1.2868375578e-04    9.5504890343e-03    4.1185549400e-02    1.9289714907e-01    0.0000000000e+00    9.9999999993e-01    0.0000000000e+00    3.1208392729e-06    1.0654928264e-07    2.0832766778e-02    1.6561231898e-01    1.4903094272e-04    0.0000000000e+00
  36.5100000    5.6123917755e-06    1.1557777991e-07   -1.2456981996e-06    1.2870631528e-04    9.5600169121e-03    4.1221626907e-02    1.9261424718e-01    0.0000000000e+00    9.9999999993e-01    0.0000000000e+00    3.1369298737e-06    1.0643481541e-07    2.0927292669e-02    1.6578167177e-01    1.4977027227e-04    0.0000000000e+00
  37.0100000    5.6204656181e-06    1.1448215627e-07   -1.2439457265e-06    1.2871658651e-04    9.5694203488e-03    4.1258000843e-02    1.9283047686e-01    0.0000000000e+00    9.9999999993e-01    0.0000000000e+00    3.1526607548e-06    1.0638439444e-07    2.1020547209e-02    1.6704102903e-01    1.5048283853e-04    0.0000000000e+00
  37.5100000    5.6282515846e-06    1.1378311563e-07   -1.2414747592e-06    1.2869885095e-04    9.5792961455e-03    4.1294692999e-02    1.9313434005e-01    0.0000000000e+00    9.9999999993e-01    0.0000000000e+00    3.1684785823e-06    1.0598224737e-07    2.1115540202e-02    1.6735286930e-01    1.5120679884e-04    0.0000000000e+00
  38.0100000    5.6356403092e-06    1.1291423721e-07   -1.2388144500e-06    1.2865316685e-04    9.5886186967e-03    4.1329998079e-02    1.9189900902e-01    0.0000000000e+00    9.9999999993e-01    0.0000000000e+00    3.1844301783e-06    1.0552717763e-07    2.1212129846e-02    1.6663861800e-01    1.5196014903e-04    0.0000000000e+00
  38.5100000    5.6426023721e-06    1.1203666126e-07   -1.2361831982e-06    1.2859507981e-04    9.5975698571e-03    4.1362331654e-02    1.8948764801e-01    0.0000000000e+00    9.9999999993e-01    0.0000000000e+00    3.2005744627e-06    1.0551031546e-07    2.1310007678e-02    1.6540972472e-01    1.5274069360e-04    0.0000000000e+00
  39.0100000    5.6493243907e-06    1.1114632668e-07   -1.2340795031e-06    1.2854645376e-04    9.6061081947e-03    4.1391961341e-02    1.8710313190e-01    0.0000000000e+00    9.9999999993e-01    0.0000000000e+00    3.2167731127e-06    1.0546648995e-07    2.1407682477e-02    1.6425238540e-01    1.5352176645e-04    0.0000000000e+00
  39.5100000    5.6558223557e-06    1.1059667669e-07   -1.2327043674e-06    1.2852308798e-04    9.6146533038e-03    4.1418742448e-02    1.8714519339e-01    0.0000000000e+00    9.9999999993e-01    0.0000000000e+00    3.2329883153e-06    1.0517983412e-07    2.1504759643e-02    1.6448680252e-01    1.5426331716e-04    0.0000000000e+00
  40.0100000    5.6619763968e-06    1.0996495417e-07   -1.2324050442e-06    1.2852602753e-04    9.6226495266e-03    4.1442444497e-02    1.8632288938e-01    0.0000000000e+00    9.9999999993e-01    0.0000000000e+00    3.2490475116e-06    1.0499647210e-07    2.1600420852e-02    1.6430312123e-01    1.5495277519e-04    0.0000000000e+00
  40.5100000    5.6677755999e-06    1.0929971457e-07   -1.2334775136e-06    1.2854121825e-04    9.6305988125e-03    4.1464084599e-02    1.8628358062e-01    0.0000000000e+00    9.9999999993e-01    0.0000000000e+00    3.2650289850e-06    1.0535903550e-07    2.1695757100e-02    1.6543423497e-01    1.5559373693e-04    0.0000000000e+00
  41.0100000    5.6733979591e-06    1.0875658685e-07   -1.2351762399e-06    1.2854783641e-04    9.6382957953e-03    4.1485804711e-02    1.8582699338e-01    0.0000000000e+00    9.9999999993e-01    0.0000000000e+00    3.2808897525e-06    1.0545707925e-07    2.1790928444e-02    1.6586891828e-01    1.5621128851e-04    0.0000000000e+00
  41.5100000    5.6790230042e-06    1.0817599834e-07   -1.2357904850e-06    1.2853061229e-04    9.6470136834e-03    4.1508964334e-02    1.8567230242e-01    0.0000000000e+00    9.9999999993e-01    0.0000000000e+00    3.2965319112e-06    1.0506560272e-07    2.1885320116e-02    1.6626190520e-01    1.5684625906e-04    0.0000000000e+00
  42.0100000    5.6844511059e-06    1.0753871860e-07   -1.2345409323e-06    1.2848870165e-04    9.6571501113e-03    4.1531299824e-02    1.8360863847e-01    0.0000000000e+00    9.9999999993e-01    0.0000000000e+00    3.3121040275e-06    1.0475091742e-07    2.1979500193e-02    1.6608685677e-01    1.5751042846e-04    0.0000000000e+00
  42.5100000    5.6890850817e-06    1.0689708656e-07   -1.2328221935e-06    1.2843579050e-04    9.6649278665e-03    4.1547227810e-02    1.8061276052e-01    0.0000000000e+00    9.9999999993e-01    0.0000000000e+00    3.3279664368e-06    1.0431420839e-07    2.2075207140e-02    1.6531401160e-01    1.5820646314e-04    0.0000000000e+00
  43.0100000    5.6926103733e-06    1.0648846164e-07   -1.2341542641e-06    1.2839177040e-04    9.6660619191e-03    4.1553472372e-02    1.8170829692e-01    0.0000000000e+00    9.9999999993e-01    0.0000000000e+00    3.3441718942e-06    1.0429384981e-07    2.2172254806e-02    1.6794246782e-01    1.5890470228e-04    0.0000000000e+00
  43.5100000    5.6962506097e-06    1.0731211246e-07   -1.2403221142e-06    1.2837128786e-04    9.6616703676e-03    4.1558709863e-02    1.8487770487e-01    0.0000000000e+00    9.9999999993e-01    0.0000000000e+00    3.3603888334e-06    1.0504349354e-07    2.2268300658e-02    1.7209990165e-01    1.5957319076e-04    0.0000000000e+00
  44.0100000    5.7026806574e-06    1.0848801639e-07   -1.2475938566e-06    1.2837580614e-04    9.6599766257e-03    4.1582965691e-02    1.8701622542e-01    0.0000000000e+00    9.9999999993e-01    0.0000000000e+00    3.3761235937e-06    1.0679560720e-07    2.2360363798e-02    1.7495595544e-01    1.6019905793e-04    0.0000000000e+00
  44.5100000    5.7134460037e-06    1.0977315256e-07   -1.2496862772e-06    1.2839338641e-04    9.6725395031e-03    4.1638410437e-02    1.9813991429e-01    0.0000000000e+00    9.9999999993e-01    0.0000000000e+00    3.3915070303e-06    1.0841153543e-07    2.2449826527e-02    1.8395432048e-01    1.6078135160e-04    0.0000000000e+00
  45.0100000    5.7262218168e-06    1.1115210005e-07   -1.2440268020e-06    1.2840596492e-04    9.7017424166e-03    4.1708849979e-02    2.0756216801e-01    0.0000000000e+00    9.9999999993e-01    0.0000000000e+00    3.4069138064e-06    1.0914500246e-07    2.2539581468e-02    1.9488712030e-01    1.6134994399e-04    0.0000000000e+00
  45.5100000    5.7354770754e-06    1.1066353706e-07   -1.2339501689e-06    1.2839976386e-04    9.7328529600e-03    4.1754169340e-02    2.0116798705e-01    0.0000000000e+00    9.9999999993e-01    0.0000000000e+00    3.4227275112e-06    1.0844094591e-07    2.2632221893e-02    1.9547953713e-01    1.6192877285e-04    0.0000000000e+00
  46.0100000    5.7369340416e-06    1.1088135954e-07   -1.2263792868e-06    1.2837281999e-04    9.7458992955e-03    4.1742712936e-02    2.0088433135e-01    0.0000000000e+00    9.9999999993e-01    0.0000000000e+00    3.4387728599e-06    1.0791735967e-07    2.2726247762e-02    1.9405179323e-01    1.6253919452e-04    0.0000000000e+00
  46.5100000    5.7320635455e-06    1.1387963288e-07   -1.2239659721e-06    1.2833558452e-04    9.7359644894e-03    4.1684238103e-02    2.1381501619e-01    0.0000000000e+00    9.9999999993e-01    0.0000000000e+00    3.4548277078e-06    1.0926755283e-07    2.2819635991e-02    1.9826168759e-01    1.6318223802e-04    0.0000000000e+00
  47.0100000    5.7269487077e-06    1.1573282694e-07   -1.2272585361e-06    1.2830474084e-04    9.7186537254e-03    4.1622111411e-02    2.2450744381e-01    0.0000000000e+00    9.9999999993e-01    0.0000000000e+00    3.4708876809e-06    1.1026750648e-07    2.2911882763e-02    2.0253046830e-01    1.6382895804e-04    0.0000000000e+00
  47.5100000    5.7268388502e-06    1.1374326806e-07   -1.2338410474e-06    1.2829394181e-04    9.7083785492e-03    4.1594152080e-02    2.2629524397e-01    0.0000000000e+00    9.9999999993e-01    0.0000000000e+00    3.4866209339e-06    1.0930494726e-07    2.3000647344e-02    2.0363566029e-01    1.6445812841e-04    0.0000000000e+00
  48.0100000    5.7325561417e-06    1.1073341457e-07   -1.2391912208e-06    1.2830642613e-04    9.7098435653e-03    4.1606684686e-02    2.2400010465e-01    0.0000000000e+00    9.9999999993e-01    0.0000000000e+00    3.5017457087e-06    1.0806424875e-07    2.3084304917e-02    2.0306579907e-01    1.6505092993e-04    0.0000000000e+00
  48.5100000    5.7407793275e-06    1.0952338195e-07   -1.2395593843e-06    1.2833341264e-04    9.7239362815e-03    4.1636408064e-02    2.2361290479e-01    0.0000000000e+00    9.9999999993e-01    0.0000000000e+00    3.5167115629e-06    1.0765767624e-07    2.3166278294e-02    2.0331343215e-01    1.6560651980e-04    0.0000000000e+00
  49.0100000    5.7466692670e-06    1.0939107418e-07   -1.2330691102e-06    1.2835924425e-04    9.7453642523e-03    4.1649013446e-02    2.2449674065e-01    0.0000000000e+00    9.9999999993e-01    0.0000000000e+00    3.5321042362e-06    1.0734509528e-07    2.3250833128e-02    2.0363523792e-01    1.6614874803e-04    0.0000000000e+00
  49.5100000    5.7469305721e-06    1.0872242315e-07   -1.2207131008e-06    1.2837040562e-04    9.7637313240e-03    4.1620942567e-02    2.2497060931e-01    0.0000000000e+00    9.9999999993e-01    0.0000000000e+00    3.5479562026e-06    1.0655401870e-07    2.3338304897e-02    2.0373110481e-01    1.6669905547e-04    0.0000000000e+00
  50.0100000    5.7413631416e-06    1.0747239904e-07   -1.2070381058e-06    1.2836304503e-04    9.7713301456e-03    4.1550434641e-02    2.2392570438e-01    0.0000000000e+00    9.9999999993e-01    0.0000000000e+00    3.5638165471e-06    1.0564228975e-07    2.3425497938e-02    2.0322762678e-01    1.6727973688e-04    0.0000000000e+00
  50.5100000    5.7323768084e-06    1.0588118860e-07   -1.1986714568e-06    1.2834467567e-04    9.7680144768e-03    4.1454181788e-02    2.1923082479e-01    0.0000000000e+00    9.9999999993e-01    0.0000000000e+00    3.5793130039e-06    1.0512181913e-07    2.3509513274e-02    2.0058752540e-01    1.6788795673e-04    0.0000000000e+00
  51.0100000    5.7231095935e-06    1.0438788908e-07   -1.1982153890e-06    1.2832958761e-04    9.7586419110e-03    4.1354141564e-02    2.1490329068e-01    0.0000000000e+00    9.9999999993e-01    0.0000000000e+00    3.5944786733e-06    1.0486000828e-07    2.3590143033e-02    1.9859409163e-01    1.6850909231e-04    0.0000000000e+00
  51.5100000    5.7157745135e-06    1.0336838745e-07   -1.2043514969e-06    1.2833095873e-04    9.7482143313e-03    4.1266008476e-02    2.1217257520e-01    0.0000000000e+00    9.9999999993e-01    0.0000000000e+00    3.6094560632e-06    1.0470137403e-07    2.3668158307e-02    1.9754690266e-01    1.6911581952e-04    0.0000000000e+00
  52.0100000    5.7112927531e-06    1.0258925526e-07   -1.2087329797e-06    1.2835374078e-04    9.7404742436e-03    4.1196731659e-02    2.1053413361e-01    0.0000000000e+00    9.9999999993e-01    0.0000000000e+00    3.6243805634e-06    1.0473016702e-07    2.3744631458e-02    1.9741212429e-01    1.6969468538e-04    0.0000000000e+00
  52.5100000    5.7095944090e-06    1.0222700602e-07   -1.2048780981e-06    1.2839185488e-04    9.7369359776e-03    4.1146514730e-02    2.1135416504e-01    0.0000000000e+00    9.9999999993e-01    0.0000000000e+00    3.6393752764e-06    1.0482648862e-07    2.3820794913e-02    1.9898300261e-01    1.7024147842e-04    0.0000000000e+00
  53.0100000    5.7101040705e-06    1.0206164639e-07   -1.1935464873e-06    1.2843156376e-04    9.7376653457e-03    4.1111920535e-02    2.1117902910e-01    0.0000000000e+00    9.9999999993e-01    0.0000000000e+00    3.6544660763e-06    1.0494759953e-07    2.3897247314e-02    1.9930297470e-01    1.7076910292e-04    0.0000000000e+00
  53.5100000    5.7121275913e-06    1.0176457554e-07   -1.1822239854e-06    1.2845943358e-04    9.7413168134e-03    4.1088269022e-02    2.1105892462e-01    0.0000000000e+00    9.9999999993e-01    0.0000000000e+00    3.6696919631e-06    1.0508129462e-07    2.3974443367e-02    1.9994254922e-01    1.7130385669e-04    0.0000000000e+00
  54.0100000    5.7150448642e-06    1.0171921583e-07   -1.1783301718e-06    1.2846991437e-04    9.7466393716e-03    4.1070860671e-02    2.1208232537e-01    0.0000000000e+00    9.9999999993e-01    0.0000000000e+00    3.6850302642e-06    1.0525429174e-07    2.4052104015e-02    2.0133369206e-01    1.7186227118e-04    0.0000000000e+00
  54.5100000    5.7185209159e-06    1.0168010362e-07   -1.1819321138e-06    1.2846797296e-04    9.7528545508e-03    4.1056645460e-02    2.1086732916e-01    0.0000000000e+00    9.9999999993e-01    0.0000000000e+00    3.7004296259e-06    1.0557208772e-07    2.4129520286e-02    2.0078673929e-01    1.7244626098e-04    0.0000000000e+00
  55.0100000    5.7224068123e-06    1.0172123447e-07   -1.1915336809e-06    1.2846595242e-04    9.7589743494e-03    4.1043892222e-02    2.0929220487e-01    0.0000000000e+00    9.9999999993e-01    0.0000000000e+00    3.7158852360e-06    1.0588257569e-07    2.4206269172e-02    1.9971896286e-01    1.7304574796e-04    0.0000000000e+00
  55.5100000    5.7266376214e-06    1.0196802884e-07   -1.2003549052e-06    1.2847680419e-04    9.7645722966e-03    4.1031851038e-02    2.0827242858e-01    0.0000000000e+00    9.9999999993e-01    0.0000000000e+00    3.7313112229e-06    1.0621117652e-07    2.4281618380e-02    1.9887327640e-01    1.7363619278e-04    0.0000000000e+00
  56.0100000    5.7312900836e-06    1.0211742722e-07   -1.2049265165e-06    1.2850687636e-04    9.7698498206e-03    4.1021342662e-02    2.0826710500e-01    0.0000000000e+00    9.9999999993e-01    0.0000000000e+00    3.7466735114e-06    1.0664839449e-07    2.4355503369e-02    1.9933740395e-01    1.7420279736e-04    0.0000000000e+00
  56.5100000    5.7364526541e-06    1.0236521280e-07   -1.2052415679e-06    1.2855204565e-04    9.7749151234e-03    4.1013687254e-02    2.0994668650e-01    0.0000000000e+00    9.9999999993e-01    0.0000000000e+00    3.7619877592e-06    1.0704294331e-07    2.4428435265e-02    2.0120274618e-01    1.7473955599e-04    0.0000000000e+00
  57.0100000    5.7421517816e-06    1.0260016150e-07   -1.2033715626e-06    1.2860005012e-04    9.7799877121e-03    4.1009808648e-02    2.1069259581e-01    0.0000000000e+00    9.9999999993e-01    0.0000000000e+00    3.7772356287e-06    1.0738185913e-07    2.4500739012e-02    2.0210216717e-01    1.7525468485e-04    0.0000000000e+00
  57.5100000    5.7483735166e-06    1.0274138488e-07   -1.2014839844e-06    1.2863783555e-04    9.7856116851e-03    4.1010004679e-02    2.1085240123e-01    0.0000000000e+00    9.9999999993e-01    0.0000000000e+00    3.7924578246e-06    1.0770889521e-07    2.4572925515e-02    2.0258319109e-01    1.7576988315e-04    0.0000000000e+00
  58.0100000    5.7550917457e-06    1.0294834247e-07   -1.2010609566e-06    1.2865892144e-04    9.7913657756e-03    4.1013966387e-02    2.1226227044e-01    0.0000000000e+00    9.9999999993e-01    0.0000000000e+00    3.8077140708e-06    1.0804080827e-07    2.4645317114e-02    2.0416957929e-01    1.7645264640e-04    0.0000000000e+00
  58.5100000    5.7623081961e-06    1.0308980375e-07   -1.2030874552e-06    1.2866655991e-04    9.7975791141e-03    4.1021179235e-02    2.1157793964e-01    0.0000000000e+00    9.9999999993e-01    0.0000000000e+00    3.8230341665e-06    1.0838929445e-07    2.4717796410e-02    2.0383978790e-01    1.7713712013e-04    0.0000000000e+00
  59.0100000    5.7700228158e-06    1.0327354668e-07   -1.2073137170e-06    1.2867146128e-04    9.8038817650e-03    4.1031061184e-02    2.0946880336e-01    0.0000000000e+00    9.9999999993e-01    0.0000000000e+00    3.8384011974e-06    1.0871636176e-07    2.4789907082e-02    2.0200183298e-01    1.7780768893e-04    0.0000000000e+00
  59.5100000    5.7782392338e-06    1.0347418236e-07   -1.2107900352e-06    1.2868584115e-04    9.8105376999e-03    4.1043373315e-02    2.0876531481e-01    0.0000000000e+00    9.9999999993e-01    0.0000000000e+00    3.8537825006e-06    1.0905704844e-07    2.4861280480e-02    2.0157364364e-01    1.7845620799e-04    0.0000000000e+00
  60.0100000    5.7869248909e-06    1.0361149869e-07   -1.2091612156e-06    1.2871663811e-04    9.8172844380e-03    4.1058115398e-02    2.0949023584e-01    0.0000000000e+00    9.9999999993e-01    0.0000000000e+00    3.8692065418e-06    1.0938993341e-07    2.4932242255e-02    2.0269369844e-01    1.7909835896e-04    0.0000000000e+00
  60.5100000    5.7959531008e-06    1.0375064217e-07   -1.2016642528e-06    1.2876093027e-04    9.8248595804e-03    4.1075004888e-02    2.1050544465e-01    0.0000000000e+00    9.9999999993e-01    0.0000000000e+00    3.8846668038e-06    1.0965178050e-07    2.5003127038e-02    2.0399371431e-01    1.7974984389e-04    0.0000000000e+00
  61.0100000    5.8051741746e-06    1.0384803405e-07   -1.1945884675e-06    1.2880794716e-04    9.8328762971e-03    4.1093657436e-02    2.1079723617e-01    0.0000000000e+00    9.9999999993e-01    0.0000000000e+00    3.9000607719e-06    1.0985184020e-07    2.5073691241e-02    2.0446945600e-01    1.8041101498e-04    0.0000000000e+00
  61.5100000    5.8145355675e-06    1.0395423971e-07   -1.1955134668e-06    1.2884591086e-04    9.8410561270e-03    4.1114095656e-02    2.1062646513e-01    0.0000000000e+00    9.9999999993e-01    0.0000000000e+00    3.9152471069e-06    1.1004499991e-07    2.5143275359e-02    2.0439365556e-01    1.8108458404e-04    0.0000000000e+00
  62.0100000    5.8241230641e-06    1.0402362064e-07   -1.2026377956e-06    1.2886828287e-04    9.8496452426e-03    4.1136864325e-02    2.1201189350e-01    0.0000000000e+00    9.9999999993e-01    0.0000000000e+00    3.9301871491e-06    1.1023236618e-07    2.5211605103e-02    2.0590199850e-01    1.8176211875e-04    0.0000000000e+00
  62.5100000    5.8339966758e-06    1.0411325616e-07   -1.2147032297e-06    1.2887672297e-04    9.8581820909e-03    4.1161959912e-02    2.1215393245e-01    0.0000000000e+00    9.9999999993e-01    0.0000000000e+00    3.9450021143e-06    1.1034838261e-07    2.5279206609e-02    2.0603189216e-01    1.8242607907e-04    0.0000000000e+00
  63.0100000    5.8440975589e-06    1.0423190913e-07   -1.2222644106e-06    1.2888009529e-04    9.8674981313e-03    4.1188473001e-02    2.0981063464e-01    0.0000000000e+00    9.9999999993e-01    0.0000000000e+00    3.9598726352e-06    1.1045518267e-07    2.5346938594e-02    2.0369839318e-01    1.8307470669e-04    0.0000000000e+00
  63.5100000    5.8543206319e-06    1.0433799278e-07   -1.2224377707e-06    1.2888968605e-04    9.8776484343e-03    4.1215421977e-02    2.0925495697e-01    0.0000000000e+00    9.9999999993e-01    0.0000000000e+00    3.9749273758e-06    1.1063484072e-07    2.5415475102e-02    2.0330373109e-01    1.8369588985e-04    0.0000000000e+00
  64.0100000    5.8646452126e-06    1.0448219616e-07   -1.2178697120e-06    1.2891264724e-04    9.8884294958e-03    4.1242827382e-02    2.1172756480e-01    0.0000000000e+00    9.9999999993e-01    0.0000000000e+00    3.9901400914e-06    1.1089125203e-07    2.5484747997e-02    2.0591947986e-01    1.8431842610e-04    0.0000000000e+00
  64.5100000    5.8752042518e-06    1.0458670301e-07   -1.2129756955e-06    1.2894718003e-04    9.8995908749e-03    4.1272113017e-02    2.1140896804e-01    0.0000000000e+00    9.9999999993e-01    0.0000000000e+00    4.0053759794e-06    1.1117870898e-07    2.5554200173e-02    2.0588160322e-01    1.8494223931e-04    0.0000000000e+00
  65.0100000    5.8861322292e-06    1.0467057381e-07   -1.2105155447e-06    1.2898506199e-04    9.9104953023e-03    4.1304784584e-02    2.1019445494e-01    0.0000000000e+00    9.9999999993e-01    0.0000000000e+00    4.0205248921e-06    1.1139966695e-07    2.5623484466e-02    2.0489676068e-01    1.8556503898e-04    0.0000000000e+00
  65.5100000    5.8974108821e-06    1.0474118118e-07   -1.2109285980e-06    1.2901628876e-04    9.9211178272e-03    4.1341072950e-02    2.1379185165e-01    0.0000000000e+00    9.9999999993e-01    0.0000000000e+00    4.0355417572e-06    1.1157784916e-07    2.5692547614e-02    2.0868745042e-01    1.8618841948e-04    0.0000000000e+00
  66.0100000    5.9088517865e-06    1.0469654314e-07   -1.2137356872e-06    1.2903396481e-04    9.9320778774e-03    4.1379660113e-02    2.1688204717e-01    0.0000000000e+00    9.9999999993e-01    0.0000000000e+00    4.0504804959e-06    1.1170943148e-07    2.5761743744e-02    2.1211244252e-01    1.8682357175e-04    0.0000000000e+00
  66.5100000    5.9201562615e-06    1.0476855241e-07   -1.2185663171e-06    1.2903750507e-04    9.9431676422e-03    4.1418144076e-02    2.1134018933e-01    0.0000000000e+00    9.9999999993e-01    0.0000000000e+00    4.0653672492e-06    1.1175512385e-07    2.5831049575e-02    2.0651493560e-01    1.8745461457e-04    0.0000000000e+00
  67.0100000    5.9311887787e-06    1.0491862123e-07   -1.2240533734e-06    1.2903359127e-04    9.9546270415e-03    4.1455167896e-02    2.0665621473e-01    0.0000000000e+00    9.9999999993e-01    0.0000000000e+00    4.0801815630e-06    1.1183835453e-07    2.5900080635e-02    2.0168163813e-01    1.8805388093e-04    0.0000000000e+00
  67.5100000    5.9420320693e-06    1.0512220007e-07   -1.2265853502e-06    1.2903231971e-04    9.9667911261e-03    4.1491060371e-02    2.0988435743e-01    0.0000000000e+00    9.9999999993e-01    0.0000000000e+00    4.0949494367e-06    1.1201293071e-07    2.5968846216e-02    2.0482459654e-01    1.8862840419e-04    0.0000000000e+00
  68.0100000    5.9528462069e-06    1.0532344944e-07   -1.2227924221e-06    1.2904087993e-04    9.9792536146e-03    4.1526999710e-02    2.1209951320e-01    0.0000000000e+00    9.9999999993e-01    0.0000000000e+00    4.1096913249e-06    1.1225183461e-07    2.6037515240e-02    2.0710357739e-01    1.8920889355e-04    0.0000000000e+00
  68.5100000    5.9637876439e-06    1.0548152646e-07   -1.2144912328e-06    1.2905923218e-04    9.9916979388e-03    4.1564410564e-02    2.1090776370e-01    0.0000000000e+00    9.9999999993e-01    0.0000000000e+00    4.1244205052e-06    1.1250463775e-07    2.6106384472e-02    2.0604020165e-01    1.8977038880e-04    0.0000000000e+00
  69.0100000    5.9749750020e-06    1.0565427715e-07   -1.2118301743e-06    1.2908091874e-04    1.0004143697e-02    4.1604540789e-02    2.1162949131e-01    0.0000000000e+00    9.9999999993e-01    0.0000000000e+00    4.1391410014e-06    1.1272996694e-07    2.6175750133e-02    2.0683148492e-01    1.9034106627e-04    0.0000000000e+00
  69.5100000    5.9864858709e-06    1.0573846094e-07   -1.2137078627e-06    1.2909784853e-04    1.0016651125e-02    4.1648213550e-02    2.1212444401e-01    0.0000000000e+00    9.9999999993e-01    0.0000000000e+00    4.1538384302e-06    1.1293076355e-07    2.6245707525e-02    2.0755932999e-01    1.9091140816e-04    0.0000000000e+00
  70.0100000    5.9982865352e-06    1.0576326502e-07   -1.2243618030e-06    1.2910436200e-04    1.0029248614e-02    4.1695196778e-02    2.1203756943e-01    0.0000000000e+00    9.9999999993e-01    0.0000000000e+00    4.1685045851e-06    1.1306957056e-07    2.6316214581e-02    2.0767337960e-01    1.9148415996e-04    0.0000000000e+00
  70.5100000    6.0101602239e-06    1.0588374626e-07   -1.2352169094e-06    1.2909929852e-04    1.0041661797e-02    4.1743723368e-02    2.1233075477e-01    0.0000000000e+00    9.9999999993e-01    0.0000000000e+00    4.1831131077e-06    1.1318438505e-07    2.6386945968e-02    2.0792187207e-01    1.9204338858e-04    0.0000000000e+00
  71.0100000    6.0218030185e-06    1.0607752238e-07   -1.2383886629e-06    1.2908667096e-04    1.0054191229e-02    4.1791318123e-02    2.1055804081e-01    0.0000000000e+00    9.9999999993e-01    0.0000000000e+00    4.1976618621e-06    1.1333908248e-07    2.6457659012e-02    2.0606928744e-01    1.9258902825e-04    0.0000000000e+00
  71.5100000    6.0330063795e-06    1.0631227773e-07   -1.2334738742e-06    1.2907418385e-04    1.0067099749e-02    4.1836271604e-02    2.0905531178e-01    0.0000000000e+00    9.9999999993e-01    0.0000000000e+00    4.2121854817e-06    1.1353423451e-07    2.6528403740e-02    2.0447309245e-01    1.9311365047e-04    0.0000000000e+00
  72.0100000    6.0438453167e-06    1.0649751850e-07   -1.2251914663e-06    1.2906894078e-04    1.0079873829e-02    4.1879082410e-02    2.1052443505e-01    0.0000000000e+00    9.9999999993e-01    0.0000000000e+00    4.2267079522e-06    1.1379689280e-07    2.6599315521e-02    2.0599692164e-01    1.9361968723e-04    0.0000000000e+00
  72.5100000    6.0546471892e-06    1.0665135599e-07   -1.2179331063e-06    1.2907276333e-04    1.0092507636e-02    4.1922240845e-02    2.1133558146e-01    0.0000000000e+00    9.9999999993e-01    0.0000000000e+00    4.2412212339e-06    1.1407326902e-07    2.6670486670e-02    2.0692953025e-01    1.9413204098e-04    0.0000000000e+00
  73.0100000    6.0657347094e-06    1.0683897476e-07   -1.2153147580e-06    1.2908122245e-04    1.0105084214e-02    4.1968318269e-02    2.1141842369e-01    0.0000000000e+00    9.9999999993e-01    0.0000000000e+00    4.2556820440e-06    1.1428728251e-07    2.6741865871e-02    2.0702574716e-01    1.9463570599e-04    0.0000000000e+00
  73.5100000    6.0771631975e-06    1.0698930774e-07   -1.2170426203e-06    1.2908674746e-04    1.0117598467e-02    4.2017957909e-02    2.1103491786e-01    0.0000000000e+00    9.9999999993e-01    0.0000000000e+00    4.2700531202e-06    1.1446115862e-07    2.6813392986e-02    2.0675590273e-01    1.9513553402e-04    0.0000000000e+00
  74.0100000    6.0886909653e-06    1.0708825338e-07   -1.2224744821e-06    1.2908261356e-04    1.0129863664e-02    4.2069518145e-02    2.1008081865e-01    0.0000000000e+00    9.9999999993e-01    0.0000000000e+00    4.2843231581e-06    1.1459383255e-07    2.6885021476e-02    2.0586211200e-01    1.9564621256e-04    0.0000000000e+00
  74.5100000    6.1000152732e-06    1.0735142849e-07   -1.2287177379e-06    1.2906699833e-04    1.0141579327e-02    4.2120673607e-02    2.1043782101e-01    0.0000000000e+00    9.9999999993e-01    0.0000000000e+00    4.2984977324e-06    1.1470257986e-07    2.6956639261e-02    2.0587824815e-01    1.9629818138e-04    0.0000000000e+00
  75.0100000    6.1110261057e-06    1.0763999148e-07   -1.2334215685e-06    1.2904369419e-04    1.0153161054e-02    4.2170282421e-02    2.0828211920e-01    0.0000000000e+00    9.9999999993e-01    0.0000000000e+00    4.3126061738e-06    1.1489224571e-07    2.7028186097e-02    2.0354852928e-01    1.9729363195e-04    0.0000000000e+00
  75.5100000    6.1218295996e-06    1.0779384874e-07   -1.2349335344e-06    1.2901990204e-04    1.0164873209e-02    4.2218740248e-02    2.0733850278e-01    0.0000000000e+00    9.9999999993e-01    0.0000000000e+00    4.3266914527e-06    1.1510699965e-07    2.7099715841e-02    2.0267923042e-01    1.9825901924e-04    0.0000000000e+00
  76.0100000    6.1326067958e-06    1.0796937390e-07   -1.2326981349e-06    1.2900235248e-04    1.0176527899e-02    4.2267163501e-02    2.0991988109e-01    0.0000000000e+00    9.9999999993e-01    0.0000000000e+00    4.3407516567e-06    1.1528920511e-07    2.7171133052e-02    2.0518395165e-01    1.9918663955e-04    0.0000000000e+00
  76.5100000    6.1434931062e-06    1.0813567490e-07   -1.2274946204e-06    1.2899389931e-04    1.0188004241e-02    4.2316600192e-02    2.0957366539e-01    0.0000000000e+00    9.9999999993e-01    0.0000000000e+00    4.3547574980e-06    1.1550530802e-07    2.7242330782e-02    2.0489363884e-01    2.0011600114e-04    0.0000000000e+00
  77.0100000    6.1545014608e-06    1.0822965950e-07   -1.2220740434e-06    1.2899225340e-04    1.0199330948e-02    4.2367406316e-02    2.0965600470e-01    0.0000000000e+00    9.9999999993e-01    0.0000000000e+00    4.3687031228e-06    1.1571125256e-07    2.7313447356e-02    2.0518449839e-01    2.0107452610e-04    0.0000000000e+00
  77.5100000    6.1655333601e-06    1.0825520427e-07   -1.2205493934e-06    1.2899083573e-04    1.0210756680e-02    4.2419147495e-02    2.0968130140e-01    0.0000000000e+00    9.9999999993e-01    0.0000000000e+00    4.3825937285e-06    1.1583558612e-07    2.7384674993e-02    2.0537483821e-01    2.0205936817e-04    0.0000000000e+00
  78.0100000    6.1764775123e-06    1.0833280212e-07   -1.2246359687e-06    1.2898289029e-04    1.0222107948e-02    4.2471114369e-02    2.0950128157e-01    0.0000000000e+00    9.9999999993e-01    0.0000000000e+00    4.3964335689e-06    1.1591553488e-07    2.7456078607e-02    2.0512514518e-01    2.0303034665e-04    0.0000000000e+00
  78.5100000    6.1872862378e-06    1.0853653855e-07   -1.2326945385e-06    1.2896494469e-04    1.0233309249e-02    4.2522794013e-02    2.0913032948e-01    0.0000000000e+00    9.9999999993e-01    0.0000000000e+00    4.4102284885e-06    1.1606303989e-07    2.7527576539e-02    2.0465328829e-01    2.0396411036e-04    0.0000000000e+00
  79.0100000    6.1979706117e-06    1.0864375679e-07   -1.2406524562e-06    1.2893919902e-04    1.0244366023e-02    4.2573926633e-02    2.0695161662e-01    0.0000000000e+00    9.9999999993e-01    0.0000000000e+00    4.4239920406e-06    1.1628208839e-07    2.7599036829e-02    2.0270633825e-01    2.0485403742e-04    0.0000000000e+00
  79.5100000    6.2085505891e-06    1.0874571596e-07   -1.2444619573e-06    1.2891224552e-04    1.0255255517e-02    4.2624341515e-02    2.0705569496e-01    0.0000000000e+00    9.9999999993e-01    0.0000000000e+00    4.4377333027e-06    1.1643035704e-07    2.7670316695e-02    2.0283814761e-01    2.0569970618e-04    0.0000000000e+00
  80.0100000    6.2190394531e-06    1.0903913259e-07   -1.2433995306e-06    1.2889059041e-04    1.0266411390e-02    4.2674003516e-02    2.0879622170e-01    0.0000000000e+00    9.9999999993e-01    0.0000000000e+00    4.4514344962e-06    1.1656594126e-07    2.7741223036e-02    2.0427656166e-01    2.0651787577e-04    0.0000000000e+00
  80.5100000    6.2294645693e-06    1.0929710716e-07   -1.2401380394e-06    1.2887661144e-04    1.0277444418e-02    4.2723189605e-02    2.0877862935e-01    0.0000000000e+00    9.9999999993e-01    0.0000000000e+00    4.4650776691e-06    1.1681204885e-07    2.7811702136e-02    2.0427199436e-01    2.0734670190e-04    0.0000000000e+00
  81.0100000    6.2398502163e-06    1.0950363878e-07   -1.2385571001e-06    1.2886794168e-04    1.0288000153e-02    4.2772272660e-02    2.0882327587e-01    0.0000000000e+00    9.9999999993e-01    0.0000000000e+00    4.4786640205e-06    1.1704117915e-07    2.7881896595e-02    2.0434981710e-01    2.0821166621e-04    0.0000000000e+00
  81.5100000    6.2501860398e-06    1.0976978687e-07   -1.2408293655e-06    1.2885967436e-04    1.0298452115e-02    4.2821344424e-02    2.0915238134e-01    0.0000000000e+00    9.9999999993e-01    0.0000000000e+00    4.4921944056e-06    1.1718386783e-07    2.7951918872e-02    2.0442435736e-01    2.0909529118e-04    0.0000000000e+00
  82.0100000    6.2604389189e-06    1.1001930043e-07   -1.2462911694e-06    1.2884700224e-04    1.0309096709e-02    4.2870171060e-02    2.1006766342e-01    0.0000000000e+00    9.9999999993e-01    0.0000000000e+00    4.5056784056e-06    1.1733295807e-07    2.8021824896e-02    2.0513133364e-01    2.0996367346e-04    0.0000000000e+00
  82.5100000    6.2705707674e-06    1.1026772935e-07   -1.2521402135e-06    1.2882739026e-04    1.0319669976e-02    4.2918293463e-02    2.1020779509e-01    0.0000000000e+00    9.9999999993e-01    0.0000000000e+00    4.5191241207e-06    1.1752066146e-07    2.8091535573e-02    2.0519092607e-01    2.1080888101e-04    0.0000000000e+00
  83.0100000    6.2805566935e-06    1.1048500323e-07   -1.2552526643e-06    1.2880218948e-04    1.0329873505e-02    4.2965238094e-02    2.1010624036e-01    0.0000000000e+00    9.9999999993e-01    0.0000000000e+00    4.5325265355e-06    1.1769867366e-07    2.8160820643e-02    2.0504446503e-01    2.1163995552e-04    0.0000000000e+00
  83.5100000    6.2903748573e-06    1.1061227569e-07   -1.2536111798e-06    1.2877631808e-04    1.0340024890e-02    4.3010584255e-02    2.1122910917e-01    0.0000000000e+00    9.9999999993e-01    0.0000000000e+00    4.5459055412e-06    1.1782871589e-07    2.8229624169e-02    2.0620987282e-01    2.1245488173e-04    0.0000000000e+00
  84.0100000    6.2999883638e-06    1.1073537770e-07   -1.2473508931e-06    1.2875526188e-04    1.0350092695e-02    4.3053946947e-02    2.1273229747e-01    0.0000000000e+00    9.9999999993e-01    0.0000000000e+00    4.5592798463e-06    1.1793235141e-07    2.8297972472e-02    2.0768544386e-01    2.1325388224e-04    0.0000000000e+00
  84.5100000    6.3094318055e-06    1.1090771930e-07   -1.2396014441e-06    1.2874166432e-04    1.0359391655e-02    4.3095595704e-02    2.1325384134e-01    0.0000000000e+00    9.9999999993e-01    0.0000000000e+00    4.5726177007e-06    1.1807877312e-07    2.8365688112e-02    2.0803754460e-01    2.1406039247e-04    0.0000000000e+00
  85.0100000    6.3189107865e-06    1.1091729623e-07   -1.2354156155e-06    1.2873425358e-04    1.0368700244e-02    4.3137077796e-02    2.1289218847e-01    0.0000000000e+00    9.9999999993e-01    0.0000000000e+00    4.5858798719e-06    1.1829693001e-07    2.8432622347e-02    2.0788565960e-01    2.1489944423e-04    0.0000000000e+00
  85.5100000    6.3286510063e-06    1.1100274964e-07   -1.2378286816e-06    1.2872911096e-04    1.0379268402e-02    4.3180080250e-02    2.1348773272e-01    0.0000000000e+00    9.9999999993e-01    0.0000000000e+00    4.5990499290e-06    1.1846627387e-07    2.8498772613e-02    2.0862020251e-01    2.1576884867e-04    0.0000000000e+00
  86.0100000    6.3385929683e-06    1.1127879420e-07   -1.2451213410e-06    1.2872179529e-04    1.0391264630e-02    4.3224243864e-02    2.1429412143e-01    0.0000000000e+00    9.9999999993e-01    0.0000000000e+00    4.6121220797e-06    1.1861674766e-07    2.8564135714e-02    2.0950122553e-01    2.1664788957e-04    0.0000000000e+00
  86.5100000    6.3482263487e-06    1.1140743655e-07   -1.2530156105e-06    1.2870951903e-04    1.0403402669e-02    4.3265993367e-02    2.1412237569e-01    0.0000000000e+00    9.9999999993e-01    0.0000000000e+00    4.6251646804e-06    1.1875922987e-07    2.8629067891e-02    2.1002108790e-01    2.1752368477e-04    0.0000000000e+00
  87.0100000    6.3568136649e-06    1.1154705566e-07   -1.2590759618e-06    1.2869278659e-04    1.0413444263e-02    4.3300108628e-02    2.1436433125e-01    0.0000000000e+00    9.9999999993e-01    0.0000000000e+00    4.6382446496e-06    1.1876657351e-07    2.8693843431e-02    2.1063572189e-01    2.1838270081e-04    0.0000000000e+00
  87.5100000    6.3641352012e-06    1.1184748702e-07   -1.2634160951e-06    1.2867524868e-04    1.0419445510e-02    4.3324897603e-02    2.1697649086e-01    0.0000000000e+00    9.9999999993e-01    0.0000000000e+00    4.6513176182e-06    1.1880896571e-07    2.8758046204e-02    2.1263181922e-01    2.1923095499e-04    0.0000000000e+00
  88.0100000    6.3711002375e-06    1.1210650012e-07   -1.2651512064e-06    1.2866128950e-04    1.0422375497e-02    4.3346443595e-02    2.1985470971e-01    0.0000000000e+00    9.9999999993e-01    0.0000000000e+00    4.6643361065e-06    1.1908066867e-07    2.8821310107e-02    2.1518564644e-01    2.2008281307e-04    0.0000000000e+00
  88.5100000    6.3793301878e-06    1.1222690173e-07   -1.2623970386e-06    1.2865363369e-04    1.0426911968e-02    4.3375797153e-02    2.1949319586e-01    0.0000000000e+00    9.9999999993e-01    0.0000000000e+00    4.6773252201e-06    1.1943692663e-07    2.8883816239e-02    2.1550731859e-01    2.2095351529e-04    0.0000000000e+00
  89.0100000    6.3899022805e-06    1.1249698560e-07   -1.2552620808e-06    1.2865188866e-04    1.0437704192e-02    4.3420399255e-02    2.2001831423e-01    0.0000000000e+00    9.9999999993e-01    0.0000000000e+00    4.6903078723e-06    1.1985394108e-07    2.8945804682e-02    2.1619047080e-01    2.2185117018e-04    0.0000000000e+00
  89.5100000    6.4023453628e-06    1.1322960660e-07   -1.2473100504e-06    1.2865298121e-04    1.0456130386e-02    4.3477189015e-02    2.2442993138e-01    0.0000000000e+00    9.9999999993e-01    0.0000000000e+00    4.7033106339e-06    1.2042960987e-07    2.9007546647e-02    2.1963397251e-01    2.2277617308e-04    0.0000000000e+00
  90.0100000    6.4146905754e-06    1.1393869759e-07   -1.2435275318e-06    1.2865298457e-04    1.0477652401e-02    4.3532887024e-02    2.2629632138e-01    0.0000000000e+00    9.9999999993e-01    0.0000000000e+00    4.7163500139e-06    1.2084125501e-07    2.9069197210e-02    2.2111959512e-01    2.2371743481e-04    0.0000000000e+00
  90.5100000    6.4246887796e-06    1.1399790346e-07   -1.2456849585e-06    1.2864914475e-04    1.0495947137e-02    4.3572232338e-02    2.2544572705e-01    0.0000000000e+00    9.9999999993e-01    0.0000000000e+00    4.7293476968e-06    1.2072553472e-07    2.9130248290e-02    2.2071659578e-01    2.2466369773e-04    0.0000000000e+00
  91.0100000    6.4315063150e-06    1.1393077373e-07   -1.2510480430e-06    1.2864144902e-04    1.0505967300e-02    4.3589494471e-02    2.2571710469e-01    0.0000000000e+00    9.9999999993e-01    0.0000000000e+00    4.7421927503e-06    1.2043588872e-07    2.9189935223e-02    2.2063222751e-01    2.2560768126e-04    0.0000000000e+00
  91.5100000    6.4364786469e-06    1.1428325912e-07   -1.2550326688e-06    1.2863242387e-04    1.0507680694e-02    4.3593614473e-02    2.2706514459e-01    0.0000000000e+00    9.9999999993e-01    0.0000000000e+00    4.7548987332e-06    1.2053003716e-07    2.9248254490e-02    2.2085900771e-01    2.2654705491e-04    0.0000000000e+00
  92.0100000    6.4420994997e-06    1.1451598437e-07   -1.2548940393e-06    1.2862550016e-04    1.0506920557e-02    4.3601403145e-02    2.2783341408e-01    0.0000000000e+00    9.9999999993e-01    0.0000000000e+00    4.7676063092e-06    1.2083833811e-07    2.9306028671e-02    2.2115451543e-01    2.2748642204e-04    0.0000000000e+00
  92.5100000    6.4502096129e-06    1.1435191882e-07   -1.2515034072e-06    1.2862317995e-04    1.0510334010e-02    4.3625317374e-02    2.2829432748e-01    0.0000000000e+00    9.9999999993e-01    0.0000000000e+00    4.7803967816e-06    1.2093983395e-07    2.9363781320e-02    2.2173917012e-01    2.2843633792e-04    0.0000000000e+00
  93.0100000    6.4610218017e-06    1.1413741421e-07   -1.2481011784e-06    1.2862574023e-04    1.0520240656e-02    4.3666879390e-02    2.2866998261e-01    0.0000000000e+00    9.9999999993e-01    0.0000000000e+00    4.7932044922e-06    1.2103836046e-07    2.9421189555e-02    2.2255860232e-01    2.2940769896e-04    0.0000000000e+00
  93.5100000    6.4734152734e-06    1.1398524446e-07   -1.2475169622e-06    1.2863110385e-04    1.0535711949e-02    4.3718644456e-02    2.2900283517e-01    0.0000000000e+00    9.9999999993e-01    0.0000000000e+00    4.8060087091e-06    1.2133523531e-07    2.9478226221e-02    2.2366322208e-01    2.3040462516e-04    0.0000000000e+00
  94.0100000    6.4857635348e-06    1.1404331013e-07   -1.2506441888e-06    1.2863624634e-04    1.0553807692e-02    4.3769746802e-02    2.2913974056e-01    0.0000000000e+00    9.9999999993e-01    0.0000000000e+00    4.8188605336e-06    1.2155050672e-07    2.9535280260e-02    2.2412612515e-01    2.3142134686e-04    0.0000000000e+00
  94.5100000    6.4967496307e-06    1.1417278153e-07   -1.2575674627e-06    1.2863843184e-04    1.0570613927e-02    4.3811355331e-02    2.2907710631e-01    0.0000000000e+00    9.9999999993e-01    0.0000000000e+00    4.8317296223e-06    1.2161094893e-07    2.9592186726e-02    2.2398354152e-01    2.3244579994e-04    0.0000000000e+00
  95.0100000    6.5058930689e-06    1.1427201042e-07   -1.2674263745e-06    1.2863679304e-04    1.0584035052e-02    4.3840205253e-02    2.2940116618e-01    0.0000000000e+00    9.9999999993e-01    0.0000000000e+00    4.8445279787e-06    1.2170112129e-07    2.9648370553e-02    2.2419361599e-01    2.3346709980e-04    0.0000000000e+00
  95.5100000    6.5135306259e-06    1.1454930797e-07   -1.2768296332e-06    1.2863267283e-04    1.0594079502e-02    4.3858487554e-02    2.2991724080e-01    0.0000000000e+00    9.9999999993e-01    0.0000000000e+00    4.8571848353e-06    1.2188295723e-07    2.9703331733e-02    2.2443455571e-01    2.3448123821e-04    0.0000000000e+00
  96.0100000    6.5203830977e-06    1.1462679187e-07   -1.2799280846e-06    1.2862891657e-04    1.0602224251e-02    4.3870985468e-02    2.2967516588e-01    0.0000000000e+00    9.9999999993e-01    0.0000000000e+00    4.8697293014e-06    1.2208575123e-07    2.9757194481e-02    2.2429298517e-01    2.3549184338e-04    0.0000000000e+00
  96.5100000    6.5270955452e-06    1.1463752379e-07   -1.2730828284e-06    1.2862838753e-04    1.0610084141e-02    4.3882039590e-02    2.2982019603e-01    0.0000000000e+00    9.9999999993e-01    0.0000000000e+00    4.8822903561e-06    1.2219271308e-07    2.9810745884e-02    2.2448177399e-01    2.3650722322e-04    0.0000000000e+00
  97.0100000    6.5340813699e-06    1.1480199425e-07   -1.2596222674e-06    1.2863238138e-04    1.0618397381e-02    4.3894523602e-02    2.3013417841e-01    0.0000000000e+00    9.9999999993e-01    0.0000000000e+00    4.8949380319e-06    1.2238276324e-07    2.9864479144e-02    2.2480058941e-01    2.3753634430e-04    0.0000000000e+00
  97.5100000    6.5415663965e-06    1.1477027101e-07   -1.2486708076e-06    1.2863978913e-04    1.0627519210e-02    4.3910105215e-02    2.3066764827e-01    0.0000000000e+00    9.9999999993e-01    0.0000000000e+00    4.9076936860e-06    1.2269572940e-07    2.9918630597e-02    2.2582502987e-01    2.3858495514e-04    0.0000000000e+00
  98.0100000    6.5495116580e-06    1.1487721325e-07   -1.2473496309e-06    1.2864763367e-04    1.0637503263e-02    4.3928657087e-02    2.3130803101e-01    0.0000000000e+00    9.9999999993e-01    0.0000000000e+00    4.9205103965e-06    1.2287374477e-07    2.9973009213e-02    2.2649984451e-01    2.3965231453e-04    0.0000000000e+00
  98.5100000    6.5576546811e-06    1.1503540885e-07   -1.2546475081e-06    1.2865283536e-04    1.0648285643e-02    4.3948471313e-02    2.3092556498e-01    0.0000000000e+00    9.9999999993e-01    0.0000000000e+00    4.9332652111e-06    1.2302240744e-07    3.0026904003e-02    2.2611468680e-01    2.4073000681e-04    0.0000000000e+00
  99.0100000    6.5657247950e-06    1.1511498804e-07   -1.2636516486e-06    1.2865413583e-04    1.0659125866e-02    4.3967692062e-02    2.3114810540e-01    0.0000000000e+00    9.9999999993e-01    0.0000000000e+00    4.9459248025e-06    1.2327229151e-07    3.0080083551e-02    2.2657469062e-01    2.4180481038e-04    0.0000000000e+00
  99.5100000    6.5735746032e-06    1.1536495032e-07   -1.2679121076e-06    1.2865284434e-04    1.0669585195e-02    4.3985246670e-02    2.3134005424e-01    0.0000000000e+00    9.9999999993e-01    0.0000000000e+00    4.9585299094e-06    1.2354415375e-07    3.0132735174e-02    2.2674826824e-01    2.4286574276e-04    0.0000000000e+00
 100.0100000    6.5812157893e-06    1.1549432423e-07   -1.2657777668e-06    1.2865187293e-04    1.0679932142e-02    4.4001164018e-02    2.3072112922e-01    0.0000000000e+00    9.9999999993e-01    0.0000000000e+00    4.9711228292e-06    1.2376171369e-07    3.0185079842e-02    2.2621376373e-01    2.4391179046e-04    0.0000000000e+00
 100.5100000    6.5887463925e-06    1.1566965389e-07   -1.2600699314e-06    1.2865379186e-04    1.0690209113e-02    4.4016143547e-02    2.3118049890e-01    0.0000000000e+00    9.9999999993e-01    0.0000000000e+00    4.9837213125e-06    1.2391345042e-07    3.0237254039e-02    2.2657658042e-01    2.4495405883e-04    0.0000000000e+00
 101.0100000    6.5963019029e-06    1.1591947917e-07   -1.2550838400e-06    1.2865927570e-04    1.0700006682e-02    4.4031224560e-02    2.3183587138e-01    0.0000000000e+00    9.9999999993e-01    0.0000000000e+00    4.9963001381e-06    1.2416401232e-07    3.0289197456e-02    2.2720560396e-01    2.4600826229e-04    0.0000000000e+00
 101.5100000    6.6040005373e-06    1.1600129600e-07   -1.2538475511e-06    1.2866685873e-04    1.0709623583e-02    4.4047360683e-02    2.3190917067e-01    0.0000000000e+00    9.9999999993e-01    0.0000000000e+00    5.0088840668e-06    1.2446684342e-07    3.0341175484e-02    2.2757250114e-01    2.4708179921e-04    0.0000000000e+00
 102.0100000    6.6118105825e-06    1.1614067825e-07   -1.2569140980e-06    1.2867392400e-04    1.0719207961e-02    4.4064467229e-02    2.3173031730e-01    0.0000000000e+00    9.9999999993e-01    0.0000000000e+00    5.0214888863e-06    1.2464315511e-07    3.0393372782e-02    2.2740421324e-01    2.4816675670e-04    0.0000000000e+00
 102.5100000    6.6195922289e-06    1.1631038489e-07   -1.2625389856e-06    1.2867816389e-04    1.0728400669e-02    4.4081659943e-02    2.3184231055e-01    0.0000000000e+00    9.9999999993e-01    0.0000000000e+00    5.0340718630e-06    1.2480294414e-07    3.0445564004e-02    2.2749722516e-01    2.4924602672e-04    0.0000000000e+00
 103.0100000    6.6272679887e-06    1.1647160772e-07   -1.2678132000e-06    1.2867869649e-04    1.0737318369e-02    4.4098399140e-02    2.3214890488e-01    0.0000000000e+00    9.9999999993e-01    0.0000000000e+00    5.0466135533e-06    1.2507309947e-07    3.0497615380e-02    2.2796589646e-01    2.5030656090e-04    0.0000000000e+00
 103.5100000    6.6348795144e-06    1.1658982445e-07   -1.2700284663e-06    1.2867636330e-04    1.0746005811e-02    4.4114912188e-02    2.3152934108e-01    0.0000000000e+00    9.9999999993e-01    0.0000000000e+00    5.0591405346e-06    1.2536937957e-07    3.0549653611e-02    2.2757596663e-01    2.5134695144e-04    0.0000000000e+00
 104.0100000    6.6424697990e-06    1.1671738659e-07   -1.2679740228e-06    1.2867315712e-04    1.0754644654e-02    4.4131461536e-02    2.3119129474e-01    0.0000000000e+00    9.9999999993e-01    0.0000000000e+00    5.0716694551e-06    1.2554208624e-07    3.0601763633e-02    2.2723639408e-01    2.5237427313e-04    0.0000000000e+00
 104.5100000    6.6500357781e-06    1.1696578894e-07   -1.2627378705e-06    1.2867110469e-04    1.0763267500e-02    4.4148061060e-02    2.3149024577e-01    0.0000000000e+00    9.9999999993e-01    0.0000000000e+00    5.0841489506e-06    1.2569915060e-07    3.0653660258e-02    2.2736586324e-01    2.5339660965e-04    0.0000000000e+00
 105.0100000    6.6576110533e-06    1.1711273762e-07   -1.2575658500e-06    1.2867117313e-04    1.0772183843e-02    4.4165018164e-02    2.3120673777e-01    0.0000000000e+00    9.9999999993e-01    0.0000000000e+00    5.0965624127e-06    1.2601886696e-07    3.0705303849e-02    2.2734861600e-01    2.5441879379e-04    0.0000000000e+00
 105.5100000    6.6652361152e-06    1.1725172094e-07   -1.2562238254e-06    1.2867276582e-04    1.0781334709e-02    4.4182704572e-02    2.3104594346e-01    0.0000000000e+00    9.9999999993e-01    0.0000000000e+00    5.1089609647e-06    1.2630671326e-07    3.0757076257e-02    2.2738812487e-01    2.5544177077e-04    0.0000000000e+00
 106.0100000    6.6729096145e-06    1.1743738514e-07   -1.2602987175e-06    1.2867408654e-04    1.0790680098e-02    4.4201193596e-02    2.3067389050e-01    0.0000000000e+00    9.9999999993e-01    0.0000000000e+00    5.1213515520e-06    1.2645871059e-07    3.0809078589e-02    2.2695707495e-01    2.5646259929e-04    0.0000000000e+00
 106.5100000    6.6806407327e-06    1.1757287652e-07   -1.2675099880e-06    1.2867318851e-04    1.0799814064e-02    4.4220584273e-02    2.3051749552e-01    0.0000000000e+00    9.9999999993e-01    0.0000000000e+00    5.1337102523e-06    1.2664556277e-07    3.0861196060e-02    2.2687931498e-01    2.5747497946e-04    0.0000000000e+00
 107.0100000    6.6884872631e-06    1.1772920491e-07   -1.2730737876e-06    1.2866909946e-04    1.0808442643e-02    4.4241251353e-02    2.3073744247e-01    0.0000000000e+00    9.9999999993e-01    0.0000000000e+00    5.1460476995e-06    1.2690163199e-07    3.0913490299e-02    2.2719647741e-01    2.5847184999e-04    0.0000000000e+00
 107.5100000    6.6964741071e-06    1.1791644479e-07   -1.2734458670e-06    1.2866282052e-04    1.0816879423e-02    4.4263328617e-02    2.2987327776e-01    0.0000000000e+00    9.9999999993e-01    0.0000000000e+00    5.1583790934e-06    1.2714127034e-07    3.0966034023e-02    2.2633482805e-01    2.5945269125e-04    0.0000000000e+00
 108.0100000    6.7045512044e-06    1.1803331457e-07   -1.2690953961e-06    1.2865510014e-04    1.0825529023e-02    4.4286461952e-02    2.2896993831e-01    0.0000000000e+00    9.9999999993e-01    0.0000000000e+00    5.1707041595e-06    1.2734402011e-07    3.1018811527e-02    2.2551288695e-01    2.6041654644e-04    0.0000000000e+00
 108.5100000    6.7126348174e-06    1.1823754104e-07   -1.2637627416e-06    1.2864740197e-04    1.0834432014e-02    4.4310104467e-02    2.2933558154e-01    0.0000000000e+00    9.9999999993e-01    0.0000000000e+00    5.1830106929e-06    1.2757554730e-07    3.1071755326e-02    2.2589808474e-01    2.6136357609e-04    0.0000000000e+00
 109.0100000    6.7207034676e-06    1.1841312645e-07   -1.2612347098e-06    1.2864063627e-04    1.0843460484e-02    4.4334154540e-02    2.2938643498e-01    0.0000000000e+00    9.9999999993e-01    0.0000000000e+00    5.1952899719e-06    1.2787624932e-07    3.1124842788e-02    2.2614965608e-01    2.6229949297e-04    0.0000000000e+00
 109.5100000    6.7287833808e-06    1.1855179455e-07   -1.2628413898e-06    1.2863464143e-04    1.0852635901e-02    4.4358846333e-02    2.2818785908e-01    0.0000000000e+00    9.9999999993e-01    0.0000000000e+00    5.2075522129e-06    1.2813558092e-07    3.1178179970e-02    2.2513916514e-01    2.6322933909e-04    0.0000000000e+00
 110.0100000    6.7368960844e-06    1.1871724187e-07   -1.2673981487e-06    1.2862830184e-04    1.0861878163e-02    4.4384379944e-02    2.2721579513e-01    0.0000000000e+00    9.9999999993e-01    0.0000000000e+00    5.2197804599e-06    1.2833023790e-07    3.1231708604e-02    2.2421066408e-01    2.6415292080e-04    0.0000000000e+00
 110.5100000    6.7450635957e-06    1.1887395891e-07   -1.2725383299e-06    1.2862008416e-04    1.0871050404e-02    4.4410926816e-02    2.2786460617e-01    0.0000000000e+00    9.9999999993e-01    0.0000000000e+00    5.2319619391e-06    1.2852460974e-07    3.1285373599e-02    2.2488338386e-01    2.6506460627e-04    0.0000000000e+00
 111.0100000    6.7532977223e-06    1.1908912844e-07   -1.2757910737e-06    1.2860879404e-04    1.0879972286e-02    4.4438542343e-02    2.2858212719e-01    0.0000000000e+00    9.9999999993e-01    0.0000000000e+00    5.2441036983e-06    1.2873087673e-07    3.1339204079e-02    2.2551487457e-01    2.6595784999e-04    0.0000000000e+00
 111.5100000    6.7615974175e-06    1.1929922539e-07   -1.2753728226e-06    1.2859429438e-04    1.0888621451e-02    4.4467154506e-02    2.2764623014e-01    0.0000000000e+00    9.9999999993e-01    0.0000000000e+00    5.2562152865e-06    1.2896580761e-07    3.1393213581e-02    2.2455309580e-01    2.6682945818e-04    0.0000000000e+00
 112.0100000    6.7699463908e-06    1.1943451522e-07   -1.2714424962e-06    1.2857772070e-04    1.0897150044e-02    4.4496576775e-02    2.2694284717e-01    0.0000000000e+00    9.9999999993e-01    0.0000000000e+00    5.2683194096e-06    1.2922338771e-07    3.1447483438e-02    2.2397421313e-01    2.6768014118e-04    0.0000000000e+00
 112.5100000    6.7782970631e-06    1.1963140602e-07   -1.2667021263e-06    1.2856084920e-04    1.0905840959e-02    4.4526436422e-02    2.2773549254e-01    0.0000000000e+00    9.9999999993e-01    0.0000000000e+00    5.2804172412e-06    1.2942707916e-07    3.1501979297e-02    2.2476297411e-01    2.6851330242e-04    0.0000000000e+00
 113.0100000    6.7866210001e-06    1.1982571995e-07   -1.2644450242e-06    1.2854496930e-04    1.0914736344e-02    4.4556520868e-02    2.2783585238e-01    0.0000000000e+00    9.9999999993e-01    0.0000000000e+00    5.2924797680e-06    1.2965592114e-07    3.1556510891e-02    2.2493258734e-01    2.6933438488e-04    0.0000000000e+00
 113.5100000    6.7949527380e-06    1.1994565651e-07   -1.2656996356e-06    1.2853018132e-04    1.0923584611e-02    4.4587052619e-02    2.2648625092e-01    0.0000000000e+00    9.9999999993e-01    0.0000000000e+00    5.3045097295e-06    1.2991409267e-07    3.1611093104e-02    2.2380620066e-01    2.7014910192e-04    0.0000000000e+00
 114.0100000    6.8033470457e-06    1.2005770779e-07   -1.2680132224e-06    1.2851565356e-04    1.0932470939e-02    4.4618382301e-02    2.2600117803e-01    0.0000000000e+00    9.9999999993e-01    0.0000000000e+00    5.3165166419e-06    1.3008543295e-07    3.1665778369e-02    2.2340812068e-01    2.7095954091e-04    0.0000000000e+00
 114.5100000    6.8118298160e-06    1.2024980682e-07   -1.2677540226e-06    1.2850041601e-04    1.0941133553e-02    4.4650646237e-02    2.2645181578e-01    0.0000000000e+00    9.9999999993e-01    0.0000000000e+00    5.3284827336e-06    1.3021626492e-07    3.1720439152e-02    2.2372818667e-01    2.7176581642e-04    0.0000000000e+00
 115.0100000    6.8204147772e-06    1.2041935785e-07   -1.2651514945e-06    1.2848392296e-04    1.0949477925e-02    4.4683874235e-02    2.2632494101e-01    0.0000000000e+00    9.9999999993e-01    0.0000000000e+00    5.3403994621e-06    1.3042346405e-07    3.1774983915e-02    2.2358728490e-01    2.7256098858e-04    0.0000000000e+00
 115.5100000    6.8290772561e-06    1.2056645032e-07   -1.2642500535e-06    1.2846616958e-04    1.0957814911e-02    4.4717831834e-02    2.2586067310e-01    0.0000000000e+00    9.9999999993e-01    0.0000000000e+00    5.3522952920e-06    1.3065129365e-07    3.1829531529e-02    2.2317359416e-01    2.7334272701e-04    0.0000000000e+00
 116.0100000    6.8377533488e-06    1.2071199996e-07   -1.2681122406e-06    1.2844780185e-04    1.0966483087e-02    4.4752032177e-02    2.2522343882e-01    0.0000000000e+00    9.9999999993e-01    0.0000000000e+00    5.3641814473e-06    1.3083692791e-07    3.1884100425e-02    2.2258171576e-01    2.7411409464e-04    0.0000000000e+00
 116.5100000    6.8463958026e-06    1.2085257319e-07   -1.2748020848e-06    1.2842984332e-04    1.0975521965e-02    4.4786114146e-02    2.2584482590e-01    0.0000000000e+00    9.9999999993e-01    0.0000000000e+00    5.3760552985e-06    1.3102853385e-07    3.1938638042e-02    2.2327129460e-01    2.7487694916e-04    0.0000000000e+00
 117.0100000    6.8550167970e-06    1.2103494856e-07   -1.2792284121e-06    1.2841283408e-04    1.0984484564e-02    4.4820128044e-02    2.2604794908e-01    0.0000000000e+00    9.9999999993e-01    0.0000000000e+00    5.3879048763e-06    1.3125749678e-07    3.1993052731e-02    2.2354216299e-01    2.7563141364e-04    0.0000000000e+00
 117.5100000    6.8636821699e-06    1.2112633495e-07   -1.2783390437e-06    1.2839718252e-04    1.0993299784e-02    4.4854498633e-02    2.2479376962e-01    0.0000000000e+00    9.9999999993e-01    0.0000000000e+00    5.3997260753e-06    1.3147915619e-07    3.2047317167e-02    2.2248484039e-01    2.7638073009e-04    0.0000000000e+00
 118.0100000    6.8724135044e-06    1.2123031480e-07   -1.2741052428e-06    1.2838252632e-04    1.1002206046e-02    4.4889378866e-02    2.2514352440e-01    0.0000000000e+00    9.9999999993e-01    0.0000000000e+00    5.4115170994e-06    1.3160779561e-07    3.2101430290e-02    2.2284334514e-01    2.7713136429e-04    0.0000000000e+00
 118.5100000    6.8811785442e-06    1.2145222833e-07   -1.2711017242e-06    1.2836778725e-04    1.1010755314e-02    4.4924567937e-02    2.2566578212e-01    0.0000000000e+00    9.9999999993e-01    0.0000000000e+00    5.4232494844e-06    1.3174184779e-07    3.2155231205e-02    2.2320012431e-01    2.7788564380e-04    0.0000000000e+00
 119.0100000    6.8899666305e-06    1.2158464198e-07   -1.2721364559e-06    1.2835177615e-04    1.1019037201e-02    4.4959977976e-02    2.2491382618e-01    0.0000000000e+00    9.9999999993e-01    0.0000000000e+00    5.4349427088e-06    1.3197447313e-07    3.2208823016e-02    2.2255401986e-01    2.7863765139e-04    0.0000000000e+00
 119.5100000    6.8987551207e-06    1.2170782517e-07   -1.2758987540e-06    1.2833396506e-04    1.1027463984e-02    4.4995403173e-02    2.2463522003e-01    0.0000000000e+00    9.9999999993e-01    0.0000000000e+00    5.4466504228e-06    1.3216340905e-07    3.2262481988e-02    2.2233498147e-01    2.7937945279e-04    0.0000000000e+00
