# time  Re_m-2(R=8)  Im_m-2(R=8)  Re_m-1(R=8)  Im_m-1(R=8)  Re_m0(R=8)  Im_m0(R=8)  Re_m1(R=8)  Im_m1(R=8)  Re_m2(R=8)  Im_m2(R=8)  Re_m-2(R=16)  Im_m-2(R=16)  Re_m-1(R=16)  Im_m-1(R=16)  Re_m0(R=16)  Im_m0(R=16)  Re_m1(R=16)  Im_m1(R=16)  Re_m2(R=16)  Im_m2(R=16)
0.0000000000000000e+00  -7.3401021670793480e-05  1.8767908519624971e-07  1.5350402858300356e-07  1.5060449793094407e-07  6.0601299293592871e-05  -1.9744417409836546e-17  1.5350403011193191e-07  -1.5060449944887690e-07  -7.3401021670794768e-05  -1.8767908522872337e-07  -4.7782681409241753e-06  1.5064416997125985e-09  6.0624833345227420e-09  4.6217629580407048e-09  3.9279468424874035e-06  1.8749282736988301e-17  6.0624864834121927e-09  -4.6217660620506333e-09  -4.7782681408976445e-06  -1.5064416637723489e-09
8.0000000000000004e-01  -7.3364966082298914e-05  1.9218590316539352e-07  1.7071079496373026e-07  1.5334822351296489e-07  6.0611893013153896e-05  6.3395042736725236e-17  1.7071079506066471e-07  -1.5334822364375001e-07  -7.3364966081823301e-05  -1.9218590301485981e-07  -4.7783793624137707e-06  1.5091653088715861e-09  6.0787252376536679e-09  4.5861456044539083e-09  3.9281048355668230e-06  -5.9872039562421570e-17  6.0787250775611586e-09  -4.5861454701763336e-09  -4.7783793623888510e-06  -1.5091655041352486e-09
1.6000000000000001e+00  -7.3422924340788592e-05  1.9030053737408246e-07  2.4933928370167593e-08  1.5400855966844627e-07  6.0403320338434934e-05  -8.0975476254784256e-17  2.4933928457791457e-08  -1.5400855942338370e-07  -7.3422924340699864e-05  -1.9030053720641147e-07  -4.7783338167703573e-06  1.4984962485594377e-09  6.0045393244559458e-09  4.6154838627258956e-09  3.9279813331997984e-06  -2.0240118213208442e-17  6.0045392954788427e-09  -4.6154838838601618e-09  -4.7783338172938330e-06  -1.4984963407157893e-09
2.3999999999999901e+00  -7.3568154787850869e-05  1.8404967419025061e-07  1.5929954707553888e-07  1.4710174241533229e-07  6.0815904890649668e-05  1.3962067586066260e-17  1.5929954706562859e-07  -1.4710174261642837e-07  -7.3568154788164570e-05  -1.8404967417085686e-07  -4.7797374720876414e-06  1.5264734548672096e-09  5.5716252150611175e-09  4.6335369196095009e-09  3.9283162066480690e-06  -1.8239666729120762e-16  5.5716253975758594e-09  -4.6335364418351622e-09  -4.7797374719083262e-06  -1.5264737261929001e-09
3.1999999999999802e+00  -7.3188903170714830e-05  1.8343803414819039e-07  1.4500763050926102e-07  1.4869350854424552e-07  6.0355936256972924e-05  -1.1399282053875688e-16  1.4500763072403808e-07  -1.4869350881348765e-07  -7.3188903170572054e-05  -1.8343803418347575e-07  -4.7748050909481975e-06  1.3562974097494699e-09  8.0831927957523967e-09  4.4842646035297102e-09  3.9286094198787411e-06  -1.1243347217394081e-16  8.0831920933260789e-09  -4.4842645855743041e-09  -4.7748050918136297e-06  -1.3562971833494051e-09
3.9999999999999600e+00  -7.3294728706323602e-05  1.8878015492474497e-07  1.4690655639286985e-07  1.5094008122205083e-07  6.0498394998166183e-05  -1.2136004841617877e-16  1.4690655609786522e-07  -1.5094008140104911e-07  -7.3294728706483901e-05  -1.8878015485127203e-07  -4.7732432199656613e-06  1.9013486767672481e-09  3.5784188274474427e-09  4.9255583060526745e-09  3.9194437183119373e-06  -2.5381039185498670e-16  3.5784250992587491e-09  -4.9255579202567998e-09  -4.7732432201499655e-06  -1.9013474935105529e-09
4.7999999999999403e+00  -7.3212936152501997e-05  1.8847416275412651e-07  1.7545584824226517e-07  1.5163511578083162e-07  6.0494399328924576e-05  3.5786930263257376e-17  1.7545584849808267e-07  -1.5163511542739701e-07  -7.3212936152373153e-05  -1.8847416270424794e-07  -4.7922855158458496e-06  9.0454280127504858e-10  5.1929793625778154e-09  4.1860662096924216e-09  3.9377031872258548e-06  8.2816913433046886e-15  5.1930737273680887e-09  -4.1860616032911275e-09  -4.7922855148724384e-06  -9.0456296086018200e-10
5.5999999999999304e+00  -7.3354802846427322e-05  1.8338349239812704e-07  9.9490827769111351e-08  1.4675022450820810e-07  6.0479948003101030e-05  2.6936388876515598e-17  9.9490827834868213e-08  -1.4675022446012940e-07  -7.3354802846659599e-05  -1.8338349232705322e-07  -4.7700975537868726e-06  2.0786760278855948e-09  7.0603063532085137e-09  6.2948897295982245e-09  3.9255231892606652e-06  -3.3948069670711968e-14  7.0595672098739882e-09  -6.2949197911217302e-09  -4.7700975545469975e-06  -2.0786120541620808e-09
6.3999999999999098e+00  -7.3869859846161781e-05  1.8674178680920097e-07  1.7354562901657764e-07  1.4995057983069275e-07  6.1023212401693607e-05  -1.0473070054898832e-16  1.7354562914072557e-07  -1.4995058017111307e-07  -7.3869859845637867e-05  -1.8674178678723960e-07  -4.7215026410780585e-06  1.2979096911378742e-09  5.3120490758412197e-09  9.1617763217224311e-10  3.8780967419500238e-06  5.3920300788413396e-14  5.3143279283322933e-09  -9.1615649183118860e-10  -4.7215026438465654e-06  -1.2979650519934007e-09
7.1999999999998900e+00  -7.4164996227666770e-05  1.8668766505315347e-07  1.4031894403378334e-07  1.5138360405804666e-07  6.1189886540932774e-05  5.9267080607840607e-17  1.4031894430711748e-07  -1.5138360398852039e-07  -7.4164996226993630e-05  -1.8668766498279217e-07  -4.9074242976027378e-06  1.3332442005279436e-09  9.9787887784643975e-09  9.0704651755654376e-09  4.0363247888194683e-06  -1.2400926849179179e-13  9.9724441263162243e-09  -9.0702552364844054e-09  -4.9074242996571908e-06  -1.3331187323144718e-09
7.9999999999998703e+00  -7.3913182425204847e-05  1.8624223079049299e-07  1.6608428693167351e-07  1.5000278073027699e-07  6.1047124906746865e-05  -2.8795176209485559e-17  1.6608428622374031e-07  -1.5000278162560744e-07  -7.3913182426762886e-05  -1.8624223056886454e-07  -4.7396999797915114e-06  1.5952015823096595e-09  4.5425114655570111e-09  4.8330097090873540e-10  3.8953766073104676e-06  7.1717145396884397e-13  4.5607389454878346e-09  -4.8414608613345029e-10  -4.7397001070473731e-06  -1.5969651612045616e-09
8.7999999999998604e+00  -7.3126336542910162e-05  1.8475639284116169e-07  1.2295946517616269e-07  1.4907592655249704e-07  6.0314698806434816e-05  -2.0262968333167668e-16  1.2295946374399599e-07  -1.4907592434100304e-07  -7.3126336541245749e-05  -1.8475639165753395e-07  -4.6694928924228448e-06  1.9584742083734917e-09  -1.8253489468468564e-09  8.4977490407863524e-09  3.8369948750525169e-06  -2.8790985716791297e-12  -1.8588080498868610e-09  -8.4963416407117983e-09  -4.6694912290624519e-06  -1.9484199661171094e-09
9.5999999999998398e+00  -7.2919741623721701e-05  1.8943880705057882e-07  1.5666179002367394e-07  1.5070863072682480e-07  6.0223128298557172e-05  1.5346342826819625e-15  1.5666180995757453e-07  -1.5070864377875863e-07  -7.2919741627088447e-05  -1.8943881318453618e-07  -4.9767399245981735e-06  1.2290845818436363e-09  1.6766401414092787e-08  2.4755820063405231e-09  4.0892854781547470e-06  4.2728378422446359e-12  1.6769087044532315e-08  -2.4649169122311624e-09  -4.9767480430599124e-06  -1.2466019496394986e-09
1.0399999999999800e+01  -7.3311871148889032e-05  1.8779857238428533e-07  1.5746142804602272e-07  1.4988483503648235e-07  6.0516445750040477e-05  -8.0078790500859705e-15  1.5746134351513985e-07  -1.4988478217696133e-07  -7.3311871125253763e-05  -1.8779854545272396e-07  -4.8113098821985734e-06  1.6420312879500561e-09  1.1508602262815252e-08  4.3864556811656608e-09  3.9783938194464910e-06  -1.9511834274078365e-13  1.1567704729387191e-08  -4.4461279102920475e-09  -4.8113177487575977e-06  -1.6570170521004726e-09
1.1199999999999800e+01  -7.3452288180826683e-05  1.8704064480671460e-07  1.2958150465106365e-07  1.5028804323561164e-07  6.0631897298697024e-05  3.0087088965967065e-14  1.2958171535540174e-07  -1.5028822039114664e-07  -7.3452288292858987e-05  -1.8704074879046441e-07  -4.6572470449011381e-06  1.6385890224948208e-09  -2.7223976717000656e-09  6.0896057504141093e-09  3.8049488857164086e-06  -5.6943759222050087e-12  -2.7394237611351323e-09  -6.0932203946641824e-09  -4.6571983744501348e-06  -1.5520396340975413e-09
1.1999999999999799e+01  -7.4291216794393741e-05  1.8729630469581044e-07  1.5472229876343225e-07  1.5136549656122347e-07  6.1332562950698198e-05  -8.9364975411343811e-14  1.5472214020949987e-07  -1.5136496682795582e-07  -7.4291216382420741e-05  -1.8729596247133808e-07  -4.5442203303517257e-06  1.0432263045442906e-09  3.1922655932113999e-09  4.1723879497501564e-09  3.7429041946967743e-06  8.5590596496610618e-12  3.1061186168537351e-09  -3.9730129813671994e-09  -4.5442356682115057e-06  -1.1216951245759575e-09
1.2799999999999800e+01  -7.4206340934790925e-05  1.8730323109453672e-07  1.5160476536095778e-07  1.5150761576791130e-07  6.1248745564664172e-05  1.5754047156732206e-13  1.5160327847058418e-07  -1.5150887613611413e-07  -7.4206342226389480e-05  -1.8730411114259935e-07  -4.5622366956238092e-06  1.5337042382790129e-09  8.6862620386430194e-09  2.1596324263730419e-09  3.7434725818615733e-06  -2.1041353772506674e-11  8.7130604351716066e-09  -2.3006015205021990e-09  -4.5623333209349313e-06  -1.6030867251531478e-09
1.3599999999999801e+01  -7.3823999699354658e-05  1.8782810941276337e-07  1.5039586140958404e-07  1.5174523083037694e-07  6.0926039484981839e-05  1.1133389978460782e-13  1.5040367232171842e-07  -1.5174333800607947e-07  -7.3823996583867541e-05  -1.8782665543908224e-07  -4.7307282586435139e-06  1.5282948241096561e-09  2.0166038594451827e-09  3.6620970103680938e-09  3.8972453924253080e-06  3.0903386123763792e-11  2.1456300772631486e-09  -3.8066411774927129e-09  -4.7306184559684558e-06  -1.3431976882541043e-09
1.4399999999999700e+01  -7.3629485851764645e-05  1.8878895647983727e-07  1.4624300829504415e-07  1.5161928028508200e-07  6.0789229602937469e-05  -1.7733393859578525e-12  1.4622902922241447e-07  -1.5162079429272977e-07  -7.3629489954865913e-05  -1.8878934981992658e-07  -5.1552643596273359e-06  2.1764433479886824e-09  3.3352417094449094e-09  7.7211746906294279e-09  4.2286082911987641e-06  6.4596311751504765e-12  3.2538003811659377e-09  -7.5001196434138559e-09  -5.1553090778346750e-06  -2.2771119431327416e-09
1.5199999999999701e+01  -7.3874378644189670e-05  1.8932153092713550e-07  1.4855053960974258e-07  1.5183506690509929e-07  6.0985775275505279e-05  5.3454205432951785e-12  1.4853451482224790e-07  -1.5181285115991723e-07  -7.3874383637926729e-05  -1.8932239594688999e-07  -5.5339800005972685e-06  5.1331619718372730e-10  1.2994175345317297e-08  5.6403300497115949e-09  4.5575889145840203e-06  -5.3672569590964516e-11  1.2890136697939818e-08  -5.7120373379229956e-09  -5.5340238923934347e-06  -5.7345751067388158e-10
1.5999999999999700e+01  -7.3948481623248543e-05  1.8948135921139111e-07  1.5282655833542550e-07  1.5229141613328990e-07  6.1039171607443299e-05  -6.3520682378343956e-12  1.5286752051540660e-07  -1.5241530583782088e-07  -7.3948484794965176e-05  -1.8949378774246055e-07  -5.0385052721994438e-06  1.4568670445665296e-09  1.7296347422388450e-08  4.6430022151352716e-09  4.1418734701880216e-06  2.7710166835437173e-11  1.7374860916744133e-08  -4.6976278296464102e-09  -5.0384815956590682e-06  -1.4180900325620486e-09
1.6799999999999802e+01  -7.3996076562202176e-05  1.8976639771823065e-07  1.4883143877829545e-07  1.5256413539430027e-07  6.1087390093040179e-05  4.3207284134481326e-13  1.4888372908761213e-07  -1.5248914881301056e-07  -7.3996027042715006e-05  -1.8973727663176521e-07  -4.1596962007978372e-06  1.9580333483091964e-09  -7.4533253216940822e-09  6.7222878291771017e-09  3.4162005148351524e-06  3.2666895963030940e-11  -7.2310270440271437e-09  -6.6369389080613984e-09  -4.1596917559884265e-06  -1.9412210003288047e-09
1.7600000000000001e+01  -7.4188959696172427e-05  1.9007053463253129e-07  1.5025000630104163e-07  1.5308422249938686e-07  6.1242888279860943e-05  3.6433794352709351e-12  1.5014341224658313e-07  -1.5287207775184657e-07  -7.4189004412909427e-05  -1.9010054709777414e-07  -4.2486363369624250e-06  1.3907335614766245e-09  9.4329490669627747e-09  1.5565905592616887e-09  3.4880317349325799e-06  -1.6710766142044052e-11  9.3696612070033892e-09  -1.6219557787992496e-09  -4.2485835120567679e-06  -1.3797926284816651e-09
1.8400000000000102e+01  -7.4218936735405918e-05  1.9041403025051151e-07  1.5301095378743770e-07  1.5331513506387992e-07  6.1265593284332134e-05  -2.3575212114805521e-12  1.5300319755531873e-07  -1.5353040613598067e-07  -7.4219076162495868e-05  -1.9040716530559920e-07  -4.3499909417716292e-06  1.7101021694758788e-09  9.4809025869350092e-09  1.1828461915492552e-09  3.5833790249618559e-06  -1.3191845760347606e-11  9.3482686896767033e-09  -1.2112743744469564e-09  -4.3501374379524049e-06  -1.8147081198670935e-09
1.9200000000000198e+01  -7.4241992315613817e-05  1.9082790806502492e-07  1.5164177783464741e-07  1.5379320313456831e-07  6.1289397145455603e-05  4.2227085044831855e-12  1.5161748653644679e-07  -1.5373343855576078e-07  -7.4241983683924934e-05  -1.9076791792321284e-07  -4.7696868271450281e-06  2.3713806376399736e-09  1.5729761396319280e-09  6.0763947139279143e-09  3.9233390720433135e-06  8.0444693536155955e-12  1.7509289201654581e-09  -6.0213789400900493e-09  -4.7697450167862305e-06  -2.4719279134522579e-09
2.0000000000000298e+01  -7.4351802600998920e-05  1.9128778454067087e-07  1.5239587793112192e-07  1.5401991759988145e-07  6.1380458640304241e-05  -1.9870956359887894e-11  1.5242319813885675e-07  -1.5402387332348712e-07  -7.4352097106455237e-05  -1.9135068252122005e-07  -5.2627870758905692e-06  1.1924104846533439e-09  1.1084978565002233e-09  7.1891195642056929e-09  4.3342211065913485e-06  7.3526938253362094e-13  1.3269908932020259e-09  -7.2931783989878173e-09  -5.2625911129145120e-06  -1.0583227117619371e-09
2.0800000000000502e+01  -7.4420720838592276e-05  1.9154882662660556e-07  1.5313886114475084e-07  1.5424870386768112e-07  6.1435790652640700e-05  4.4379402270341556e-12  1.5343137110021381e-07  -1.5437545400065260e-07  -7.4420779704279042e-05  -1.9160906574207278e-07  -5.3256300914940856e-06  4.5314038231055909e-10  1.3368788052229922e-08  3.7742138510248891e-09  4.3670019151688604e-06  -7.3662036291872896e-12  1.3263982509506299e-08  -3.7246707715210231e-09  -5.3258533322032784e-06  -3.3537835363493904e-10
2.1600000000000598e+01  -7.4477559548599212e-05  1.9179715096122360e-07  1.5308376668317532e-07  1.5472301156244689e-07  6.1480849794739786e-05  -2.3588442737413200e-12  1.5316833177032657e-07  -1.5460014682340162e-07  -7.4477382391625145e-05  -1.9181839159413622e-07  -4.7394748044778221e-06  1.3762273751437066e-09  8.5408951497198627e-09  4.2068573322318991e-09  3.8882406801449228e-06  -2.5370626439829947e-11  8.4671060961926677e-09  -4.1321124164150482e-09  -4.7395455456508784e-06  -1.5538116123160722e-09
2.2400000000000698e+01  -7.4552201550660792e-05  1.9201477945040755e-07  1.5337736373600665e-07  1.5492382499933748e-07  6.1547752162009853e-05  -7.8407749276507353e-11  1.5353427044231330e-07  -1.5493836584739170e-07  -7.4552640313780338e-05  -1.9213011273946730e-07  -4.5167027827138392e-06  1.6005857984408610e-09  1.0882950257241533e-09  5.7191453880366744e-09  3.7246065002646802e-06  -3.8134893422975345e-11  1.2078953890779499e-09  -5.7603471941595786e-09  -4.5164449769373107e-06  -1.7492201438185319e-09
2.3200000000000799e+01  -7.4634516684100375e-05  1.9235714444107750e-07  1.5404096109308761e-07  1.5522115949123205e-07  6.1613996348963601e-05  -6.1085778706538567e-11  1.5456923561330910e-07  -1.5525272651942808e-07  -7.4634374339176848e-05  -1.9244419992912368e-07  -4.7050304411210084e-06  1.4017996694543673e-09  6.3541371470101111e-09  4.3035099013110376e-09  3.8699030267922254e-06  -4.9394531764060355e-11  6.1260276653314662e-09  -4.1010867172693302e-09  -4.7053686882048920e-06  -1.4660371319690295e-09
2.4000000000000998e+01  -7.4716612135819987e-05  1.9262246585608300e-07  1.5445112967192416e-07  1.5539802630712511e-07  6.1680033261201728e-05  -3.4328127991771289e-11  1.5502657163476578e-07  -1.5559456744902458e-07  -7.4716295409976463e-05  -1.9267000283309354e-07  -4.7410060875382960e-06  1.5589769008300819e-09  9.0255835958836421e-09  3.8789899956220884e-09  3.8907323592399450e-06  -6.6212245874807908e-11  9.1181744976019574e-09  -3.5211087898449018e-09  -4.7410649966698818e-06  -1.7855763169615668e-09
2.4800000000001098e+01  -7.4785314059085402e-05  1.9285495762687706e-07  1.5420435811067340e-07  1.5567658835512993e-07  6.1738624462750807e-05  -1.4961146189090733e-10  1.5533207637960281e-07  -1.5582995407693243e-07  -7.4785452710608106e-05  -1.9298834823231014e-07  -4.7302055879408555e-06  1.6464785382717023e-09  3.9842150533463503e-09  4.8874355364205366e-09  3.8930946528491604e-06  -7.0411872269761085e-11  4.0635142057288311e-09  -4.7531071562311522e-09  -4.7298270319886555e-06  -1.9162350962857912e-09
2.5600000000001199e+01  -7.4842421590389849e-05  1.9279859397700410e-07  1.5483724344628671e-07  1.5582427733753382e-07  6.1785609571421028e-05  -3.3779590192603934e-11  1.5550305403376686e-07  -1.5587349608926267e-07  -7.4842066076454691e-05  -1.9296862482205635e-07  -4.8347313172958335e-06  1.4233930443472821e-09  6.1064719812102749e-09  4.8373174303777688e-09  3.9758394133042752e-06  -1.0554193919429216e-10  5.9521107110621906e-09  -4.8352010360796036e-09  -4.8348188372143877e-06  -1.5859639293354182e-09
2.6400000000001299e+01  -7.4905796704022323e-05  1.9305273086552630e-07  1.5527265979978889e-07  1.5619075726629807e-07  6.1838369767445219e-05  -1.0765893261789099e-11  1.5543199449071757e-07  -1.5627364039294936e-07  -7.4905563296530787e-05  -1.9333451803026190e-07  -4.8188795086143593e-06  1.1009901862754139e-09  7.4741905571988189e-09  4.6887893857214123e-09  3.9587561846275459e-06  -1.1948438234322871e-10  7.6791979388358856e-09  -4.5298649054440452e-09  -4.8189965752717992e-06  -1.3164820655659419e-09
2.7200000000001499e+01  -7.4981193512347781e-05  1.9382824969905156e-07  1.5454869828206050e-07  1.5675237010713362e-07  6.1900603646725095e-05  -2.9756383833566266e-10  1.5723964745416243e-07  -1.5664739766296088e-07  -7.4981322335427642e-05  -1.9420426596393611e-07  -4.7562567513880436e-06  1.3671688585714300e-09  5.1102876472711384e-09  4.7931249174881280e-09  3.9119911120340786e-06  -9.6238067633557197e-11  5.5485192311524535e-09  -4.6508246240309129e-09  -4.7560527846613099e-06  -1.6129920779194418e-09
2.8000000000001599e+01  -7.5053816654923808e-05  1.9336004833736845e-07  1.5585835914585049e-07  1.5666167590760699e-07  6.1960532375790895e-05  1.8863136067400151e-11  1.5763140189974028e-07  -1.5676441400757597e-07  -7.5053229652955657e-05  -1.9376391990621708e-07  -4.7795387185629574e-06  1.4673148091493631e-09  5.9804450724160537e-09  4.6072929213836084e-09  3.9306074761166480e-06  -1.0025179473777669e-10  6.3230126347876536e-09  -4.4929224228462539e-09  -4.7795078031066704e-06  -1.8427741154810660e-09
2.8800000000001699e+01  -7.5109669284275504e-05  1.9351357180789264e-07  1.5619281820246827e-07  1.5689932975206190e-07  6.2006246004857695e-05  2.1477942738487108e-10  1.5582954153690344e-07  -1.5677534376479076e-07  -7.5108749097401988e-05  -1.9370393326548942e-07  -4.7870900442387966e-06  1.1010400993234543e-09  6.2672550500366294e-09  4.4938587278163875e-09  3.9351546404576221e-06  -1.4472372206466547e-10  6.3604464026411765e-09  -4.2928410142667188e-09  -4.7873477841780628e-06  -1.6590508310261953e-09
2.9600000000001799e+01  -7.5154261237958395e-05  1.9423731493739095e-07  1.5513588240412528e-07  1.5736709740703146e-07  6.2043233793824702e-05  -1.7394959699116287e-10  1.5665627691769743e-07  -1.5720297708093278e-07  -7.5154294698455762e-05  -1.9501548360111213e-07  -4.7694918629719815e-06  1.1399009395098655e-09  5.3159877073519718e-09  4.5846529408722931e-09  3.9211611179310698e-06  -2.1298448750711976e-10  5.1890782476562866e-09  -4.2922084786971759e-09  -4.7693984248587574e-06  -1.6591200616139828e-09
3.0400000000001999e+01  -7.5204381266136684e-05  1.9370289063450618e-07  1.5542629629323256e-07  1.5756792985429978e-07  6.2085890373975570e-05  -3.3220363300151335e-10  1.5775149237689769e-07  -1.5762497543457901e-07  -7.5205135148409698e-05  -1.9561199928972861e-07  -4.7703403939321498e-06  1.5787053346647785e-09  6.2198449924652505e-09  4.7804579896511988e-09  3.9211036249844073e-06  -2.8561183136942428e-10  6.4834907397757028e-09  -4.0363538413715897e-09  -4.7694878996190422e-06  -2.2264568435313711e-09
3.1200000000002099e+01  -7.5265195038473360e-05  1.9377511298480260e-07  1.5551309179282939e-07  1.5814105854288002e-07  6.2136738122598730e-05  -5.3148951539018709e-10  1.5751021721366139e-07  -1.5753542547872478e-07  -7.5265300527979840e-05  -1.9566806125051271e-07  -4.7786354320881999e-06  1.4288133118679413e-09  7.1407802609597538e-09  5.0263368392528605e-09  3.9297415536151053e-06  -6.9122565323994462e-11  7.0452740613801458e-09  -3.7942504662348087e-09  -4.7773950300043548e-06  -2.3292187223168432e-09
3.2000000000002203e+01  -7.5322748214437478e-05  1.9428741174360946e-07  1.5535543358812445e-07  1.5834319439552865e-07  6.2183329999587319e-05  -6.7234174343315531e-10  1.5751998635548623e-07  -1.5739286805763806e-07  -7.5322166887507375e-05  -1.9606748223374380e-07  -4.7822810716471590e-06  1.5434108556586119e-09  6.0072942946520738e-09  5.7502769547638919e-09  3.9345186328796632e-06  -2.2985425519922440e-11  5.4220341910877458e-09  -4.4327454887510706e-09  -4.7818472473005812e-06  -2.1434666224902298e-09
3.2800000000002001e+01  -7.5363705751422909e-05  1.9401435542956958e-07  1.5522147330908410e-07  1.5841031270717385e-07  6.2215653565784459e-05  -5.1416826343847090e-10  1.5702645519048445e-07  -1.5699193102602355e-07  -7.5363637360494992e-05  -1.9682717488563037e-07  -4.7791176601231940e-06  2.1132931730147355e-09  5.4091441792239249e-09  6.2607046228264071e-09  3.9301220309366333e-06  -4.3653165138436663e-10  6.8555555362221671e-09  -4.8814007499838108e-09  -4.7793473769277027e-06  -2.3552657379020077e-09
3.3600000000001899e+01  -7.5393896471564437e-05  1.9402939698241076e-07  1.5430758925064875e-07  1.5893722106817135e-07  6.2240686175558837e-05  -6.5457285271522555e-10  1.5676669783346234e-07  -1.5655712792022112e-07  -7.5393972820255546e-05  -1.9771799751220277e-07  -4.7720218562312085e-06  1.0343605391248597e-09  5.9542893215172072e-09  4.8120586848432661e-09  3.9233206661500701e-06  -3.6210467191783018e-10  6.6136115488585039e-09  -3.6442584535345431e-09  -4.7710903203466563e-06  -1.6675350508370258e-09
3.4400000000001697e+01  -7.5429585791246184e-05  1.9477580987828602e-07  1.5346971306012751e-07  1.5945746487066211e-07  6.2271468904976155e-05  -1.3977692990002277e-09  1.5737645325352077e-07  -1.5639169299325562e-07  -7.5429495505642809e-05  -1.9857608625143475e-07  -4.7709569426586406e-06  8.1990702659859974e-10  6.3093945071789041e-09  3.4091002019514252e-09  3.9202536667792650e-06  -1.7672015593722764e-10  4.3191562838525302e-09  -2.0507107031175851e-09  -4.7686507949366852e-06  -1.3990317443760458e-09
3.5200000000001602e+01  -7.5475930118251507e-05  1.9465998543784438e-07  1.5508723943049050e-07  1.6042006488455113e-07  6.2311381966262514e-05  -1.7030340062141940e-09  1.5708213005348920e-07  -1.5642352563222443e-07  -7.5475497234259387e-05  -1.9872820317235702e-07  -4.7786266651015101e-06  2.3471367342907504e-09  6.0520655705219047e-09  3.5890584637494374e-09  3.9242000343272321e-06  -4.1493262232230215e-10  5.0946717032400035e-09  -1.6556619085930821e-09  -4.7767730755604838e-06  -2.6122422504271291e-09
3.6000000000001400e+01  -7.5520398476413983e-05  1.9295478457595213e-07  1.5759323988578271e-07  1.6165501095638044e-07  6.2350439161513928e-05  -1.0428599261090410e-09  1.5480721931712809e-07  -1.5647536893989075e-07  -7.5519321982325181e-05  -1.9885185328122286e-07  -4.7840646591867160e-06  2.4193018068764118e-09  5.5468134954315560e-09  5.1027748663805556e-09  3.9330787610958350e-06  -5.6014249994644363e-10  5.9100743922693571e-09  -3.0722047532497172e-09  -4.7835540744613080e-06  -3.2786090866034612e-09
3.6800000000001198e+01  -7.5550846787123175e-05  1.9312787925174475e-07  1.5379824345285409e-07  1.6169089793328799e-07  6.2376541761244509e-05  -1.5547933584951341e-09  1.5492769945631930e-07  -1.5566626898199714e-07  -7.5550329662122084e-05  -2.0178617574094901e-07  -4.7794593752626508e-06  1.4513991509471871e-09  5.2301762722065886e-09  7.3764413801888203e-09  3.9352634663124447e-06  -7.2887484030582629e-10  5.3328988117378117e-09  -5.5111784646058278e-09  -4.7785389741631040e-06  -2.8390420893425669e-09
3.7600000000001103e+01  -7.5572559458925463e-05  1.9871935097970247e-07  1.4431642981568323e-07  1.6147151782028936e-07  6.2391067864356895e-05  -4.9417351008750698e-09  1.6232807783941750e-07  -1.5329906490881359e-07  -7.5571576166414938e-05  -2.0607631552979918e-07  -4.7704818284886237e-06  1.2236025388599941e-09  5.4835131238653386e-09  6.7324252532921418e-09  3.9282582208113362e-06  -7.4864765665340820e-10  4.8469415534013145e-09  -5.7080936503888806e-09  -4.7679904496871871e-06  -2.4687296298190954e-09
3.8400000000000901e+01  -7.5598201479360258e-05  2.0602334560348167e-07  1.4502301309543672e-07  1.6345627417056681e-07  6.2410071781453876e-05  -7.3343281487075163e-09  1.7033017297598234e-07  -1.5255155479175171e-07  -7.5590860651593314e-05  -2.0302565047377542e-07  -4.7699735764204061e-06  2.0921956572710650e-09  7.7925977778048283e-09  5.0203753299772704e-09  3.9242450130540917e-06  -5.7041398719356570e-10  6.4881827748921802e-09  -4.0682928217897235e-09  -4.7677576773439259e-06  -3.0567891958834504e-09
3.9200000000000799e+01  -7.5633135233326137e-05  2.1194245907577255e-07  1.6135691827067578e-07  1.6893953719884608e-07  6.2441177617145188e-05  -3.8728406771500867e-09  1.6578720888336509e-07  -1.5409167804838276e-07  -7.5616242324091974e-05  -1.9194383387810134e-07  -4.7792951861273135e-06  3.2111453704191861e-09  6.3118118099537754e-09  4.2303138244741233e-09  3.9300592353726965e-06  -5.3391574909316897e-10  5.0497728700765603e-09  -1.9501448636445906e-09  -4.7778613716840293e-06  -4.0975860571249368e-09
4.0000000000000597e+01  -7.5670736335345750e-05  2.2095918104817464e-07  1.7456602310347787e-07  1.7624290951541908e-07  6.2474978285484005e-05  2.6432632714375118e-09  1.5206238138340227e-07  -1.5538267316789965e-07  -7.5648402039448274e-05  -1.8629868680454338e-07  -4.7870684243021097e-06  3.3595764846634194e-09  5.2453788136651825e-09  4.0128353545694191e-09  3.9373804568103717e-06  -4.8735857504206112e-10  3.7610229875180501e-09  -1.5328776260702880e-09  -4.7847175029203287e-06  -4.5814749335455262e-09
4.0800000000000502e+01  -7.5702718462816721e-05  2.2781394430970078e-07  1.7837367804432553e-07  1.7618816266066928e-07  6.2501867627308964e-05  7.6999235976521090e-09  1.4913302567607102e-07  -1.5898731724112509e-07  -7.5683140254004035e-05  -1.9435955994974000e-07  -4.7856877287078927e-06  2.8556064737574092e-09  8.4904364142995229e-09  5.9183211099839230e-09  3.9398620583989893e-06  -3.6940638848732790e-10  6.6808093574029323e-09  -4.7641383806551753e-09  -4.7816804460286643e-06  -4.2595798467316976e-09
4.1600000000000300e+01  -7.5730680200884978e-05  2.1458576749693188e-07  1.9098708660545948e-07  1.6111791389338725e-07  6.2526168694666327e-05  1.3070721470253573e-08  1.6080681396413382e-07  -1.6713664699006755e-07  -7.5721186998321886e-05  -2.0441260846347726e-07  -4.7776620772469275e-06  3.0467240270032900e-09  6.1868944933174284e-09  6.8010353009252665e-09  3.9388197352315149e-06  -6.9255769926129672e-10  5.2061568067159364e-09  -5.5195063219697125e-09  -4.7732507446761658e-06  -4.1882034716150851e-09
4.2400000000000098e+01  -7.5761844489041490e-05  1.8563175875515708e-07  2.0877128597281177e-07  1.4302429514929330e-07  6.2558227474209438e-05  1.8990122756352994e-08  1.6764607847698327e-07  -1.7353709154730519e-07  -7.5756420947353334e-05  -2.0019361745046915e-07  -4.7748726325025773e-06  3.6903325628294654e-09  4.1986531170816406e-09  5.2270011783735463e-09  3.9360521657248894e-06  -1.2030994066384349e-09  3.2131435630206358e-09  -1.3819934329056368e-09  -4.7714228116819780e-06  -4.6907514284806761e-09
4.3200000000000003e+01  -7.5802420314333431e-05  1.7612835286238053e-07  2.0081371737196472e-07  1.4007750988995135e-07  6.2597775533071909e-05  1.7426038535871442e-08  1.6190164360301146e-07  -1.7070371539802437e-07  -7.5785971860201399e-05  -1.8569196221669952e-07  -4.7833607768731968e-06  3.1202059577157053e-09  6.2143560498664438e-09  3.6944129742642811e-09  3.9398114864920731e-06  -8.4440408527201834e-10  1.6033072344090027e-09  2.3452735193666457e-09  -4.7799803324544241e-06  -4.3155153972187208e-09
4.3999999999999801e+01  -7.5849061867313598e-05  1.9580710801991165e-07  1.6732161836802940e-07  1.4762066511283654e-07  6.2640337353080946e-05  3.8710978595173426e-09  1.6069894439994819e-07  -1.6841893734285059e-07  -7.5824001248435448e-05  -1.7769106050309925e-07  -4.7924367777685705e-06  1.6616484036514385e-09  6.8855605600205099e-09  3.6133004691463390e-09  3.9506940311067518e-06  1.6479995940429256e-10  -1.2109134561968829e-09  5.3686134494789986e-10  -4.7878341888504779e-06  -3.6891056854049508e-09
4.4799999999999699e+01  -7.5887466724361701e-05  2.0911643025166395e-07  1.4541674108982104e-07  1.4679889871055057e-07  6.2685945024125781e-05  -1.1972992256814005e-08  1.7267816962296813e-07  -1.7880251402959946e-07  -7.5879807964194881e-05  -1.8291867044794903e-07  -4.7927145164491380e-06  3.2342295082707132e-09  1.8597485974331203e-09  3.6558659618065682e-09  3.9568636939634293e-06  -2.4514900809603543e-10  4.7982334560533244e-11  -2.3286955130323342e-09  -4.7884628566333654e-06  -6.8374086388247128e-09
4.5599999999999497e+01  -7.5918069146416959e-05  1.9933552802485826e-07  1.4160189779175732e-07  1.3542620779031067e-07  6.2731141984898617e-05  -1.7532009058391044e-08  1.7604335247914474e-07  -1.8571178196614951e-07  -7.5948412677645107e-05  -1.9686007544937357e-07  -4.7884833244193059e-06  9.5582838857856157e-09  -4.6669768522165675e-09  1.5730834207416022e-09  3.9594746351483514e-06  -2.8481722293641801e-09  7.8966890167471297e-09  1.1365618512297452e-09  -4.7845889283419247e-06  -1.1391701140117829e-08
4.6399999999999302e+01  -7.5962596826506133e-05  1.9257831441496170e-07  1.2663170943822978e-07  1.3059129659975777e-07  6.2771268474239218e-05  -1.3483946236768505e-08  1.5737794903191612e-07  -1.7102397062776683e-07  -7.6016192157493895e-05  -2.1071008946361747e-07  -4.7883753992009831e-06  1.5635966070056478e-08  2.9741594659340623e-09  1.8523780763129126e-09  3.9644043224883085e-06  -3.8355516905856024e-09  1.6706860843288519e-08  3.6027896707301380e-09  -4.7801261325594819e-06  -7.8948229580206836e-09
4.7199999999999200e+01  -7.6031016796677077e-05  1.9757569163108874e-07  1.0356942376433785e-07  1.3951032044110258e-07  6.2823368921817864e-05  -8.0705957464517088e-09  1.4047459679413440e-07  -1.5376719096154582e-07  -7.6069559539836563e-05  -2.1337430828159226e-07  -4.7944672936517100e-06  1.9209012888728383e-08  1.9763172694471122e-08  8.1719254741733266e-09  3.9658445884035635e-06  2.6883674190646523e-12  1.1136358094419136e-08  -1.2340903654187371e-09  -4.7792770276354449e-06  3.6729993799051523e-09
4.7999999999998998e+01  -7.6108335889754674e-05  1.9008866920617853e-07  1.0539166539257227e-07  1.4890721495524742e-07  6.2899443646092894e-05  -1.8724561812618131e-09  1.4229447816337061e-07  -1.5704222464962144e-07  -7.6117630840188386e-05  -2.0426871586880033e-07  -4.8028878470290607e-06  2.4097991387763751e-08  2.7303522262254851e-08  1.5673946416385602e-08  3.9603019646661304e-06  5.7332238979676720e-09  -3.8917384284323040e-09  -7.6844726056200897e-09  -4.7835705254523714e-06  9.9315823211086037e-09
4.8799999999998903e+01  -7.6190098540909862e-05  1.7321974228085567e-07  1.2595866173314006e-07  1.4564624954584670e-07  6.2984551203741699e-05  8.5913694350074442e-09  1.4113645553102191e-07  -1.6573186974775750e-07  -7.6191093506417916e-05  -2.0181877654684645e-07  -4.8099006141278471e-06  2.5972494182866060e-08  2.5233796559476988e-08  1.1807230082862092e-08  3.9636935752954772e-06  1.0147919788580901e-08  -9.6287391825763033e-09  -9.3011513234469691e-09  -4.7955330253323274e-06  2.3635452878600636e-09
4.9599999999998701e+01  -7.6282276392940842e-05  1.7734126741329045e-07  1.3247499896921591e-07  1.2665381122891149e-07  6.3082402833021013e-05  1.9800497760572491e-08  1.2411768528946916e-07  -1.6693379510203494e-07  -7.6281727995187581e-05  -2.1787629049561521e-07  -4.8141613215224645e-06  1.1113683216074029e-08  3.1944740100570600e-08  -9.1250755867632688e-09  3.9929986587926108e-06  1.5374617907316729e-08  -3.2338424157498932e-09  -7.6075361787946480e-09  -4.8137897509709232e-06  -8.0670731288609161e-09
5.0399999999998499e+01  -7.6352030348864836e-05  1.9204987223228609e-07  1.3548383500689118e-07  9.7535077578484534e-08  6.3165143600888582e-05  2.6039344625567147e-08  1.1070779722466349e-07  -1.6691320677406314e-07  -7.6342911000170912e-05  -2.3785070223535844e-07  -4.8182494747333725e-06  -1.5170956885110599e-08  4.9050399784570988e-08  -2.5707240414201388e-08  4.0279923815960448e-06  2.0828347975243210e-08  6.9316438315930197e-09  -1.0268365701061048e-08  -4.8257470018194933e-06  -4.9302652293661297e-09
5.1199999999998397e+01  -7.6360341100910681e-05  1.7979582017044596e-07  1.5491541356877828e-07  8.4930662844843446e-08  6.3083624301267846e-05  2.4375623090782253e-08  8.8731843015283111e-08  -1.2532735866886430e-07  -7.6398855504696567e-05  -2.4353894962671139e-07  -4.8281466891898597e-06  -2.3019635996708655e-08  4.4646112873047868e-08  -1.9112632199375696e-08  4.0263056695728789e-06  1.7795141276383883e-08  1.1179410799652626e-08  -1.6347534917350974e-08  -4.8285623886958877e-06  8.6363460383522802e-09
5.1999999999998202e+01  -7.6339868383378337e-05  1.5308819084546869e-07  1.5734142043167263e-07  1.4072604894007430e-07  6.2769626737722140e-05  8.1206201879493533e-09  3.2018205786700212e-08  -4.0992035619774929e-09  -7.6500586136445006e-05  -2.2735716057744148e-07  -4.8381529600909317e-06  -4.4592053809143787e-09  9.3834065599770970e-09  -8.1597872634850829e-09  3.9930489224023626e-06  2.4101016989789703e-09  9.7000862330518859e-09  -1.8795656217037791e-08  -4.8349255800204873e-06  1.4948703519133574e-08
5.2799999999998100e+01  -7.6346895787172918e-05  1.5580056259491958e-07  1.3211499846088625e-07  2.8699927347885761e-07  6.2517592978523893e-05  -2.5393440673055718e-08  2.8960961389201694e-08  8.0591814058235022e-08  -7.6541101116066838e-05  -1.8051978741439147e-07  -4.8354806905919292e-06  8.7771670379747006e-09  -2.4642514598514117e-08  -1.8477941724701702e-08  4.0007262829385268e-06  -1.3929543160721983e-08  5.2593822776995569e-09  -1.5887521980619879e-08  -4.8528862595205661e-06  7.2882695450295407e-09
5.3599999999997898e+01  -7.6360923735699525e-05  1.8538013907437051e-07  1.5571327462006001e-07  4.2559041962109387e-07  6.2706494579516141e-05  -5.4371324992005616e-08  2.1104558629447625e-07  -4.4068354008518645e-08  -7.6371683451390755e-05  -1.1557862956885066e-07  -4.8287425314582095e-06  -2.4330296292418625e-09  -3.7507135127163369e-08  -3.7497754119290790e-08  4.0702860995059483e-06  -1.8184838810476416e-08  -2.1524483761254986e-09  -8.1017890601107793e-09  -4.8792887732798096e-06  -6.0848359926845539e-09
5.5999999999997399e+01  -7.6562125213579349e-05  2.4905114878828481e-07  3.2249670328157100e-07  -1.2781109622029155e-07  6.3511263155527462e-05  6.6830378080354884e-08  3.7117380504156358e-07  -4.1734545745017726e-07  -7.6593170055741261e-05  -2.4390074598026219e-07  -4.8889177566815137e-06  -1.2467723301815399e-08  -4.0085623412438012e-08  7.1720321271236890e-09  4.0294222913227327e-06  1.8315871146469783e-09  -9.1861390240653856e-09  8.7607979417038822e-09  -4.9203558002107106e-06  -1.1839671374429324e-08
5.6799999999997297e+01  -7.6800504213944925e-05  2.8810507754652534e-07  1.5126302355040789e-07  -6.6832005977596449e-08  6.3324915880263481e-05  7.0170897635539485e-08  6.7602594720268415e-08  -2.0265212811136947e-07  -7.6963878753923850e-05  -2.8835877450447993e-07  -4.8954792450313995e-06  -1.7538749404816999e-08  -3.1419731852623077e-08  -1.7255040016918587e-08  4.0693773949854740e-06  1.2197827597668246e-08  -3.5180475243982392e-08  2.6768193472965421e-08  -4.9230845885108819e-06  -1.2745528370892701e-08
5.7599999999997102e+01  -7.6970313458562211e-05  2.9176013861124913e-07  -1.4711432392930124e-08  2.0311133232337194e-07  6.3320409147746103e-05  1.4071018268001972e-08  -1.1224643683098914e-07  1.7486101037648892e-08  -7.7051715606512284e-05  -2.5717688142611564e-07  -4.9155999393513703e-06  -1.4807841302661765e-08  -3.1690049324818190e-08  -4.7546800580019983e-08  4.1578009896107026e-06  2.1927160463043547e-08  -5.8512534194294528e-08  3.3489527205188883e-08  -4.9268943135899892e-06  -2.6176259934700945e-08
5.8399999999997000e+01  -7.7050749890626309e-05  2.3668878066304758e-07  -4.8449542934266932e-08  3.7327341194076571e-07  6.3503532374544126e-05  -5.5846795100969750e-08  -9.5524137354711957e-08  1.2366894690296500e-07  -7.6976756450325559e-05  -1.9196462480132207e-07  -4.9263075236150019e-06  -8.8915770070140998e-09  -2.3512650063347167e-08  -5.8195233175934815e-08  4.1800459448859850e-06  2.5812768123607806e-08  -5.4979682767133432e-08  1.9046593916537617e-08  -4.9162142090245655e-06  -3.8509875698026619e-08
5.9199999999996798e+01  -7.7111400650003450e-05  1.6608034755091606e-07  6.4953200697733090e-08  3.2451399046787967e-07  6.3703366256733732e-05  -8.3824020823193804e-08  5.8762978544617126e-08  5.6524280205007874e-08  -7.6986350587929996e-05  -1.5287592746059200e-07  -4.8808844891816243e-06  -2.1647215351554448e-08  7.0408156522029622e-09  -4.2598748640063857e-08  3.9989255077566031e-06  2.0995103224921248e-08  -5.4902258626190951e-08  4.6290039767980125e-08  -4.9201946409203851e-06  -3.5990013554207888e-08
5.9999999999996597e+01  -7.7185353165143980e-05  1.3654815560817725e-07  2.1540284211420336e-07  2.0493094021324964e-07  6.3810099183973860e-05  -5.4088327059586779e-08  2.1275143128078930e-07  -9.9436504868056166e-08  -7.7133283376297926e-05  -1.7327001447392739e-07  -4.7921158761988467e-06  -4.0623508498005837e-08  2.1891055496094923e-08  2.1890473642822639e-08  3.6179791750782280e-06  1.7115310062723667e-09  -9.1355809371827330e-08  1.5507234002597899e-07  -4.9520941697295460e-06  -1.4822787128062916e-08
6.0799999999996501e+01  -7.7268533240797160e-05  1.4306112859439219e-07  2.7180410973807917e-07  1.4452937042971554e-07  6.3828985366753876e-05  -1.7506459693866807e-10  2.4377918190539931e-07  -1.9656460970083617e-07  -7.7300935007972355e-05  -2.2833444535659953e-07  -4.7110179662430447e-06  -3.1136423178649116e-08  2.0205863978714617e-09  1.5447481913049513e-07  3.3436080701168989e-06  -3.1828293102513383e-08  -8.0756612973515383e-08  2.2035743690790167e-07  -4.8922908444847256e-06  3.0302575666987588e-08
6.1599999999996299e+01  -7.7369544685772652e-05  1.4204432734945154e-07  2.1945845236793230e-07  1.1287179286704984e-07  6.3821032696228968e-05  3.6564348775277425e-08  1.6879953089425225e-07  -2.2027675255077611e-07  -7.7396531347468644e-05  -2.5392906853624587e-07  -4.6428777861443299e-06  2.7448434378790541e-09  1.6305732614865658e-08  2.6927653121420796e-07  3.5120196863750713e-06  -5.6090937570158608e-08  9.3808226969979609e-08  8.1992408387219002e-08  -4.6346963314535271e-06  8.6075219617687893e-08
6.2399999999996197e+01  -7.7489078127957272e-05  1.3420561170586741e-07  1.6434826125076061e-07  5.9483964506461626e-08  6.3855416236247215e-05  4.9007218404689003e-08  1.1470436380406782e-07  -2.5930409301341046e-07  -7.7435182565441626e-05  -2.2185134528235666e-07  -4.5781486992778776e-06  2.7135023433305821e-08  1.1252089830258630e-07  1.9439340130276130e-07  3.9918739018845302e-06  -3.8660518984179377e-08  3.3931064758666799e-07  -1.8429325495603994e-07  -4.3567296185029476e-06  9.9500814464283189e-08
6.3199999999996002e+01  -7.7589883540091383e-05  1.7932708241503363e-07  1.7959244474295892e-07  1.6841754067696124e-08  6.3963546805993060e-05  5.1334930473195340e-08  1.4227930317164476e-07  -3.0636955859680750e-07  -7.7491288106095873e-05  -1.7853496403796058e-07  -4.5728737286002341e-06  3.7200086761639569e-08  2.0047309524232405e-07  -8.6024588192630637e-08  4.2753916377877608e-06  1.9351685583961056e-08  3.9416167250509618e-07  -3.2594728643536856e-07  -4.3770383030554208e-06  3.5500246361319234e-08
6.3999999999995801e+01  -7.7637457764181909e-05  2.9857316446933036e-07  2.0632689606927309e-07  3.2158400342897100e-08  6.4107269030530182e-05  4.2851728412307010e-08  1.8233013673727271e-07  -2.7099989985219581e-07  -7.7605347329097842e-05  -1.8399062355116554e-07  -4.6855732700592376e-06  5.7371516585242093e-08  1.5115456372967056e-07  -3.0945944839649620e-07  4.1387811570528830e-06  7.0968335655890144e-08  1.6889555106443882e-07  -2.2769534859321774e-07  -4.7081086338827355e-06  -5.8023255732448251e-08
6.4799999999996203e+01  -7.7658601511719076e-05  3.8531072098080133e-07  1.6677530340811119e-07  1.0492478160644623e-07  6.4208722846586304e-05  1.6690665987948316e-08  1.6906009819567106e-07  -1.6845597967258602e-07  -7.7729494463204201e-05  -2.3032895540085868e-07  -4.8467348298112701e-06  8.7561592997051696e-08  -2.9940854320848235e-08  -2.2808077393906997e-07  3.8702633170914658e-06  6.6504834898780498e-08  -1.4301479675828892e-07  6.4812271763472261e-09  -4.9983290857565177e-06  -9.7777100977791139e-08
6.5599999999996697e+01  -7.7729711783449185e-05  3.1267002694794135e-07  9.6767372831670610e-08  2.0723771065823666e-07  6.4242098572231065e-05  -1.4835730542462307e-08  1.4286949726318048e-07  -1.1192466222402217e-07  -7.7804280835681454e-05  -2.5381711418066503e-07  -4.9261981587600984e-06  8.6960018664943090e-08  -1.9994688625994146e-07  5.3898229525635792e-08  3.7987301160168730e-06  4.8812034990702915e-09  -3.1249646929231306e-07  2.1768267511914296e-07  -4.9913598569680513e-06  -5.9596012184605137e-08
6.6399999999997107e+01  -7.7869688104332312e-05  1.4024358027650489e-07  7.3421910748865295e-08  2.9588513083695151e-07  6.4265090501090816e-05  -3.6225279122215315e-08  1.7132221717440575e-07  -1.3139231579112813e-07  -7.7853746794157236e-05  -2.2097691774916115e-07  -4.9082182932093383e-06  3.0782918215542726e-08  -2.2279785650813042e-07  2.2140146920898597e-07  3.9227658031861394e-06  -6.3743712624808327e-08  -2.7217369405772666e-07  2.9299283168961185e-07  -4.8181032302052163e-06  9.4409004871955598e-09
6.7199999999997502e+01  -7.8006722538501562e-05  6.5704455755901017e-08  9.3892438398680573e-08  3.1138317807195282e-07  6.4338049672984387e-05  -4.5819699111602959e-08  2.3687883129414763e-07  -1.5866125829074290e-07  -7.7944508172385029e-05  -1.6760792837634262e-07  -4.8677383187809096e-06  -4.0484684199068836e-08  -9.0480970066525622e-08  1.5891431635892402e-07  4.0416269921289380e-06  -8.4890888744184678e-08  -9.7955596370147810e-08  2.0048740629768219e-07  -4.7348629076086207e-06  4.6032919774986962e-08
6.7999999999997897e+01  -7.8092643902979964e-05  1.5384150814229290e-07  1.1538979309637490e-07  2.2948284791372241e-07  6.4455849515185484e-05  -4.0839855101285570e-08  2.6297768199953921e-07  -1.6321474255998853e-07  -7.8086983637860275e-05  -1.4923385721591347e-07  -4.8394313701482493e-06  -6.8622581163219352e-08  7.0754805257763807e-08  2.1741069252811288e-08  4.0451928503610071e-06  -4.8462754869699810e-08  6.2673741705134371e-08  3.4418470987629069e-08  -4.7876659192016579e-06  2.1977807177338985e-08
6.8799999999998306e+01  -7.8145475332336525e-05  2.7619638130994058e-07  1.3739434995191626e-07  1.1398714010680420e-07  6.4562634087704567e-05  -2.1048600067231464e-08  2.2780200795655001e-07  -1.7130655764243105e-07  -7.8217108088915246e-05  -1.7943895587920195e-07  -4.8204525548566022e-06  -5.6602622260208680e-08  1.2220410655950840e-07  -4.9511003075650455e-08  3.9743205422154644e-06  8.2405368015299669e-09  9.0706058269480770e-08  -6.8822030010924232e-08  -4.8528785909059875e-06  -3.2578159474615705e-08
6.9599999999998701e+01  -7.8203751912480612e-05  3.1027111783017764e-07  1.7779932566939341e-07  6.8018900995384365e-08  6.4630768129751465e-05  -4.7213335609880118e-09  1.9422817036333912e-07  -1.8793049394726887e-07  -7.8296500213835654e-05  -2.2331876968108394e-07  -4.8273355357743518e-06  -5.0741993301337364e-08  5.9241255844188445e-08  -7.7904082049988881e-08  3.9014984499463692e-06  4.4913687242594508e-08  1.2797063030781385e-08  -9.5299634855629838e-08  -4.8513905551616422e-06  -5.5959012604952296e-08
7.0399999999999096e+01  -7.8316907084943128e-05  2.5058804068309904e-07  2.2946460021010441e-07  1.1800756260543789e-07  6.4701696157171287e-05  -2.2016557984705512e-09  2.0486923390500137e-07  -1.9118366826833507e-07  -7.8376278312708989e-05  -2.4277305706723744e-07  -4.8508378602623972e-06  -5.3319038095508717e-08  -2.1267425784246849e-09  -1.1919890077035683e-07  3.8694648309354747e-06  5.5522863363519866e-08  -4.0823884153940640e-08  -1.2209968742388207e-07  -4.7978858861630734e-06  -2.3841369659875787e-08
7.1199999999999505e+01  -7.8461007293391253e-05  1.5650595332662755e-07  2.6487694068376522e-07  1.8224095589581092e-07  6.4782463848840391e-05  5.8133191070036271e-09  2.0049250376813653e-07  -1.7284805671893425e-07  -7.8460645206090328e-05  -2.3766543077540191e-07  -4.8371455334529303e-06  -4.6909628732879725e-09  6.0332131717832748e-09  -1.5103485564321160e-07  3.8933473252019294e-06  5.2446621931133837e-08  -1.6336194821281515e-08  -1.4709339334220099e-07  -4.7480979570129694e-06  1.9170357865391066e-08
7.1999999999999901e+01  -7.8486594350098035e-05  9.4770333616578666e-08  2.5850056142657084e-07  1.8137990096632601e-07  6.4782890936009624e-05  3.0798337395444333e-08  1.2321854972159604e-07  -1.4734530744624732e-07  -7.8431215569759751e-05  -2.2719295456644172e-07  -4.7718563496865574e-06  1.1271569099445284e-07  2.6777376390361900e-08  -1.2710701145965044e-07  3.9466143613377691e-06  3.6027024113374702e-08  2.0237145001028398e-08  -1.0046921524059360e-07  -4.7533416836491131e-06  1.6092371931517934e-08
7.2800000000000296e+01  -7.8475523044732780e-05  1.0039058754586721e-07  2.2071034564325292e-07  1.4161720109042485e-07  6.4779414067394519e-05  4.9781463190210274e-08  4.9422858806681588e-08  -1.3767585172729604e-07  -7.8407035358545095e-05  -2.0982583444966750e-07  -4.7095597158963661e-06  1.8771367646922695e-07  -4.3112924409201338e-09  -4.4556536217090830e-08  3.9655457400649131e-06  5.3597612535000366e-09  1.5993863416248200e-08  -1.4775744898486411e-09  -4.7919599875835208e-06  -2.6611429066097220e-08
7.3600000000000705e+01  -7.8859142369783495e-05  1.5378179821372590e-07  1.9519071557656489e-07  1.4047798643000707e-07  6.5098456717584195e-05  3.9254497714669165e-08  8.6727232114611235e-08  -1.4900400212770129e-07  -7.8826883642218621e-05  -1.8006353453304055e-07  -4.6988314811230612e-06  9.9950679821995163e-08  -6.2501121023710438e-08  6.2863580035600608e-08  3.9245510557434498e-06  -2.5018523816123905e-08  3.0255915591853061e-11  5.2613844887749941e-08  -4.7834675875441605e-06  -4.7778343801118097e-08
7.4400000000001199e+01  -7.9484203033738815e-05  2.1672642135543932e-07  1.9242400108187186e-07  1.8742576098273822e-07  6.5604482052636365e-05  5.1022644773634894e-09  1.9076177162217817e-07  -1.6020185418108846e-07  -7.9500352665993828e-05  -1.6203934338209793e-07  -4.7324152369259887e-06  -7.8208877706736775e-08  -9.1220206283549148e-08  1.4442165938805740e-07  3.8750136347029919e-06  -4.3841606521854527e-08  1.9247783190576241e-08  3.6731783618518362e-08  -4.7277764922474883e-06  -1.3555063751239164e-08
7.5200000000001594e+01  -7.9288677098734127e-05  2.6957751111699339e-07  1.7508818264041698e-07  2.2147798181480541e-07  6.5454628541531187e-05  -2.9351718714942335e-08  2.3247735595002624e-07  -1.6065894805139309e-07  -7.9327609126014827e-05  -1.7713201443813451e-07  -4.7768860103705793e-06  -1.4694068608601200e-07  -7.4994778516023727e-08  1.4704068646560501e-07  3.8724479965364611e-06  -5.1324774649222728e-08  7.0643140136815208e-08  6.9052596568959613e-09  -4.7259049521873858e-06  4.0347783481472915e-08
7.6000000000002004e+01  -7.8110702662461605e-05  2.9419633403367503e-07  1.3771042954924327e-07  2.0552185841350155e-07  6.4524249794126675e-05  -4.3091906975250921e-08  1.9169918581763001e-07  -1.6830629361732291e-07  -7.8140381228995794e-05  -2.0078219417099252e-07  -4.7896025681096660e-06  -5.0260238426940099e-08  -3.3474429282938406e-08  5.6162409528015959e-08  3.9138227214025671e-06  -4.2337749077211481e-08  9.8951163243262892e-08  -6.2460223451752853e-09  -4.7941690477674362e-06  5.6318274745887304e-08
7.6800000000002399e+01  -7.7663356413532658e-05  2.7077459011638366e-07  1.2350415644062993e-07  1.6415165395558891e-07  6.4182278229509950e-05  -3.0539924054270403e-08  1.4880676288329096e-07  -1.8934687426164332e-07  -7.7666825554519736e-05  -2.0013536669206892e-07  -4.7431413270194124e-06  7.4528635906700653e-08  1.0334524957129985e-08  -6.3879924410010814e-08  3.9446380885156232e-06  -1.7293747907414347e-08  6.8765752888853183e-08  -1.4806448011144523e-08  -4.8249661413730353e-06  2.2174579519243204e-08
7.7600000000002794e+01  -7.8996307594841891e-05  2.1593026753597531e-07  1.4373083898065435e-07  1.3449721314857246e-07  6.5255144211502235e-05  -7.8759326291204622e-09  1.4752984746902440e-07  -1.9975292030749930e-07  -7.8978866267294376e-05  -1.9010052362174307e-07  -4.6948304970878427e-06  1.0237781541295812e-07  4.7251833624528756e-08  -1.1008958449179510e-07  3.9320556318436132e-06  1.8862479337535077e-09  2.5945523426435458e-08  -2.2888440761216457e-08  -4.7942365026857624e-06  -2.2812715847459970e-08
7.8400000000003203e+01  -8.0430694992077371e-05  1.8088016722437364e-07  1.5800400894419201e-07  1.2487137989315919e-07  6.6380778423389520e-05  3.7861604253499588e-09  1.6994520109516226e-07  -1.8632869142267668e-07  -8.0415328210326845e-05  -2.0610838533407446e-07  -4.7378686933207991e-06  3.4447683919343356e-08  7.8203507736651705e-08  -5.5084555476974113e-08  3.9344078001265089e-06  4.0706079613692936e-09  1.7988949219365668e-08  -1.9834883985023036e-08  -4.7943771345532765e-06  -4.0770317089476649e-08
7.9200000000003598e+01  -7.9995902126857858e-05  1.9223834258066221e-07  1.3822602526740880e-07  1.2855060032159877e-07  6.6000692757988972e-05  3.0962164745153276e-09  1.8918624485438212e-07  -1.6722900582757005e-07  -8.0003140787133606e-05  -2.4402185435332771e-07  -4.8086480548382721e-06  -6.0788190557334487e-08  9.7687777279530514e-08  1.5700980010900050e-08  3.9635284756411424e-06  1.0647644675697997e-08  1.0339094649659733e-09  -2.5429588027266405e-09  -4.7981416867635160e-06  -3.3311113866551180e-08
8.0000000000003993e+01  -7.8524966388037311e-05  2.2175543325802212e-07  1.0302353650062818e-07  1.4724596006582635e-07  6.4825808761335724e-05  3.9180806922683494e-09  1.9163918142689839e-07  -1.5921613367288945e-07  -7.8555791604051714e-05  -2.6749114997810342e-07  -4.7390043358924034e-06  -1.1616601286340734e-07  9.5773898783465528e-08  1.8478011797560064e-08  3.8877742307742391e-06  3.4255695372886645e-08  -6.3812149522017353e-08  1.7395297646148969e-08  -4.6768239893493142e-06  -1.8271817980634988e-08
8.0800000000004403e+01  -7.8359971037488563e-05  2.2636471737552060e-07  9.2771608474117917e-08  1.7951143055069233e-07  6.4730151602979355e-05  1.1727318333166062e-08  1.8024183778978244e-07  -1.5734008353271285e-07  -7.8399942355502380e-05  -2.5926668798078667e-07  -4.6632497001696014e-06  -1.0197680251859724e-07  7.0003427738204363e-08  -2.1831810450398572e-08  3.7885734204115748e-06  5.1017378577899929e-08  -1.0993202491911303e-07  2.3347031203665536e-08  -4.5979501767602819e-06  3.8093041176460634e-09
8.1600000000004798e+01  -7.9849030091482299e-05  1.9937480716032008e-07  1.3069569353623688e-07  2.0335029747979604e-07  6.5948372536808367e-05  1.8811617521584979e-08  1.6998363667796644e-07  -1.5607550623419300e-07  -7.9877394178159048e-05  -2.3407027330043342e-07  -4.9721319796784034e-06  -4.0306781531434233e-08  3.0351782968874464e-08  -2.6936393038875236e-08  4.0408770854590524e-06  3.6432612876411784e-08  -7.0650833589208312e-08  1.4169102188426925e-08  -4.9495707134866687e-06  3.2508949633712971e-08
8.2400000000005207e+01  -8.0853523795082279e-05  1.6966910978014004e-07  1.9966163703204711e-07  1.9850655182616071e-07  6.6737305566230028e-05  1.8245370809106340e-08  1.6984522931156424e-07  -1.6432001060701469e-07  -8.0847759560835392e-05  -2.0827506992806405e-07  -5.4454713907749449e-06  2.7843360544931462e-08  -2.6786027134626071e-09  1.6416383422229102e-08  4.4865441997871054e-06  -1.8249650745481160e-09  1.1511323016339858e-08  5.5326559479458386e-09  -5.4712154998675479e-06  4.4698708030528035e-08
8.3200000000005701e+01  -7.9813452040872592e-05  1.6089630148015775e-07  2.5182370808776944e-07  1.7572293942414731e-07  6.5854704881118450e-05  1.1098683719058446e-08  1.7102818771880699e-07  -1.8597392208311929e-07  -7.9767522277558953e-05  -1.8025649629579089e-07  -5.1157534594875946e-06  7.8016511782325800e-08  -2.2383592889719887e-08  5.0861792265414633e-08  4.2464069633068678e-06  -3.6756779228224672e-08  5.0971651650499379e-08  1.0552552146343723e-09  -5.1610707770768824e-06  2.6143192781103115e-08
8.4000000000006096e+01  -7.8144726407366119e-05  1.7138979922305084e-07  2.5194575145876037e-07  1.5971189792261745e-07  6.4484642562423600e-05  1.5374166313915369e-09  1.5835292264766357e-07  -2.0411537801077804e-07  -7.8087172471364135e-05  -1.4827736061231952e-07  -3.9257741857931164e-06  9.3545608932377436e-08  -3.7433355469432362e-08  3.5694679631175617e-08  3.2473947648668502e-06  -4.6755324684436934e-08  2.8503174042282716e-08  -1.2570803905894343e-08  -3.9582238356998083e-06  2.2197514120045434e-09
8.4800000000006506e+01  -7.8369733287651379e-05  1.9433785584103353e-07  2.1276575935653977e-07  1.5604675645709020e-07  6.4692410621972131e-05  -7.7012549835987116e-09  1.4193370199414693e-07  -2.0053754932032962e-07  -7.8342374113582876e-05  -1.3573231572469208e-07  -3.4967265629977704e-06  6.1851562651434249e-08  -4.0924371773188931e-08  -1.0139720579272128e-08  2.8799882507756906e-06  -2.9677130731843335e-08  -7.7083804519083371e-09  -3.2263720849252505e-08  -3.5006122263737335e-06  1.3256335311975597e-09
8.5600000000006901e+01  -8.0320222544532651e-05  2.2615158297406983e-07  1.7509499306057151e-07  1.5975324861518924e-07  6.6313196393998165e-05  -1.4361886925773729e-08  1.5684101711068598e-07  -1.8167293136252497e-07  -8.0332966477129517e-05  -1.6845882450965621e-07  -4.7619378297617892e-06  2.9656645638218878e-09  -2.8178002986214790e-08  -4.5815853219341916e-08  3.9165908319803036e-06  -4.4033334222944847e-09  -1.8719588932720427e-08  -3.4904362732527959e-08  -4.7454943568032955e-06  9.1156459264327666e-09
8.6400000000007296e+01  -8.1328859890236413e-05  2.4868202405897992e-07  1.5447691832353724e-07  1.7358905274415519e-07  6.7155322700228345e-05  -1.6726541886783347e-08  1.9968277241154848e-07  -1.7001164466811622e-07  -8.1351269923001310e-05  -2.2292675986471401e-07  -6.0792517023495806e-06  -3.3001476067687738e-08  -2.1830185327096133e-08  -5.4268139513509907e-08  4.9913436962143748e-06  8.1649318401756929e-09  -5.6682193071778965e-09  -1.6154861202385228e-08  -6.0675661601791841e-06  -6.1587166609059510e-09
8.7200000000007705e+01  -8.0286881402708791e-05  2.4313316507590609e-07  1.4042122935625125e-07  1.8426296157264462e-07  6.6327580334682142e-05  -1.6186970693537801e-08  2.1768237299878531e-07  -1.7035440008174854e-07  -8.0294785641149820e-05  -2.4461698020650741e-07  -5.5378172851432888e-06  -2.0731283502362327e-08  -3.7315289268459922e-08  -4.1545631862739603e-08  4.5516229366384002e-06  7.4839726653925521e-09  1.5006209183780460e-08  7.4571834525382818e-10  -5.5506663241623376e-06  -4.0535113246673979e-08
8.8000000000008100e+01  -7.9089006587365217e-05  2.2318202291572443e-07  1.3684665379586606e-07  1.5870233029699616e-07  6.5361026056305551e-05  -1.3587970157707634e-08  1.9599016455598291e-07  -1.6162310392832963e-07  -7.9105629666651497e-05  -2.3038095412528009e-07  -3.9933466950548031e-06  1.0118651524381836e-08  -5.8616731481599513e-08  -1.4840224269506471e-08  3.2789436190538950e-06  7.5085680443727598e-09  2.5230578239192946e-08  2.4799635022787954e-09  -4.0293081589813392e-06  -5.9981607555807394e-08
8.8800000000008495e+01  -7.9473954036997734e-05  2.1482817188523803e-07  1.4916387608709619e-07  1.0499911850906064e-07  6.5647104198002281e-05  -2.7768859275098970e-09  1.7796572576913038e-07  -1.3299798367460896e-07  -7.9535657870596652e-05  -2.3242094890962954e-07  -3.7943637490785570e-06  1.5172550269041535e-08  -5.9798915991070663e-08  1.6609419599934978e-08  3.0904193278434136e-06  1.3941860817025083e-08  1.4257425696338374e-08  1.5651758681112325e-09  -3.8362568369073634e-06  -4.7989236250432970e-08
8.9600000000008905e+01  -8.0602501016885299e-05  2.1419758579477866e-07  1.6463924886070760e-07  9.2671155965810422e-08  6.6530729242290931e-05  2.0951406943648388e-08  1.8892836642789710e-07  -1.1449002891054068e-07  -8.0683901368478188e-05  -2.6177982837256921e-07  -5.2241709729258884e-06  -1.1663438919790787e-08  -2.2050430104501406e-08  3.3956562865553644e-08  4.2770832804471474e-06  1.9672167095648601e-08  -2.2850053510083773e-09  5.1283650753773406e-09  -5.2488300900606680e-06  -1.9283467630242992e-08
9.0400000000009300e+01  -8.0826733722675988e-05  2.0045140876982663e-07  1.8320938642897323e-07  1.6578323159739975e-07  6.6712266397796761e-05  4.3840129140635043e-08  2.0994705932422052e-07  -1.4538455497752435e-07  -8.0844655737167149e-05  -2.5502509754372689e-07  -6.0917517181008641e-06  -4.0372595638522936e-08  4.8781902438947146e-08  2.5807380874979872e-08  5.0293991430017208e-06  1.7995818184740962e-08  1.1113461051556996e-10  -1.6640085398312556e-09  -6.0778931131070800e-06  9.7462957284809469e-09
9.1200000000009794e+01  -8.0205022462527927e-05  1.7726398836783751e-07  2.0544483901197228e-07  2.6489800461299516e-07  6.6219757611181266e-05  4.0401564617083646e-08  2.0863757212001644e-07  -2.0920842013291622e-07  -8.0120446250230560e-05  -1.7837560038999762e-07  -4.9279578761256609e-06  -4.6548386066850651e-08  1.0071966859807872e-07  3.5363923106022952e-09  4.0588305337388394e-06  9.6651877037431787e-09  6.1426896445048162e-09  -2.4234885345838584e-08  -4.8766065424872941e-06  3.8979625726477744e-08
9.2000000000010203e+01  -7.9929246314948513e-05  1.7700029582843975e-07  2.0233516617267745e-07  2.8686064151423181e-07  6.5982440500405933e-05  4.5896009471007529e-09  1.7120379158945789e-07  -2.4010911563248444e-07  -7.9807268235951710e-05  -1.1146039639883465e-07  -3.2493128662610215e-06  -3.0777061104399234e-08  8.6103575930564539e-08  -1.4878504568896602e-08  2.6282886302266638e-06  -1.1074537622350757e-09  -1.5006518058033187e-08  -3.9884076603766553e-08  -3.1959393116604478e-06  6.5870811843917213e-08
9.2800000000010598e+01  -8.0354205664059307e-05  2.2085534682918770e-07  1.7598415979475695e-07  2.1507131927131127e-07  6.6303771526992432e-05  -3.8371725699085411e-08  1.3453301544214289e-07  -2.1451003510867041e-07  -8.0294089663608814e-05  -1.5121992150245383e-07  -3.4962802231653826e-06  -3.4658870666389649e-09  3.5371313235109377e-08  -2.2189858590412477e-08  2.8200382017097163e-06  -1.0597241179760109e-08  -3.4225070912471662e-08  -3.2030373309117183e-08  -3.4808678837353352e-06  6.9263485664212733e-08
9.3600000000010994e+01  -8.0848624663466158e-05  2.8008745105060517e-07  1.7563210801060873e-07  1.2878247177746551e-07  6.6724664749713371e-05  -5.7665101428221903e-08  1.4682585190438797e-07  -1.8144626120759482e-07  -8.0887716931176548e-05  -2.5499475260409153e-07  -5.3828267430728098e-06  2.4864788839586697e-08  3.5789174707472675e-09  -1.4627278284175749e-08  4.4082201882027394e-06  -1.6029266207919437e-08  -4.1938192293406518e-09  -1.6051987631468862e-08  -5.4064443508376010e-06  3.4106382733167477e-08
9.4400000000011403e+01  -8.0919596135781569e-05  2.9720373800883031e-07  1.9105132454998590e-07  8.5759688525207743e-08  6.6853814962183463e-05  -4.3078941970144828e-08  1.7666402996588035e-07  -1.7246324619797192e-07  -8.1023728457129890e-05  -2.8432700795716740e-07  -6.2692872794275310e-06  4.0770794049077455e-08  -1.5591665327741453e-08  4.7670548517480947e-09  5.1934891595317644e-06  -1.6869110076856086e-08  4.1301448773472468e-08  -9.1649359044882431e-09  -6.2968015690381246e-06  -1.6070896323583112e-08
9.5200000000011798e+01  -8.0676958339559590e-05  2.4987383287068876e-07  1.6180119077139138e-07  8.5771348045357899e-08  6.6700393522522872e-05  -3.7647635430481963e-09  1.5994144131568222e-07  -1.5912187464098332e-07  -8.0774685559672205e-05  -2.1030543248165420e-07  -5.1181266277967542e-06  3.6962784752621962e-08  -3.5910114201449315e-08  1.0182776809331564e-08  4.2846237361557865e-06  -1.5166130664971110e-08  4.3416595358922837e-08  -3.5459396758918357e-09  -5.1288757285419632e-06  -3.9512371321412812e-08
9.6000000000012193e+01  -8.0613458314465747e-05  1.6644043167570124e-07  1.1349683023163598e-07  1.3785501993502427e-07  6.6586634292324707e-05  4.1827593517056547e-08  1.2924909081076083e-07  -1.3714390769963223e-07  -8.0624788538007994e-05  -1.5239037015627379e-07  -3.8344527401527543e-06  2.1813921188430427e-08  -3.1454477606330716e-08  -2.3035638297932668e-08  3.2023828343220341e-06  -1.0512200320672214e-08  1.9012818418760557e-08  1.4108397581193098e-08  -3.8549147383986688e-06  -3.1206489738844084e-08
9.6800000000012602e+01  -8.1039153186033094e-05  9.3322762744067812e-08  1.2972733647439251e-07  2.3334672841858163e-07  6.6825309577610683e-05  6.7798896065399126e-08  1.6641318882385536e-07  -1.5571769805167810e-07  -8.0944070493396822e-05  -1.8967222469929269e-07  -4.1391399095849734e-06  9.2368161951298877e-09  -4.3542764697191124e-09  -7.0571851381280281e-08  3.3855426103926754e-06  2.7629561130748462e-09  1.3163294488363177e-08  3.7757495955199386e-08  -4.2025686940544332e-06  -2.8719108433613644e-08
9.7600000000012997e+01  -8.1504606702469606e-05  8.3245088753637007e-08  2.0642356016337081e-07  2.7472724649683516e-07  6.7199884338125019e-05  5.1241735182090373e-08  2.5151949896156392e-07  -2.1827501061940009e-07  -8.1402434407099665e-05  -2.5548934253552045e-07  -5.1903555527831624e-06  1.5408823710767093e-09  1.4300684939721230e-08  -6.7353935703437210e-08  4.2340187029810724e-06  2.5774945881556256e-08  2.9156629639440291e-08  4.0264098223742549e-08  -5.2674597743776301e-06  -4.5596869557867250e-08
9.8400000000013407e+01  -8.1360537086114034e-05  1.6766838611722704e-07  2.6108992502360396e-07  1.8832096170829059e-07  6.7205442639893141e-05  -2.3014566027558467e-09  2.7353070655799673e-07  -2.4946091304614592e-07  -8.1372631221667661e-05  -2.5209811236550406e-07  -5.3416746509257886e-06  -1.2816310082296881e-08  2.5789970581638432e-08  1.1800112729726801e-08  4.4012469673497265e-06  4.3600485588160884e-08  4.1373346184755694e-08  4.5605539705604141e-10  -5.3512123188203630e-06  -3.2849438630910591e-08
9.9200000000013802e+01  -8.0890201034037866e-05  2.9214950034985512e-07  2.4292979263537329e-07  7.5868805065982672e-08  6.6908965805121022e-05  -5.1686508210911145e-08  1.8149555209760090e-07  -2.0454368968551644e-07  -8.0988435450024811e-05  -1.7912656661464573e-07  -4.6369706784202143e-06  -3.4616512231516354e-08  3.1111495003563774e-08  9.6181599419211371e-08  3.8262400165888626e-06  3.5033817719039313e-08  1.9473863043767925e-08  -5.4369235527803813e-08  -4.5454927035961564e-06  4.0323061142605057e-08
1.0000000000001400e+02  -8.0914202334254065e-05  3.4145448642142869e-07  1.6846765957909425e-07  9.3207851108287219e-08  6.6853378480033953e-05  -5.6288003422910890e-08  6.9190676022892511e-08  -1.3859987796160539e-07  -8.0952903232896280e-05  -1.2004349157335630e-07  -4.2646785038517031e-06  -3.2796064473519242e-08  1.3968334720563309e-08  9.4971062223200511e-08  3.4620329308967232e-06  -1.7713345247421241e-09  -3.1616102240279116e-08  -6.9632467650575498e-08  -4.1411915498744057e-06  9.9826369182114888e-08
1.0080000000001500e+02  -8.1502371058544032e-05  2.7436228018734345e-07  1.0144986279761559e-07  2.1366934401856528e-07  6.7204939359102916e-05  -2.1649136642531613e-08  8.0522577802343026e-08  -1.3053771283245746e-07  -8.1431622092607218e-05  -1.4614062871606885e-07  -4.6025636043074648e-06  1.6427405264560701e-08  2.7260599105041664e-09  1.9784033981139810e-08  3.7090200979258196e-06  -4.2204532402802279e-08  -4.9272445769647692e-08  -4.5211908948937806e-08  -4.5482395865071510e-06  5.5268013043854611e-08
1.0160000000001500e+02  -8.2008021961468199e-05  1.7430768103951508e-07  1.0571936672488301e-07  2.6419985694207179e-07  6.7615633971426756e-05  7.2636429564258526e-09  2.2146079242909544e-07  -1.8182785865294408e-07  -8.1931460386293269e-05  -2.4729895095791856e-07  -5.0154484522735987e-06  7.5433857665654669e-08  2.3799761986588052e-08  -4.7997871480896827e-08  4.1080914953656953e-06  -5.7863921206308598e-08  -1.1324892292867712e-08  -2.7652713060202556e-08  -5.0675618492496642e-06  -4.6035367664331451e-08
1.0240000000001500e+02  -8.2013033597343863e-05  1.3786954595201060e-07  1.7144570765728026e-07  1.7757498720737728e-07  6.7720766692372968e-05  6.2334017197780251e-09  3.2874730034937989e-07  -2.2530797052643822e-07  -8.2018686723646657e-05  -3.4370191634623954e-07  -4.9840968770367611e-06  8.1643665992928948e-08  2.4221408665784162e-08  -8.1470057631866630e-08  4.1801872376979513e-06  -3.9305806016155075e-08  6.6921161083661811e-09  -1.9151583901637007e-08  -5.1012547893494189e-06  -7.2390294986288773e-08
1.0320000000001600e+02  -8.1674140488653416e-05  1.7190207981718890e-07  2.1613323057039790e-07  7.5659516508141625e-08  6.7495684755901290e-05  2.3678341351666773e-09  2.8135906782501626e-07  -2.1690077015090586e-07  -8.1731632483278513e-05  -3.5929625261628079e-07  -4.6392744606755815e-06  2.4390081261081142e-08  -2.4002374500831244e-08  -9.0208166728697524e-08  3.9116332431055864e-06  3.4348327836621393e-09  -2.8068277495676808e-08  1.0532811644080113e-08  -4.7375246718961551e-06  -2.9545727282928816e-09
1.0400000000001600e+02  -8.1468316006212232e-05  2.2420075208869217e-07  1.9527034894708370e-07  8.8626244923282364e-08  6.7298686305345703e-05  2.3510214371583969e-08  1.6120538484479285e-07  -1.7878376782001717e-07  -8.1515151522524679e-05  -2.8171514851593109e-07  -4.4922732149839175e-06  -5.8741972338806285e-08  -5.2178154283824550e-08  -4.2430377060028399e-08  3.6812001504890441e-06  4.9068120400173766e-08  -3.9585869385915936e-08  3.5729886758523179e-08  -4.4904505929672438e-06  5.1777631535128834e-08
1.0480000000001699e+02  -8.1727727976493118e-05  2.5921408176791942e-07  1.6229204417579201e-07  1.9221258042982487e-07  6.7484101186413042e-05  4.4699426792059985e-08  1.1592467158538897e-07  -1.5334240094070949e-07  -8.1751464735015957e-05  -1.6243795568166431e-07  -4.8128530420703840e-06  -1.2239709255776915e-07  -1.4496188155494622e-08  5.8919104736000460e-08  3.8379480510380166e-06  6.9875986860377222e-08  1.7823747878469381e-08  2.8270151896840132e-09  -4.7071395337629390e-06  2.0799644676765564e-08
1.0560000000001700e+02  -8.2237786897992654e-05  2.7055375725732212e-07  1.8097835080275776e-07  2.6415526964648037e-07  6.7907018455180769e-05  2.5025439527576409e-08  1.5063780351569388e-07  -1.5533877274170658e-07  -8.2249519257818375e-05  -7.9163419696300910e-08  -5.1445312642123456e-06  -1.1814093627503069e-07  5.1709890570963101e-08  1.0090150688083567e-07  4.1551939629407914e-06  4.5797534796501894e-08  8.9879542646917325e-08  -6.5537919728639590e-08  -5.0464546675958359e-06  -3.9013009676423577e-08
1.0640000000001800e+02  -8.2467445248149339e-05  2.5818277647747889e-07  2.3148134735642174e-07  2.3887781700753992e-07  6.8099172763992605e-05  -2.3115364115471213e-08  1.6911472282606172e-07  -1.7430667658597071e-07  -8.2473014586026107e-05  -8.4885098827986823e-08  -4.8902972331077833e-06  -2.5314189033342127e-08  8.7025747812431211e-08  7.8023533580895107e-09  4.0883342108103857e-06  -1.1817427933380273e-08  8.8783413768144187e-08  -8.4666630043279169e-08  -4.9134231039724386e-06  -3.6449661393464982e-08
1.0720000000001799e+02  -8.2269778581585997e-05  2.2710166111305463e-07  2.4704017181439132e-07  1.6060049020482085e-07  6.7928250485873380e-05  -4.8409608256440497e-08  1.4617758367372669e-07  -1.9229942802625414e-07  -8.2281616223475276e-05  -1.5989712624502254e-07  -4.3428820950312542e-06  9.3148844827651112e-08  5.5905066741141148e-08  -1.0734333287766499e-07  3.6806465315580675e-06  -5.8556489342156973e-08  -1.4122917574694190e-08  -2.7780099486524253e-08  -4.4471132604762836e-06  3.3672689973650288e-08
1.0800000000001801e+02  -8.2074828973090653e-05  1.9032193612919252e-07  2.0891488389239126e-07  1.1512653287721718e-07  6.7761614008302011e-05  -3.0420812980044898e-08  1.4081534912010088e-07  -1.9266590050574817e-07  -8.2094600174099103e-05  -2.2598495284456563e-07  -4.2869094137648569e-06  1.3095492318256282e-07  -1.8982426832727396e-08  -8.3802431026955910e-08  3.5271730727475680e-06  -5.6457352846058999e-08  -1.1647306313701153e-07  3.4155063920811377e-08  -4.3278988554715740e-06  8.7605850346199527e-08
1.0880000000001900e+02  -8.2303821955872263e-05  1.5927130578811253e-07  1.6413986658454191e-07  1.4284075756633191e-07  6.7951764175529618e-05  5.8999482490826806e-09  1.8413376861301146e-07  -1.7321589095305175e-07  -8.2295997175917194e-05  -2.3851855885111570e-07  -4.7772921585611472e-06  5.9381699794052051e-08  -6.7375771634739727e-08  4.3662640639794627e-08  3.8311868762357497e-06  -1.6934521587198770e-08  -7.9554016650292662e-08  3.0025667133908382e-08  -4.7106862829363963e-06  5.3519657232392957e-08
1.0960000000001899e+02  -8.2796220618632546e-05  1.4714583944312945e-07  1.5463385281037987e-07  2.0728536610450234e-07  6.8365289149657302e-05  3.1791071189656913e-08  2.4447454390972147e-07  -1.5753494406457181e-07  -8.2731134164685822e-05  -2.3461276792229946e-07  -5.1649235739156919e-06  -3.9094665765502323e-08  -4.8993349663290103e-08  9.0018205146782123e-08  4.1746678152921881e-06  1.2517211751216325e-08  6.8460658001656714e-08  -2.1624709546599036e-08  -5.0927742261475939e-06  -4.8989983242433643e-08
1.1040000000002000e+02  -8.3009193132770753e-05  1.7421706952296740e-07  1.6050669095840837e-07  2.3661873143932085e-07  6.8545993040973225e-05  3.6670653073832087e-08  2.7792835636145465e-07  -1.6994861887629171e-07  -8.2921653808119123e-05  -2.5802879620761637e-07  -5.0387480480158966e-06  -7.2719017035877060e-08  8.8429385486343922e-09  -7.1986953201258346e-09  4.1561159807645386e-06  1.0439436489751133e-08  1.5341935435435496e-07  -5.3423797151261642e-08  -5.0476329381875844e-06  -1.3526412981769197e-07
1.1120000000002000e+02  -8.2766335866448789e-05  2.4008981128341651e-07  1.4271661358576261e-07  2.0037616949152043e-07  6.8331706826700177e-05  2.1102568715500346e-08  2.6315459486826606e-07  -1.9501034196894165e-07  -8.2723989668170468e-05  -2.8627980302332667e-07  -4.5868165098529566e-06  -3.5150602694653898e-08  4.5283909178933895e-08  -1.0752891070180862e-07  3.8249124113547821e-06  6.2934203359006929e-09  8.9967938882571421e-08  -4.0289386791093378e-08  -4.6499781748664946e-06  -1.3745829587655170e-07
1.1200000000001999e+02  -8.2528658032974728e-05  2.9853691394560889e-07  1.2137345746435953e-07  1.4152052515742008e-07  6.8107897038181261e-05  -5.4618558804559968e-09  2.0854204137477241e-07  -1.9651691065666317e-07  -8.2555366665564242e-05  -2.7470304495881289e-07  -4.2992575303631522e-06  1.8851279394117784e-08  2.8491899451034211e-08  -8.0280932331656089e-08  3.5721434689640503e-06  2.6136673039269635e-08  -2.4972211293652047e-08  -8.0346793149014842e-09  -4.3540924399084883e-06  -5.0839913577475180e-08
1.1280000000002100e+02  -8.2756487948789032e-05  2.9303374790807942e-07  1.5100530881765117e-07  1.2535432701111614e-07  6.8290455367644035e-05  -2.6755826534470705e-08  1.4868332055158998e-07  -1.7595918869879830e-07  -8.2823940174924326e-05  -2.2559602781762497e-07  -4.4828369377499479e-06  5.0432377479622377e-08  -2.0441771309944875e-09  2.9345270413135290e-08  3.6964377940936475e-06  4.3852547987567301e-08  -6.5411585301723122e-08  1.5681314427866349e-08  -4.5105207511169878e-06  7.1250361621608938e-08
1.1360000000002100e+02  -8.3264220241226875e-05  2.2244480414220908e-07  2.1895269977286545e-07  1.6204660441639196e-07  6.8749825722931818e-05  -3.2635852557293384e-08  1.1347588865429954e-07  -1.6928642698959665e-07  -8.3337076745655124e-05  -1.7688548755750724e-07  -4.8982026394492103e-06  5.5946804113836975e-08  1.1324433870957299e-08  9.0315738251497253e-08  4.0241455440658977e-06  2.1582836538592566e-08  -3.4315333868234463e-08  1.9318665662533791e-08  -4.9069250033675222e-06  1.4892616036771550e-07
1.1440000000002200e+02  -8.3485812526599813e-05  1.5199902191453603e-07  2.4357640243874299e-07  1.9768674536277893e-07  6.8994012052565797e-05  -2.3490463104716267e-08  1.0352639730048990e-07  -1.8937154435888738e-07  -8.3537041738478108e-05  -1.5880580002029177e-07  -5.0151695794313326e-06  4.0107061254008491e-08  5.5408202370487057e-08  5.3431523984423255e-08  4.1144280727421196e-06  -2.5843405245373817e-08  -1.6431239691172099e-08  5.1520717076160869e-10  -5.0150344647572491e-06  1.3041646199105499e-07
1.1520000000002200e+02  -8.3262958482534732e-05  1.4537435851320992e-07  1.9530387031517537e-07  1.9068174262747931e-07  6.8832112763058610e-05  -2.8813541522167951e-09  1.1855146301695572e-07  -2.0731556759648814e-07  -8.3266260483414256e-05  -1.7705306909333282e-07  -4.7111161325937872e-06  8.0340669440911395e-09  6.9878846795380227e-08  -2.2434239963008236e-08  3.8652895524073384e-06  -4.8974320327245106e-08  -3.0673147151327919e-08  -2.5639990218148263e-08  -4.7179201956157047e-06  4.4312336277173964e-08
1.1600000000002200e+02  -8.3066557311423634e-05  1.9570537974848674e-07  1.4372513008133834e-07  1.6335369494297483e-07  6.8613134644152790e-05  1.9635053988812641e-08  1.7143288463128691e-07  -1.9094210688107608e-07  -8.3017293915261495e-05  -2.0796204158545499e-07  -4.4331411135203420e-06  -2.9073589912966817e-08  3.6156283488416976e-08  -5.9801150222108922e-08  3.6455407089462476e-06  -2.9627059600103256e-08  -2.4095306666104410e-08  -2.8106484969245153e-08  -4.4466603243737624e-06  -2.4414277671063714e-08
1.1680000000002300e+02  -8.3325425530881127e-05  2.4472481907487210e-07  1.5019593317340313e-07  1.5175625702028565e-07  6.8734358451707562e-05  2.5500491829779407e-08  2.3994940883363341e-07  -1.5045576748130020e-07  -8.3262214228664542e-05  -2.1830974886650103e-07  -4.5797180872715982e-06  -5.8667812072320155e-08  -9.0237608827452773e-09  -3.2031263276707676e-08  3.7711773201679407e-06  7.6990184161728807e-09  2.0953867148662313e-08  -1.3916257547524644e-11  -4.5638978953157884e-06  -3.4459105522549979e-08
1.1760000000002300e+02  -8.3790444879695809e-05  2.5721273459155265e-07  1.8928060322325171e-07  1.5666088627074038e-07  6.9088593379735755e-05  8.1731739373828237e-09  2.6634530096058862e-07  -1.3781223259652048e-07  -8.3761047705675375e-05  -2.1315933510716315e-07  -4.9675981374810207e-06  -6.6019074515858782e-08  -2.9544336741066999e-08  2.7383254230198349e-08  4.0812685328302464e-06  3.4553850995232331e-08  6.8828706121986965e-08  1.9804022354933755e-08  -4.8985046096715589e-06  -2.8824026860101827e-08
1.1840000000002399e+02  -8.3893789913882383e-05  2.4420483521014611e-07  2.1081684712300906e-07  1.7777418071792981e-07  6.9235789066531418e-05  -1.0746007113326664e-08  2.3817905116289378e-07  -1.8208714520818866e-07  -8.3901783360818875e-05  -2.2878588660047201e-07  -5.0730992921061224e-06  -3.3552815317188640e-08  -3.0835372085230332e-08  5.4730348592886673e-08  4.1580643548718376e-06  3.8648582421387168e-08  9.0287746712455584e-08  4.3186142762642359e-10  -4.9911475154521708e-06  -5.0817660176222872e-08
1.1920000000002400e+02  -8.3588368417187464e-05  2.2685018901391865e-07  2.0480391674070273e-07  2.2260730999861546e-07  6.9057359506733397e-05  -7.3357763497544243e-09  2.0004223896466031e-07  -2.3820036841332901e-07  -8.3601369563904843e-05  -2.5934530806985653e-07  -4.7370305286323901e-06  3.3961563402751791e-08  -3.8508549300183417e-08  1.7477304644360438e-08  3.8832647809854384e-06  1.9858831855035428e-08  7.4307347350369825e-08  -2.9867201693941106e-08  -4.7077424665048879e-06  -7.4429154078932446e-08
1.2000000000002400e+02  -8.3397196272034501e-05  2.1324518656285661e-07  1.8163630783796353e-07  2.5087409346357668e-07  6.8914544783703715e-05  1.2567429508262441e-08  1.7395485750435432e-07  -2.3944686963376203e-07  -8.3401409413129670e-05  -2.5362311787740479e-07  -4.4117822802602576e-06  8.9445948857573997e-08  -4.3304221722697387e-08  -4.3002724049532484e-08  3.6107305787764410e-06  -9.9218286239398140e-09  2.0018280475223227e-08  -2.8674911235045219e-08  -4.4518452521636405e-06  -5.5532016218104289e-08
