# time  core_x_canon  core_y_canon  core_z_canon  peak_canon  core_x_phantom  core_y_phantom  core_z_phantom  peak_phantom  coord_sep  proper_sep  px_canon  px_phantom  px_total  shift_x_canon  shift_x_phantom  max_abs_shift
0.0000000000000000e+00  3.6000000000000000e+01  3.1999999999999993e+01  3.1999999999999993e+01  2.0828765779016066e-02  nan  nan  nan  nan  nan  nan  0.0000000000000000e+00  nan  nan  0.0000000000000000e+00  nan  0.0000000000000000e+00
8.0000000000000004e-01  3.5999999990704886e+01  3.2000000000000000e+01  3.2000000000000000e+01  2.0835251400014278e-02  nan  nan  nan  nan  nan  nan  2.5182623960785823e-12  nan  nan  -5.5680075442780933e-07  nan  3.7178609752551844e-06
1.6000000000000001e+00  3.5999999940283388e+01  3.2000000000000000e+01  3.2000000000000000e+01  2.0810428540926740e-02  nan  nan  nan  nan  nan  nan  4.4077083178508026e-12  nan  nan  -1.8134150770548702e-06  nan  6.7095611782126693e-06
2.3999999999999901e+00  3.5999999863069952e+01  3.2000000000000000e+01  3.2000000000000000e+01  2.0861629256412269e-02  nan  nan  nan  nan  nan  nan  6.5655475588420888e-12  nan  nan  -1.7055769317675805e-06  nan  1.0909688911965247e-05
3.1999999999999802e+00  3.5999999801632171e+01  3.2000000000000000e+01  3.2000000000000000e+01  2.0908454318972831e-02  nan  nan  nan  nan  nan  nan  8.6216254473401213e-12  nan  nan  -6.9184186474675403e-06  nan  1.8636144524090072e-05
3.9999999999999600e+00  3.5999999748588337e+01  3.1999999999999993e+01  3.2000000000000007e+01  2.0940825113899622e-02  nan  nan  nan  nan  nan  nan  9.4249450535187501e-12  nan  nan  4.3545243820386731e-06  nan  1.0539607634352582e-05
4.7999999999999403e+00  3.5999999696624819e+01  3.1999999999999986e+01  3.1999999999999993e+01  2.0967202403199228e-02  nan  nan  nan  nan  nan  nan  9.5097673091247128e-12  nan  nan  -2.4330199621117749e-06  nan  4.9520383556968452e-06
5.5999999999999304e+00  3.5999999657798703e+01  3.1999999999999993e+01  3.1999999999999993e+01  2.1003720350069786e-02  nan  nan  nan  nan  nan  nan  9.8718936054590511e-12  nan  nan  -3.1381965283440631e-06  nan  1.4458214157786751e-05
6.3999999999999098e+00  3.5999999631297889e+01  3.2000000000000000e+01  3.2000000000000000e+01  2.1047008028637768e-02  nan  nan  nan  nan  nan  nan  1.0756244263610105e-11  nan  nan  -2.7684932159122010e-06  nan  1.0301533395281089e-05
7.1999999999998900e+00  3.5999999607158905e+01  3.1999999999999986e+01  3.2000000000000000e+01  2.1085521853106949e-02  nan  nan  nan  nan  nan  nan  1.1848767588130568e-11  nan  nan  -2.0751680805279339e-06  nan  8.1549039319864677e-06
7.9999999999998703e+00  3.5999999584032750e+01  3.2000000000000000e+01  3.2000000000000000e+01  2.1125899680046856e-02  nan  nan  nan  nan  nan  nan  1.2663951662993117e-11  nan  nan  -2.1995385914016594e-06  nan  7.9592607745530858e-06
8.7999999999998604e+00  3.5999999567666656e+01  3.2000000000000007e+01  3.2000000000000000e+01  2.1169610545693645e-02  nan  nan  nan  nan  nan  nan  1.3071927156210080e-11  nan  nan  -2.6141696719576318e-06  nan  9.3964938068205237e-06
9.5999999999998398e+00  3.5999999557879050e+01  3.2000000000000007e+01  3.2000000000000000e+01  2.1216236268197321e-02  nan  nan  nan  nan  nan  nan  1.3519811766854430e-11  nan  nan  -2.5759506201229159e-06  nan  9.7899862095216001e-06
1.0399999999999800e+01  3.5999999548908853e+01  3.1999999999999989e+01  3.2000000000000000e+01  2.1261924407705517e-02  nan  nan  nan  nan  nan  nan  1.4526805722056798e-11  nan  nan  -2.4114436650996253e-06  nan  9.4444196260834941e-06
1.1199999999999800e+01  3.5999999539895654e+01  3.1999999999999993e+01  3.1999999999999993e+01  2.1307793045241566e-02  nan  nan  nan  nan  nan  nan  1.5898748884346695e-11  nan  nan  -2.4290777877898978e-06  nan  9.5509113142496914e-06
1.1999999999999799e+01  3.5999999535062940e+01  3.2000000000000000e+01  3.2000000000000000e+01  2.1357445909826571e-02  nan  nan  nan  nan  nan  nan  1.6849821485190406e-11  nan  nan  -2.7073321800353905e-06  nan  1.0528069190544927e-05
1.2799999999999800e+01  3.5999999534820596e+01  3.1999999999999964e+01  3.1999999999999975e+01  2.1411337113910300e-02  nan  nan  nan  nan  nan  nan  1.7021268601363399e-11  nan  nan  -2.9869391419050375e-06  nan  1.1703454712400545e-05
1.3599999999999801e+01  3.5999999534717908e+01  3.2000000000000192e+01  3.2000000000000142e+01  2.1465895668036770e-02  nan  nan  nan  nan  nan  nan  1.7077795763744449e-11  nan  nan  -3.0088569089895594e-06  nan  1.2159302372672978e-05
1.4399999999999700e+01  3.5999999534223818e+01  3.1999999999998799e+01  3.1999999999999091e+01  2.1517844303650849e-02  nan  nan  nan  nan  nan  nan  1.7201330756023468e-11  nan  nan  -2.8282212005384666e-06  nan  1.1875771223536436e-05
1.5199999999999701e+01  3.5999999534901434e+01  3.2000000000007020e+01  3.2000000000005798e+01  2.1568247829198764e-02  nan  nan  nan  nan  nan  nan  1.3535620846003796e-11  nan  nan  -2.7505148813571310e-06  nan  1.1748904314255130e-05
1.5999999999999700e+01  3.5999999540555422e+01  3.1999999999969464e+01  3.1999999999972722e+01  2.1620852588639033e-02  nan  nan  nan  nan  nan  nan  5.7371197712585199e-12  nan  nan  -2.9316542084712766e-06  nan  1.2270112723170992e-05
1.6799999999999802e+01  3.5999999560498516e+01  3.2000000000086636e+01  3.2000000000089045e+01  2.1676613960991787e-02  nan  nan  nan  nan  nan  nan  -6.3484894745360990e-11  nan  nan  -3.1706601525163439e-06  nan  1.3209970720431031e-05
1.7600000000000001e+01  3.5999999472713156e+01  3.1999999999980083e+01  3.1999999999894811e+01  2.1731787315103449e-02  nan  nan  nan  nan  nan  nan  -2.9827246558214259e-10  nan  nan  -3.1934795582447592e-06  nan  1.3919688004252550e-05
1.8400000000000102e+01  3.5999999296324091e+01  3.1999999998690438e+01  3.1999999999178829e+01  2.1782596138898071e-02  nan  nan  nan  nan  nan  nan  -1.8557768992707611e-11  nan  nan  -2.7488914701589079e-06  nan  1.3314197656719683e-05
1.9200000000000198e+01  3.5999999573574364e+01  3.2000000005600882e+01  3.2000000004405933e+01  2.1830223479792115e-02  nan  nan  nan  nan  nan  nan  2.7034670006809825e-09  nan  nan  -2.4523954481273891e-06  nan  1.2640555158748697e-05
2.0000000000000298e+01  3.6000000497466942e+01  3.1999999993569524e+01  3.1999999992028851e+01  2.1878978035090438e-02  nan  nan  nan  nan  nan  nan  8.5497917852172140e-09  nan  nan  -3.3687337851624716e-06  nan  1.2919290132004914e-05
2.0800000000000502e+01  3.6000001762460514e+01  3.1999999932249100e+01  3.1999999949806757e+01  2.1929949056351133e-02  nan  nan  nan  nan  nan  nan  1.4325128454798782e-08  nan  nan  2.0413557616893599e-06  nan  1.3843556147963341e-05
2.1600000000000598e+01  3.6000003254942321e+01  3.2000000040248601e+01  3.2000000025482379e+01  2.1979080584518817e-02  nan  nan  nan  nan  nan  nan  1.5249193209151405e-08  nan  nan  2.9465054540158469e-06  nan  1.4425222153649468e-05
2.2400000000000698e+01  3.6000004442913266e+01  3.2000000646951513e+01  3.2000000362588906e+01  2.2022566376941249e-02  nan  nan  nan  nan  nan  nan  9.6263984153749228e-09  nan  nan  3.2243861581383895e-06  nan  1.3407399091381572e-05
2.3200000000000799e+01  3.6000004563137033e+01  3.2000001876293197e+01  3.2000000956845930e+01  2.2061965990122050e-02  nan  nan  nan  nan  nan  nan  -2.0285971524003037e-10  nan  nan  3.2203888777093104e-06  nan  1.2470393020211422e-05
2.4000000000000998e+01  3.6000003582872850e+01  3.2000003774742623e+01  3.2000001827033749e+01  2.2101808044119202e-02  nan  nan  nan  nan  nan  nan  -1.0385285038749876e-08  nan  nan  3.3335966382629983e-06  nan  1.2113245093585573e-05
2.4800000000001098e+01  3.6000001867076989e+01  3.2000006234128470e+01  3.2000002929349321e+01  2.2143141327648243e-02  nan  nan  nan  nan  nan  nan  -1.7961063247485638e-08  nan  nan  3.1088888776470288e-06  nan  1.2234317404194313e-05
2.5600000000001199e+01  3.5999999710275404e+01  3.2000008856860802e+01  3.2000004089984529e+01  2.2182037970148821e-02  nan  nan  nan  nan  nan  nan  -2.2087657336053313e-08  nan  nan  -2.0909933255388970e-06  nan  1.1486301325417260e-05
2.6400000000001299e+01  3.5999997414897720e+01  3.2000011274776895e+01  3.2000005209971015e+01  2.2214995932266151e-02  nan  nan  nan  nan  nan  nan  -2.3796364607024925e-08  nan  nan  -1.7810504375664991e-06  nan  9.9254035649316732e-06
2.7200000000001499e+01  3.5999995150049777e+01  3.2000013365755464e+01  3.2000006287463833e+01  2.2243624338947891e-02  nan  nan  nan  nan  nan  nan  -2.4463687532972641e-08  nan  nan  -1.4811919355242693e-06  nan  8.4840623341215261e-06
2.8000000000001599e+01  3.5999992907870102e+01  3.2000015173086283e+01  3.2000007319035788e+01  2.2272330873237194e-02  nan  nan  nan  nan  nan  nan  -2.4619596709100496e-08  nan  nan  -1.4463544095965860e-06  nan  7.9966848297387677e-06
2.8800000000001699e+01  3.5999990730565742e+01  3.2000016802795280e+01  3.2000008289646416e+01  2.2302342913294158e-02  nan  nan  nan  nan  nan  nan  -2.4058663332341198e-08  nan  nan  -1.5162686484544285e-06  nan  7.8559275720121838e-06
2.9600000000001799e+01  3.5999988711928161e+01  3.2000018360567999e+01  3.2000009176340036e+01  2.2330200381244680e-02  nan  nan  nan  nan  nan  nan  -2.2575484875248472e-08  nan  nan  -1.4797962247586813e-06  nan  7.2870346872267888e-06
3.0400000000001999e+01  3.5999986913425978e+01  3.2000019895389997e+01  3.2000009959273044e+01  2.2352575744215272e-02  nan  nan  nan  nan  nan  nan  -2.0275594737481331e-08  nan  nan  -1.1652166211305053e-06  nan  6.1463061310577391e-06
3.1200000000002099e+01  3.5999985446688612e+01  3.2000021371074290e+01  3.2000010641625551e+01  2.2370809297941809e-02  nan  nan  nan  nan  nan  nan  -1.7268615431169628e-08  nan  nan  -8.3910783844073601e-07  nan  4.9419564492646666e-06
3.2000000000002203e+01  3.5999984393181791e+01  3.2000022713071594e+01  3.2000011238617653e+01  2.2389159740975936e-02  nan  nan  nan  nan  nan  nan  -1.3646772528862183e-08  nan  nan  -8.9594970508756400e-07  nan  4.4096544671115792e-06
3.2800000000002001e+01  3.5999983617660938e+01  3.2000023869442252e+01  3.2000011763432376e+01  2.2409219347291096e-02  nan  nan  nan  nan  nan  nan  -9.9093932430966385e-09  nan  nan  -1.0182401092971603e-06  nan  4.2853367358326514e-06
3.3600000000001899e+01  3.5999983028695880e+01  3.2000024824173586e+01  3.2000012230792095e+01  2.2427973531957121e-02  nan  nan  nan  nan  nan  nan  -6.7250572520252011e-09  nan  nan  -7.2284879780240656e-07  nan  3.7604534170834473e-06
3.4400000000001697e+01  3.5999982700113328e+01  3.2000025610881181e+01  3.2000012639737072e+01  2.2442073129884336e-02  nan  nan  nan  nan  nan  nan  -4.1321016651360324e-09  nan  nan  -2.7628584052122532e-07  nan  3.4338730826514986e-06
3.5200000000001602e+01  3.5999982566923592e+01  3.2000026294573551e+01  3.2000012978649593e+01  2.2452542047853508e-02  nan  nan  nan  nan  nan  nan  -1.6819806510182951e-09  nan  nan  -9.1276789798790060e-08  nan  4.0712449025205904e-06
3.6000000000001400e+01  3.5999982547276630e+01  3.2000026930937743e+01  3.2000013256312073e+01  2.2463566916530162e-02  nan  nan  nan  nan  nan  nan  6.6278746826644744e-10  nan  nan  -1.2899221181032989e-07  nan  4.8763400356387864e-06
3.6800000000001198e+01  3.5999982718013491e+01  3.2000027566301533e+01  3.2000013491266174e+01  2.2477011542880423e-02  nan  nan  nan  nan  nan  nan  2.4686084830889638e-09  nan  nan  -1.4634510399833294e-07  nan  5.6409200079233412e-06
3.7600000000001103e+01  3.5999983083477908e+01  3.2000028220286488e+01  3.2000013708516995e+01  2.2490121009935925e-02  nan  nan  nan  nan  nan  nan  3.4212637286785050e-09  nan  nan  2.5911605680463541e-08  nan  6.1394652499862639e-06
3.8400000000000901e+01  3.5999983510322338e+01  3.2000028870927032e+01  3.2000013946955626e+01  2.2499543004167902e-02  nan  nan  nan  nan  nan  nan  3.6288564037636845e-09  nan  nan  3.5758282101506614e-07  nan  6.4535984954621569e-06
3.9200000000000799e+01  3.5999983940859856e+01  3.2000029486523118e+01  3.2000014235594293e+01  2.2506112737312498e-02  nan  nan  nan  nan  nan  nan  3.3132245042678732e-09  nan  nan  6.2072598242379754e-07  nan  7.0655507627108331e-06
4.0000000000000597e+01  3.5999984373278323e+01  3.2000030062720640e+01  3.2000014582569953e+01  2.2513853830866543e-02  nan  nan  nan  nan  nan  nan  2.5758837169128660e-09  nan  nan  6.1247960653653332e-07  nan  7.7656630429671808e-06
4.0800000000000502e+01  3.5999984741469831e+01  3.2000030625692879e+01  3.2000014981389327e+01  2.2524656447809325e-02  nan  nan  nan  nan  nan  nan  1.5545603282339839e-09  nan  nan  4.9867419885658672e-07  nan  8.3060469547093516e-06
4.1600000000000300e+01  3.5999985039302445e+01  3.2000031210274749e+01  3.2000015415589189e+01  2.2535980752389263e-02  nan  nan  nan  nan  nan  nan  5.8698006183725399e-10  nan  nan  5.5302565051621726e-07  nan  8.5338312570941601e-06
4.2400000000000098e+01  3.5999985317773621e+01  3.2000031851306268e+01  3.2000015867793991e+01  2.2544632151152409e-02  nan  nan  nan  nan  nan  nan  5.4329941212460144e-11  nan  nan  7.0621888454729182e-07  nan  8.6892685777131643e-06
4.3200000000000003e+01  3.5999985578819697e+01  3.2000032575535300e+01  3.2000016328424046e+01  2.2551269018960884e-02  nan  nan  nan  nan  nan  nan  1.3653681391288119e-12  nan  nan  7.8795310163784846e-07  nan  8.9383144899502998e-06
4.3999999999999801e+01  3.5999985840221164e+01  3.2000033385086795e+01  3.2000016793896506e+01  2.2559530549718942e-02  nan  nan  nan  nan  nan  nan  1.6531377453314638e-10  nan  nan  7.2958680208297265e-07  nan  9.3527185383191742e-06
4.4799999999999699e+01  3.5999986120919054e+01  3.2000034256898815e+01  3.2000017263365955e+01  2.2571202952549985e-02  nan  nan  nan  nan  nan  nan  2.9250471137949786e-10  nan  nan  5.6507100161821763e-07  nan  9.5617368881060327e-06
4.5599999999999497e+01  3.5999986388889162e+01  3.2000035164898577e+01  3.2000017740062347e+01  2.2584073516083054e-02  nan  nan  nan  nan  nan  nan  2.6417567735952368e-10  nan  nan  5.2564566040714950e-07  nan  9.4351246360521845e-06
4.6399999999999302e+01  3.5999986613184085e+01  3.2000036099224133e+01  3.2000018227207200e+01  2.2595184114526743e-02  nan  nan  nan  nan  nan  nan  4.9705631729658235e-12  nan  nan  7.0162860425113000e-07  nan  9.3024721907922414e-06
4.7199999999999200e+01  3.5999986779820794e+01  3.2000037058693238e+01  3.2000018722257984e+01  2.2604875340210988e-02  nan  nan  nan  nan  nan  nan  -4.4264622663291528e-10  nan  nan  8.2684284943351577e-07  nan  9.2195924210077505e-06
4.7999999999998998e+01  3.5999986860215714e+01  3.2000038041476060e+01  3.2000019219775368e+01  2.2616262173606204e-02  nan  nan  nan  nan  nan  nan  -8.9725643701358654e-10  nan  nan  7.2116553079141325e-07  nan  9.2849604631237908e-06
4.8799999999998903e+01  3.5999986854086941e+01  3.2000039051040666e+01  3.2000019721091633e+01  2.2631085436585742e-02  nan  nan  nan  nan  nan  nan  -1.2968265999874427e-09  nan  nan  5.2033697572444928e-07  nan  9.1526888183762524e-06
4.9599999999998701e+01  3.5999986839942416e+01  3.2000040095961594e+01  3.2000020234555372e+01  2.2647542587133439e-02  nan  nan  nan  nan  nan  nan  -1.7506901659479296e-09  nan  nan  4.4532654690475607e-07  nan  8.9662470866378138e-06
5.0399999999998499e+01  3.5999986841503656e+01  3.2000041181230245e+01  3.2000020764635458e+01  2.2662826169473290e-02  nan  nan  nan  nan  nan  nan  -2.3587201181327651e-09  nan  nan  5.4191571748181150e-07  nan  8.6115382652113955e-06
5.1199999999998397e+01  3.5999986863195794e+01  3.2000042308561540e+01  3.2000021312214614e+01  2.2676842473089581e-02  nan  nan  nan  nan  nan  nan  -3.0076252626475916e-09  nan  nan  6.2574603715498418e-07  nan  8.3280730038734345e-06
5.1999999999998202e+01  3.5999986965016248e+01  3.2000043476262618e+01  3.2000021878556069e+01  2.2692228888057712e-02  nan  nan  nan  nan  nan  nan  -3.2782121809396703e-09  nan  nan  5.6543318855528846e-07  nan  8.2877471237147139e-06
5.2799999999998100e+01  3.5999986981157271e+01  3.2000044672308647e+01  3.2000022460043319e+01  2.2710785943988857e-02  nan  nan  nan  nan  nan  nan  -2.8036342139795698e-09  nan  nan  3.0602618643018482e-07  nan  7.9601202473147012e-06
5.3599999999997898e+01  3.5999986745914825e+01  3.2000045883233028e+01  3.2000023049328583e+01  2.2731078627005012e-02  nan  nan  nan  nan  nan  nan  -1.9411573571225019e-09  nan  nan  2.8184555251674963e-08  nan  7.5397751032517401e-06
5.5999999999997399e+01  3.5999986577131892e+01  3.2000049590038806e+01  3.2000024842299133e+01  2.2786593248726551e-02  nan  nan  nan  nan  nan  nan  -2.6029205881423971e-09  nan  nan  3.6585946745453905e-07  nan  6.7118209922432710e-06
5.6799999999997297e+01  3.5999987835689858e+01  3.2000050856636754e+01  3.2000025456759658e+01  2.2807751743020764e-02  nan  nan  nan  nan  nan  nan  -2.8340710051543314e-09  nan  nan  9.9063328133359055e-08  nan  6.4733611634775449e-06
5.7599999999997102e+01  3.5999989208646454e+01  3.2000052145957802e+01  3.2000026079578497e+01  2.2830387401585502e-02  nan  nan  nan  nan  nan  nan  -2.8632881439471379e-09  nan  nan  -1.5748004106571830e-08  nan  6.1605435332290978e-06
5.8399999999997000e+01  3.5999990130473158e+01  3.2000053455558650e+01  3.2000026708808782e+01  2.2851799051005896e-02  nan  nan  nan  nan  nan  nan  -3.0783304148345733e-09  nan  nan  8.8096845239773287e-08  nan  6.0803445546422243e-06
5.9199999999996798e+01  3.5999989589156407e+01  3.2000054776895539e+01  3.2000027343134533e+01  2.2871289262087455e-02  nan  nan  nan  nan  nan  nan  -3.5255383166837479e-09  nan  nan  2.3186555120802608e-07  nan  6.0949469057420763e-06
5.9999999999996597e+01  3.5999987457382446e+01  3.2000056099482407e+01  3.2000027982435228e+01  2.2890905072380518e-02  nan  nan  nan  nan  nan  nan  -4.0204933035852843e-09  nan  nan  2.2230217634489268e-07  nan  5.7673458898867712e-06
6.0799999999996501e+01  3.5999985341988499e+01  3.2000057415906738e+01  3.2000028628000941e+01  2.2912455889411144e-02  nan  nan  nan  nan  nan  nan  -4.6130957232921177e-09  nan  nan  1.3154773757957068e-07  nan  5.4019728932600594e-06
6.1599999999996299e+01  3.5999984497865242e+01  3.2000058730287577e+01  3.2000029283584929e+01  2.2934971939512785e-02  nan  nan  nan  nan  nan  nan  -5.3573134435230048e-09  nan  nan  9.5914685836773808e-08  nan  5.3916109274531996e-06
6.2399999999996197e+01  3.5999986158051968e+01  3.2000060047968852e+01  3.2000029951647569e+01  2.2955959921228283e-02  nan  nan  nan  nan  nan  nan  -5.8773228858771606e-09  nan  nan  1.1736940054787197e-07  nan  5.4546837104339985e-06
6.3199999999996002e+01  3.5999990554895589e+01  3.2000061350568075e+01  3.2000030618775497e+01  2.2974666585016210e-02  nan  nan  nan  nan  nan  nan  -5.7669348924971496e-09  nan  nan  1.5115936220020008e-07  nan  5.2289604917125294e-06
6.3999999999995801e+01  3.5999995286223758e+01  3.2000062641108435e+01  3.2000031274347350e+01  2.2992924731018070e-02  nan  nan  nan  nan  nan  nan  -5.0690310736532839e-09  nan  nan  -6.2508144252188164e-07  nan  4.8473021857625684e-06
6.4799999999996203e+01  3.5999998368224745e+01  3.2000064002399093e+01  3.2000031948602505e+01  2.3012506325497051e-02  nan  nan  nan  nan  nan  nan  -4.2428831407964828e-09  nan  nan  -4.8756888408317746e-07  nan  4.9400679694429835e-06
6.5599999999996697e+01  3.5999998609053051e+01  3.2000065512951693e+01  3.2000032678871065e+01  2.3032651450825815e-02  nan  nan  nan  nan  nan  nan  -3.9428886819026185e-09  nan  nan  -4.0742244733355857e-07  nan  5.1292328330514148e-06
6.6399999999997107e+01  3.5999994819245941e+01  3.2000067171633560e+01  3.2000033463145058e+01  2.3051178950763744e-02  nan  nan  nan  nan  nan  nan  -4.8052335279500977e-09  nan  nan  -4.6423050165160777e-07  nan  5.1946163183118635e-06
6.7199999999997502e+01  3.5999988600658689e+01  3.2000068966425800e+01  3.2000034288625685e+01  2.3067282215249698e-02  nan  nan  nan  nan  nan  nan  -7.2545487459711130e-09  nan  nan  5.8990763142660370e-07  nan  5.2513801385540459e-06
6.7999999999997897e+01  3.5999982841070420e+01  3.2000070868267507e+01  3.2000035142779019e+01  2.3082369147272269e-02  nan  nan  nan  nan  nan  nan  -1.1086627755029786e-08  nan  nan  8.6361210731811610e-07  nan  5.3390221809257600e-06
6.8799999999998306e+01  3.5999978795438025e+01  3.2000072759054575e+01  3.2000035984225455e+01  2.3098128128951637e-02  nan  nan  nan  nan  nan  nan  -1.5390849581203982e-08  nan  nan  8.7882765592261159e-07  nan  5.5526549899930787e-06
6.9599999999998701e+01  3.5999977749820779e+01  3.2000074515305407e+01  3.2000036764448687e+01  2.3114287183158371e-02  nan  nan  nan  nan  nan  nan  -1.9453758412922797e-08  nan  nan  7.6107348936809868e-07  nan  6.0471853537226114e-06
7.0399999999999096e+01  3.5999980605096027e+01  3.2000076105704693e+01  3.2000037471003701e+01  2.3129107292254134e-02  nan  nan  nan  nan  nan  nan  -2.3438676990225314e-08  nan  nan  8.4942623923540345e-07  nan  6.4884960972606951e-06
7.1199999999999505e+01  3.5999985954897916e+01  3.2000077537441619e+01  3.2000038121153558e+01  2.3141739254488806e-02  nan  nan  nan  nan  nan  nan  -2.7687399200785342e-08  nan  nan  1.0655411257664217e-06  nan  6.6343428981610783e-06
7.1999999999999901e+01  3.5999991943594317e+01  3.2000078817286422e+01  3.2000038734589666e+01  2.3153244098528425e-02  nan  nan  nan  nan  nan  nan  -3.2077689536108687e-08  nan  nan  1.1965037347899161e-06  nan  7.0610172936572626e-06
7.2800000000000296e+01  3.5999997532308178e+01  3.2000079990739152e+01  3.2000039324563794e+01  2.3165150998061778e-02  nan  nan  nan  nan  nan  nan  -3.6234979516370882e-08  nan  nan  -9.2914575799949728e-07  nan  7.5309688388224447e-06
7.3600000000000705e+01  3.6000001341359884e+01  3.2000081133480300e+01  3.2000039899049739e+01  2.3177446173961769e-02  nan  nan  nan  nan  nan  nan  -3.9566442761406162e-08  nan  nan  -8.6372804108495609e-07  nan  7.7632965531231547e-06
7.4400000000001199e+01  3.6000001600025172e+01  3.2000082303559260e+01  3.2000040460670405e+01  2.3188631854935551e-02  nan  nan  nan  nan  nan  nan  -4.1821994472588587e-08  nan  nan  -1.1578520712891993e-06  nan  8.1487774222355390e-06
7.5200000000001594e+01  3.5999997870946672e+01  3.2000083530129693e+01  3.2000041011559738e+01  2.3197847085811848e-02  nan  nan  nan  nan  nan  nan  -4.3565755198030300e-08  nan  nan  -1.4089765222346751e-06  nan  8.5257316680005807e-06
7.6000000000002004e+01  3.5999991299410262e+01  3.2000084821029574e+01  3.2000041562034220e+01  2.3206071243372706e-02  nan  nan  nan  nan  nan  nan  -4.5076295363899420e-08  nan  nan  1.6789199095060241e-06  nan  9.1979716993119934e-06
7.6800000000002399e+01  3.5999982508879725e+01  3.2000086163440173e+01  3.2000042131131195e+01  2.3214885681571772e-02  nan  nan  nan  nan  nan  nan  -4.5599437328804221e-08  nan  nan  1.5074589655352002e-06  nan  9.7531103170296520e-06
7.7600000000002794e+01  3.5999972404384323e+01  3.2000087533503262e+01  3.2000042737829389e+01  2.3224487638888767e-02  nan  nan  nan  nan  nan  nan  -4.4578382175377695e-08  nan  nan  1.1523427431968616e-06  nan  1.0051021856828631e-05
7.8400000000003203e+01  3.5999962943617994e+01  3.2000088915730849e+01  3.2000043386630345e+01  2.3233549074079079e-02  nan  nan  nan  nan  nan  nan  -4.2849288326009324e-08  nan  nan  1.2713582030128087e-06  nan  1.0421164708230088e-05
7.9200000000003598e+01  3.5999954684257801e+01  3.2000090315921767e+01  3.2000044054349104e+01  2.3241018834456947e-02  nan  nan  nan  nan  nan  nan  -4.1478610279937783e-08  nan  nan  1.5229620179107358e-06  nan  1.0909818772653810e-05
8.0000000000003993e+01  3.5999947148956451e+01  3.2000091756566960e+01  3.2000044702008047e+01  2.3247587413748026e-02  nan  nan  nan  nan  nan  nan  -4.0535592191651172e-08  nan  nan  1.6365507753510892e-06  nan  1.1334805194921809e-05
8.0800000000004403e+01  3.5999940385402823e+01  3.2000093253949977e+01  3.2000045312043731e+01  2.3254720111806359e-02  nan  nan  nan  nan  nan  nan  -3.9586908459433377e-08  nan  nan  1.6599794804519019e-06  nan  1.1676319712221651e-05
8.1600000000004798e+01  3.5999934970776131e+01  3.2000094803750507e+01  3.2000045903071388e+01  2.3262714065515472e-02  nan  nan  nan  nan  nan  nan  -3.8400137863889426e-08  nan  nan  1.5735944932005394e-06  nan  1.1908524279291298e-05
8.2400000000005207e+01  3.5999931969215829e+01  3.2000096392667729e+01  3.2000046508800523e+01  2.3270528130214515e-02  nan  nan  nan  nan  nan  nan  -3.7448530413671855e-08  nan  nan  1.4442921300159167e-06  nan  1.2045191289360085e-05
8.3200000000005701e+01  3.5999932357966436e+01  3.2000098005557618e+01  3.2000047159329213e+01  2.3277392958754878e-02  nan  nan  nan  nan  nan  nan  -3.7541439441009328e-08  nan  nan  1.7027799567116764e-06  nan  1.2246302168938560e-05
8.4000000000006096e+01  3.5999937013020997e+01  3.2000099626865072e+01  3.2000047869746872e+01  2.3283881898573052e-02  nan  nan  nan  nan  nan  nan  -3.8709275191741496e-08  nan  nan  1.9544835848342049e-06  nan  1.2578003572940338e-05
8.4800000000006506e+01  3.5999946560321376e+01  3.2000101257496198e+01  3.2000048628021069e+01  2.3291151452646340e-02  nan  nan  nan  nan  nan  nan  -4.0073360597754195e-08  nan  nan  1.8001405371604949e-06  nan  1.2618514808291095e-05
8.5600000000006901e+01  3.5999959427894630e+01  3.2000102913354567e+01  3.2000049404417744e+01  2.3299512205771273e-02  nan  nan  nan  nan  nan  nan  -4.0905573847471176e-08  nan  nan  1.6410363998020873e-06  nan  1.2411165855814749e-05
8.6400000000007296e+01  3.5999972310174030e+01  3.2000104602454613e+01  3.2000050174807640e+01  2.3308164112636812e-02  nan  nan  nan  nan  nan  nan  -4.1268732375826406e-08  nan  nan  1.6372545616857568e-06  nan  1.2475389148713479e-05
8.7200000000007705e+01  3.5999983197347760e+01  3.2000106323652275e+01  3.2000050926496080e+01  2.3316329936622863e-02  nan  nan  nan  nan  nan  nan  -4.1551185749574298e-08  nan  nan  1.7280220321643186e-06  nan  1.2566948698186920e-05
8.8000000000008100e+01  3.5999990515678995e+01  3.2000108071358561e+01  3.2000051657490303e+01  2.3324322282124030e-02  nan  nan  nan  nan  nan  nan  -4.1951962323346462e-08  nan  nan  -2.1408248020884996e-06  nan  1.2549326654273918e-05
8.8800000000008495e+01  3.5999992782792155e+01  3.2000109833150788e+01  3.2000052378901415e+01  2.3333080702694027e-02  nan  nan  nan  nan  nan  nan  -4.2403930715073232e-08  nan  nan  -2.1152871496939806e-06  nan  1.2524259432067518e-05
8.9600000000008905e+01  3.5999991431381126e+01  3.2000111602540549e+01  3.2000053104309600e+01  2.3342939453144577e-02  nan  nan  nan  nan  nan  nan  -4.2825080283503476e-08  nan  nan  1.7287631639905698e-06  nan  1.2413211398803383e-05
9.0400000000009300e+01  3.5999988664675172e+01  3.2000113382452753e+01  3.2000053839971386e+01  2.3353228667655764e-02  nan  nan  nan  nan  nan  nan  -4.3275988352358512e-08  nan  nan  1.7091792933433595e-06  nan  1.2256924403238210e-05
9.1200000000009794e+01  3.5999984999300786e+01  3.2000115174032643e+01  3.2000054586402932e+01  2.3363187184836525e-02  nan  nan  nan  nan  nan  nan  -4.3722929264713553e-08  nan  nan  1.7040082000405432e-06  nan  1.2158307500216800e-05
9.2000000000010203e+01  3.5999980966987543e+01  3.2000116982396399e+01  3.2000055339284799e+01  2.3372957211202972e-02  nan  nan  nan  nan  nan  nan  -4.4065422560604574e-08  nan  nan  1.6857055596587218e-06  nan  1.2052975143383175e-05
9.2800000000010598e+01  3.5999976202770100e+01  3.2000118818890890e+01  3.2000056094867091e+01  2.3383256809886819e-02  nan  nan  nan  nan  nan  nan  -4.4418894795885136e-08  nan  nan  1.6630410518289407e-06  nan  1.1835680792918942e-05
9.3600000000010994e+01  3.5999969250557704e+01  3.2000120691869135e+01  3.2000056855327479e+01  2.3394407176666996e-02  nan  nan  nan  nan  nan  nan  -4.4973834614114209e-08  nan  nan  1.6846208911660725e-06  nan  1.1574509216691179e-05
9.4400000000011403e+01  3.5999959996299594e+01  3.2000122606097250e+01  3.2000057626401713e+01  2.3405943433270286e-02  nan  nan  nan  nan  nan  nan  -4.5761583232878136e-08  nan  nan  1.7322341908801209e-06  nan  1.1440652287793658e-05
9.5200000000011798e+01  3.5999949025741216e+01  3.2000124556174569e+01  3.2000058415441771e+01  2.3417199101023776e-02  nan  nan  nan  nan  nan  nan  -4.6737191775118614e-08  nan  nan  1.7512165642671354e-06  nan  1.1390827903297599e-05
9.6000000000012193e+01  3.5999936773827628e+01  3.2000126527133652e+01  3.2000059224344781e+01  2.3428098885480534e-02  nan  nan  nan  nan  nan  nan  -4.7868764645208270e-08  nan  nan  1.7749236291237447e-06  nan  1.1266767640077796e-05
9.6800000000012602e+01  3.5999924188333452e+01  3.2000128512635932e+01  3.2000060044041795e+01  2.3439211019155994e-02  nan  nan  nan  nan  nan  nan  -4.9183812910958344e-08  nan  nan  1.8095301633676007e-06  nan  1.1011515071991509e-05
9.7600000000012997e+01  3.5999911965108424e+01  3.2000130508959487e+01  3.2000060865732564e+01  2.3450995117641659e-02  nan  nan  nan  nan  nan  nan  -5.0792769364628340e-08  nan  nan  1.8096470540309578e-06  nan  1.0766689987229182e-05
9.8400000000013407e+01  3.5999899949350308e+01  3.2000132507363666e+01  3.2000061684910690e+01  2.3463153953684805e-02  nan  nan  nan  nan  nan  nan  -5.2704780594636839e-08  nan  nan  1.8034996144289348e-06  nan  1.0731854230089616e-05
9.9200000000013802e+01  3.5999887909568230e+01  3.2000134514101525e+01  3.2000062493244677e+01  2.3474981968500282e-02  nan  nan  nan  nan  nan  nan  -5.4770552408478566e-08  nan  nan  1.7946389148795176e-06  nan  1.0851850143005675e-05
1.0000000000001400e+02  3.5999876033030155e+01  3.2000136539865110e+01  3.2000063286756152e+01  2.3486308020899831e-02  nan  nan  nan  nan  nan  nan  -5.6980174322183613e-08  nan  nan  1.7796907213827458e-06  nan  1.0810582268937117e-05
1.0080000000001500e+02  3.5999865065163128e+01  3.2000138573998171e+01  3.2000064072005550e+01  2.3497668158585384e-02  nan  nan  nan  nan  nan  nan  -5.9489292026778031e-08  nan  nan  1.8497633902033049e-06  nan  1.0522303028301784e-05
1.0160000000001500e+02  3.5999856702077629e+01  3.2000140606194421e+01  3.2000064853672072e+01  2.3509442869513088e-02  nan  nan  nan  nan  nan  nan  -6.2199127925407977e-08  nan  nan  1.9240251196260309e-06  nan  1.0315710728618006e-05
1.0240000000001500e+02  3.5999852889053130e+01  3.2000142644649337e+01  3.2000065633729164e+01  2.3521263982771167e-02  nan  nan  nan  nan  nan  nan  -6.4765428979494450e-08  nan  nan  1.7952896543546044e-06  nan  1.0414752901696897e-05
1.0320000000001600e+02  3.5999855361087228e+01  3.2000144694406501e+01  3.2000066418103664e+01  2.3532510444734603e-02  nan  nan  nan  nan  nan  nan  -6.7181824107778056e-08  nan  nan  1.6427868129583428e-06  nan  1.0602802675137067e-05
1.0400000000001600e+02  3.5999866193536491e+01  3.2000146751886177e+01  3.2000067210094997e+01  2.3543085765735036e-02  nan  nan  nan  nan  nan  nan  -6.9798400118686861e-08  nan  nan  1.7527049667290099e-06  nan  1.0591624281837317e-05
1.0480000000001699e+02  3.5999885535688044e+01  3.2000148822594269e+01  3.2000068008199783e+01  2.3553422937252901e-02  nan  nan  nan  nan  nan  nan  -7.2491099950229458e-08  nan  nan  1.8845308445877229e-06  nan  1.0420820336699832e-05
1.0560000000001700e+02  3.5999910490550519e+01  3.2000150913843520e+01  3.2000068809878002e+01  2.3563839817742394e-02  nan  nan  nan  nan  nan  nan  -7.4411856283248875e-08  nan  nan  1.7391050613952277e-06  nan  1.0412349539776116e-05
1.0640000000001800e+02  3.5999938104457307e+01  3.2000153013542068e+01  3.2000069611000640e+01  2.3574128633809269e-02  nan  nan  nan  nan  nan  nan  -7.5073083714367798e-08  nan  nan  1.5222265654994842e-06  nan  1.0554827028554395e-05
1.0720000000001799e+02  3.5999965138177544e+01  3.2000155110177893e+01  3.2000070413887912e+01  2.3583849962969843e-02  nan  nan  nan  nan  nan  nan  -7.5170026886567620e-08  nan  nan  1.5106052508669124e-06  nan  1.0881985805905948e-05
1.0800000000001801e+02  3.5999987391308657e+01  3.2000157227722610e+01  3.2000071232142020e+01  2.3592927114720216e-02  nan  nan  nan  nan  nan  nan  -7.5737595455034966e-08  nan  nan  -2.4844225059504316e-06  nan  1.1014049323788526e-05
1.0880000000001900e+02  3.6000003179565887e+01  3.2000159400843749e+01  3.2000072074877771e+01  2.3601627321210444e-02  nan  nan  nan  nan  nan  nan  -7.6942444407175326e-08  nan  nan  -2.4130647320583447e-06  nan  1.1031656328618374e-05
1.0960000000001899e+02  3.6000013346885247e+01  3.2000161630456518e+01  3.2000072937327744e+01  2.3610156035510078e-02  nan  nan  nan  nan  nan  nan  -7.8163402455392347e-08  nan  nan  -2.4287505920332002e-06  nan  1.1238231940355255e-05
1.1040000000002000e+02  3.6000018414425782e+01  3.2000163895675257e+01  3.2000073808738648e+01  2.3618440126572618e-02  nan  nan  nan  nan  nan  nan  -7.8858648462649394e-08  nan  nan  -2.5044147337138299e-06  nan  1.1679739235527875e-05
1.1120000000002000e+02  3.6000019243966335e+01  3.2000166175172801e+01  3.2000074674454360e+01  2.3626157786289587e-02  nan  nan  nan  nan  nan  nan  -7.9009444895057689e-08  nan  nan  -2.5899861856061537e-06  nan  1.2061273605280910e-05
1.1200000000001999e+02  3.6000017242635579e+01  3.2000168435579340e+01  3.2000075518286749e+01  2.3633158696816307e-02  nan  nan  nan  nan  nan  nan  -7.8860237189871956e-08  nan  nan  -2.6489540900951583e-06  nan  1.2271382853701505e-05
1.1280000000002100e+02  3.6000012217489378e+01  3.2000170645167515e+01  3.2000076335100196e+01  2.3639706446254970e-02  nan  nan  nan  nan  nan  nan  -7.8498793104063395e-08  nan  nan  -2.7079624511906659e-06  nan  1.2501472910468314e-05
1.1360000000002100e+02  3.6000002987177368e+01  3.2000172813552247e+01  3.2000077132717280e+01  2.3646168964286961e-02  nan  nan  nan  nan  nan  nan  -7.7924031240753085e-08  nan  nan  -2.7897742619905543e-06  nan  1.2793409203014702e-05
1.1440000000002200e+02  3.5999989235717955e+01  3.2000174983155631e+01  3.2000077922810149e+01  2.3652582230212195e-02  nan  nan  nan  nan  nan  nan  -7.7420246742491777e-08  nan  nan  -2.8118744928063393e-06  nan  1.3235792504600028e-05
1.1520000000002200e+02  3.5999970572956300e+01  3.2000177183876104e+01  3.2000078718816951e+01  2.3658779598898508e-02  nan  nan  nan  nan  nan  nan  -7.7460210043143386e-08  nan  nan  2.4818678162676210e-06  nan  1.3628007727361262e-05
1.1600000000002200e+02  3.5999946689196896e+01  3.2000179421799423e+01  3.2000079532580493e+01  2.3664680306656312e-02  nan  nan  nan  nan  nan  nan  -7.8143053191558983e-08  nan  nan  2.6573573214792854e-06  nan  1.3871899106933902e-05
1.1680000000002300e+02  3.5999919088009428e+01  3.2000181700447826e+01  3.2000080364500874e+01  2.3670426946907356e-02  nan  nan  nan  nan  nan  nan  -7.9070739952029841e-08  nan  nan  2.7318193914619633e-06  nan  1.4028677545869804e-05
1.1760000000002300e+02  3.5999889770503053e+01  3.2000184026747235e+01  3.2000081205572286e+01  2.3676205287567875e-02  nan  nan  nan  nan  nan  nan  -7.9910873772709217e-08  nan  nan  2.7742975488707709e-06  nan  1.4181611332318122e-05
1.1840000000002399e+02  3.5999860139025444e+01  3.2000186399176236e+01  3.2000082050850800e+01  2.3682068619752930e-02  nan  nan  nan  nan  nan  nan  -8.0743159150877524e-08  nan  nan  2.8101541499780052e-06  nan  1.4412219329392674e-05
1.1920000000002400e+02  3.5999831635954813e+01  3.2000188809595429e+01  3.2000082903265564e+01  2.3687853793714457e-02  nan  nan  nan  nan  nan  nan  -8.1753791035660817e-08  nan  nan  2.8487673129848297e-06  nan  1.4696412750954420e-05
1.2000000000002400e+02  3.5999310019502019e+01  3.2000484381455486e+01  3.2000175360188976e+01  2.3693371827163089e-02  nan  nan  nan  nan  nan  nan  -8.2928503531849696e-08  nan  nan  2.9200986004328595e-06  nan  1.4875861241436675e-05
