# time  total_activity  peak_activity  rms_radius  confined_frac  bary_x  bary_y  bary_z  r_conf  total_activity_proper  rms_radius_proper  confined_frac_proper  rms_radius_canon  confined_frac_canon  rms_radius_phantom  confined_frac_phantom  canon_mass_frac  min_chi
0.0000000000000000e+00  3.6911588580285041e+01  4.0713460014044092e-02  6.5897020136884121e+00  3.0194131953582615e-01  3.2554936793202245e+01  3.2000047085301027e+01  3.2000047122758900e+01  4.7999999999999998e+00  3.6647113492294686e+01  6.5963514352149213e+00  2.9985157037046944e-01  5.0454192897809236e+00  5.5925450731030368e-01  5.4267484448347165e+00  4.5501479343896978e-01  4.3039556118947475e-01  9.8434729917127017e-01
4.0000000000000002e-01  3.6919189320939189e+01  4.0707124228414444e-02  6.5896862956045883e+00  3.0194638165453164e-01  3.2555779060743653e+01  3.2000050386626114e+01  3.2000050421649114e+01  4.7999999999999998e+00  3.6654364756634379e+01  6.5963542916353433e+00  2.9985238937133984e-01  5.0458247488392356e+00  5.5902428930495396e-01  5.4265004315142953e+00  4.5506647380688253e-01  4.3027529454950114e-01  9.8430706202465446e-01
8.0000000000000004e-01  3.6926354577503069e+01  4.0687289706233941e-02  6.5896861227562669e+00  3.0195544148598091e-01  3.2557971028165262e+01  3.2000058826249060e+01  3.2000058858884039e+01  4.7999999999999998e+00  3.6660569172297528e+01  6.5964182823802551e+00  2.9936452167357430e-01  5.0469065898226066e+00  5.5868820430293065e-01  5.4259231960037644e+00  4.5512478197222167e-01  4.2996107000910533e-01  9.8418398857841938e-01
1.2000000000000000e+00  3.6932651601483641e+01  4.0676175116127221e-02  6.5897524179163387e+00  3.0228714381238719e-01  3.2560663724091562e+01  3.2000069735802022e+01  3.2000069765165968e+01  4.7999999999999998e+00  3.6665411354863664e+01  6.5965808073993752e+00  2.9918622957864283e-01  5.0482338373953581e+00  5.5837676312966988e-01  5.4253450610617806e+00  4.5510380616541407e-01  4.2957211544133433e-01  9.8395339263911941e-01
1.6000000000000001e+00  3.6938962891948975e+01  4.0685124929526563e-02  6.5898834568283915e+00  3.0238444838878459e-01  3.2563024629225360e+01  3.2000080962647267e+01  3.2000080980849191e+01  4.7999999999999998e+00  3.6669913102801488e+01  6.5968208179291352e+00  2.9850104810213834e-01  5.0493486245214863e+00  5.5820774388625294e-01  5.4250022786834471e+00  4.5494996061537929e-01  4.2922655194319009e-01  9.8353706381072592e-01
2.0000000000000000e+00  3.6946409211284610e+01  4.0707178721031842e-02  6.5900459852115123e+00  3.0209158340578557e-01  3.2564654474446691e+01  3.2000091889485454e+01  3.2000091874928408e+01  4.7999999999999998e+00  3.6675275854257833e+01  6.5970930982450096e+00  2.9846250292657522e-01  5.0500800191607720e+00  5.5822286574114766e-01  5.4249079839298870e+00  4.5467288610487178e-01  4.2898334749602512e-01  9.8303487090809671e-01
2.3999999999999901e+00  3.6955345995489530e+01  4.0726736084401235e-02  6.5902167847080664e+00  3.0206752505509948e-01  3.2565635007374539e+01  3.2000103672678904e+01  3.2000103590668083e+01  4.7999999999999998e+00  3.6681874236918844e+01  6.5973712358303542e+00  2.9858919609479817e-01  5.0506367106780941e+00  5.5837282635812069e-01  5.4248847141322107e+00  4.5433948055500467e-01  4.2883529081140564e-01  9.8246785351612709e-01
2.7999999999999798e+00  3.6965386942458338e+01  4.0734261676834402e-02  6.5904059750250870e+00  3.0204611421986377e-01  3.2566229664200506e+01  3.2000118264292965e+01  3.2000118080886182e+01  4.7999999999999998e+00  3.6689326214429229e+01  6.5976648935233007e+00  2.9904945405108196e-01  5.0514319247710198e+00  5.5855113910878351e-01  5.4247077789068330e+00  4.5403317508658508e-01  4.2874928994322431e-01  9.8194559360685141e-01
3.1999999999999802e+00  3.6976054798720924e+01  4.0731188113210304e-02  6.5906516199652021e+00  3.0202153913182489e-01  3.2566553816555597e+01  3.2000136325453049e+01  3.2000136022393313e+01  4.7999999999999998e+00  3.6697189337421136e+01  6.5980081081457884e+00  2.9917775464592600e-01  5.0528114283913705e+00  5.5865566886609319e-01  5.4242412014578596e+00  4.5380281186515958e-01  4.2871025062842988e-01  9.8162170657527392e-01
3.5999999999999699e+00  3.6987402747729234e+01  4.0723831011912667e-02  6.5909928938570372e+00  3.0198069327319138e-01  3.2566503303459221e+01  3.2000156536345351e+01  3.2000156115203211e+01  4.7999999999999998e+00  3.6705595562118717e+01  6.5984311961164970e+00  2.9961547053147358e-01  5.0548810824668102e+00  5.5864418831958740e-01  5.4234793816231637e+00  4.5363868306411864e-01  4.2872915416456236e-01  9.8148099748615580e-01
3.9999999999999600e+00  3.7000030261668790e+01  4.0716824382410380e-02  6.5914469186429505e+00  3.0191124724180823e-01  3.2565970970720912e+01  3.2000177400098544e+01  3.2000176875922016e+01  4.7999999999999998e+00  3.6715239607842548e+01  6.5989416432796180e+00  3.0000138917198665e-01  5.0575162073731255e+00  5.5855001532216730e-01  5.4225066590894517e+00  4.5349069756543597e-01  4.2881206549257761e-01  9.8147469297504764e-01
4.3999999999999497e+00  3.7014450776986223e+01  4.0711496835078700e-02  6.5920136383087726e+00  3.0180700872842586e-01  3.2565136116193749e+01  3.2000199705452644e+01  3.2000199096159143e+01  4.7999999999999998e+00  3.6726700210633084e+01  6.5995349642479821e+00  3.0005654136862081e-01  5.0604935549449239e+00  5.5845043661382943e-01  5.4214548082970291e+00  4.5330509355322623e-01  4.2892080635610125e-01  9.8151201850314074e-01
4.7999999999999403e+00  3.7030532731773363e+01  4.0707323166998981e-02  6.5926978965935286e+00  3.0166817567032667e-01  3.2564531793917197e+01  3.2000227566513225e+01  3.2000226882785270e+01  4.7999999999999998e+00  3.6739861582089219e+01  6.6002195101591381e+00  3.0033627650542916e-01  5.0635921391088266e+00  5.5842038052865817e-01  5.4205120746569424e+00  4.5304700826242034e-01  4.2896634938253436e-01  9.8155545160431901e-01
5.1999999999999300e+00  3.7047676880081141e+01  4.0703526809581642e-02  6.5935218649816871e+00  3.0149935072565520e-01  3.2564790279361780e+01  3.2000267214706788e+01  3.2000266451243355e+01  4.7999999999999998e+00  3.6754121785655670e+01  6.6010256958790539e+00  3.0032851903564678e-01  5.0665803595006800e+00  5.5850687497391938e-01  5.4199595581408966e+00  4.5269876479619686e-01  4.2884804583145275e-01  9.8163234955815726e-01
5.5999999999999304e+00  3.7065496021044190e+01  4.0700167871531842e-02  6.5945237577849438e+00  3.0130770641257765e-01  3.2566261570070957e+01  3.2000324227867083e+01  3.2000323357860310e+01  4.7999999999999998e+00  3.6769121530845432e+01  6.6019988095377640e+00  2.9989972077107757e-01  5.0691756562366734e+00  5.5872651978481624e-01  5.4201675398511791e+00  4.5224741656101874e-01  4.2851055016545919e-01  9.8169398488671578e-01
5.9999999999999201e+00  3.7084437688924183e+01  4.0698606368457423e-02  6.5957503615860453e+00  3.0140511715395218e-01  3.2568787863855761e+01  3.2000401018623911e+01  3.2000399995750413e+01  4.7999999999999998e+00  3.6785389413634945e+01  6.6031879062191203e+00  2.9945602331491272e-01  5.0710958068464427e+00  5.5906987457212587e-01  5.4215087718487229e+00  4.5168126031148703e-01  4.2797773607706696e-01  9.8173509960450567e-01
6.3999999999999098e+00  3.7105795544169801e+01  4.0700507384498180e-02  6.5972609104319426e+00  3.0119742625108992e-01  3.2571786952737376e+01  3.2000496133869333e+01  3.2000494901748432e+01  4.7999999999999998e+00  3.6804344232184725e+01  6.6046505182687634e+00  2.9866153521432015e-01  5.0722407031042218e+00  5.5949824552210259e-01  5.4242247255612073e+00  4.5100117511368681e-01  4.2734111651678103e-01  9.8181473688626286e-01
6.7999999999999003e+00  3.7131019179350560e+01  4.0705897192746511e-02  6.5991511028703114e+00  3.0099638252548483e-01  3.2574553226686298e+01  3.2000605791262771e+01  3.2000604293956734e+01  4.7999999999999998e+00  3.6827579726323293e+01  6.6064806660272755e+00  2.9783405891208092e-01  5.0728948081183480e+00  5.5993799924591070e-01  5.4283444413928592e+00  4.5023312274575128e-01  4.2671458125348027e-01  9.8190221066552408e-01
7.1999999999998900e+00  3.7160957486445341e+01  4.0712364418155740e-02  6.6015791435816569e+00  3.0095388455548305e-01  3.2576547953272922e+01  3.2000727024484426e+01  3.2000725211948428e+01  4.7999999999999998e+00  3.6856069333500173e+01  6.6088388863072236e+00  2.9700012631613887e-01  5.0737688844243483e+00  5.6134353395239489e-01  5.4337291029638282e+00  4.4942537863017124e-01  4.2618736373457372e-01  9.8199249259185784e-01
7.5999999999998797e+00  3.7195686565744737e+01  4.0716312580853557e-02  6.6047761570997849e+00  3.0120920417495323e-01  3.2577506572438949e+01  3.2000860672801146e+01  3.2000858499331329e+01  4.7999999999999998e+00  3.6889946332026327e+01  6.6119635548855014e+00  2.9615837139546147e-01  5.0757915317556987e+00  5.6194630022172876e-01  5.4402489140365988e+00  4.4862626590670146e-01  4.2580074311195332e-01  9.8207759944241657e-01
7.9999999999998703e+00  3.7234919343195259e+01  4.0715094435688409e-02  6.6090341085433213e+00  3.0084066556650402e-01  3.2577388214776434e+01  3.2001012164322482e+01  3.2001009580697399e+01  4.7999999999999998e+00  3.6928884405523796e+01  6.6161562873610800e+00  2.9594472218253204e-01  5.0797384594712343e+00  5.6233569999706423e-01  5.4480036428041840e+00  4.4955227353854399e-01  4.2554989738366972e-01  9.8210616103939852e-01
8.3999999999998707e+00  3.7278318884406168e+01  4.0708299225468314e-02  6.6146519386783860e+00  3.0028043896740048e-01  3.2576340075271716e+01  3.2001188091217024e+01  3.2001185035736988e+01  4.7999999999999998e+00  3.6972423673703688e+01  6.6217249838179955e+00  2.9633294337635824e-01  5.0859063209949813e+00  5.6232810401166256e-01  5.4573658323546459e+00  4.5006769714338807e-01  4.2539806186053242e-01  9.8206488702247474e-01
8.7999999999998604e+00  3.7325355573903266e+01  4.0697754655022872e-02  6.6218300225025377e+00  2.9982068236419557e-01  3.2574723456366797e+01  3.2001387843143263e+01  3.2001384245094059e+01  4.7999999999999998e+00  3.7019868804857602e+01  6.6288771138654381e+00  2.9650465950028615e-01  5.0940607924950561e+00  5.6220475004727699e-01  5.4687252737250081e+00  4.5036852650066461e-01  4.2529194538573761e-01  9.8194479964251979e-01
9.1999999999998501e+00  3.7375200619830551e+01  4.0686562040703415e-02  6.6305849713323557e+00  2.9946697738563099e-01  3.2573012578292811e+01  3.2001599643906097e+01  3.2001595446745647e+01  4.7999999999999998e+00  3.7070222207148952e+01  6.6376345031659429e+00  2.9678464319639375e-01  5.1036987533295033e+00  5.6203813739219366e-01  5.4822690119534965e+00  4.5044318690125101e-01  4.2517110387226426e-01  9.8177311592978178e-01
9.5999999999998398e+00  3.7426761684313504e+01  4.0677454824635140e-02  6.6407716947367428e+00  2.9908181645913001e-01  3.2571605608845793e+01  3.2001813984336778e+01  3.2001809159221409e+01  4.7999999999999998e+00  3.7122243034055103e+01  6.6478553021681908e+00  2.9671475092438065e-01  5.1143851975897512e+00  5.6229684585828521e-01  5.4979444149486163e+00  4.5029408996798170e-01  4.2497899962280711e-01  9.8154882135544974e-01
9.9999999999998295e+00  3.7478877239910361e+01  4.0671459502425761e-02  6.6522240813956319e+00  2.9856764706558242e-01  3.2570708156291879e+01  3.2002033120214008e+01  3.2002027658667913e+01  4.7999999999999998e+00  3.7174660500126357e+01  6.6593742843343806e+00  2.9687474977583500e-01  5.1259216400492367e+00  5.6256256013988704e-01  5.5155649704285352e+00  4.5002786473763917e-01  4.2468165777105826e-01  9.8127524324854420e-01
1.0399999999999800e+01  3.7530485171707625e+01  4.0667750434578605e-02  6.6648193253609529e+00  2.9815658992592370e-01  3.2570265864250786e+01  3.2002258671776765e+01  3.2002252582209870e+01  4.7999999999999998e+00  3.7226358511073457e+01  6.6720663207043360e+00  2.9658589373148753e-01  5.1383324622823041e+00  5.6281122043950005e-01  5.5348383902116671e+00  4.4871887095980079e-01  4.2428802085900902e-01  9.8095733348965952e-01
1.0799999999999800e+01  3.7580812899145108e+01  4.0664485887549409e-02  6.6783833918365909e+00  2.9775064358643877e-01  3.2569951969868107e+01  3.2002484244353909e+01  3.2002477550988630e+01  4.7999999999999998e+00  3.7276562844575693e+01  6.6857512406795472e+00  2.9640891307058831e-01  5.1518464545744171e+00  5.6322149919651898e-01  5.5552221532656478e+00  4.4794520060801135e-01  4.2385752935615445e-01  9.8060092384513320e-01
1.1199999999999800e+01  3.7629998426310671e+01  4.0659966891853291e-02  6.6926491323291772e+00  2.9728509179785001e-01  3.2569302118319065e+01  3.2002705606239203e+01  3.2002698343893158e+01  4.7999999999999998e+00  3.7325434438011783e+01  6.7001532456601804e+00  2.9650523567988946e-01  5.1671128290625310e+00  5.6331968569836788e-01  5.5758791072357177e+00  4.4701045029222791e-01  4.2348618231531171e-01  9.8020604505065689e-01
1.1599999999999801e+01  3.7680307525136243e+01  4.0653646001751399e-02  6.7074820456152917e+00  2.9681985117140591e-01  3.2567991329762329e+01  3.2002938052395471e+01  3.2002930260137042e+01  4.7999999999999998e+00  3.7375247912271277e+01  6.7151302830786159e+00  2.9623494035374265e-01  5.1859440831350856e+00  5.6280620408825521e-01  5.5959101289052118e+00  4.4625360945327791e-01  4.2328439224597492e-01  9.7973840174330173e-01
1.1999999999999799e+01  3.7734923587752050e+01  4.0646374691084938e-02  6.7233261692350164e+00  2.9634743085998277e-01  3.2565610737101196e+01  3.2003235618036364e+01  3.2003227326504089e+01  4.7999999999999998e+00  3.7429228588654027e+01  6.7311196893335756e+00  2.9629806349892740e-01  5.2109702083099911e+00  5.6179511720790831e-01  5.6146890988212821e+00  4.4621343168223826e-01  4.2332886265507724e-01  9.7914870861068271e-01
1.2399999999999800e+01  3.7794324304765858e+01  4.0639371199508376e-02  6.7411344741517025e+00  2.9594716820998873e-01  3.2561343506056765e+01  3.2003584283539567e+01  3.2003575505037666e+01  4.7999999999999998e+00  3.7487941656468934e+01  6.7490680682661148e+00  2.9542365468186027e-01  5.2435075086947283e+00  5.6029315544610592e-01  5.6320637640652160e+00  4.4565391731021853e-01  4.2360472996790494e-01  9.7847396989646185e-01
1.2799999999999800e+01  3.7853575294473814e+01  4.0632512653688155e-02  6.7606327143340650e+00  2.9577992530987007e-01  3.2555485926340772e+01  3.2003860010506713e+01  3.2003850742318043e+01  4.7999999999999998e+00  3.7546512060922474e+01  6.7687014375667243e+00  2.9479561429773188e-01  5.2810709343225746e+00  5.5914645580459477e-01  5.6483573815373083e+00  4.4495188556040766e-01  4.2398195277769829e-01  9.7773356957940649e-01
1.3199999999999800e+01  3.7907978128699099e+01  4.0623581600759545e-02  6.7808313688172248e+00  2.9553116890198122e-01  3.2549173965384469e+01  3.2004090762919120e+01  3.2004080995943461e+01  4.7999999999999998e+00  3.7600272039968914e+01  6.7890343834140632e+00  2.9409179644388600e-01  5.3202745684507837e+00  5.5835770778971183e-01  5.6641957817987523e+00  4.4499248025637789e-01  4.2432330440473665e-01  9.7692576154332444e-01
1.3599999999999801e+01  3.7956402839876468e+01  4.0609458030412410e-02  6.8012932840309270e+00  2.9533301429405484e-01  3.2543068063494836e+01  3.2004304227130270e+01  3.2004293951059601e+01  4.7999999999999998e+00  3.7648108917365221e+01  6.8096330303807129e+00  2.9357123624915143e-01  5.3592867877370516e+00  5.5722255990260827e-01  5.6802484262227111e+00  4.4490773103250331e-01  4.2455007418336760e-01  9.7605930271230457e-01
1.3999999999999700e+01  3.7999863812457193e+01  4.0588371011299661e-02  6.8219139916269826e+00  2.9518587329605572e-01  3.2537469028197407e+01  3.2004519537371110e+01  3.2004508745960543e+01  4.7999999999999998e+00  3.7691027642007199e+01  6.8303958569917764e+00  2.9383805497863258e-01  5.3974702441620588e+00  5.5574972245025933e-01  5.6970198143898347e+00  4.4487264876268068e-01  4.2462912321609481e-01  9.7516944616339329e-01
1.4399999999999700e+01  3.8040260731713673e+01  4.0561158351335488e-02  6.8428041868890039e+00  2.9462920650737390e-01  3.2532431956118948e+01  3.2004754601564478e+01  3.2004743293636771e+01  4.7999999999999998e+00  3.7730889952084411e+01  6.8514363776534495e+00  2.9367950900603945e-01  5.4351602298604513e+00  5.5525614796980760e-01  5.7147766158227515e+00  4.4427748397506189e-01  4.2456168707830955e-01  9.7425717484910679e-01
1.4799999999999701e+01  3.8079295868071185e+01  4.0530353553228433e-02  6.8642272784166174e+00  2.9372769054688297e-01  3.2527809753761979e+01  3.2005022355018660e+01  3.2005010530974239e+01  4.7999999999999998e+00  3.7769351932411418e+01  6.8730195592128291e+00  2.9326961853529182e-01  5.4733272217280895e+00  5.5467219685350855e-01  5.7335638080085900e+00  4.4365073152921913e-01  4.2437561732107587e-01  9.7332048796157822e-01
1.5199999999999701e+01  3.8117684516394050e+01  4.0498030166546205e-02  6.8864557598331970e+00  2.9281589416930720e-01  3.2523319190394744e+01  3.2005321940359565e+01  3.2005309597812911e+01  4.7999999999999998e+00  3.7807103672563855e+01  6.8954167999479496e+00  2.9290076050967007e-01  5.5130115928153369e+00  5.5399832525263892e-01  5.7532059150476726e+00  4.4291242530819386e-01  4.2411676577311014e-01  9.7235532390153157e-01
1.5599999999999699e+01  3.8155022532308351e+01  4.0474594129937570e-02  6.9095836027061575e+00  2.9161121948989815e-01  3.2518658835226567e+01  3.2005637711123285e+01  3.2005624844154958e+01  4.7999999999999998e+00  3.7843753477197886e+01  6.9187182368241080e+00  2.9238962288213860e-01  5.5547687752198600e+00  5.5360185490930047e-01  5.7733330619325161e+00  4.4197757714503838e-01  4.2383488733884189e-01  9.7135627637580846e-01
1.5999999999999700e+01  3.8190330911678672e+01  4.0500900303561127e-02  6.9334661625673171e+00  2.8983834281600851e-01  3.2513629833161112e+01  3.2005950559302121e+01  3.2005937161471955e+01  4.7999999999999998e+00  3.7878364809306099e+01  6.9427744560178857e+00  2.9118296390004411e-01  5.5984686279243698e+00  5.5351962290962531e-01  5.7935312455952621e+00  4.4085821074755538e-01  4.2356524594579581e-01  9.7031704572521171e-01
1.6399999999999800e+01  3.8222687399404450e+01  4.0533994797860046e-02  6.9578370787004431e+00  2.8924584644286949e-01  3.2508215560269207e+01  3.2006248699691611e+01  3.2006234766722613e+01  4.7999999999999998e+00  3.7910062095967589e+01  6.9673163025878564e+00  2.9052653933563483e-01  5.6434895388193977e+00  5.5402502755110805e-01  5.8135544914791391e+00  4.4057690928513937e-01  4.2331338208813035e-01  9.6923146396557369e-01
1.6799999999999802e+01  3.8251633051967119e+01  4.0572492085881359e-02  6.9824947314568568e+00  2.8897458916756980e-01  3.2502600475936767e+01  3.2006531843982160e+01  3.2006517372189272e+01  4.7999999999999998e+00  3.7938413007634828e+01  6.9921435174146849e+00  2.9063673985919358e-01  5.6890722607336510e+00  5.5423244243871839e-01  5.8335153703855536e+00  4.4019118559891340e-01  4.2305044427706118e-01  9.6808817944188841e-01
1.7199999999999900e+01  3.8277683361701136e+01  4.0612829816651430e-02  7.0074900207933633e+00  2.8872482412321332e-01  3.2497096149991890e+01  3.2006816524485622e+01  3.2006801505725271e+01  4.7999999999999998e+00  3.7963933017098725e+01  7.0173123130383015e+00  2.9047863445266070e-01  5.7346187745579256e+00  5.5419448022004070e-01  5.8541058645407595e+00  4.3974948864687102e-01  4.2272047009864466e-01  9.6684417074707274e-01
1.7600000000000001e+01  3.8303052404931059e+01  4.0650931330457427e-02  7.0332980099581048e+00  2.8847251752894620e-01  3.2492007710243556e+01  3.2007144601148696e+01  3.2007129019775412e+01  4.7999999999999998e+00  3.7988818644619158e+01  7.0433048926454509e+00  2.9010999098347684e-01  5.7798578433732946e+00  5.5413595325480647e-01  5.8768454806794939e+00  4.3877282801415673e-01  4.2225483115608559e-01  9.6556084067922376e-01
1.8000000000000000e+01  3.8330747565889027e+01  4.0684085685584272e-02  7.0606410888303266e+00  2.8861979342955618e-01  3.2487650133228001e+01  3.2007534580663290e+01  3.2007518412032809e+01  4.7999999999999998e+00  3.8016053108050443e+01  7.0708518975808845e+00  2.8961287020852283e-01  5.8248795724896967e+00  5.5426609438041485e-01  5.9033733538164421e+00  4.3771182844929313e-01  4.2160190302339506e-01  9.6424704639882375e-01
1.8400000000000102e+01  3.8362886894012291e+01  4.0711809212743706e-02  7.0899548022662016e+00  2.8915075856171124e-01  3.2484201671266675e+01  3.2007954305824128e+01  3.2007937512614347e+01  4.7999999999999998e+00  3.8047735464156418e+01  7.1003945053975794e+00  2.8888605932994149e-01  5.8700663423983936e+00  5.5305569092571583e-01  5.9342649904433333e+00  4.3604320304430966e-01  4.2075174454893294e-01  9.6290896880175236e-01
1.8800000000000100e+01  3.8401379015085453e+01  4.0735361786385774e-02  7.1214707344420320e+00  2.8952016974721090e-01  3.2481539675816158e+01  3.2008385307832498e+01  3.2008367855171841e+01  4.7999999999999998e+00  3.8085759694023011e+01  7.1321647357860600e+00  2.8849469170688458e-01  5.9159727173365662e+00  5.5420083094604733e-01  5.9695609194438379e+00  4.3534087884358708e-01  4.1972071182283016e-01  9.6154883266018376e-01
1.9200000000000198e+01  3.8446972725873316e+01  4.0756480598804788e-02  7.1552870967552726e+00  2.8922196445493747e-01  3.2479471443355202e+01  3.2008805373451132e+01  3.2008787238624031e+01  4.7999999999999998e+00  3.8130860155274846e+01  7.1662597017442646e+00  2.8853061144676451e-01  5.9631762141626563e+00  5.5486745976433749e-01  6.0088205690714487e+00  4.3375558994133617e-01  4.1854854606053610e-01  9.6016481926818431e-01
1.9600000000000300e+01  3.8497698755231013e+01  4.0776251196215571e-02  7.1910380035219594e+00  2.8907208858150879e-01  3.2477652687898733e+01  3.2009186967726663e+01  3.2009168120335630e+01  4.7999999999999998e+00  3.8181074366608854e+01  7.2023073741602834e+00  2.8796939161335716e-01  6.0121220815809497e+00  5.5613633729125100e-01  6.0506040977307816e+00  4.3219843369204497e-01  4.1730572417456901e-01  9.5875188723011051e-01
2.0000000000000298e+01  3.8551119065488137e+01  4.0794703558468669e-02  7.2281805344589838e+00  2.8919384201372433e-01  3.2475515106036909e+01  3.2009534332996814e+01  3.2009514743359290e+01  4.7999999999999998e+00  3.8234012924180306e+01  7.2397517601088843e+00  2.8765499690592133e-01  6.0630614445288185e+00  5.5609196246517256e-01  6.0934456762975397e+00  4.2953206269894173e-01  4.1606580533026499e-01  9.5730351477797870e-01
2.0400000000000400e+01  3.8606253985532078e+01  4.0811048265389414e-02  7.2664712817035157e+00  2.8872847879385466e-01  3.2472516657769383e+01  3.2009866528309452e+01  3.2009846178638682e+01  4.7999999999999998e+00  3.8288783223231199e+01  7.2783351616717988e+00  2.8704825895067226e-01  6.1160850479081939e+00  5.5616025407495606e-01  6.1367329681395173e+00  4.2833945831903580e-01  4.1488289315029825e-01  9.5581411896390400e-01
2.0800000000000502e+01  3.8663205865313351e+01  4.0824086647529782e-02  7.3059959305635020e+00  2.8871309898571568e-01  3.2468263755088515e+01  3.2010200555903715e+01  3.2010179437922829e+01  4.7999999999999998e+00  3.8345592908161812e+01  7.3181313049909216e+00  2.8660902099012270e-01  6.1711769121712727e+00  5.5633458088829679e-01  6.1806011642658643e+00  4.2736683190485697e-01  4.1378886460989167e-01  9.5428121667186383e-01
2.1200000000000500e+01  3.8722089701174966e+01  4.0832448422986112e-02  7.3469636562736582e+00  2.8825533225825961e-01  3.2462530092930990e+01  3.2010547190996938e+01  3.2010525300410286e+01  4.7999999999999998e+00  3.8404645971540056e+01  7.3593413223127149e+00  2.8571029902070205e-01  6.2282703963449544e+00  5.5705934548717506e-01  6.2254695954214272e+00  4.2518526273039436e-01  4.1279399488256557e-01  9.5270621872577976e-01
2.1600000000000598e+01  3.8782222780095935e+01  4.0834657229630582e-02  7.3894759630641094e+00  2.8736070644239337e-01  3.2455235650971325e+01  3.2010909902634573e+01  3.2010887235181144e+01  4.7999999999999998e+00  3.8465300680794314e+01  7.4020628004083422e+00  2.8501449183565652e-01  6.2873343070859935e+00  5.5745229100461113e-01  6.2715725529447131e+00  4.2524913256927849e-01  4.1189099994748896e-01  9.5109354022693737e-01
2.2000000000000600e+01  3.8842377310344631e+01  4.0829704517308885e-02  7.4335035308313397e+00  2.8710720898241759e-01  3.2446434867960058e+01  3.2011288041770072e+01  3.2011264589769659e+01  4.7999999999999998e+00  3.8526311013949567e+01  7.4462662525762280e+00  2.8513168798720201e-01  6.3484979494810201e+00  5.5604625041762457e-01  6.3188323808432445e+00  4.2374029656237372e-01  4.1106463319332809e-01  9.4944877271274952e-01
2.2400000000000698e+01  3.8902213140129255e+01  4.0816409157842834e-02  7.4790452060127723e+00  2.8633647934691708e-01  3.2436260202645137e+01  3.2011681549867369e+01  3.2011657304616740e+01  4.7999999999999998e+00  3.8587265224393896e+01  7.4919519661035618e+00  2.8465337300973592e-01  6.4123861524804280e+00  5.5709260285537832e-01  6.3669477065002242e+00  4.2267444093209139e-01  4.1031081114211831e-01  9.4777695240016469e-01
2.2800000000000800e+01  3.8963714248180040e+01  4.0794059072377847e-02  7.5263325641246217e+00  2.8650817813366963e-01  3.2424721780184605e+01  3.2012094691769342e+01  3.2012069649298972e+01  4.7999999999999998e+00  3.8650068759361716e+01  7.5393491053347059e+00  2.8357158453974840e-01  6.4805274099655561e+00  5.5583088775514911e-01  6.4154661135765068e+00  4.2127238933145644e-01  4.0965610546415904e-01  9.4608136258862696e-01
2.3200000000000799e+01  3.9027519627212357e+01  4.0763188666260809e-02  7.5754582810373234e+00  2.8595516936503218e-01  3.2411766624335456e+01  3.2012502795264133e+01  3.2012476954412747e+01  4.7999999999999998e+00  3.8715350517511752e+01  7.5885466652270832e+00  2.8385831974777503e-01  6.5535143975506518e+00  5.5592285164845689e-01  6.4639701689684230e+00  4.2147400209683000e-01  4.0910096142629854e-01  9.4436273430438722e-01
2.3600000000000900e+01  3.9091028308171197e+01  4.0725156144206298e-02  7.6258705977589782e+00  2.8516966351478285e-01  3.2397741407647402e+01  3.2012891250042316e+01  3.2012864612034562e+01  4.7999999999999998e+00  3.8780525239470094e+01  7.6389985565656886e+00  2.8339247467964895e-01  6.6299887102599762e+00  5.5464195953654205e-01  6.5121902779015883e+00  4.2084853226312541e-01  4.0859377790965523e-01  9.4261881915285450e-01
2.4000000000000998e+01  3.9152792020787814e+01  4.0681559211405205e-02  7.6770873997961910e+00  2.8422844920776486e-01  3.2382883786383296e+01  3.2013267388213734e+01  3.2013239955311512e+01  4.7999999999999998e+00  3.8844179276821251e+01  7.6902258244200246e+00  2.8267748692114664e-01  6.7087838389986354e+00  5.5582435468887592e-01  6.5599874473699300e+00  4.2018604271738674e-01  4.0810428540223442e-01  9.4084471605218645e-01
2.4400000000001000e+01  3.9212316456913726e+01  4.0633466474052839e-02  7.7288161869537655e+00  2.8397647811874083e-01  3.2367202779534296e+01  3.2013637290434907e+01  3.2013609072987066e+01  4.7999999999999998e+00  3.8905881143742057e+01  7.7419330705501848e+00  2.8296583834459882e-01  6.7890960818486370e+00  5.5503104223883981e-01  6.6073981607817682e+00  4.1932486436726341e-01  4.0762626765944177e-01  9.3903426831939851e-01
2.4800000000001098e+01  3.9269464229934229e+01  4.0580835281200378e-02  7.7809926301186563e+00  2.8341537629560004e-01  3.2350584428618973e+01  3.2014008643017156e+01  3.2013979655754433e+01  4.7999999999999998e+00  3.8965586867034887e+01  7.7940490887284328e+00  2.8274076582573560e-01  6.8704726984461573e+00  5.5430772474929080e-01  6.6546816152230761e+00  4.1819960199085970e-01  4.0716930511087945e-01  9.3718218422967436e-01
2.5200000000001101e+01  3.9324309217646615e+01  4.0522389486628417e-02  7.8337851066372162e+00  2.8221520091445218e-01  3.2332872584250900e+01  3.2014392019717938e+01  3.2014362275199225e+01  4.7999999999999998e+00  3.9023484618867130e+01  7.8467333590606767e+00  2.8245282887638079e-01  6.9529119801298593e+00  5.5437746907403074e-01  6.7022368453412833e+00  4.1711382624927096e-01  4.0675276322281123e-01  9.3528592739588057e-01
2.5600000000001199e+01  3.9376964341063925e+01  4.0593600953471601e-02  7.8873982023223377e+00  2.8233840579403902e-01  3.2313890933816218e+01  3.2014799269719020e+01  3.2014768786038353e+01  4.7999999999999998e+00  3.9079799447060232e+01  7.9001801171325425e+00  2.8232845666544398e-01  7.0366746151164401e+00  5.5326582028744931e-01  6.7504001182436095e+00  4.1639823798096032e-01  4.0639733692010882e-01  9.3334652168485821e-01
2.6000000000001300e+01  3.9427400061530776e+01  4.0679313882832427e-02  7.9418709470588436e+00  2.8163481228861076e-01  3.2293518907477647e+01  3.2015238203087080e+01  3.2015206996794653e+01  4.7999999999999998e+00  3.9134581989084566e+01  7.9544189361398656e+00  2.8144729279884434e-01  7.1219294956670272e+00  5.5420567248467811e-01  6.7992838999171568e+00  4.1565723634314866e-01  4.0611484060846020e-01  9.3136809520579034e-01
2.6400000000001299e+01  3.9475426928845039e+01  4.0756769728555187e-02  7.9971857819848866e+00  2.8091400612727774e-01  3.2271791460550908e+01  3.2015710465344029e+01  3.2015678536683673e+01  4.7999999999999998e+00  3.9187670285077566e+01  8.0094279179079262e+00  2.8163456435917311e-01  7.2088258916818617e+00  5.5372040760625807e-01  6.8488377894525616e+00  4.1505976982905557e-01  4.0590242114775027e-01  9.2935654668357970e-01
2.6800000000001400e+01  3.9520760069675134e+01  4.0822003490566250e-02  8.0534988883321219e+00  2.8141719024266565e-01  3.2248913909611602e+01  3.2016212802242833e+01  3.2016180143607066e+01  4.7999999999999998e+00  3.9238757077270151e+01  8.0653658616858319e+00  2.7965886972784654e-01  7.2977011175916955e+00  5.5159360216765718e-01  6.8990973460448402e+00  4.1447029781122496e-01  4.0574264068441979e-01  9.2731778476466331e-01
2.7200000000001499e+01  3.9562830542126513e+01  4.0871983677895796e-02  8.1109766386054059e+00  2.8019339147640321e-01  3.2225149823701933e+01  3.2016736053570526e+01  3.2016702671273791e+01  4.7999999999999998e+00  3.9287227463517411e+01  8.1224046659910627e+00  2.8136901105206430e-01  7.3888186254946078e+00  5.5133856046962126e-01  6.9501012912224107e+00  4.1437004562738111e-01  4.0560684598242291e-01  9.2525589274689546e-01
2.7600000000001501e+01  3.9600485609068556e+01  4.0905329012646818e-02  8.1693018827106396e+00  2.8061651592737624e-01  3.2200697381585144e+01  3.2017263940648888e+01  3.2017229832200833e+01  4.7999999999999998e+00  3.9331890522620746e+01  8.1802295368638731e+00  2.8080102308392801e-01  7.4818237508433798e+00  5.4970028025209328e-01  7.0014120623383880e+00  4.1362450660477923e-01  4.0546026130138829e-01  9.2317168131528626e-01
2.8000000000001599e+01  3.9632449038743850e+01  4.0922477777733994e-02  8.2278883222736265e+00  2.8019722595132596e-01  3.2175733340030298e+01  3.2017783557818063e+01  3.2017748696575318e+01  4.7999999999999998e+00  3.9371459451001776e+01  8.2382550127731111e+00  2.8136491948266640e-01  7.5759426296600960e+00  5.4514474821326109e-01  7.0524162775682244e+00  4.1325963662765258e-01  4.0526863580963729e-01  9.2106221444460923e-01
2.8400000000001601e+01  3.9658148785963924e+01  4.0925224863328759e-02  8.2865326669973083e+00  2.8037433686731106e-01  3.2150474953003716e+01  3.2018292794725532e+01  3.2018257155855437e+01  4.7999999999999998e+00  3.9405388712576595e+01  8.2962811757850332e+00  2.8071460359152534e-01  7.6706453960534828e+00  5.4503869659156290e-01  7.1030762778440115e+00  4.1281078747860317e-01  4.0500521936952399e-01  9.1892161453360777e-01
2.8800000000001699e+01  3.9677914800516142e+01  4.0916860690114437e-02  8.3454924671549158e+00  2.8064737657923855e-01  3.2125080029793672e+01  3.2018797745943566e+01  3.2018761336607511e+01  4.7999999999999998e+00  3.9434073274652391e+01  8.3545684516289125e+00  2.7988529213021268e-01  7.7658152149973905e+00  5.5006780867355987e-01  7.1539365231662764e+00  4.1113113180519428e-01  4.0465583136217331e-01  9.1674285287198298e-01
2.9200000000001801e+01  3.9692448799309716e+01  4.0898707471059184e-02  8.4048141523578543e+00  2.8079831089698998e-01  3.2099465052688338e+01  3.2019308570968711e+01  3.2019271404401771e+01  4.7999999999999998e+00  3.9458310973011990e+01  8.4131570939376896e+00  2.7996510613079140e-01  7.8612807298373921e+00  5.4915719186977097e-01  7.2052502421938938e+00  4.1138687867404833e-01  4.0422029321239189e-01  9.1451981849431530e-01
2.9600000000001799e+01  3.9702633182767997e+01  4.0870549413848378e-02  8.4642856507349737e+00  2.8051499079215997e-01  3.2073322468703097e+01  3.2019843454501732e+01  3.2019805547197571e+01  4.7999999999999998e+00  3.9479094793210308e+01  8.4718195675502646e+00  2.7993375681829702e-01  7.9567791655755400e+00  5.5030374358991141e-01  7.2570467569485446e+00  4.1119315519815208e-01  4.0370834623064167e-01  9.1224897102270264e-01
3.0000000000001901e+01  3.9709709651041365e+01  4.0831061079520156e-02  8.5240144500756383e+00  2.7992025867097814e-01  3.2046273282670327e+01  3.2020420284158440e+01  3.2020381665408628e+01  4.7999999999999998e+00  3.9497770221200213e+01  8.5306450055521186e+00  2.7972098558556990e-01  8.0524293911473848e+00  5.4949765839653630e-01  7.3098733440041270e+00  4.1132686732310175e-01  4.0313400848932851e-01  9.0993010751911474e-01
3.0400000000001999e+01  3.9714739643278165e+01  4.0777430944152121e-02  8.5845452131774458e+00  2.7982001759674785e-01  3.2018098498014751e+01  3.2021039405828070e+01  3.2021000062233774e+01  4.7999999999999998e+00  3.9515473528051388e+01  8.5901653330490184e+00  2.7999148663757223e-01  8.1488682478175338e+00  5.4841629670838754e-01  7.3645088564097554e+00  4.1083637789964217e-01  4.0251587506982484e-01  9.0756603083946585e-01
3.0800000000002001e+01  3.9717230827277092e+01  4.0705938385645180e-02  8.6459265335172759e+00  2.7972340912091537e-01  3.1988808972932222e+01  3.2021668282941903e+01  3.2021628153749383e+01  4.7999999999999998e+00  3.9531731474209053e+01  8.6504225241806694e+00  2.8032923193461740e-01  8.2465654948275748e+00  5.4857693762150816e-01  7.4203470059924896e+00  4.1108430652733025e-01  4.0187998359668053e-01  9.0516125230352618e-01
3.1200000000002099e+01  3.9716472342782808e+01  4.0811031725870681e-02  8.7074672957379367e+00  2.7965643962208270e-01  3.1958310712431015e+01  3.2022277851691172e+01  3.2022236851782964e+01  4.7999999999999998e+00  3.9545813510823109e+01  8.7107146096078889e+00  2.8082488643129022e-01  8.3452748302542918e+00  5.4881900743769718e-01  7.4759222195484600e+00  4.1047586861439994e-01  4.0123555140025280e-01  9.0272024814920138e-01
3.1600000000002101e+01  3.9712207077691687e+01  4.0933037506579797e-02  8.7685942013851204e+00  2.7984081069886008e-01  3.1926734167861564e+01  3.2022859650771487e+01  3.2022817712069141e+01  4.7999999999999998e+00  3.9557416222049795e+01  8.7704670240081075e+00  2.8157284548944767e-01  8.4443772190105566e+00  5.4934603159426421e-01  7.5305141228871770e+00  4.0955615938465212e-01  4.0056766370917823e-01  9.0024595440364152e-01
3.2000000000002203e+01  3.9705099348934382e+01  4.1031371788998586e-02  8.8295391533302148e+00  2.8015287034875042e-01  3.1894554369705123e+01  3.2023420592969089e+01  3.2023377705707297e+01  4.7999999999999998e+00  3.9567151418318161e+01  8.8299256512586943e+00  2.8136700685370036e-01  8.5436104051807469e+00  5.4881580091058779e-01  7.5848109113305808e+00  4.0934302350178597e-01  3.9984442538937465e-01  8.9773897685229220e-01
3.2400000000002102e+01  3.9696177799103609e+01  4.1103404662572916e-02  8.8906296303798857e+00  2.7983089015567125e-01  3.1862195598052654e+01  3.2023955328599023e+01  3.2023911504454425e+01  4.7999999999999998e+00  3.9576019221193185e+01  8.8894312569539462e+00  2.8184413503853811e-01  8.6431137505150364e+00  5.4870600235534928e-01  7.6393119654038557e+00  4.0900621302348306e-01  3.9903563709663609e-01  8.9519757110215814e-01
3.2800000000002001e+01  3.9686110842337996e+01  4.1147911624648495e-02  8.9514126908810940e+00  2.7933874572581685e-01  3.1829726433297740e+01  3.2024443147731034e+01  3.2024398355730128e+01  4.7999999999999998e+00  3.9584710650792623e+01  8.9485299629197890e+00  2.8183199947716536e-01  8.7426649380128367e+00  5.4917061305286541e-01  7.6932436663241672e+00  4.0914267951614469e-01  3.9812406972751629e-01  8.9261812293854936e-01
3.3200000000001999e+01  3.9675649507759474e+01  4.1164796266868323e-02  9.0113151961200852e+00  2.7930179908067959e-01  3.1797096017904046e+01  3.2024863492515379e+01  3.2024817683661055e+01  4.7999999999999998e+00  3.9594061427155367e+01  9.0066420527924151e+00  2.8232171379683296e-01  8.8413835218258399e+00  5.5154132684775914e-01  7.7462304330868790e+00  4.0775942279137278e-01  3.9710135588447998e-01  8.8999583878214528e-01
3.3600000000001899e+01  3.9665883643515627e+01  4.1154564261674589e-02  9.0706522113637291e+00  2.7957032978475416e-01  3.1764210211960446e+01  3.2025226351924857e+01  3.2025179479649040e+01  4.7999999999999998e+00  3.9605297775797013e+01  9.0640730063927020e+00  2.8317986590535221e-01  8.9387393904115502e+00  5.5216723148131230e-01  7.7995223115314207e+00  4.0699126120740325e-01  3.9597434523301972e-01  8.8732556726516021e-01
3.4000000000001798e+01  3.9657549331397860e+01  4.1120621337126004e-02  9.1303217205196194e+00  2.7944404395628480e-01  3.1730662844870949e+01  3.2025603126057938e+01  3.2025555202132267e+01  4.7999999999999998e+00  3.9619315476584589e+01  9.1216965390936249e+00  2.8332586529692455e-01  9.0355167980153688e+00  5.5349026376105970e-01  7.8544659604406117e+00  4.0613577785549887e-01  3.9478026828908025e-01  8.8460279461654123e-01
3.4400000000001697e+01  3.9649848277221025e+01  4.1060108064438126e-02  9.1904058584205668e+00  2.8015425193300741e-01  3.1695776916263675e+01  3.2026058075874950e+01  3.2026009118746167e+01  4.7999999999999998e+00  3.9635465374638727e+01  9.1795568559916045e+00  2.8276342621233663e-01  9.1330910666333747e+00  5.5598879327937056e-01  7.9101372243061538e+00  4.0577210251830326e-01  3.9358644581331870e-01  8.8182467250837915e-01
3.4800000000001603e+01  3.9640718883166784e+01  4.0971706128653154e-02  9.2498368168719871e+00  2.8018665937331394e-01  3.1658907517730523e+01  3.2026533628366856e+01  3.2026483609798753e+01  4.7999999999999998e+00  3.9651801611054211e+01  9.2365485534090563e+00  2.8338703928622727e-01  9.2315468068139399e+00  5.5583719624751338e-01  7.9642384601576390e+00  4.0589150484483011e-01  3.9245945752757455e-01  8.7899065487938111e-01
3.5200000000001602e+01  3.9629072279716780e+01  4.1057301322917218e-02  9.3077641273307421e+00  2.8110812605370555e-01  3.1619788655514501e+01  3.2027004328455725e+01  3.2026953246247750e+01  4.7999999999999998e+00  3.9667311834088949e+01  9.2918002476383617e+00  2.8329927188248760e-01  9.3294518028153881e+00  5.5578218047251260e-01  8.0160604186394284e+00  4.0489792256780655e-01  3.9142983622377037e-01  8.7610234054689640e-01
3.5600000000001501e+01  3.9615807870708508e+01  4.1213909781606342e-02  9.3646232650278378e+00  2.8115208813533460e-01  3.1578511921519528e+01  3.2027486579084858e+01  3.2027434504418082e+01  4.7999999999999998e+00  3.9682931794015403e+01  9.3457426932751826e+00  2.8457320998702812e-01  9.4257100653347337e+00  5.5316878504721678e-01  8.0670129165477231e+00  4.0358662800203843e-01  3.9049876230434544e-01  8.7316250348412616e-01
3.6000000000001400e+01  3.9602870193631155e+01  4.1339694723268594e-02  9.4213509656861678e+00  2.8129574988291189e-01  3.1535182907660950e+01  3.2027982222782278e+01  3.2027929198720820e+01  4.7999999999999998e+00  3.9700608757908512e+01  9.3993096661636688e+00  2.8542356498779248e-01  9.5211342412932893e+00  5.5266038136553497e-01  8.1178139645450909e+00  4.0448117784096699e-01  3.8966818403872627e-01  8.7017369814754419e-01
3.6400000000001299e+01  3.9591017307115820e+01  4.1431102873245820e-02  9.4778953952612888e+00  2.8135658889721527e-01  3.1489774095790132e+01  3.2028461539423290e+01  3.2028407515330237e+01  4.7999999999999998e+00  3.9721091396169847e+01  9.4524421805202206e+00  2.8662133168167481e-01  9.6171170432033719e+00  5.5799038986007410e-01  8.1669295716442782e+00  4.0343996318071179e-01  3.8894029687882731e-01  8.6713695830097537e-01
3.6800000000001198e+01  3.9577949752326276e+01  4.1484961251009631e-02  9.5328898521755310e+00  2.8167082711065256e-01  3.1442645256648095e+01  3.2028891780734341e+01  3.2028836726106491e+01  4.7999999999999998e+00  3.9742092044304698e+01  9.5037839536084441e+00  2.8665894625158422e-01  9.7126917999130242e+00  5.5879242791395212e-01  8.2127713726227256e+00  4.0340010226174761e-01  3.8827558320463068e-01  8.6405100078522090e-01
3.7200000000001197e+01  3.9561103084833853e+01  4.1498768346698620e-02  9.5852231916184376e+00  2.8209476006017103e-01  3.1394216196201668e+01  3.2029257603795230e+01  3.2029201620071035e+01  4.7999999999999998e+00  3.9761095562970922e+01  9.5522366548989392e+00  2.8773888922065238e-01  9.8051690003707819e+00  5.5703954941177214e-01  8.2558168759936521e+00  4.0177372198553518e-01  3.8761884594280710e-01  8.6091216512705482e-01
3.7600000000001103e+01  3.9539403959483117e+01  4.1473868646984699e-02  9.6350170319963837e+00  2.8171475898781417e-01  3.1344652735276892e+01  3.2029588619916701e+01  3.2029531817842944e+01  4.7999999999999998e+00  3.9777129914792376e+01  9.5979203917210452e+00  2.8892290060119780e-01  9.8930289183211677e+00  5.5695573288668976e-01  8.2977083867984636e+00  4.0311049890877093e-01  3.8694120220727590e-01  8.5771511206544515e-01
3.8000000000001002e+01  3.9512492639377115e+01  4.1408599398706503e-02  9.6830069253338440e+00  2.8221923382035463e-01  3.1293825703161701e+01  3.2029917451923517e+01  3.2029859798718391e+01  4.7999999999999998e+00  3.9789997048617849e+01  9.6415512030359842e+00  2.9019109285756339e-01  9.9778521441871710e+00  5.5731795543659601e-01  8.3385865560696928e+00  4.0232855166357911e-01  3.8626107227657897e-01  8.5445405389481177e-01
3.8400000000000901e+01  3.9480132561598808e+01  4.1419820572224028e-02  9.7298429927519798e+00  2.8286853942496326e-01  3.1241451356774085e+01  3.2030243988632044e+01  3.2030185435955971e+01  4.7999999999999998e+00  3.9799669098348780e+01  9.6837479991482454e+00  2.9050649184335947e-01  1.0062452600964324e+01  5.5700581698540097e-01  8.3775601505913286e+00  4.0233110546288792e-01  3.8562214037330295e-01  8.5112407181190275e-01
3.8800000000000800e+01  3.9441828656318343e+01  4.1625619331269625e-02  9.7754717163738167e+00  2.8346537109826681e-01  3.1187206397493089e+01  3.2030564100954649e+01  3.2030504706960713e+01  4.7999999999999998e+00  3.9805874795864703e+01  9.7244231625703588e+00  2.9160795878102930e-01  1.0147352233697584e+01  5.5691914895285477e-01  8.4143843734871506e+00  4.0289231816416388e-01  3.8505647777897367e-01  8.4772203451409001e-01
3.9200000000000799e+01  3.9396929273691136e+01  4.1792260524349908e-02  9.8192791235728691e+00  2.8505803085121806e-01  3.1130758507052111e+01  3.2030884420449169e+01  3.2030824307136690e+01  4.7999999999999998e+00  3.9808167618289630e+01  9.7629305695254693e+00  2.9279369939021233e-01  1.0230473298264027e+01  5.5753531606434137e-01  8.4495994147761699e+00  4.0211970836466404e-01  3.8457676071019820e-01  8.4424683929394517e-01
3.9600000000000698e+01  3.9344796590324584e+01  4.1917772544641942e-02  9.8608014355972777e+00  2.8605646918331029e-01  3.1071944463422088e+01  3.2031209479822287e+01  3.2031148683728908e+01  4.7999999999999998e+00  3.9806081689391142e+01  9.7987830315458950e+00  2.9535813357895446e-01  1.0309792851114198e+01  5.5730391556989844e-01  8.4835034570485064e+00  4.0357368115899472e-01  3.8418926598234354e-01  8.4069904698216924e-01
4.0000000000000597e+01  3.9285059168675275e+01  4.2000319178225873e-02  9.9001229659591576e+00  2.8631566752834420e-01  3.1010868787664524e+01  3.2031544180774802e+01  3.2031482594216371e+01  4.7999999999999998e+00  3.9799374185606652e+01  9.8320529962677519e+00  2.9678544393116002e-01  1.0385616055297781e+01  5.5815328876740877e-01  8.5154978419076386e+00  4.0245022998498092e-01  3.8390038847750890e-01  8.3708023128761488e-01
4.0400000000000503e+01  3.9218005822430172e+01  4.2038891433368926e-02  9.9377996416512442e+00  2.8746468088652177e-01  3.0947858710969186e+01  3.2031882517002565e+01  3.2031820029470246e+01  4.7999999999999998e+00  3.9788409789129972e+01  9.8632941210900356e+00  2.9826091430421442e-01  1.0459758763824329e+01  5.5882279301655935e-01  8.5451276932250053e+00  4.0502780670858685e-01  3.8370739687127625e-01  8.3339233046981498e-01
4.0800000000000502e+01  3.9144045220633245e+01  4.2035477924143833e-02  9.9742942413832907e+00  2.8902314224018782e-01  3.0883166487541423e+01  3.2032193375811651e+01  3.2032130021838832e+01  4.7999999999999998e+00  3.9773644846703689e+01  9.8929652659801928e+00  3.0069496055627659e-01  1.0532819803125927e+01  5.5780004262064031e-01  8.5730528787931863e+00  4.0433466848122973e-01  3.8358721328788919e-01  8.2963705996901138e-01
4.1200000000000401e+01  3.9062734004829579e+01  4.2004669571601531e-02  1.0009298737209226e+01  2.8983444870766073e-01  3.0816744760046625e+01  3.2032441330411537e+01  3.2032377207651578e+01  4.7999999999999998e+00  3.9754690640264037e+01  9.9207462646582307e+00  3.0278708444706959e-01  1.0603163376502639e+01  5.5646660062725539e-01  8.6000472716411878e+00  4.0530086708286228e-01  3.8350351271477279e-01  8.2581529803759146e-01
4.1600000000000300e+01  3.8972552942239425e+01  4.2271281599140773e-02  1.0041633225685169e+01  2.9083714217114354e-01  3.0748503568734428e+01  3.2032617673601401e+01  3.2032552779344066e+01  4.7999999999999998e+00  3.9730112133342132e+01  9.9454489185697774e+00  3.0430207181022473e-01  1.0668609899077696e+01  5.5694050198155998e-01  8.6254593675075100e+00  4.0576139897504715e-01  3.8342562088473320e-01  8.2192645248273721e-01
4.2000000000000199e+01  3.8872040267398205e+01  4.2485953868389888e-02  1.0070414034329280e+01  2.9256354869231949e-01  3.0678544393083758e+01  3.2032736078687250e+01  3.2032670383786424e+01  4.7999999999999998e+00  3.9698569394827963e+01  9.9661864056518326e+00  3.0668974249095310e-01  1.0728678037262503e+01  5.5991821495054905e-01  8.6481068968038670e+00  4.0799286961658487e-01  3.8333818707096384e-01  8.1796802479796760e-01
4.2400000000000098e+01  3.8760995708971066e+01  4.2647325255737389e-02  1.0096191933304070e+01  2.9491176997979962e-01  3.0607002398007261e+01  3.2032842385806504e+01  3.2032775905000129e+01  4.7999999999999998e+00  3.9660021209578730e+01  9.9834925416103264e+00  3.0973730590991866e-01  1.0785084357078643e+01  5.5992861795091342e-01  8.6682167436187179e+00  4.0844585358167046e-01  3.8323861524748115e-01  8.1393565526831746e-01
4.2800000000000097e+01  3.8640150077469215e+01  4.2755213762967939e-02  1.0120428137796196e+01  2.9649895427823447e-01  3.0533725470683756e+01  3.2032988512835360e+01  3.2032921275667007e+01  4.7999999999999998e+00  3.9615390200747996e+01  9.9987846966059735e+00  3.1262561448478676e-01  1.0839921141987562e+01  5.5976172606583585e-01  8.6874494081036104e+00  4.1010295996111995e-01  3.8313177249332248e-01  8.0982375194239631e-01
4.3200000000000003e+01  3.8509999419073111e+01  4.2813214025185037e-02  1.0144127311864175e+01  2.9844080234069603e-01  3.0458351748654035e+01  3.2033172926290305e+01  3.2033104956159164e+01  4.7999999999999998e+00  3.9565384058607130e+01  1.0013012975632016e+01  3.1552991660511415e-01  1.0894222247905846e+01  5.6001616015778422e-01  8.7069519397844619e+00  4.1156690121416811e-01  3.8303039962373753e-01  8.0562650294682725e-01
4.3599999999999902e+01  3.8370036986257958e+01  4.2825340658993141e-02  1.0167050828427486e+01  3.0048304910262752e-01  3.0380750469780793e+01  3.2033351519293049e+01  3.2033282831549712e+01  4.7999999999999998e+00  3.9509702859458251e+01  1.0025905348099691e+01  3.1939963155314866e-01  1.0947806455098636e+01  5.6036288337236773e-01  8.7260229161396126e+00  4.1278125856170972e-01  3.8295292066408337e-01  8.0133888282337451e-01
4.3999999999999801e+01  3.8219236568427505e+01  4.2970383057042538e-02  1.0188036778489144e+01  3.0240019796019790e-01  3.0301141916011300e+01  3.2033482563282007e+01  3.2033413132142449e+01  4.7999999999999998e+00  3.9447497282476121e+01  1.0036296429206525e+01  3.2187537653275750e-01  1.0999477435987103e+01  5.6054326172854840e-01  8.7430000323840780e+00  4.1484226922639456e-01  3.8291347617464649e-01  7.9690196625276821e-01
4.4399999999999700e+01  3.8057572649184294e+01  4.3250356623818494e-02  1.0206511241266538e+01  3.0448239685376677e-01  3.0219924811943159e+01  3.2033548890529701e+01  3.2033478637862949e+01  4.7999999999999998e+00  3.9378881024951049e+01  1.0043616223496938e+01  3.2524137060199826e-01  1.1048228324946701e+01  5.6313094660075402e-01  8.7574816985573189e+00  4.1597639571686118e-01  3.8291453752177101e-01  7.9217710107401518e-01
4.4799999999999699e+01  3.7886895709007419e+01  4.3469902429995988e-02  1.0223404782702589e+01  3.0778695070674195e-01  3.0137251653592891e+01  3.2033579014188369e+01  3.2033507852855671e+01  4.7999999999999998e+00  3.9305809543739613e+01  1.0048772445615656e+01  3.2938542272262161e-01  1.1094376039888923e+01  5.6448366709149367e-01  8.7710867495726141e+00  4.1825972832575964e-01  3.8294783821646722e-01  7.8733753116716609e-01
4.5199999999999598e+01  3.7709263389771415e+01  4.3630051975064151e-02  1.0239718508161822e+01  3.1012959740359680e-01  3.0052806318110726e+01  3.2033611877940672e+01  3.2033539755810807e+01  4.7999999999999998e+00  3.9230425831967999e+01  1.0052720915715796e+01  3.3392948936227601e-01  1.1138981797255418e+01  5.6610916692661961e-01  8.7849324514546510e+00  4.1998598368780848e-01  3.8300724203506387e-01  7.8238372367254860e-01
4.5599999999999497e+01  3.7525117787871864e+01  4.3736277240582863e-02  1.0255050676814335e+01  3.1333266526852288e-01  2.9966271850272410e+01  3.2033637733502047e+01  3.2033564649722450e+01  4.7999999999999998e+00  3.9153260205552037e+01  1.0055035673982069e+01  3.3837423222710328e-01  1.1182291112509967e+01  5.6586141358229813e-01  8.7980285720489793e+00  4.2200743311323263e-01  3.8309104538502320e-01  7.7731663505188808e-01
4.5999999999999403e+01  3.7333712318613323e+01  4.3789386271554369e-02  1.0268501248651640e+01  3.1617512591361063e-01  2.9877770551726694e+01  3.2033621773638551e+01  3.2033547743853568e+01  4.7999999999999998e+00  3.9073673091368185e+01  1.0054819782475660e+01  3.4271670040388369e-01  1.1223162848257079e+01  5.6640816571658126e-01  8.8095866536452014e+00  4.2429235734540893e-01  3.8319042994885727e-01  7.7213622642522461e-01
4.6399999999999302e+01  3.7134118621723310e+01  4.3993068640492405e-02  1.0280013616810532e+01  3.1851161847576909e-01  2.9787695790601099e+01  3.2033583825626508e+01  3.2033508855918022e+01  4.7999999999999998e+00  3.8990866333744364e+01  1.0052011232751072e+01  3.4678997289909191e-01  1.1260468187479022e+01  5.7123962572083753e-01  8.8204178720305624e+00  4.2698002291243431e-01  3.8329439847826074e-01  7.6683978755487991e-01
4.6799999999999301e+01  3.6925423894760399e+01  4.4264626507112284e-02  1.0289817310563102e+01  3.2220191331740433e-01  2.9695958174442037e+01  3.2033551600336395e+01  3.2033475673969541e+01  4.7999999999999998e+00  3.8904079271508536e+01  1.0046801876713339e+01  3.5120388252652579e-01  1.1294742038101450e+01  5.7305083383822297e-01  8.8306239967497433e+00  4.2851679588807429e-01  3.8340629770993628e-01  7.6142109231494703e-01
4.7199999999999200e+01  3.6697902705817668e+01  4.4435110064040793e-02  1.0298882163476579e+01  3.2646872651929310e-01  2.9603146686271021e+01  3.2033529433023290e+01  3.2033452565980603e+01  4.7999999999999998e+00  3.8798855952548223e+01  1.0040601450192911e+01  3.5772374998741036e-01  1.1331228816627746e+01  5.7272312648742907e-01  8.8387230757149844e+00  4.3155577792427230e-01  3.8337607958897013e-01  7.5498426080478864e-01
4.7599999999999099e+01  3.6469921840732226e+01  4.4616501414661405e-02  1.0305201068195451e+01  3.2963008263340288e-01  2.9507213494910498e+01  3.2033501714735728e+01  3.2033423994466183e+01  4.7999999999999998e+00  3.8703565259210194e+01  1.0030396545712676e+01  3.6282165677889855e-01  1.1363053743675952e+01  5.7289807355306821e-01  8.8451245001667704e+00  4.3417129672646199e-01  3.8356739038281895e-01  7.4932779820444906e-01
4.7999999999998998e+01  3.6227447129897207e+01  4.4758178792937045e-02  1.0310850367246633e+01  3.3346271924575666e-01  2.9411299577337491e+01  3.2033489044654090e+01  3.2033410458345649e+01  4.7999999999999998e+00  3.8599704243232807e+01  1.0018658566350970e+01  3.6827811362309926e-01  1.1395358644909548e+01  5.7509972623425631e-01  8.8513040127718430e+00  4.3737805940092378e-01  3.8372241558590253e-01  7.4352360900375314e-01
4.8399999999998897e+01  3.5975658060048303e+01  4.4954282898654760e-02  1.0317231836983897e+01  3.3728791371229966e-01  2.9312737956530924e+01  3.2033498463853896e+01  3.2033418970833026e+01  4.7999999999999998e+00  3.8493105178843237e+01  1.0006637652890390e+01  3.7373410595810796e-01  1.1423587777845713e+01  5.7662239049365460e-01  8.8601259057749182e+00  4.3990773360741053e-01  3.8413351871036483e-01  7.3756855636146668e-01
4.8799999999998903e+01  3.5721113417634022e+01  4.5146726956778682e-02  1.0322785865864377e+01  3.4115215543329058e-01  2.9212484259300105e+01  3.2033471449949701e+01  3.2033391166496962e+01  4.7999999999999998e+00  3.8388778779073391e+01  9.9930665080507648e+00  3.7989883611444869e-01  1.1451387283441525e+01  5.7877168947152302e-01  8.8679626544161430e+00  4.4279058078858341e-01  3.8452900515069477e-01  7.3145573810445574e-01
4.9199999999998802e+01  3.5458568214765990e+01  4.5272564779013591e-02  1.0327631717524534e+01  3.4605777439363544e-01  2.9109838893258619e+01  3.2033400467423860e+01  3.2033319495546195e+01  4.7999999999999998e+00  3.8282563707272772e+01  9.9778292388934151e+00  3.8690000680405678e-01  1.1478787340800055e+01  5.8084739997134471e-01  8.8742380567430921e+00  4.4639917147489405e-01  3.8502261171965274e-01  7.2516639279194173e-01
4.9599999999998701e+01  3.5187021794947967e+01  4.5462346279636121e-02  1.0330657323479446e+01  3.5074102527639933e-01  2.9005341755024745e+01  3.2033288771391035e+01  3.2033207118668280e+01  4.7999999999999998e+00  3.8173599265499128e+01  9.9598415237368840e+00  3.9364622387731424e-01  1.1504582233389630e+01  5.8298924088496262e-01  8.8781009796217756e+00  4.4934424098738912e-01  3.8562461698004641e-01  7.1853326267890338e-01
4.9999999999998600e+01  3.4905578549932912e+01  4.5628222681254271e-02  1.0331797371145891e+01  3.5584229355830926e-01  2.8899706389738146e+01  3.2033187078174890e+01  3.2033104691533225e+01  4.7999999999999998e+00  3.8061154744739447e+01  9.9390341865787377e+00  4.0064271602479801e-01  1.1526349999066186e+01  5.8411353316953563e-01  8.8814023524427448e+00  4.5332965166807349e-01  3.8633326422731595e-01  7.1167029737073872e-01
5.0399999999998499e+01  3.4614246920308695e+01  4.5870376857922467e-02  1.0332556532987502e+01  3.6087142641648778e-01  2.8792523857047886e+01  3.2033138232454618e+01  3.2033055191030336e+01  4.7999999999999998e+00  3.7945388600091313e+01  9.9167923595758349e+00  4.0786104559342917e-01  1.1544534785079870e+01  5.8700015698670638e-01  8.8863297060828206e+00  4.5739171011355362e-01  3.8714997389554534e-01  7.0457051959494954e-01
5.0799999999998498e+01  3.4312822380824372e+01  4.6100061828925822e-02  1.0334397252603463e+01  3.6643607028798147e-01  2.8683060520947112e+01  3.2033106578916318e+01  3.2033023025590303e+01  4.7999999999999998e+00  3.7826186061498127e+01  9.8944323851606093e+00  4.1584594487686766e-01  1.1562070183362477e+01  5.8893893878409298e-01  8.8931373568059886e+00  4.6163747453609388e-01  3.8807853214135746e-01  6.9728413410620838e-01
5.1199999999998397e+01  3.4000087572360840e+01  4.6331925532926942e-02  1.0337033125505853e+01  3.7267831002842966e-01  2.8571522730554491e+01  3.2033026915933469e+01  3.2032942910136718e+01  4.7999999999999998e+00  3.7702346618426212e+01  9.8716323291314225e+00  4.2451670628358201e-01  1.1580166953457846e+01  5.9022559810643482e-01  8.9005753470280933e+00  4.6639555471229555e-01  3.8911466616126400e-01  6.8978822828026698e-01
5.1599999999998303e+01  3.3674313036246701e+01  4.6598692876568329e-02  1.0339122604565189e+01  3.7844087724871267e-01  2.8458815790972086e+01  3.2032876371368324e+01  3.2032791889209378e+01  4.7999999999999998e+00  3.7572096770888422e+01  9.8471011192524482e+00  4.3288124963494323e-01  1.1596779995346949e+01  5.9291884130059003e-01  8.9079693861394134e+00  4.7082254054776879e-01  3.9024913965400410e-01  6.8200334621246250e-01
5.1999999999998202e+01  3.3333819779281612e+01  4.6823442293804918e-02  1.0340113977130819e+01  3.8508789560415763e-01  2.8345435592399689e+01  3.2032685657042677e+01  3.2032600757791585e+01  4.7999999999999998e+00  3.7433680926247696e+01  9.8202817003016989e+00  4.4217232561325598e-01  1.1609100689158430e+01  5.9478013100966165e-01  8.9164035952526390e+00  4.7610073273057169e-01  3.9147750204379750e-01  6.7395703893019576e-01
5.2399999999998101e+01  3.2985438041716172e+01  4.7075627396052477e-02  1.0339654258448768e+01  3.9319556406008582e-01  2.8230337296045899e+01  3.2032481464175781e+01  3.2032414589898849e+01  4.7999999999999998e+00  3.7296999570041486e+01  9.7905109252517999e+00  4.5147287346507703e-01  1.1616030575874513e+01  5.9842761562158842e-01  8.9256568143574935e+00  4.8145827535047858e-01  3.9284972590714590e-01  6.6566491524004301e-01
5.2799999999998100e+01  3.2612823186603435e+01  4.7368527148672845e-02  1.0342110398773006e+01  4.0090743205832735e-01  2.8113388150045616e+01  3.2032220412164349e+01  3.2032151597410817e+01  4.7999999999999998e+00  3.7139686077047259e+01  9.7622451497737615e+00  4.6173684073854815e-01  1.1625739951303805e+01  6.0074171779137353e-01  8.9374631335483894e+00  4.8719495655532163e-01  3.9433594667136063e-01  6.5708763711109386e-01
5.3199999999997999e+01  3.2222906421049601e+01  4.7602824192980051e-02  1.0347347281477909e+01  4.0724913374793936e-01  2.7995137828053327e+01  3.2032133206891714e+01  3.2032061599719611e+01  4.7999999999999998e+00  3.6971246041173401e+01  9.7350686048682675e+00  4.7172395343841678e-01  1.1639413484624832e+01  6.0275898285117846e-01  8.9510182778599034e+00  4.9334268459049957e-01  3.9595317765169569e-01  6.4821828472445486e-01
5.3599999999997898e+01  3.1813040117961172e+01  4.7814897031471945e-02  1.0354162925486927e+01  4.1618369259270843e-01  2.7876788669386567e+01  3.2031942573836673e+01  3.2031867765221470e+01  4.7999999999999998e+00  3.6788306324504234e+01  9.7078256744417697e+00  4.8205795674022800e-01  1.1653793277984491e+01  6.0530328188894567e-01  8.9667331607599330e+00  4.9999920963870564e-01  3.9766397216303978e-01  6.3906176447081564e-01
5.3999999999997797e+01  3.1388513845784910e+01  4.7992088396306656e-02  1.0360097301686048e+01  4.2453430824321781e-01  2.7757819721892570e+01  3.2031750323858539e+01  3.2031651035678387e+01  4.7999999999999998e+00  3.6597074907415767e+01  9.6781399558467598e+00  4.9350012280915695e-01  1.1663104829310809e+01  6.0773931153611571e-01  8.9839501562599633e+00  5.0715025681957238e-01  3.9949964578021424e-01  6.2961449230047295e-01
5.4399999999997704e+01  3.0943752510928554e+01  4.8264388220801008e-02  1.0367627607396894e+01  4.3441076054835220e-01  2.7637580312477787e+01  3.2031528166840026e+01  3.2031428463798697e+01  4.7999999999999998e+00  3.6390892859276022e+01  9.6481703435433026e+00  5.0507863518903728e-01  1.1671348754857330e+01  6.1095696751386075e-01  9.0037614801456147e+00  5.1498577437025383e-01  4.0150153108032166e-01  6.1981564166520231e-01
5.4799999999997702e+01  3.0483741552403206e+01  4.8596260523430079e-02  1.0379591310283811e+01  4.4308731127367906e-01  2.7516585336495105e+01  3.2031276636448908e+01  3.2031176460632658e+01  4.7999999999999998e+00  3.6175027475441908e+01  9.6204581208734421e+00  5.1719550544660609e-01  1.1685348644337976e+01  6.1355919752246779e-01  9.0264116488975024e+00  5.2215596923194063e-01  4.0367766875805811e-01  6.0934734156129322e-01
5.5199999999997601e+01  3.0008794710277094e+01  4.8923432176640275e-02  1.0395872758042337e+01  4.5307210030423922e-01  2.7395781209294395e+01  3.2031003709158291e+01  3.2030903714966023e+01  4.7999999999999998e+00  3.5949565659816109e+01  9.5947959856923646e+00  5.2916578528536873e-01  1.1704102153220052e+01  6.1593364097003767e-01  9.0527620894665422e+00  5.2985539841165308e-01  4.0602050181291732e-01  5.9850733994999616e-01
5.5599999999997500e+01  2.9518132263804436e+01  4.9226103714201601e-02  1.0413274385976557e+01  4.6383452084593207e-01  2.7274825672203203e+01  3.2030726061427195e+01  3.2030628466859753e+01  4.7999999999999998e+00  3.5713453315329225e+01  9.5681317915559845e+00  5.4219139203740774e-01  1.1720343200338899e+01  6.1865744482936558e-01  9.0825161182835252e+00  5.3919407250407292e-01  4.0851565004275919e-01  5.8728366706077495e-01
5.5999999999997399e+01  2.9011439020559969e+01  4.9553256787923460e-02  1.0431008275293761e+01  4.7465640915008578e-01  2.7152676208225053e+01  3.2030415864493342e+01  3.2030322146806213e+01  4.7999999999999998e+00  3.5466041009655285e+01  9.5396118128373963e+00  5.5499877987203472e-01  1.1731715198556817e+01  6.2173676158109970e-01  9.1156845919042269e+00  5.4774470008180431e-01  4.1117121245776694e-01  5.7567085417760511e-01
5.6399999999997299e+01  2.8489857819264714e+01  4.9928621767948544e-02  1.0452406953369977e+01  4.8612543382728829e-01  2.7029227491711225e+01  3.2030016770209194e+01  3.2029928038831706e+01  4.7999999999999998e+00  3.5208063139927603e+01  9.5121288145643810e+00  5.6913751550749236e-01  1.1744486039688187e+01  6.2489532041315476e-01  9.1533355034544321e+00  5.5646487159387603e-01  4.1401189346618650e-01  5.6366103939071788e-01
5.6799999999997297e+01  2.7954145321571346e+01  5.0336844592415692e-02  1.0479225340550141e+01  4.9796352735285765e-01  2.6905311920102896e+01  3.2029530378011614e+01  3.2029448448511808e+01  4.7999999999999998e+00  3.4939796102123445e+01  9.4871346759377300e+00  5.8269719682227028e-01  1.1764094860532140e+01  6.2797552812675250e-01  9.1945335036956237e+00  5.6674398789706937e-01  4.1705598227401597e-01  5.5123082281277713e-01
5.7199999999997203e+01  2.7403301952526494e+01  5.0732510969808298e-02  1.0509107032556448e+01  5.1030778582773439e-01  2.6781834403537019e+01  3.2029001577782687e+01  3.2028926381632509e+01  4.7999999999999998e+00  3.4659676649372685e+01  9.4623806197749492e+00  5.9726550044120197e-01  1.1786161321905324e+01  6.3105086236219865e-01  9.2385204324214563e+00  5.7682348253330162e-01  4.2029027883271608e-01  5.3836910236726521e-01
5.7599999999997102e+01  2.6836759548162192e+01  5.1139171028297681e-02  1.0541809058383654e+01  5.2315055746588590e-01  2.6659551873802357e+01  3.2028465714488703e+01  3.2028395768179891e+01  4.7999999999999998e+00  3.4366519769491283e+01  9.4375026515845466e+00  6.1175690240614333e-01  1.1805813567558832e+01  6.3449155384232769e-01  9.2887573549853375e+00  5.8606726818995725e-01  4.2369858995757714e-01  5.2507906267912996e-01
5.7999999999997002e+01  2.6254795263467241e+01  5.1577465354823770e-02  1.0579563794863974e+01  5.3623860771212195e-01  2.6538496744662790e+01  3.2027904675151063e+01  3.2027839794763736e+01  4.7999999999999998e+00  3.4059980973954453e+01  9.4142682383207195e+00  6.2718246152884494e-01  1.1825312681336037e+01  6.3779252854461399e-01  9.3473486995152530e+00  5.9727497652380845e-01  4.2728772990548980e-01  5.1135582965640525e-01
5.8399999999997000e+01  2.5658023182480360e+01  5.2062351660377731e-02  1.0623881393989057e+01  5.4999335226176616e-01  2.6418397137177774e+01  3.2027263402467192e+01  3.2027204141436435e+01  4.7999999999999998e+00  3.3740067699137761e+01  9.3937545102495772e+00  6.4239286424538633e-01  1.1851506444816822e+01  6.4108200597985032e-01  9.4111953230063161e+00  6.0790140165936024e-01  4.3108628810225125e-01  4.9715445881978071e-01
5.8799999999996899e+01  2.5046560529090861e+01  5.2608091427587399e-02  1.0673770123285450e+01  5.6349703742209400e-01  2.6299545930949396e+01  3.2026521306906240e+01  3.2026470307979189e+01  4.7999999999999998e+00  3.3406350102633212e+01  9.3748424904323624e+00  6.5788371366080178e-01  1.1883805500585369e+01  6.4408440574735026e-01  9.4791196437159240e+00  6.1826868289163994e-01  4.3509557228937479e-01  4.8173966612013502e-01
5.9199999999996798e+01  2.4421074361698686e+01  5.3189027533970187e-02  1.0729795908020087e+01  5.7743048400686270e-01  2.6183249447560694e+01  3.2025720636802419e+01  3.2025682421234357e+01  4.7999999999999998e+00  3.3059025756567010e+01  9.3577738275409352e+00  6.7365455263600393e-01  1.1917267553447381e+01  6.4728255376559840e-01  9.5569904152880394e+00  6.2914877435258099e-01  4.3927978776101428e-01  4.6577918527755280e-01
5.9599999999996697e+01  2.3782933441715031e+01  5.3801445165968367e-02  1.0793294815088350e+01  5.9134249618608159e-01  2.6070281543817224e+01  3.2024898363253641e+01  3.2024875199855522e+01  4.7999999999999998e+00  3.2699042365836021e+01  9.3434083557505545e+00  6.8915241539948247e-01  1.1953123263136730e+01  6.5057635185045737e-01  9.6462032843083261e+00  6.4015406621662485e-01  4.4363194089906327e-01  4.4927681489052235e-01
5.9999999999996597e+01  2.3134028055797543e+01  5.4448683530497879e-02  1.0864876868072740e+01  6.0481343045834990e-01  2.5960334526238768e+01  3.2024023149808407e+01  3.2024013397827183e+01  4.7999999999999998e+00  3.2327899365256734e+01  9.3319491267930417e+00  7.0481152909805955e-01  1.1996028304073588e+01  6.5357524522978649e-01  9.7432918947785492e+00  6.5021569007745827e-01  4.4817339407842904e-01  4.3224569085895603e-01
6.0009999999996602e+01  2.3117681883454161e+01  5.4465391765051760e-02  1.0866767225743791e+01  6.0515239957697597e-01  2.5957621805514709e+01  3.2023999819905612e+01  3.2023990352384985e+01  4.7999999999999998e+00  3.2318488925564097e+01  9.3316947178103007e+00  7.0532461941148328e-01  1.1997205524303759e+01  6.5367483036958085e-01  9.7458001515180559e+00  6.5054968647229261e-01  4.4828950443194615e-01  4.3181331281370183e-01
