# downsampled to dt=0.5 from the every-step stream
   0.0100000    1.4020099626e-03    3.4289210172e-06   -3.2538871675e-04    2.9514405027e-04    1.6949653154e+00    9.3572059842e-01    8.3131263464e-01    0.0000000000e+00    9.9999999981e-01    0.0000000000e+00    7.3520402743e-04    3.6801016834e-06    7.8393799417e-01    8.2526852666e-01    1.6122000829e-02    0.0000000000e+00
   0.5100000    6.6609587698e-04    2.3329286906e-05   -1.6405492885e-04    9.1666807380e-05    4.8946206196e-01    7.8120068230e-01    5.8529840612e-01    0.0000000000e+00    9.9999999989e-01    0.0000000000e+00    9.3692994002e-05    2.5438606439e-05    1.5777445181e-01    5.8274152827e-01    3.1093230608e-03    0.0000000000e+00
   1.0100000    4.0482672890e-04    2.7605363797e-05   -1.0735683878e-04    1.0442908364e-04    3.2505350814e-01    5.9628282445e-01    6.2665435360e-01    0.0000000000e+00    9.9999999990e-01    0.0000000000e+00    8.7816258807e-05    3.0019610145e-05    1.4471891549e-01    6.2353397992e-01    1.6802031762e-03    0.0000000000e+00
   1.5100000    3.0145550972e-04    3.3376937608e-05   -1.1711686271e-04    1.1660084099e-04    2.6445390705e-01    4.7292000561e-01    5.7957889048e-01    0.0000000000e+00    9.9999999991e-01    0.0000000000e+00    1.0595318950e-04    3.6404605818e-05    1.6878413825e-01    5.7748141595e-01    2.3599319060e-03    0.0000000000e+00
   2.0100000    2.3586567532e-04    3.8671039223e-05   -1.3082900632e-04    1.2757863417e-04    2.2612838186e-01    3.7652293224e-01    5.6782599534e-01    0.0000000000e+00    9.9999999991e-01    0.0000000000e+00    1.2653828965e-04    4.2373453069e-05    1.9415978647e-01    5.6646347462e-01    2.9421596154e-03    0.0000000000e+00
   2.5100000    1.9496138743e-04    4.3756799242e-05   -1.4594454445e-04    1.3743778180e-04    1.9474111289e-01    3.0888590908e-01    5.5278905766e-01    0.0000000000e+00    9.9999999992e-01    0.0000000000e+00    1.5068051199e-04    4.8061228611e-05    2.2215077272e-01    5.5190886861e-01    3.5385281569e-03    0.0000000000e+00
   3.0100000    1.8861056011e-04    4.8649441678e-05   -1.5820553679e-04    1.5075661833e-04    1.6832294086e-01    2.9048626311e-01    5.5568353664e-01    0.0000000000e+00    9.9999999992e-01    0.0000000000e+00    1.7937534711e-04    5.3482034817e-05    2.5351162281e-01    5.5504908373e-01    4.1414684185e-03    0.0000000000e+00
   3.5100000    2.0557050825e-04    5.3309779149e-05   -1.7101754635e-04    1.6416069004e-04    1.6240941620e-01    3.0450377168e-01    5.5157742929e-01    0.0000000000e+00    9.9999999992e-01    0.0000000000e+00    2.1109203039e-04    5.8637617452e-05    2.8557343391e-01    5.5110317236e-01    4.7870000316e-03    0.0000000000e+00
   4.0100000    2.3083298560e-04    5.7762212285e-05   -1.8329420672e-04    1.7689524440e-04    1.6644810437e-01    3.2777515649e-01    5.4194080866e-01    0.0000000000e+00    9.9999999991e-01    0.0000000000e+00    2.4431701441e-04    6.3569964211e-05    3.1622154119e-01    5.4162597584e-01    5.3905233981e-03    0.0000000000e+00
   4.5100000    2.5869407954e-04    6.2028619041e-05   -1.9512631141e-04    1.8944562458e-04    1.7145445959e-01    3.5192019181e-01    5.3294029655e-01    0.0000000000e+00    9.9999999991e-01    0.0000000000e+00    2.7849960697e-04    6.8294833145e-05    3.4486853584e-01    5.3275698371e-01    5.9810326600e-03    0.0000000000e+00
   5.0100000    2.8819098709e-04    6.6127007871e-05   -2.0658731696e-04    2.0229748178e-04    1.7634511613e-01    3.7559060522e-01    5.0788899796e-01    0.0000000000e+00    9.9999999991e-01    0.0000000000e+00    3.1353539377e-04    7.2824640961e-05    3.7156653579e-01    5.0778147041e-01    6.5495343655e-03    0.0000000000e+00
   5.5100000    3.1923223144e-04    7.0063293578e-05   -2.1755648776e-04    2.1514823524e-04    1.8172318656e-01    3.9865976998e-01    4.8424966539e-01    0.0000000000e+00    9.9999999991e-01    0.0000000000e+00    3.4941633257e-04    7.7167688649e-05    3.9649656783e-01    4.8417746874e-01    7.0997806873e-03    0.0000000000e+00
   6.0100000    3.5167473150e-04    7.3836575533e-05   -2.2880171106e-04    2.2776574264e-04    1.8822860621e-01    4.2097681803e-01    4.6951694916e-01    0.0000000000e+00    9.9999999991e-01    0.0000000000e+00    3.8615192209e-04    8.1328065607e-05    4.1984035188e-01    4.6946336067e-01    7.6385701269e-03    0.0000000000e+00
   6.5100000    3.8532204803e-04    7.7449134131e-05   -2.4023804628e-04    2.4020432380e-04    1.9633229221e-01    4.4236816777e-01    4.5832280566e-01    0.0000000000e+00    9.9999999990e-01    0.0000000000e+00    4.2375257334e-04    8.5311104434e-05    4.4175017696e-01    4.5828389483e-01    8.1580642501e-03    0.0000000000e+00
   7.0100000    4.1997935738e-04    8.0909661121e-05   -2.5139529637e-04    2.5266549576e-04    2.0622501225e-01    4.6271374163e-01    4.4219560022e-01    0.0000000000e+00    9.9999999990e-01    0.0000000000e+00    4.6219780085e-04    8.9126630801e-05    4.6234274524e-01    4.4216989356e-01    8.6863426229e-03    0.0000000000e+00
   7.5100000    4.5547768700e-04    8.4225648453e-05   -2.6266124432e-04    2.6481488368e-04    2.1750657235e-01    4.8197044320e-01    4.2325963383e-01    0.0000000000e+00    9.9999999990e-01    0.0000000000e+00    5.0143198206e-04    9.2782376687e-05    4.8171644161e-01    4.2324423593e-01    9.2786994625e-03    0.0000000000e+00
   8.0100000    4.9172017876e-04    8.7397675758e-05   -2.7346575448e-04    2.7677709753e-04    2.2978444488e-01    5.0018541556e-01    4.1157735585e-01    0.0000000000e+00    9.9999999990e-01    0.0000000000e+00    5.4142261923e-04    9.6278750418e-05    4.9999136470e-01    4.1156882858e-01    9.8790162340e-03    0.0000000000e+00
   8.5100000    5.2867974033e-04    9.0424868527e-05   -2.8425757537e-04    2.8862436537e-04    2.4278674225e-01    5.1744155027e-01    4.1213531542e-01    0.0000000000e+00    9.9999999990e-01    0.0000000000e+00    5.8217656819e-04    9.9614868155e-05    5.1728361626e-01    4.1213088227e-01    1.0480778200e-02    0.0000000000e+00
   9.0100000    5.6631768751e-04    9.3313560395e-05   -2.9491355665e-04    3.0047496092e-04    2.5634073502e-01    5.3378707608e-01    4.2189786541e-01    0.0000000000e+00    9.9999999989e-01    0.0000000000e+00    6.2366709707e-04    1.0279788808e-04    5.3365491339e-01    4.2189566323e-01    1.1065174055e-02    0.0000000000e+00
   9.5100000    6.0458680119e-04    9.6075173031e-05   -3.0539714008e-04    3.1273977843e-04    2.7032377905e-01    5.4925207828e-01    4.3503728524e-01    0.0000000000e+00    9.9999999989e-01    0.0000000000e+00    6.6584817831e-04    1.0584057365e-04    5.4914033147e-01    4.3503617122e-01    1.1640384439e-02    0.0000000000e+00
  10.0100000    6.4348682988e-04    9.8717830564e-05   -3.1586045688e-04    3.2505537751e-04    2.8459478614e-01    5.6388375008e-01    4.4781444159e-01    0.0000000000e+00    9.9999999989e-01    0.0000000000e+00    7.0872141384e-04    1.0875202290e-04    5.6378882606e-01    4.4781380747e-01    1.2217452707e-02    0.0000000000e+00
  10.5100000    6.8300861544e-04    1.0124679565e-04   -3.2610983223e-04    3.3741308347e-04    2.9911390806e-01    5.7773539594e-01    4.5728841874e-01    0.0000000000e+00    9.9999999988e-01    0.0000000000e+00    7.5227704754e-04    1.1153813340e-04    5.7765434182e-01    4.5728801448e-01    1.2839206583e-02    0.0000000000e+00
  11.0100000    7.2311129764e-04    1.0366621396e-04   -3.3659982055e-04    3.4962264864e-04    3.1389450863e-01    5.9085997953e-01    4.6111953500e-01    0.0000000000e+00    9.9999999988e-01    0.0000000000e+00    7.9647017428e-04    1.1420352571e-04    5.9079027460e-01    4.6111919494e-01    1.3453527031e-02    0.0000000000e+00
  11.5100000    7.6377096902e-04    1.0597858210e-04   -3.4742925379e-04    3.6179449007e-04    3.2893564751e-01    6.0332058764e-01    4.6032010566e-01    0.0000000000e+00    9.9999999988e-01    0.0000000000e+00    8.4127477982e-04    1.1675097233e-04    6.0326018646e-01    4.6031982536e-01    1.4067852842e-02    0.0000000000e+00
  12.0100000    8.0497463676e-04    1.0818865462e-04   -3.5799355281e-04    3.7388304673e-04    3.4422030476e-01    6.1517546551e-01    4.5777964055e-01    0.0000000000e+00    9.9999999987e-01    0.0000000000e+00    8.8667687245e-04    1.1918572051e-04    6.1512272572e-01    4.5777942489e-01    1.4679809493e-02    0.0000000000e+00
  12.5100000    8.4669815835e-04    1.1030287619e-04   -3.6840252716e-04    3.8599788301e-04    3.5975948516e-01    6.2645299225e-01    4.5442598298e-01    0.0000000000e+00    9.9999999987e-01    0.0000000000e+00    9.3265012580e-04    1.2151486935e-04    6.2640658988e-01    4.5442591341e-01    1.5291351790e-02    0.0000000000e+00
  13.0100000    8.8891369263e-04    1.1232357975e-04   -3.7874067451e-04    3.9809819644e-04    3.7554286188e-01    6.3717041024e-01    4.5027435352e-01    0.0000000000e+00    9.9999999987e-01    0.0000000000e+00    9.7916421712e-04    1.2374098820e-04    6.3712932082e-01    4.5027459044e-01    1.5899617841e-02    0.0000000000e+00
  13.5100000    9.3159714757e-04    1.1424975533e-04   -3.8906314349e-04    4.1008019576e-04    3.9153994916e-01    6.4736146672e-01    4.4545248582e-01    0.0000000000e+00    9.9999999986e-01    0.0000000000e+00    1.0261929269e-03    1.2586296052e-04    6.4732490806e-01    4.4545334096e-01    1.6520538619e-02    0.0000000000e+00
  14.0100000    9.7472555251e-04    1.1608370007e-04   -3.9925476784e-04    4.2200464484e-04    4.0772458672e-01    6.5707581728e-01    4.4020015208e-01    0.0000000000e+00    9.9999999986e-01    0.0000000000e+00    1.0737111142e-03    1.2788331926e-04    6.5704315667e-01    4.4020646085e-01    1.7157226209e-02    0.0000000000e+00
  14.5100000    1.0182748234e-03    1.1783259565e-04   -4.0922860088e-04    4.3447470243e-04    4.2410775140e-01    6.6634908738e-01    4.3483695866e-01    0.0000000000e+00    9.9999999986e-01    0.0000000000e+00    1.1216924086e-03    1.2980991946e-04    6.6631981809e-01    4.3485671856e-01    1.7791388196e-02    0.0000000000e+00
  15.0100000    1.0622220440e-03    1.1950298902e-04   -4.1904828033e-04    4.4725723153e-04    4.4067614256e-01    6.7520913861e-01    4.2967994277e-01    0.0000000000e+00    9.9999999985e-01    0.0000000000e+00    1.1701116719e-03    1.3164974610e-04    6.7518284399e-01    4.2971883477e-01    1.8424832223e-02    0.0000000000e+00
  15.5100000    1.1065464432e-03    1.2109752039e-04   -4.2877388864e-04    4.5999599775e-04    4.5741924897e-01    6.8368295132e-01    4.2496018769e-01    0.0000000000e+00    9.9999999985e-01    0.0000000000e+00    1.2189458158e-03    1.3340552425e-04    6.8365919822e-01    4.2502326663e-01    1.9068970386e-02    0.0000000000e+00
  16.0100000    1.1512268872e-03    1.2261868149e-04   -4.3841060625e-04    4.7312405514e-04    4.7435184917e-01    6.9179253440e-01    4.2073838814e-01    0.0000000000e+00    9.9999999984e-01    0.0000000000e+00    1.2681712687e-03    1.3507994302e-04    6.9177085629e-01    4.2082405787e-01    1.9758007357e-02    0.0000000000e+00
  16.5100000    1.1962412864e-03    1.2407223493e-04   -4.4798375553e-04    4.8688444734e-04    4.9149210646e-01    6.9954489086e-01    4.1687050356e-01    0.0000000000e+00    9.9999999984e-01    0.0000000000e+00    1.3177634862e-03    1.3667930281e-04    6.9952481907e-01    4.1697087795e-01    2.0449499308e-02    0.0000000000e+00
  17.0100000    1.2415674942e-03    1.2546408808e-04   -4.5752853938e-04    5.0070119093e-04    5.0884489730e-01    7.0694124083e-01    4.1321406434e-01    0.0000000000e+00    9.9999999983e-01    0.0000000000e+00    1.3676980977e-03    1.3821037618e-04    7.0692236963e-01    4.1333037823e-01    2.1143172896e-02    0.0000000000e+00
  17.5100000    1.2871823617e-03    1.2679685354e-04   -4.6703109046e-04    5.1452508885e-04    5.2638022354e-01    7.1399823274e-01    4.0978280881e-01    0.0000000000e+00    9.9999999983e-01    0.0000000000e+00    1.4179501648e-03    1.3967615156e-04    7.1398034427e-01    4.0992558580e-01    2.1845177184e-02    0.0000000000e+00
  18.0100000    1.3330620720e-03    1.2807176375e-04   -4.7643398090e-04    5.2833719514e-04    5.4413089955e-01    7.2074846536e-01    4.0663465705e-01    0.0000000000e+00    9.9999999982e-01    0.0000000000e+00    1.4684935871e-03    1.4107736426e-04    7.2073139896e-01    4.0680375120e-01    2.2563684246e-02    0.0000000000e+00
  18.5100000    1.3791848253e-03    1.2929179936e-04   -4.8614917942e-04    5.4221161085e-04    5.6213015076e-01    7.2722924168e-01    4.0370279152e-01    0.0000000000e+00    9.9999999982e-01    0.0000000000e+00    1.5193033444e-03    1.4241679637e-04    7.2721262824e-01    4.0388386714e-01    2.3281339103e-02    0.0000000000e+00
  19.0100000    1.4255321039e-03    1.3046190287e-04   -4.9564886860e-04    5.5623578923e-04    5.8040276339e-01    7.3346821550e-01    4.0082083527e-01    0.0000000000e+00    9.9999999981e-01    0.0000000000e+00    1.5703578785e-03    1.4370039055e-04    7.3345148146e-01    4.0100084887e-01    2.3999408023e-02    0.0000000000e+00
  19.5100000    1.4720877328e-03    1.3158732140e-04   -5.0490234056e-04    5.7041056322e-04    5.9897613813e-01    7.3948365388e-01    3.9788790763e-01    0.0000000000e+00    9.9999999980e-01    0.0000000000e+00    1.6216387997e-03    1.4493441800e-04    7.3946617976e-01    3.9805816983e-01    2.4719756859e-02    0.0000000000e+00
  20.0100000    1.5188368858e-03    1.3267165053e-04   -5.1394815767e-04    5.8514073806e-04    6.1783519335e-01    7.4529025075e-01    3.9488680725e-01    0.0000000000e+00    9.9999999980e-01    0.0000000000e+00    1.6731291920e-03    1.4612285986e-04    7.4527138006e-01    3.9504528544e-01    2.5443431710e-02    0.0000000000e+00
  20.5100000    1.5657654571e-03    1.3371670131e-04   -5.2285212978e-04    6.0006625446e-04    6.3695829123e-01    7.5089751014e-01    3.9181567618e-01    0.0000000000e+00    9.9999999979e-01    0.0000000000e+00    1.7248125685e-03    1.4726797453e-04    7.5087649016e-01    3.9197025320e-01    2.6213491757e-02    0.0000000000e+00
  21.0100000    1.6128598296e-03    1.3472542791e-04   -5.3167217853e-04    6.1556396708e-04    6.5640784779e-01    7.5630765938e-01    3.8867608202e-01    0.0000000000e+00    9.9999999978e-01    0.0000000000e+00    1.7766726448e-03    1.4837318608e-04    7.5628359921e-01    3.8883618923e-01    2.7018475062e-02    0.0000000000e+00
  21.5100000    1.6601068548e-03    1.3570291139e-04   -5.4044124659e-04    6.3104312111e-04    6.7621924323e-01    7.6151886221e-01    3.8548936558e-01    0.0000000000e+00    9.9999999978e-01    0.0000000000e+00    1.8286932573e-03    1.4944403314e-04    7.6149068930e-01    3.8565668042e-01    2.7873683628e-02    0.0000000000e+00
  22.0100000    1.7074927571e-03    1.3665364464e-04   -5.4916733695e-04    6.4840523720e-04    6.9637703239e-01    7.6653314071e-01    3.8230058929e-01    0.0000000000e+00    9.9999999977e-01    0.0000000000e+00    1.8808581212e-03    1.5048566264e-04    7.6649972973e-01    3.8247702801e-01    2.8734770056e-02    0.0000000000e+00
  22.5100000    1.7550018399e-03    1.3758009081e-04   -5.5783194434e-04    6.7244735800e-04    7.1685921882e-01    7.7135967157e-01    3.7915819818e-01    0.0000000000e+00    9.9999999976e-01    0.0000000000e+00    1.9331506993e-03    1.5150104793e-04    7.7132015973e-01    3.7935144768e-01    2.9656210286e-02    0.0000000000e+00
  23.0100000    1.8026171098e-03    1.3848494248e-04   -5.6639053869e-04    6.9851285251e-04    7.3757660259e-01    7.7601285817e-01    3.7609012492e-01    0.0000000000e+00    9.9999999976e-01    0.0000000000e+00    1.9855547344e-03    1.5249282007e-04    7.7596687745e-01    3.7630136560e-01    3.0855799464e-02    0.0000000000e+00
  23.5100000    1.8503223668e-03    1.3937286737e-04   -5.7479113068e-04    7.2497337952e-04    7.5849758692e-01    7.8050662317e-01    3.7308660979e-01    0.0000000000e+00    9.9999999975e-01    0.0000000000e+00    2.0380553812e-03    1.5346573078e-04    7.8045431172e-01    3.7330420479e-01    3.2183951585e-02    0.0000000000e+00
  24.0100000    1.8981034869e-03    1.4024930696e-04   -5.8300450900e-04    7.5278964734e-04    7.7959170267e-01    7.8485143095e-01    3.7013918202e-01    0.0000000000e+00    9.9999999974e-01    0.0000000000e+00    2.0906399309e-03    1.5442607539e-04    7.8479333878e-01    3.7034829541e-01    3.3545377174e-02    0.0000000000e+00
  24.5100000    1.9459482933e-03    1.4111888917e-04   -5.9103611325e-04    7.8152189401e-04    8.0080387635e-01    7.8905515144e-01    3.6724790770e-01    0.0000000000e+00    9.9999999973e-01    0.0000000000e+00    2.1432974859e-03    1.5537920253e-04    7.8899213386e-01    3.6744161619e-01    3.4988746965e-02    0.0000000000e+00
  25.0100000    1.9938460156e-03    1.4198447005e-04   -5.9890894587e-04    8.1125989003e-04    8.2208008769e-01    7.9312351101e-01    3.6440896484e-01    0.0000000000e+00    9.9999999972e-01    0.0000000000e+00    2.1960181642e-03    1.5632854396e-04    7.9305661081e-01    3.6458788207e-01    3.6468754643e-02    0.0000000000e+00
  25.5100000    2.0417870775e-03    1.4284917442e-04   -6.0664265166e-04    8.4225081488e-04    8.4338535213e-01    7.9706178457e-01    3.6162468036e-01    0.0000000000e+00    9.9999999971e-01    0.0000000000e+00    2.2487928845e-03    1.5727681298e-04    7.9699213526e-01    3.6178685650e-01    3.8009706808e-02    0.0000000000e+00
  26.0100000    2.0897629258e-03    1.4371757100e-04   -6.1425022625e-04    8.7541508210e-04    8.6465367417e-01    8.0087426837e-01    3.5889493428e-01    0.0000000000e+00    9.9999999970e-01    0.0000000000e+00    2.3016134801e-03    1.5822863357e-04    8.0080305039e-01    3.5903734294e-01    3.9620720204e-02    0.0000000000e+00
  26.5100000    2.1377668309e-03    1.4459482323e-04   -6.2198284620e-04    9.0950636720e-04    8.8591409370e-01    8.0456439323e-01    3.5620324484e-01    0.0000000000e+00    9.9999999969e-01    0.0000000000e+00    2.3544732572e-03    1.5919080899e-04    8.0449275815e-01    3.5632601867e-01    4.1349059860e-02    0.0000000000e+00
  27.0100000    2.1857950568e-03    1.4548494296e-04   -6.2963187549e-04    9.4432599692e-04    9.0719935236e-01    8.0813744762e-01    3.5352685681e-01    0.0000000000e+00    9.9999999968e-01    0.0000000000e+00    2.4073678721e-03    1.6016861676e-04    8.0806640740e-01    3.5363210763e-01    4.3126541107e-02    0.0000000000e+00
  27.5100000    2.2338450956e-03    1.4639133246e-04   -6.3713562702e-04    9.8016611364e-04    9.2838897822e-01    8.1160043561e-01    3.5084992311e-01    0.0000000000e+00    9.9999999967e-01    0.0000000000e+00    2.4602950693e-03    1.6116532283e-04    8.1153095982e-01    3.5093958317e-01    4.4953233226e-02    0.0000000000e+00
  28.0100000    2.2819146665e-03    1.4732000700e-04   -6.4447283190e-04    1.0173253271e-03    9.4916655853e-01    8.1496100756e-01    3.4816804639e-01    0.0000000000e+00    9.9999999966e-01    0.0000000000e+00    2.5132539816e-03    1.6218539452e-04    8.1489414931e-01    3.4824042414e-01    4.6829972556e-02    0.0000000000e+00
  28.5100000    2.3300043344e-03    1.4827703658e-04   -6.5163706341e-04    1.0560013990e-03    9.6942658284e-01    8.1822636686e-01    3.4549873011e-01    0.0000000000e+00    9.9999999965e-01    0.0000000000e+00    2.5662452299e-03    1.6323779858e-04    8.1816307504e-01    3.4555596382e-01    4.8759229999e-02    0.0000000000e+00
  29.0100000    2.3781214210e-03    1.4926841785e-04   -6.5863917225e-04    1.0962305470e-03    9.8932181565e-01    8.2140307984e-01    3.4288709391e-01    0.0000000000e+00    9.9999999964e-01    0.0000000000e+00    2.6192730596e-03    1.6433113613e-04    8.2134381925e-01    3.4293336610e-01    5.0745226713e-02    0.0000000000e+00
  29.5100000    2.4262768438e-03    1.5030073495e-04   -6.6549363405e-04    1.1378897124e-03    1.0091067730e+00    8.2449587727e-01    3.4035719951e-01    0.0000000000e+00    9.9999999963e-01    0.0000000000e+00    2.6723447535e-03    1.6547069703e-04    8.2444059451e-01    3.4039486990e-01    5.2793166252e-02    0.0000000000e+00
  30.0100000    2.4744807652e-03    1.5138181130e-04   -6.7228769747e-04    1.1807662221e-03    1.0289585052e+00    8.2750976938e-01    3.3794039030e-01    0.0000000000e+00    9.9999999962e-01    0.0000000000e+00    2.7254679827e-03    1.6666319816e-04    8.2745807235e-01    3.3796710299e-01    5.4907960613e-02    0.0000000000e+00
  30.5100000    2.5227427563e-03    1.5252113340e-04   -6.7923017875e-04    1.2246803468e-03    1.0489092710e+00    8.3044938514e-01    3.3565333466e-01    0.0000000000e+00    9.9999999960e-01    0.0000000000e+00    2.7786506340e-03    1.6791756166e-04    8.3040066533e-01    3.3566538018e-01    5.7093305241e-02    0.0000000000e+00
  31.0100000    2.5710727954e-03    1.5372681298e-04   -6.8663609045e-04    1.2696090966e-03    1.0687046105e+00    8.3332042493e-01    3.3349988210e-01    0.0000000000e+00    9.9999999959e-01    0.0000000000e+00    2.8319021663e-03    1.6924418480e-04    8.3327398621e-01    3.3349595083e-01    5.9351637033e-02    0.0000000000e+00
  31.5100000    2.6194839603e-03    1.5500440311e-04   -6.9499214898e-04    1.3157335552e-03    1.0884178821e+00    8.3613100025e-01    3.3146996934e-01    0.0000000000e+00    9.9999999958e-01    0.0000000000e+00    2.8852360273e-03    1.7065085489e-04    8.3608612236e-01    3.3145056519e-01    6.1684633676e-02    0.0000000000e+00
  32.0100000    2.6679922535e-03    1.5635649461e-04   -7.0296458179e-04    1.3633768674e-03    1.1084705670e+00    8.3888790364e-01    3.2952781605e-01    0.0000000000e+00    9.9999999956e-01    0.0000000000e+00    2.9386712114e-03    1.7214088791e-04    8.3884404428e-01    3.2949379261e-01    6.4093911904e-02    0.0000000000e+00
  32.5100000    2.7166139137e-03    1.5778575478e-04   -7.1107686620e-04    1.4128812206e-03    1.1287719814e+00    8.4159621462e-01    3.2764341380e-01    0.0000000000e+00    9.9999999955e-01    0.0000000000e+00    2.9922309728e-03    1.7371697262e-04    8.4155331874e-01    3.2759733977e-01    6.6581982040e-02    0.0000000000e+00
  33.0100000    2.7653678307e-03    1.5929821973e-04   -7.1927473083e-04    1.4644970954e-03    1.1490978445e+00    8.4426048205e-01    3.2579420582e-01    0.0000000000e+00    9.9999999954e-01    0.0000000000e+00    3.0459408660e-03    1.7538634272e-04    8.4421887677e-01    3.2573971620e-01    6.9153150409e-02    0.0000000000e+00
  33.5100000    2.8142796558e-03    1.6090506227e-04   -7.2703382317e-04    1.5183247371e-03    1.1692032440e+00    8.4689105625e-01    3.2400511856e-01    0.0000000000e+00    9.9999999952e-01    0.0000000000e+00    3.0998291553e-03    1.7715881733e-04    8.4685104100e-01    3.2394251866e-01    7.1813692147e-02    0.0000000000e+00
  34.0100000    2.8633804072e-03    1.6261602166e-04   -7.3451368753e-04    1.5743161737e-03    1.1891062021e+00    8.4949834980e-01    3.2228597643e-01    0.0000000000e+00    9.9999999950e-01    0.0000000000e+00    3.1539260438e-03    1.7904709643e-04    8.4945990033e-01    3.2221919656e-01    7.4571053200e-02    0.0000000000e+00
  34.5100000    2.9127034956e-03    1.6444198346e-04   -7.4128589508e-04    1.6323342141e-03    1.2088852938e+00    8.5208566908e-01    3.2064978913e-01    0.0000000000e+00    9.9999999949e-01    0.0000000000e+00    3.2082632859e-03    1.8106289093e-04    8.5204839404e-01    3.2058215692e-01    7.7432604102e-02    0.0000000000e+00
  35.0100000    2.9622810377e-03    1.6639287526e-04   -7.4784965107e-04    1.6922517658e-03    1.2288317338e+00    8.5465862395e-01    3.1911764242e-01    0.0000000000e+00    9.9999999947e-01    0.0000000000e+00    3.2628729681e-03    1.8321586628e-04    8.5462193276e-01    3.1905016777e-01    8.0404762051e-02    0.0000000000e+00
  35.5100000    3.0121422908e-03    1.6847727692e-04   -7.5442404566e-04    1.7540517090e-03    1.2488801467e+00    8.5722347644e-01    3.1771038034e-01    0.0000000000e+00    9.9999999945e-01    0.0000000000e+00    3.3177879578e-03    1.8551429753e-04    8.5718687446e-01    3.1764126476e-01    8.3492777242e-02    0.0000000000e+00
  36.0100000    3.0623164007e-03    1.7070152365e-04   -7.6034767333e-04    1.8178771678e-03    1.2689851178e+00    8.5978270555e-01    3.1644353810e-01    0.0000000000e+00    9.9999999943e-01    0.0000000000e+00    3.3730433513e-03    1.8796672432e-04    8.5974594180e-01    3.1637239636e-01    8.6700929877e-02    0.0000000000e+00
  36.5100000    3.1128358460e-03    1.7307252481e-04   -7.6572147506e-04    1.8840066704e-03    1.2894032808e+00    8.6232885948e-01    3.1532898028e-01    0.0000000000e+00    9.9999999941e-01    0.0000000000e+00    3.4286784213e-03    1.9058066341e-04    8.6229193128e-01    3.1525502206e-01    9.0033053809e-02    0.0000000000e+00
  37.0100000    3.1637375110e-03    1.7559682588e-04   -7.7074249237e-04    1.9527713724e-03    1.3102070305e+00    8.6486304248e-01    3.1435076827e-01    0.0000000000e+00    9.9999999939e-01    0.0000000000e+00    3.4847366737e-03    1.9336353950e-04    8.6482612989e-01    3.1427344303e-01    9.3493428137e-02    0.0000000000e+00
  37.5100000    3.2150618973e-03    1.7828080053e-04   -7.7455759925e-04    2.0244570541e-03    1.3310003040e+00    8.6741459200e-01    3.1350028158e-01    0.0000000000e+00    9.9999999937e-01    0.0000000000e+00    3.5412648880e-03    1.9632325869e-04    8.6737799895e-01    3.1342122583e-01    9.7087639268e-02    0.0000000000e+00
  38.0100000    3.2668520075e-03    1.8113321484e-04   -7.7852511606e-04    2.0992317534e-03    1.3515292721e+00    8.6998647989e-01    3.1276019210e-01    0.0000000000e+00    9.9999999935e-01    0.0000000000e+00    3.5983116237e-03    1.9946868233e-04    8.6995055605e-01    3.1268065549e-01    1.0082284053e-01    0.0000000000e+00
  38.5100000    3.3191537915e-03    1.8416310734e-04   -7.8173673049e-04    2.1771231279e-03    1.3715995797e+00    8.7257092098e-01    3.1211945491e-01    0.0000000000e+00    9.9999999933e-01    0.0000000000e+00    3.6559262884e-03    2.0280943573e-04    8.7253591505e-01    3.1204155320e-01    1.0470727350e-01    0.0000000000e+00
  39.0100000    3.3720167238e-03    1.8737987171e-04   -7.8434081648e-04    2.2580496911e-03    1.3913794777e+00    8.7516989840e-01    3.1156832580e-01    0.0000000000e+00    9.9999999930e-01    0.0000000000e+00    3.7141595717e-03    2.0635665451e-04    8.7513582656e-01    3.1149375715e-01    1.0874934418e-01    0.0000000000e+00
  39.5100000    3.4254928120e-03    1.9079274549e-04   -7.8674975055e-04    2.3418906584e-03    1.4113477592e+00    8.7778135340e-01    3.1107201239e-01    0.0000000000e+00    9.9999999928e-01    0.0000000000e+00    3.7730649189e-03    2.1011968660e-04    8.7774802426e-01    3.1100191256e-01    1.1295660287e-01    0.0000000000e+00
  40.0100000    3.4796347597e-03    1.9440897078e-04   -7.8888424957e-04    2.4285634752e-03    1.4312903542e+00    8.8041110909e-01    3.1060841325e-01    0.0000000000e+00    9.9999999925e-01    0.0000000000e+00    3.8326987312e-03    2.1410696687e-04    8.8037826516e-01    3.1054266394e-01    1.1733481630e-01    0.0000000000e+00
  40.5100000    3.5344960774e-03    1.9823693870e-04   -7.9033496973e-04    2.5180770846e-03    1.4512371799e+00    8.8307698756e-01    3.1016302324e-01    0.0000000000e+00    9.9999999922e-01    0.0000000000e+00    3.8931214903e-03    2.1832623063e-04    8.8304447819e-01    3.1009970624e-01    1.2188734491e-01    0.0000000000e+00
  41.0100000    3.5901321883e-03    2.0228563316e-04   -7.9189921164e-04    2.6105450456e-03    1.4713938947e+00    8.8578645743e-01    3.0973054318e-01    0.0000000000e+00    9.9999999919e-01    0.0000000000e+00    3.9543973179e-03    2.2278800575e-04    8.8575429958e-01    3.0966872044e-01    1.2661529297e-01    0.0000000000e+00
  41.5100000    3.6466030929e-03    2.0656730332e-04   -7.9289919649e-04    2.7061575379e-03    1.4920115572e+00    8.8850515314e-01    3.0931966758e-01    0.0000000000e+00    9.9999999916e-01    0.0000000000e+00    4.0165945399e-03    2.2750574622e-04    8.8847346183e-01    3.0925875001e-01    1.3151865581e-01    0.0000000000e+00
  42.0100000    3.7039748280e-03    2.1109447691e-04   -7.9427145930e-04    2.8051176838e-03    1.5125917114e+00    8.9123929225e-01    3.0893647885e-01    0.0000000000e+00    9.9999999913e-01    0.0000000000e+00    4.0797859590e-03    2.3249454681e-04    8.9120817719e-01    3.0887686821e-01    1.3659785096e-01    0.0000000000e+00
  42.5100000    3.7623167705e-03    2.1588138749e-04   -7.9539026167e-04    2.9075594051e-03    1.5330268905e+00    8.9398199117e-01    3.0858066949e-01    0.0000000000e+00    9.9999999910e-01    0.0000000000e+00    4.1440483531e-03    2.3776893825e-04    8.9395156647e-01    3.0852229930e-01    1.4185476640e-01    0.0000000000e+00
  43.0100000    3.8217000631e-03    2.2094139259e-04   -7.9602768576e-04    3.0134799873e-03    1.5533208586e+00    8.9675283102e-01    3.0824576149e-01    0.0000000000e+00    9.9999999906e-01    0.0000000000e+00    4.2094607473e-03    2.4334542627e-04    8.9672323200e-01    3.0819026094e-01    1.4729317124e-01    0.0000000000e+00
  43.5100000    3.8821985491e-03    2.2629096681e-04   -7.9826940862e-04    3.1227220947e-03    1.5734207888e+00    8.9957090962e-01    3.0794532854e-01    0.0000000000e+00    9.9999999902e-01    0.0000000000e+00    4.2761046557e-03    2.4924056349e-04    8.9954226943e-01    3.0789300988e-01    1.5291893057e-01    0.0000000000e+00
  44.0100000    3.9438904185e-03    2.3194518983e-04   -7.9995915388e-04    3.2485233722e-03    1.5933284188e+00    9.0241559142e-01    3.0768517440e-01    0.0000000000e+00    9.9999999898e-01    0.0000000000e+00    4.3440645515e-03    2.5547190763e-04    9.0238796019e-01    3.0763660893e-01    1.5874035705e-01    0.0000000000e+00
  44.5100000    4.0068584765e-03    2.3791982158e-04   -8.0151560776e-04    3.3820267286e-03    1.6132751645e+00    9.0530200301e-01    3.0745442474e-01    0.0000000000e+00    9.9999999894e-01    0.0000000000e+00    4.4134297873e-03    2.6205591829e-04    9.0527535942e-01    3.0740927693e-01    1.6540202291e-01    0.0000000000e+00
  45.0100000    4.0711895231e-03    2.4423015374e-04   -8.0409259127e-04    3.5207425474e-03    1.6336075267e+00    9.0818207117e-01    3.0723628478e-01    0.0000000000e+00    9.9999999889e-01    0.0000000000e+00    4.4842953257e-03    2.6900961939e-04    9.0815636173e-01    3.0719435729e-01    1.7249418557e-01    0.0000000000e+00
  45.5100000    4.1369755038e-03    2.5089256405e-04   -8.0597196755e-04    3.6645781872e-03    1.6542240500e+00    9.1109723290e-01    3.0701435004e-01    0.0000000000e+00    9.9999999884e-01    0.0000000000e+00    4.5567627612e-03    2.7635105381e-04    9.1107243002e-01    3.0697527886e-01    1.7991128675e-01    0.0000000000e+00
  46.0100000    4.2043140096e-03    2.5792537432e-04   -8.0843059917e-04    3.8136163776e-03    1.6748257570e+00    9.1405374188e-01    3.0676560821e-01    0.0000000000e+00    9.9999999879e-01    0.0000000000e+00    4.6309402334e-03    2.8410031750e-04    9.1402984395e-01    3.0672897444e-01    1.8766469779e-01    0.0000000000e+00
  46.5100000    4.2733079043e-03    2.6534993196e-04   -8.1107571954e-04    3.9681893454e-03    1.6953055518e+00    9.1703072044e-01    3.0648205915e-01    0.0000000000e+00    9.9999999873e-01    0.0000000000e+00    4.7069415686e-03    2.9228092428e-04    9.1700773785e-01    3.0644753722e-01    1.9577171670e-01    0.0000000000e+00
  47.0100000    4.3440725285e-03    2.7319122623e-04   -8.1329520334e-04    4.1296912849e-03    1.7155870648e+00    9.2000670353e-01    3.0617119974e-01    0.0000000000e+00    9.9999999867e-01    0.0000000000e+00    4.7813155006e-03    3.0083703524e-04    9.1993451385e-01    3.0608615734e-01    2.0569644690e-01    1.0446709211e-01
  47.5100000    4.4167809980e-03    2.8149006939e-04   -8.1720907752e-04    4.3011191559e-03    1.7356522384e+00    9.2299931349e-01    3.0582377796e-01    0.0000000000e+00    9.9999999860e-01    0.0000000000e+00    4.8613379218e-03    3.0995737840e-04    9.2293300653e-01    3.0571966541e-01    2.1459798899e-01    1.0718793071e-01
  48.0100000    4.4915080205e-03    2.9025751056e-04   -8.2004710247e-04    4.4783202200e-03    1.7559302150e+00    9.2604141002e-01    3.0545232641e-01    0.0000000000e+00    9.9999999853e-01    0.0000000000e+00    4.9447769010e-03    3.1961430244e-04    9.2600072664e-01    3.0535311778e-01    2.2384293285e-01    8.1304449367e-02
  48.5100000    4.5683465581e-03    2.9956120844e-04   -8.2460536454e-04    4.6624924188e-03    1.7765494524e+00    9.2910382254e-01    3.0510538977e-01    0.0000000000e+00    9.9999999845e-01    0.0000000000e+00    5.0307710369e-03    3.2990804229e-04    9.2909693574e-01    3.0505355751e-01    2.3353136142e-01    7.0269614185e-02
  49.0100000    4.6474105540e-03    3.0943009974e-04   -8.2861039225e-04    4.8587460747e-03    1.7972045027e+00    9.3218172829e-01    3.0475892919e-01    0.0000000000e+00    9.9999999837e-01    0.0000000000e+00    5.1178719435e-03    3.4077342864e-04    9.3215313036e-01    3.0469720161e-01    2.4422477030e-01    7.2014561864e-02
  49.5100000    4.7288264220e-03    3.1988166507e-04   -8.3299116074e-04    5.0715345416e-03    1.8178545403e+00    9.3522432229e-01    3.0439023296e-01    0.0000000000e+00    9.9999999828e-01    0.0000000000e+00    5.2075588708e-03    3.5228666700e-04    9.3522120181e-01    3.0432882104e-01    2.5565506892e-01    7.3808841991e-02
  50.0100000    4.8127102755e-03    3.3095280187e-04   -8.3804791435e-04    5.3041266311e-03    1.8385018168e+00    9.3827854133e-01    3.0397261806e-01    0.0000000000e+00    9.9999999818e-01    0.0000000000e+00    5.2999690804e-03    3.6448204978e-04    9.3829399179e-01    3.0391506252e-01    2.6792416240e-01    7.5654462356e-02
  50.5100000    4.8991836847e-03    3.4268622025e-04   -8.4169311113e-04    5.5619293813e-03    1.8590814769e+00    9.4135293708e-01    3.0349229427e-01    0.0000000000e+00    9.9999999807e-01    0.0000000000e+00    5.3952358143e-03    3.7740683153e-04    9.4136370093e-01    3.0344155014e-01    2.8121818568e-01    7.7553039391e-02
  51.0100000    4.9883645906e-03    3.5513173627e-04   -8.4824806149e-04    5.8397006836e-03    1.8798681446e+00    9.4438747689e-01    3.0292558915e-01    0.0000000000e+00    9.9999999795e-01    0.0000000000e+00    5.4934894319e-03    3.9111626213e-04    9.4438958441e-01    3.0289459111e-01    2.9561435327e-01    7.9506079591e-02
  51.5100000    5.0803639856e-03    3.6834666739e-04   -8.5250256841e-04    6.1398794825e-03    1.9007931188e+00    9.4733949977e-01    3.0228258602e-01    0.0000000000e+00    9.9999999783e-01    0.0000000000e+00    5.5948513972e-03    4.0567369572e-04    9.4736110903e-01    3.0227001299e-01    3.1126343076e-01    8.1514878628e-02
  52.0100000    5.1752809639e-03    3.8239388513e-04   -8.5937748089e-04    6.4619676939e-03    1.9216958516e+00    9.5024616140e-01    3.0157557147e-01    0.0000000000e+00    9.9999999768e-01    0.0000000000e+00    5.7000806201e-03    4.2121489993e-04    9.5028870903e-01    3.0156615074e-01    3.2812539939e-01    6.5707789672e-02
  52.5100000    5.2732300802e-03    3.9736272599e-04   -8.6737844782e-04    6.8008666563e-03    1.9424121535e+00    9.5313959309e-01    3.0080168843e-01    0.0000000000e+00    9.9999999753e-01    0.0000000000e+00    5.8085024074e-03    4.3776424981e-04    9.5315849139e-01    3.0079650763e-01    3.4614239318e-01    6.2152519978e-02
  53.0100000    5.3742849987e-03    4.1330326656e-04   -8.7593551926e-04    7.1602935147e-03    1.9630587127e+00    9.5593429807e-01    2.9994904854e-01    0.0000000000e+00    9.9999999735e-01    0.0000000000e+00    5.9200376435e-03    4.5536535322e-04    9.5593665612e-01    2.9992602685e-01    3.6540246773e-01    5.2171657917e-02
  53.5100000    5.4784948019e-03    4.3029080410e-04   -8.8415977451e-04    7.5382809239e-03    1.9839194180e+00    9.5862560358e-01    2.9899631903e-01    0.0000000000e+00    9.9999999716e-01    0.0000000000e+00    6.0348418674e-03    4.7409067760e-04    9.5862618178e-01    2.9896411146e-01    3.8592997321e-01    5.3418225923e-02
  54.0100000    5.5858859597e-03    4.4839806458e-04   -8.9511547313e-04    7.9364863745e-03    2.0049742136e+00    9.6116997712e-01    2.9790019175e-01    0.0000000000e+00    9.9999999695e-01    0.0000000000e+00    6.1531790341e-03    4.9408560092e-04    9.6118212931e-01    2.9786886517e-01    4.0781705747e-01    4.7827677552e-02
  54.5100000    5.6964643634e-03    4.6770902062e-04   -9.0464070693e-04    8.3723853949e-03    2.0262501906e+00    9.6360561475e-01    2.9664619361e-01    0.0000000000e+00    9.9999999672e-01    0.0000000000e+00    6.2749785428e-03    5.1537182227e-04    9.6359086549e-01    2.9661644362e-01    4.3121431071e-01    4.8976659866e-02
  55.0100000    5.8101815947e-03    4.8833073149e-04   -9.1378403695e-04    8.8933621126e-03    2.0475415235e+00    9.6582301319e-01    2.9521189683e-01    0.0000000000e+00    9.9999999646e-01    0.0000000000e+00    6.4002195857e-03    5.3810427157e-04    9.6581780385e-01    2.9518739843e-01    4.5814707843e-01    5.0153724269e-02
  55.5100000    5.9269455516e-03    5.1036568523e-04   -9.2184852599e-04    9.4584423199e-03    2.0688003340e+00    9.6785364577e-01    2.9357750072e-01    0.0000000000e+00    9.9999999618e-01    0.0000000000e+00    6.5288077029e-03    5.6239585179e-04    9.6783180737e-01    2.9356841240e-01    4.8726454969e-01    5.1358122720e-02
  56.0100000    6.0466037040e-03    5.3392911783e-04   -9.3452524975e-04    1.0073985182e-02    2.0900925575e+00    9.6963891361e-01    2.9174785516e-01    0.0000000000e+00    9.9999999586e-01    0.0000000000e+00    6.6605694660e-03    5.8837452969e-04    9.6961588117e-01    2.9175089927e-01    5.1879146973e-01    5.2588389091e-02
  56.5100000    6.1689172153e-03    5.5915237299e-04   -9.4459746158e-04    1.0744681042e-02    2.1115658384e+00    9.7119036591e-01    2.8970661551e-01    0.0000000000e+00    9.9999999551e-01    0.0000000000e+00    6.7952384931e-03    6.1618692839e-04    9.7116476568e-01    2.8971552816e-01    5.5292975562e-01    5.3842196187e-02
  57.0100000    6.2935322248e-03    5.8618504193e-04   -9.5702832387e-04    1.1474109253e-02    2.1331186797e+00    9.7251850725e-01    2.8745840609e-01    0.0000000000e+00    9.9999999512e-01    0.0000000000e+00    6.9324264238e-03    6.4599980832e-04    9.7247526903e-01    2.8744424754e-01    5.8987301765e-01    5.5115964635e-02
  57.5100000    6.4199663079e-03    6.1519297673e-04   -9.7104244060e-04    1.2265245906e-02    2.1547783214e+00    9.7357050339e-01    2.8501631862e-01    0.0000000000e+00    9.9999999469e-01    0.0000000000e+00    7.0715909525e-03    6.7799865878e-04    9.7353466136e-01    2.8496273166e-01    6.2976503633e-01    5.6404513406e-02
  58.0100000    6.5475751156e-03    6.4635441508e-04   -9.8324533841e-04    1.3122697187e-02    2.1764517964e+00    9.7436884992e-01    2.8238092571e-01    0.0000000000e+00    9.9999999422e-01    0.0000000000e+00    7.2120059234e-03    7.1238224967e-04    9.7433689910e-01    2.8228570921e-01    6.7273066940e-01    5.7700805720e-02
  58.5100000    6.6755045504e-03    6.7985758558e-04   -9.9579415383e-04    1.4050901404e-02    2.1981521413e+00    9.7490197946e-01    2.7953866833e-01    0.0000000000e+00    9.9999999370e-01    0.0000000000e+00    7.3527361666e-03    7.4935913569e-04    9.7486069976e-01    2.7941253089e-01    7.2001727316e-01    5.8995796037e-02
  59.0100000    6.8026570481e-03    7.1589678624e-04   -1.0126279699e-03    1.5052319983e-02    2.2198971677e+00    9.7513597907e-01    2.7644895237e-01    0.0000000000e+00    9.9999999314e-01    0.0000000000e+00    7.4925764730e-03    7.8915422781e-04    9.7509259473e-01    2.7633783319e-01    7.7586025223e-01    6.0278270002e-02
  59.5100000    6.9276339428e-03    7.5467644474e-04   -1.0255743181e-03    1.6126009676e-02    2.2417769649e+00    9.7506593778e-01    2.7313577227e-01    0.0000000000e+00    9.9999999255e-01    0.0000000000e+00    7.6299635082e-03    8.3200214256e-04    9.7501094630e-01    2.7305038022e-01    8.3692871362e-01    6.1534506412e-02
  60.0100000    7.0486722004e-03    7.9640638364e-04   -1.0352850049e-03    1.7267007583e-02    2.2637079196e+00    9.7464233172e-01    2.6957898418e-01    0.0000000000e+00    9.9999999192e-01    0.0000000000e+00    7.7629267866e-03    8.7813930607e-04    9.7458382819e-01    2.6952663151e-01    9.0345972358e-01    6.2747754679e-02
