# time  f_op  f_geo  geo_trustworthy  max_local_speed  superluminal_fraction  max_shift  structure_coherence  reachable  n_rays  n_reached  max_h_rel_drift  f_geo_evol  f_geo_evol_ok
0.0000000000000000e+00  3.8855631072359434e-06  0.0000000000000000e+00  1  1.0132425397968305e+00  0.0000000000000000e+00  0.0000000000000000e+00  nan  1  5  5  1.3286184094633266e-04  0.0000000000000000e+00  0
8.0000000000000004e-01  5.0403637386395721e-06  8.7170606880941160e-07  1  1.0132540243790491e+00  0.0000000000000000e+00  1.1572340698454266e-05  nan  1  5  5  1.3270671299867864e-04  0.0000000000000000e+00  0
1.6000000000000001e+00  5.7302178603815161e-06  3.3702686172729396e-06  1  1.0132988951141157e+00  0.0000000000000000e+00  1.8535831565179940e-05  nan  1  5  5  1.3324369887087549e-04  0.0000000000000000e+00  0
2.3999999999999901e+00  4.5865840631302887e-06  1.7303003806300329e-06  1  1.0132567497205216e+00  0.0000000000000000e+00  3.1935188871042658e-05  nan  1  5  5  1.3547074384849067e-04  0.0000000000000000e+00  0
3.1999999999999802e+00  4.3461908138802888e-06  0.0000000000000000e+00  1  1.0131718642373120e+00  0.0000000000000000e+00  3.1137423791704288e-05  nan  1  5  5  1.3232488246694955e-04  0.0000000000000000e+00  0
3.9999999999999600e+00  1.9011955947145540e-06  0.0000000000000000e+00  1  1.0130926224926999e+00  0.0000000000000000e+00  4.9724588123427942e-05  nan  1  5  5  1.3319792861923356e-04  0.0000000000000000e+00  0
4.7999999999999403e+00  0.0000000000000000e+00  0.0000000000000000e+00  1  1.0132345045947166e+00  0.0000000000000000e+00  1.9635419548561553e-05  nan  1  5  5  1.3394825448685604e-04  0.0000000000000000e+00  0
5.5999999999999304e+00  0.0000000000000000e+00  0.0000000000000000e+00  1  1.0132377323225950e+00  0.0000000000000000e+00  2.1345261207924410e-05  nan  1  5  5  1.3372553266782213e-04  0.0000000000000000e+00  0
6.3999999999999098e+00  0.0000000000000000e+00  4.5243139876502716e-07  1  1.0132608356250394e+00  0.0000000000000000e+00  2.2173983021801688e-05  nan  1  5  5  1.3305513235862504e-04  0.0000000000000000e+00  0
7.1999999999998900e+00  0.0000000000000000e+00  2.3526559028091357e-06  1  1.0132534409870204e+00  0.0000000000000000e+00  2.0513743699177160e-05  nan  1  5  5  1.3269622975216265e-04  0.0000000000000000e+00  0
7.9999999999998703e+00  0.0000000000000000e+00  1.1583836953852097e-06  1  1.0132290475200973e+00  0.0000000000000000e+00  2.6136504314426250e-05  nan  1  5  5  1.3313453868701633e-04  0.0000000000000000e+00  0
8.7999999999998604e+00  0.0000000000000000e+00  4.7604394993862161e-07  1  1.0132148013191138e+00  0.0000000000000000e+00  2.8753666931054512e-05  nan  1  5  5  1.3347146180007924e-04  0.0000000000000000e+00  0
9.5999999999998398e+00  0.0000000000000000e+00  2.4071126672156293e-06  1  1.0132216684395823e+00  0.0000000000000000e+00  3.2604752754825746e-05  nan  1  5  5  1.3316381379096222e-04  0.0000000000000000e+00  0
1.0399999999999800e+01  0.0000000000000000e+00  4.5127504297612665e-06  1  1.0132258925425752e+00  0.0000000000000000e+00  3.0794191468454078e-05  nan  1  5  5  1.3273611573062457e-04  0.0000000000000000e+00  0
1.1199999999999800e+01  1.5272203571001644e-06  3.7138088282429034e-06  1  1.0132164256064715e+00  0.0000000000000000e+00  3.0908768137680039e-05  nan  1  5  5  1.3286435194727846e-04  0.0000000000000000e+00  0
1.1999999999999799e+01  1.8375555550934595e-06  1.1267874091805098e-06  1  1.0132073321898503e+00  0.0000000000000000e+00  3.6363975717851679e-05  nan  1  5  5  1.3329781587783859e-04  0.0000000000000000e+00  0
1.2799999999999800e+01  1.4630731804516622e-06  2.7376378571493848e-07  1  1.0132074409295206e+00  0.0000000000000000e+00  3.8563666082030972e-05  nan  1  5  5  1.3350987132202641e-04  0.0000000000000000e+00  0
1.3599999999999801e+01  8.9923787088948417e-07  2.1482269659441515e-06  1  1.0132166625156001e+00  0.0000000000000000e+00  4.4795882360166839e-05  nan  1  5  5  1.3341242127668085e-04  0.0000000000000000e+00  0
1.4399999999999700e+01  4.5899910006141909e-07  4.4217989970797408e-06  1  1.0132250396086868e+00  0.0000000000000000e+00  4.5126894639986524e-05  nan  1  5  5  1.3308720028105600e-04  0.0000000000000000e+00  0
1.5199999999999701e+01  2.3664637081127879e-07  4.5556211837450963e-06  1  1.0132233138329751e+00  0.0000000000000000e+00  4.4551182150177287e-05  nan  1  5  5  1.3300452102842737e-04  0.0000000000000000e+00  0
1.5999999999999700e+01  1.9444430440242219e-07  2.9360963131145699e-06  1  1.0132159881730405e+00  0.0000000000000000e+00  4.8777485167013434e-05  nan  1  5  5  1.3339068583015853e-04  0.0000000000000000e+00  0
1.6799999999999802e+01  3.6741543832906315e-07  2.3607634502820214e-06  1  1.0132148500034637e+00  0.0000000000000000e+00  4.9914054255330816e-05  nan  1  5  5  1.3374977982972107e-04  0.0000000000000000e+00  0
1.7600000000000001e+01  8.0629632185098511e-07  4.2442801833569227e-06  1  1.0132227248994403e+00  0.0000000000000000e+00  5.6123905548953671e-05  nan  1  5  5  1.3364301014490425e-04  0.0000000000000000e+00  0
1.8400000000000102e+01  1.4220607438842502e-06  6.9234358626404606e-06  1  1.0132302688988561e+00  0.0000000000000000e+00  5.6803165011010801e-05  nan  1  5  5  1.3327733128090319e-04  0.0000000000000000e+00  0
1.9200000000000198e+01  2.0460810965516885e-06  8.1365220568526305e-06  1  1.0132305157360748e+00  0.0000000000000000e+00  5.6816331704568556e-05  nan  1  5  5  1.3320181294410350e-04  0.0000000000000000e+00  0
2.0000000000000298e+01  2.6846771693677038e-06  8.0302070982875117e-06  1  1.0132281005925439e+00  0.0000000000000000e+00  5.9884105389774942e-05  nan  1  5  5  1.3354359387150516e-04  0.0000000000000000e+00  0
2.0800000000000502e+01  3.4820096123879962e-06  8.8588730759761892e-06  1  1.0132309443158665e+00  0.0000000000000000e+00  6.1619424385479281e-05  nan  1  5  5  1.3385673726314126e-04  0.0000000000000000e+00  0
2.1600000000000598e+01  4.2400424054626287e-06  1.1842171828331988e-05  1  1.0132398494134673e+00  0.0000000000000000e+00  6.7649364758279762e-05  nan  1  5  5  1.3376631782585833e-04  0.0000000000000000e+00  0
2.2400000000000698e+01  5.1896915989010862e-06  1.5559385550102510e-05  1  1.0132478584956324e+00  0.0000000000000000e+00  6.8825287452504771e-05  nan  1  5  5  1.3346288751131820e-04  0.0000000000000000e+00  0
2.3200000000000799e+01  7.4489210382300510e-06  1.7810667834029635e-05  1  1.0132488199962169e+00  0.0000000000000000e+00  7.1244469755002052e-05  nan  1  5  5  1.3340880804060422e-04  0.0000000000000000e+00  0
2.4000000000000998e+01  1.0857613741081648e-05  1.8596328418644482e-05  1  1.0132458592408158e+00  0.0000000000000000e+00  7.4798132008434495e-05  nan  1  5  5  1.3370244771137042e-04  0.0000000000000000e+00  0
2.4800000000001098e+01  1.3844271584107894e-05  1.9886163483942254e-05  1  1.0132470431717386e+00  0.0000000000000000e+00  7.6229115476438651e-05  nan  1  5  5  1.3396684449145670e-04  0.0000000000000000e+00  0
2.5600000000001199e+01  1.5806004967845289e-05  2.2875046705728149e-05  1  1.0132541899165177e+00  0.0000000000000000e+00  7.9530097890051580e-05  nan  1  5  5  1.3389802550410590e-04  0.0000000000000000e+00  0
2.6400000000001299e+01  1.7202208504063748e-05  2.6465353157743993e-05  1  1.0132610631517334e+00  0.0000000000000000e+00  8.2012293134923832e-05  nan  1  5  5  1.3367477054623697e-04  0.0000000000000000e+00  0
2.7200000000001499e+01  1.8432330126103428e-05  2.8915706813650543e-05  1  1.0132622845757260e+00  0.0000000000000000e+00  8.4508375090004722e-05  nan  1  5  5  1.3362737418871201e-04  0.0000000000000000e+00  0
2.8000000000001599e+01  1.9691455490869775e-05  3.0116586027497912e-05  1  1.0132605328096134e+00  0.0000000000000000e+00  8.7795894748210780e-05  nan  1  5  5  1.3380110990682237e-04  0.0000000000000000e+00  0
2.8800000000001699e+01  2.1062913979545299e-05  3.1481226782586402e-05  1  1.0132622473506849e+00  0.0000000000000000e+00  8.9544049204886647e-05  nan  1  5  5  1.3399206172669010e-04  0.0000000000000000e+00  0
2.9600000000001799e+01  2.2509461434868201e-05  3.3942068977049144e-05  1  1.0132684650604096e+00  0.0000000000000000e+00  9.1391443785741885e-05  nan  1  5  5  1.3399243589076618e-04  0.0000000000000000e+00  0
3.0400000000001999e+01  2.3939686410596222e-05  3.6737811928391447e-05  1  1.0132738294356489e+00  0.0000000000000000e+00  9.4218022181776081e-05  nan  1  5  5  1.3385617513625867e-04  0.0000000000000000e+00  0
3.1200000000002099e+01  2.5235969362213950e-05  3.8507604642375640e-05  1  1.0132744547581762e+00  0.0000000000000000e+00  9.7961224478178077e-05  nan  1  5  5  1.3383325088519920e-04  0.0000000000000000e+00  0
3.2000000000002203e+01  2.6323634795677692e-05  3.9138966838726650e-05  1  1.0132729437812753e+00  0.0000000000000000e+00  1.0101145466576546e-04  nan  1  5  5  1.3400420720832210e-04  0.0000000000000000e+00  0
3.2800000000002001e+01  2.7306734890285733e-05  3.9945218739894583e-05  1  1.0132743826984358e+00  0.0000000000000000e+00  1.0305659246373128e-04  nan  1  5  5  1.3417942951761652e-04  0.0000000000000000e+00  0
3.3600000000001899e+01  2.8356308929993946e-05  4.1924848501369752e-05  1  1.0132799090016855e+00  0.0000000000000000e+00  1.0485638687895609e-04  nan  1  5  5  1.3415740586932235e-04  0.0000000000000000e+00  0
3.4400000000001697e+01  2.9509733810366748e-05  4.4513329032769271e-05  1  1.0132855319437541e+00  0.0000000000000000e+00  1.0741040767843187e-04  nan  1  5  5  1.3400484129186938e-04  0.0000000000000000e+00  0
3.5200000000001602e+01  3.0936963127451636e-05  4.6475139800803168e-05  1  1.0132875732866939e+00  0.0000000000000000e+00  1.1079995664197890e-04  nan  1  5  5  1.3395999212252821e-04  0.0000000000000000e+00  0
3.6000000000001400e+01  3.2781740145915650e-05  4.7630722815636707e-05  1  1.0132875014793601e+00  0.0000000000000000e+00  1.1397413868928863e-04  nan  1  5  5  1.3409742716600495e-04  0.0000000000000000e+00  0
3.6800000000001198e+01  3.4711218519982762e-05  4.9093777834253840e-05  1  1.0132894963716883e+00  0.0000000000000000e+00  1.1634504930717649e-04  nan  1  5  5  1.3425030534314200e-04  0.0000000000000000e+00  0
3.7600000000001103e+01  3.6718101713171580e-05  5.1786254873971885e-05  1  1.0132950726968359e+00  0.0000000000000000e+00  1.1843911575066965e-04  nan  1  5  5  1.3423910782428281e-04  0.0000000000000000e+00  0
3.8400000000000901e+01  3.9192340506254351e-05  5.5238784289541374e-05  1  1.0133005473733572e+00  0.0000000000000000e+00  1.2108786824569323e-04  nan  1  5  5  1.3408898079392850e-04  0.0000000000000000e+00  0
3.9200000000000799e+01  4.2019131898763306e-05  5.8315942132890352e-05  1  1.0133020565973825e+00  0.0000000000000000e+00  1.2443233828899955e-04  nan  1  5  5  1.3399362437620116e-04  0.0000000000000000e+00  0
4.0000000000000597e+01  4.5005523368426465e-05  6.1734281748209645e-05  1  1.0133025293013340e+00  0.0000000000000000e+00  1.2765410917884323e-04  nan  1  5  5  1.9904999935627180e-06  0.0000000000000000e+00  0
4.0800000000000502e+01  4.8165960045952442e-05  6.8132254995948799e-05  1  1.0133059785539333e+00  0.0000000000000000e+00  1.3016969491405096e-04  nan  1  5  5  2.0289545343507504e-06  0.0000000000000000e+00  0
4.1600000000000300e+01  5.1419727701828412e-05  7.4898344877406649e-05  1  1.0133113156994573e+00  0.0000000000000000e+00  1.3238352157393337e-04  nan  1  5  5  2.0237826292492449e-06  0.0000000000000000e+00  0
4.2400000000000098e+01  5.4813497724283668e-05  8.1705737707209940e-05  1  1.0133157660436636e+00  0.0000000000000000e+00  1.3505442987190764e-04  nan  1  5  5  2.0286265209656616e-06  0.0000000000000000e+00  0
4.3200000000000003e+01  5.8506154604017074e-05  8.8409341661247837e-05  1  1.0133178416976543e+00  0.0000000000000000e+00  1.3827896337440337e-04  nan  1  5  5  2.0568828286233080e-06  0.0000000000000000e+00  0
4.3999999999999801e+01  6.2457118094461322e-05  9.4849285098656339e-05  1  1.0133191452603805e+00  0.0000000000000000e+00  1.4136484697953460e-04  nan  1  5  5  2.0219686810797254e-06  0.0000000000000000e+00  0
4.4799999999999699e+01  6.6490848817746012e-05  1.0169781304981817e-04  1  1.0133227619675402e+00  0.0000000000000000e+00  1.4396038286027744e-04  nan  1  5  5  2.0276373944741468e-06  0.0000000000000000e+00  0
4.5599999999999497e+01  7.0608333541645040e-05  1.0937112486514915e-04  1  1.0133277305707058e+00  0.0000000000000000e+00  1.4637559458314381e-04  nan  1  5  5  2.0156908294410531e-06  0.0000000000000000e+00  0
4.6399999999999302e+01  7.4792614946071263e-05  1.1730977314032089e-04  1  1.0133342672660419e+00  0.0000000000000000e+00  1.4906335234524804e-04  nan  1  5  5  2.0307797610635036e-06  0.0000000000000000e+00  0
4.7199999999999200e+01  7.8851937816764317e-05  1.2522170796909943e-04  1  1.0133414569084054e+00  0.0000000000000000e+00  1.5212748700600126e-04  nan  1  5  5  1.9948943023218395e-06  0.0000000000000000e+00  0
4.7999999999998998e+01  8.2965427397043147e-05  1.3325768781916972e-04  1  1.0133488070518473e+00  0.0000000000000000e+00  1.5524733495786799e-04  nan  1  5  5  2.0059967585500961e-06  0.0000000000000000e+00  0
4.8799999999998903e+01  8.7448093679239923e-05  1.4169561847348570e-04  1  1.0133568145210812e+00  0.0000000000000000e+00  1.5805755165984684e-04  nan  1  5  5  2.0198103975254438e-06  0.0000000000000000e+00  0
4.9599999999998701e+01  9.2094255127097945e-05  1.5045199388182456e-04  1  1.0133660933907536e+00  0.0000000000000000e+00  1.6053049367007147e-04  nan  1  5  5  2.0174625232149675e-06  0.0000000000000000e+00  0
5.0399999999998499e+01  9.6728035509591550e-05  1.5931009154140300e-04  1  1.0133761534418244e+00  0.0000000000000000e+00  1.6306996415784331e-04  nan  1  5  5  2.0207750689531263e-06  0.0000000000000000e+00  0
5.1199999999998397e+01  1.0157027190754141e-04  1.6813259471374720e-04  1  1.0133847599288057e+00  0.0000000000000000e+00  1.6621043285316490e-04  nan  1  5  5  2.0072755102080793e-06  0.0000000000000000e+00  0
5.1999999999998202e+01  1.0659336094728977e-04  1.7684933408615121e-04  1  1.0133917732770330e+00  0.0000000000000000e+00  1.6952908460227115e-04  nan  1  5  5  2.0353699747058314e-06  0.0000000000000000e+00  0
5.2799999999998100e+01  1.1160372826798405e-04  1.8587151712422408e-04  1  1.0134004649075516e+00  0.0000000000000000e+00  1.7200354105137154e-04  nan  1  5  5  2.0984154615752495e-06  0.0000000000000000e+00  0
5.3599999999997898e+01  1.1687009797347273e-04  1.9534583492970050e-04  1  1.0134109261414959e+00  0.0000000000000000e+00  1.7435907987395648e-04  nan  1  5  5  2.1677068791373367e-06  0.0000000000000000e+00  0
5.4399999999997704e+01  1.2237436175809230e-04  2.0507829717889925e-04  1  1.0134204071333162e+00  0.0000000000000000e+00  1.7743315605991353e-04  nan  1  5  5  2.2338320946122941e-06  0.0000000000000000e+00  0
5.5199999999997601e+01  1.2780813953056436e-04  2.1481829351774646e-04  1  1.0134283702666194e+00  0.0000000000000000e+00  1.8072997143085849e-04  nan  1  5  5  2.2939595546786208e-06  0.0000000000000000e+00  0
5.5999999999997399e+01  1.3344817343384941e-04  2.2439446633468503e-04  1  1.0134358767882785e+00  0.0000000000000000e+00  1.8378012214221752e-04  nan  1  5  5  2.3615039235701071e-06  0.0000000000000000e+00  0
5.6799999999997297e+01  1.3930587295248192e-04  2.3404652250616186e-04  1  1.0134441415783992e+00  0.0000000000000000e+00  1.8627099578750174e-04  nan  1  5  5  2.4344927418423408e-06  0.0000000000000000e+00  0
5.7599999999997102e+01  1.4520364384315056e-04  2.4421966943127197e-04  1  1.0134525380690060e+00  0.0000000000000000e+00  1.8897717025867072e-04  nan  1  5  5  2.5024535863601653e-06  0.0000000000000000e+00  0
5.8399999999997000e+01  1.5112846682023415e-04  2.5459472594937767e-04  1  1.0134604089577732e+00  0.0000000000000000e+00  1.9223931597119826e-04  nan  1  5  5  2.5718455596843881e-06  0.0000000000000000e+00  0
5.9199999999996798e+01  1.5713680600017895e-04  2.6488189064440465e-04  1  1.0134686270971511e+00  0.0000000000000000e+00  1.9517538590622732e-04  nan  1  5  5  2.6458287269293382e-06  0.0000000000000000e+00  0
5.9999999999996597e+01  1.6350154896910157e-04  2.7506712194128957e-04  1  1.0134775788549053e+00  0.0000000000000000e+00  1.9770989522833045e-04  nan  1  5  5  2.7154044080668518e-06  0.0000000000000000e+00  0
6.0799999999996501e+01  1.6973888930512683e-04  2.8515860836988668e-04  1  1.0134864979946936e+00  0.0000000000000000e+00  2.0028776869667419e-04  nan  1  5  5  2.7850289780227063e-06  0.0000000000000000e+00  0
6.1599999999996299e+01  1.7563932985421889e-04  2.9565958794244525e-04  1  1.0134944573000717e+00  0.0000000000000000e+00  2.0352184482287154e-04  nan  1  5  5  2.8633646161383751e-06  0.0000000000000000e+00  0
6.2399999999996197e+01  1.8207460404270136e-04  3.0693554001673081e-04  1  1.0135028018911438e+00  0.0000000000000000e+00  2.0700146623728357e-04  nan  1  5  5  2.9400018164568638e-06  0.0000000000000000e+00  0
6.3199999999996002e+01  1.8937397817319471e-04  3.1858172405042749e-04  1  1.0135114970290948e+00  0.0000000000000000e+00  2.0960182576049244e-04  nan  1  5  5  3.0117276907922652e-06  0.0000000000000000e+00  0
6.3999999999995801e+01  1.9682290903834417e-04  3.2974602937484317e-04  1  1.0135185164238896e+00  0.0000000000000000e+00  2.1195000842118834e-04  nan  1  5  5  3.0881106681829929e-06  0.0000000000000000e+00  0
6.4799999999996203e+01  2.0353751128481540e-04  3.4044521197879653e-04  1  1.0135245740027774e+00  0.0000000000000000e+00  2.1509477200557794e-04  nan  1  5  5  3.1673463084123814e-06  0.0000000000000000e+00  0
6.5599999999996697e+01  2.0967325884999234e-04  3.5085779386218654e-04  1  1.0135319908349736e+00  0.0000000000000000e+00  2.1836992419043379e-04  nan  1  5  5  3.2472613238911322e-06  0.0000000000000000e+00  0
6.6399999999997107e+01  2.1640838122288433e-04  3.6167268394689711e-04  1  1.0135420466583105e+00  0.0000000000000000e+00  2.2091240145913601e-04  nan  1  5  5  3.3322243164773032e-06  0.0000000000000000e+00  0
6.7199999999997502e+01  2.2429321135716772e-04  3.7337396535972204e-04  1  1.0135509769869593e+00  0.0000000000000000e+00  2.2372405918649578e-04  nan  1  5  5  3.4162525687759094e-06  0.0000000000000000e+00  0
6.7999999999997897e+01  2.3224758111351176e-04  3.8552988040156200e-04  1  1.0135557515845264e+00  0.0000000000000000e+00  2.2685594517478234e-04  nan  1  5  5  3.4890315075604258e-06  0.0000000000000000e+00  0
6.8799999999998306e+01  2.3965390630636610e-04  3.9784700856304584e-04  1  1.0135616229980728e+00  0.0000000000000000e+00  2.2940370834078841e-04  nan  1  5  5  3.5693509862375639e-06  0.0000000000000000e+00  0
6.9599999999998701e+01  2.4757426796027671e-04  4.1076690626066592e-04  1  1.0135711204669646e+00  0.0000000000000000e+00  2.3226333546931630e-04  nan  1  5  5  3.6637030955716491e-06  0.0000000000000000e+00  0
7.0399999999999096e+01  2.5621515124939415e-04  4.2405470053334204e-04  1  1.0135806338098856e+00  0.0000000000000000e+00  2.3557201949809281e-04  nan  1  5  5  3.7481355904432319e-06  0.0000000000000000e+00  0
7.1199999999999505e+01  2.6479958236054393e-04  4.3721129920903928e-04  1  1.0135894571943769e+00  0.0000000000000000e+00  2.3846591520990950e-04  nan  1  5  5  3.8317900960087668e-06  0.0000000000000000e+00  0
7.1999999999999901e+01  2.7328027193378033e-04  4.5022411841221113e-04  1  1.0135969883682550e+00  0.0000000000000000e+00  2.4128079385408611e-04  nan  1  5  5  3.9208406207778017e-06  0.0000000000000000e+00  0
7.2800000000000296e+01  2.8174645774167907e-04  4.6317868206302565e-04  1  1.0136030256392519e+00  0.0000000000000000e+00  2.4452565175216417e-04  nan  1  5  5  4.0087710856994998e-06  0.0000000000000000e+00  0
7.3600000000000705e+01  2.9020506835441163e-04  4.7630650320947443e-04  1  1.0136111270778667e+00  0.0000000000000000e+00  2.4749836404394150e-04  nan  1  5  5  4.1034479466747588e-06  0.0000000000000000e+00  0
7.4400000000001199e+01  2.9877584017659907e-04  4.8952928920931160e-04  1  1.0136201649457268e+00  0.0000000000000000e+00  2.5033336703522669e-04  nan  1  5  5  4.2004238576107219e-06  0.0000000000000000e+00  0
7.5200000000001594e+01  3.0740539266354763e-04  5.0258127610774343e-04  1  1.0136256329414468e+00  0.0000000000000000e+00  2.5324202117105307e-04  nan  1  5  5  4.2896667048079027e-06  0.0000000000000000e+00  0
7.6000000000002004e+01  3.1615223017803011e-04  5.1561770182938379e-04  1  1.0136305763439339e+00  0.0000000000000000e+00  2.5595179788519875e-04  nan  1  5  5  4.3776189501279813e-06  0.0000000000000000e+00  0
7.6800000000002399e+01  3.2519089309414361e-04  5.2892961123244631e-04  1  1.0136379666038238e+00  0.0000000000000000e+00  2.5881295279734344e-04  nan  1  5  5  4.4736625933125909e-06  0.0000000000000000e+00  0
7.7600000000002794e+01  3.3434651916646705e-04  5.4256768332532827e-04  1  1.0136448836660970e+00  0.0000000000000000e+00  2.6180052172732591e-04  nan  1  5  5  4.5647331343608833e-06  0.0000000000000000e+00  0
7.8400000000003203e+01  3.4342377622753844e-04  5.5644354405822338e-04  1  1.0136529622972981e+00  0.0000000000000000e+00  2.6469072230615975e-04  nan  1  5  5  4.6594752306669827e-06  0.0000000000000000e+00  0
7.9200000000003598e+01  3.5266724723470588e-04  5.7039501096046834e-04  1  1.0136613672470605e+00  0.0000000000000000e+00  2.6726892137607784e-04  nan  1  5  5  4.7683201557492668e-06  0.0000000000000000e+00  0
8.0000000000003993e+01  3.6215915753676870e-04  5.8441211536234639e-04  1  1.0136651983014551e+00  0.0000000000000000e+00  2.7037239707288331e-04  nan  1  5  5  4.8670821124658629e-06  0.0000000000000000e+00  0
8.0800000000004403e+01  3.7185118138657820e-04  5.9866783041459841e-04  1  1.0136685729444779e+00  0.0000000000000000e+00  2.7389996229839931e-04  nan  1  5  5  4.9630807562117922e-06  0.0000000000000000e+00  0
8.1600000000004798e+01  3.8187420180452772e-04  6.1323174897401041e-04  1  1.0136755560466875e+00  0.0000000000000000e+00  2.7667307528723918e-04  nan  1  5  5  5.0650264279314856e-06  0.0000000000000000e+00  0
8.2400000000005207e+01  3.9210195946410561e-04  6.2795126658496707e-04  1  1.0136818142659552e+00  0.0000000000000000e+00  2.7892719575214192e-04  nan  1  5  5  5.1636714626083342e-06  0.0000000000000000e+00  0
8.3200000000005701e+01  4.0230947883762938e-04  6.4277837790579118e-04  1  1.0136855239271068e+00  0.0000000000000000e+00  2.8185125516062929e-04  nan  1  5  5  5.2686784806570273e-06  0.0000000000000000e+00  0
8.4000000000006096e+01  4.1262087833029808e-04  6.5779569649087525e-04  1  1.0136902848405174e+00  0.0000000000000000e+00  2.8549052348252470e-04  nan  1  5  5  5.3791213324325304e-06  0.0000000000000000e+00  0
8.4800000000006506e+01  4.2319767516587757e-04  6.7298411084524027e-04  1  1.0136961158843676e+00  0.0000000000000000e+00  2.8855910423003977e-04  nan  1  5  5  5.4854727661853570e-06  0.0000000000000000e+00  0
8.5600000000006901e+01  4.3397279557314986e-04  6.8837273956407537e-04  1  1.0137014730947991e+00  0.0000000000000000e+00  2.9122081404564271e-04  nan  1  5  5  5.5893463543786341e-06  0.0000000000000000e+00  0
8.6400000000007296e+01  4.4491386209843237e-04  7.0399210492036143e-04  1  1.0137069340456515e+00  0.0000000000000000e+00  2.9404993941992602e-04  nan  1  5  5  5.6951782845627980e-06  0.0000000000000000e+00  0
8.7200000000007705e+01  4.5596869089480757e-04  7.1974624204372702e-04  1  1.0137116280554934e+00  0.0000000000000000e+00  2.9691448022654842e-04  nan  1  5  5  5.8060165602872991e-06  0.0000000000000000e+00  0
8.8000000000008100e+01  4.6707692495244572e-04  7.3560173369112555e-04  1  1.0137150928202081e+00  0.0000000000000000e+00  2.9994872765608602e-04  nan  1  5  5  5.9198344190102915e-06  0.0000000000000000e+00  0
8.8800000000008495e+01  4.7829717104082677e-04  7.5156430730280736e-04  1  1.0137185982010324e+00  0.0000000000000000e+00  3.0309182193586796e-04  nan  1  5  5  6.0318308943507217e-06  0.0000000000000000e+00  0
8.9600000000008905e+01  4.8970800005124747e-04  7.6770658583210261e-04  1  1.0137229526484057e+00  0.0000000000000000e+00  3.0607983157825234e-04  nan  1  5  5  6.1421602371152718e-06  0.0000000000000000e+00  0
9.0400000000009300e+01  5.0142181532140918e-04  7.8411965066181729e-04  1  1.0137277179941806e+00  0.0000000000000000e+00  3.0894748706522226e-04  nan  1  5  5  6.2547015626027808e-06  0.0000000000000000e+00  0
9.1200000000009794e+01  5.1338467297340842e-04  8.0070854728386809e-04  1  1.0137317974135647e+00  0.0000000000000000e+00  3.1181198779776383e-04  nan  1  5  5  6.3715979459322713e-06  0.0000000000000000e+00  0
9.2000000000010203e+01  5.2533374137628914e-04  8.1732587506026322e-04  1  1.0137345930777628e+00  0.0000000000000000e+00  3.1476210352293074e-04  nan  1  5  5  6.4911154321145888e-06  0.0000000000000000e+00  0
9.2800000000010598e+01  5.3726274886147689e-04  8.3401031862686778e-04  1  1.0137368674997975e+00  0.0000000000000000e+00  3.1788380734683054e-04  nan  1  5  5  6.6093922062277346e-06  0.0000000000000000e+00  0
9.3600000000010994e+01  5.4938179262523622e-04  8.5089019664345367e-04  1  1.0137398106981312e+00  0.0000000000000000e+00  3.2096289951046220e-04  nan  1  5  5  6.7258612622700330e-06  0.0000000000000000e+00  0
9.4400000000011403e+01  5.6182479641364580e-04  8.6809261025777562e-04  1  1.0137433543969483e+00  0.0000000000000000e+00  3.2373544517662198e-04  nan  1  5  5  6.8439401784873739e-06  0.0000000000000000e+00  0
9.5200000000011798e+01  5.7469012587027936e-04  8.8570063556780976e-04  1  1.0137461125706868e+00  0.0000000000000000e+00  3.2643312883826747e-04  nan  1  5  5  6.9654300390263398e-06  0.0000000000000000e+00  0
9.6000000000012193e+01  5.8775732111125657e-04  9.0345143808358123e-04  1  1.0137548106935441e+00  0.0000000000000000e+00  3.2944515043165714e-04  nan  1  5  5  7.0902923326021771e-06  0.0000000000000000e+00  0
9.6800000000012602e+01  6.0066946600871910e-04  9.2118499885169344e-04  1  1.0137668154546444e+00  0.0000000000000000e+00  3.3270768057988375e-04  nan  1  5  5  7.2174095966725113e-06  0.0000000000000000e+00  0
9.7600000000012997e+01  6.1370982471499979e-04  9.3912509286117900e-04  1  1.0137797690801578e+00  0.0000000000000000e+00  3.3582296271953760e-04  nan  1  5  5  7.3433051133363423e-06  0.0000000000000000e+00  0
9.8400000000013407e+01  6.2725623370426316e-04  9.5742286195046552e-04  1  1.0137933149420575e+00  0.0000000000000000e+00  3.3857869650143625e-04  nan  1  5  5  7.4682336857275310e-06  0.0000000000000000e+00  0
9.9200000000013802e+01  6.4101023632409605e-04  9.7588139962967435e-04  1  1.0138065313449107e+00  0.0000000000000000e+00  3.4115417986108494e-04  nan  1  5  5  7.5966610527881830e-06  0.0000000000000000e+00  0
1.0000000000001400e+02  6.5473269999171302e-04  9.9451113423416112e-04  1  1.0138190013790387e+00  0.0000000000000000e+00  3.4400882864446726e-04  nan  1  5  5  7.7276592576116845e-06  0.0000000000000000e+00  0
1.0080000000001500e+02  6.6858671206055178e-04  1.0132710370620085e-03  1  1.0138308403846574e+00  0.0000000000000000e+00  3.4736361921062489e-04  nan  1  5  5  7.8577472188310580e-06  0.0000000000000000e+00  0
1.0160000000001500e+02  6.8261832166924220e-04  1.0320849428978470e-03  1  1.0138422537624934e+00  0.0000000000000000e+00  3.5063072716243774e-04  nan  1  5  5  7.9890621908702321e-06  0.0000000000000000e+00  0
1.0240000000001500e+02  6.9685076306487794e-04  1.0511191081917655e-03  1  1.0138536556674040e+00  0.0000000000000000e+00  3.5321989234081283e-04  nan  1  5  5  8.1235167198174736e-06  0.0000000000000000e+00  0
1.0320000000001600e+02  7.1132335218678574e-04  1.0704060208410746e-03  1  1.0138654043085986e+00  0.0000000000000000e+00  3.5570505679246819e-04  nan  1  5  5  8.2585845819222078e-06  0.0000000000000000e+00  0
1.0400000000001600e+02  7.2589042583012027e-04  1.0897631905272386e-03  1  1.0138770874991574e+00  0.0000000000000000e+00  3.5896028846305067e-04  nan  1  5  5  8.3936864544166716e-06  0.0000000000000000e+00  0
1.0480000000001699e+02  7.4057229923316743e-04  1.1092563198141410e-03  1  1.0138881046577486e+00  0.0000000000000000e+00  3.6275664443791915e-04  nan  1  5  5  8.5308260122595593e-06  0.0000000000000000e+00  0
1.0560000000001700e+02  7.5556610494859186e-04  1.1290430929676728e-03  1  1.0138985280579531e+00  0.0000000000000000e+00  3.6583351237469083e-04  nan  1  5  5  8.6698297780206064e-06  0.0000000000000000e+00  0
1.0640000000001800e+02  7.7080921525823323e-04  1.1490870590632103e-03  1  1.0139088737929987e+00  0.0000000000000000e+00  3.6817488329551223e-04  nan  1  5  5  8.8098931730119811e-06  0.0000000000000000e+00  0
1.0720000000001799e+02  7.8614940327749016e-04  1.1693252115446077e-03  1  1.0139194648524530e+00  0.0000000000000000e+00  3.7089851987142346e-04  nan  1  5  5  8.9521116327440050e-06  0.0000000000000000e+00  0
1.0800000000001801e+02  8.0162642783725710e-04  1.1897493313612400e-03  1  1.0139297089915229e+00  0.0000000000000000e+00  3.7456717931865885e-04  nan  1  5  5  9.0966450533847987e-06  0.0000000000000000e+00  0
1.0880000000001900e+02  8.1733195146225330e-04  1.2104341475243578e-03  1  1.0139386391106320e+00  0.0000000000000000e+00  3.7843786339558910e-04  nan  1  5  5  9.2413835689570971e-06  0.0000000000000000e+00  0
1.0960000000001899e+02  8.3330937432569301e-04  1.2313828834494460e-03  1  1.0139466808761874e+00  0.0000000000000000e+00  3.8150930180136925e-04  nan  1  5  5  9.3852821074383287e-06  0.0000000000000000e+00  0
1.1040000000002000e+02  8.4950212480529579e-04  1.2523578302159331e-03  1  1.0139551284325354e+00  0.0000000000000000e+00  3.8396544464528685e-04  nan  1  5  5  9.5301178637207587e-06  0.0000000000000000e+00  0
1.1120000000002000e+02  8.6576013361356848e-04  1.2732075438045181e-03  1  1.0139641436119005e+00  0.0000000000000000e+00  3.8688464669913493e-04  nan  1  5  5  9.6784325966244001e-06  0.0000000000000000e+00  0
1.1200000000001999e+02  8.8204666660944889e-04  1.2940969563960771e-03  1  1.0139730821207864e+00  0.0000000000000000e+00  3.9049140293009367e-04  nan  1  5  5  9.8307496015538880e-06  0.0000000000000000e+00  0
1.1280000000002100e+02  8.9847360418214540e-04  1.3152536442139081e-03  1  1.0139814755818588e+00  0.0000000000000000e+00  3.9389270792902222e-04  nan  1  5  5  9.9842097396791069e-06  0.0000000000000000e+00  0
1.1360000000002100e+02  9.1511752236046653e-04  1.3367396020891318e-03  1  1.0139889206862367e+00  0.0000000000000000e+00  3.9668938723510589e-04  nan  1  5  5  1.0136125626107138e-05  0.0000000000000000e+00  0
1.1440000000002200e+02  9.3201690544906330e-04  1.3585781993777047e-03  1  1.0139956688305785e+00  0.0000000000000000e+00  3.9943137992561441e-04  nan  1  5  5  1.0288287541793470e-05  0.0000000000000000e+00  0
1.1520000000002200e+02  9.4925170831982209e-04  1.3807587227280629e-03  1  1.0140026624291139e+00  0.0000000000000000e+00  4.0252867584865344e-04  nan  1  5  5  1.0443243888079513e-05  0.0000000000000000e+00  0
1.1600000000002200e+02  9.6675001185357221e-04  1.4030838857776509e-03  1  1.0140097565613257e+00  0.0000000000000000e+00  4.0582675632211136e-04  nan  1  5  5  1.0600929969442276e-05  0.0000000000000000e+00  0
1.1680000000002300e+02  9.8428565867640736e-04  1.4254141139946606e-03  1  1.0140159438274998e+00  0.0000000000000000e+00  4.0910257082751091e-04  nan  1  5  5  1.0760853793267807e-05  0.0000000000000000e+00  0
1.1760000000002300e+02  1.0019248269962061e-03  1.4479136245189777e-03  1  1.0140215668358361e+00  0.0000000000000000e+00  4.1230065843098150e-04  nan  1  5  5  1.0921933166692372e-05  0.0000000000000000e+00  0
1.1840000000002399e+02  1.0199346135819538e-03  1.4707921714967535e-03  1  1.0140274924866808e+00  0.0000000000000000e+00  4.1528320277547541e-04  nan  1  5  5  1.1083268376620286e-05  0.0000000000000000e+00  0
1.1920000000002400e+02  1.0382608568888414e-03  1.4939344329132104e-03  1  1.0140331738608646e+00  0.0000000000000000e+00  4.1807894061927616e-04  nan  1  5  5  1.1246552640097591e-05  0.0000000000000000e+00  0
1.2000000000002400e+02  1.0566514046191887e-03  1.5171200105647108e-03  1  1.0140376676084721e+00  0.0000000000000000e+00  4.2115958169518751e-04  nan  1  5  5  1.1412600044832656e-05  0.0000000000000000e+00  0
1.2080000000002499e+02  1.0750811932286779e-03  1.5403965916353326e-03  1  1.0140412850079741e+00  0.0000000000000000e+00  4.2456289056071682e-04  nan  1  5  5  1.1579126410402229e-05  0.0000000000000000e+00  0
1.2160000000002501e+02  1.0937520499205427e-03  1.5639267959762409e-03  1  1.0140454046040035e+00  0.0000000000000000e+00  4.2766719814123553e-04  nan  1  5  5  1.1746631630428950e-05  0.0000000000000000e+00  0
1.2240000000002600e+02  1.1128020891293957e-03  1.5877665304111744e-03  1  1.0140501314561352e+00  0.0000000000000000e+00  4.3042235719398220e-04  nan  1  5  5  1.1917092919724498e-05  0.0000000000000000e+00  0
1.2320000000002599e+02  1.1321372228385396e-03  1.6118601127844564e-03  1  1.0140535429068782e+00  0.0000000000000000e+00  4.3348731252066780e-04  nan  1  5  5  1.2087422201753774e-05  0.0000000000000000e+00  0
1.2400000000002700e+02  1.1515303610680195e-03  1.6360843525420330e-03  1  1.0140552289076565e+00  0.0000000000000000e+00  4.3694667000780641e-04  nan  1  5  5  1.2257822703093149e-05  0.0000000000000000e+00  0
1.2480000000002700e+02  1.1709622026449765e-03  1.6603884974564218e-03  1  1.0140570609807407e+00  0.0000000000000000e+00  4.4008766221216144e-04  nan  1  5  5  1.2433457909921833e-05  0.0000000000000000e+00  0
1.2560000000002699e+02  1.1907422668991801e-03  1.6849688943660404e-03  1  1.0140596970509648e+00  0.0000000000000000e+00  4.4279563004201385e-04  nan  1  5  5  1.2611338181268105e-05  0.0000000000000000e+00  0
1.2640000000002800e+02  1.2109842249627117e-03  1.7099001286189103e-03  1  1.0140621724017478e+00  0.0000000000000000e+00  4.4580155932795077e-04  nan  1  5  5  1.2787066131289299e-05  0.0000000000000000e+00  0
1.2720000000002800e+02  1.2313818633700937e-03  1.7350435682798404e-03  1  1.0140653582879340e+00  0.0000000000000000e+00  4.4915604965426354e-04  nan  1  5  5  1.2965255673101028e-05  0.0000000000000000e+00  0
1.2800000000002899e+02  1.2518148262677020e-03  1.7603709602636510e-03  1  1.0140801622509510e+00  0.0000000000000000e+00  4.5225226246992702e-04  nan  1  5  5  1.3148271072322163e-05  0.0000000000000000e+00  0
1.2880000000002801e+02  1.2725361997352900e-03  1.7859868131315296e-03  1  1.0140945028045600e+00  0.0000000000000000e+00  4.5509746536978167e-04  nan  1  5  5  1.3332915442014948e-05  0.0000000000000000e+00  0
1.2960000000002699e+02  1.2935913512866317e-03  1.8117417895754011e-03  1  1.0141101533051509e+00  0.0000000000000000e+00  4.5813049419447485e-04  nan  1  5  5  1.3518862652686147e-05  0.0000000000000000e+00  0
1.3040000000002601e+02  1.3147408939669855e-03  1.8374943326500874e-03  1  1.0141261237063364e+00  0.0000000000000000e+00  4.6141175351048822e-04  nan  1  5  5  1.3705086385837457e-05  0.0000000000000000e+00  0
1.3120000000002599e+02  1.3359853255182276e-03  1.8634076028062943e-03  1  1.0141400844005382e+00  0.0000000000000000e+00  4.6447411323071987e-04  nan  1  5  5  1.3889438834946182e-05  0.0000000000000000e+00  0
1.3200000000002501e+02  1.3575067023857384e-03  1.8896271565556804e-03  1  1.0141522572554580e+00  0.0000000000000000e+00  4.6698512219423531e-04  nan  1  5  5  1.4076404191471646e-05  0.0000000000000000e+00  0
1.3280000000002400e+02  1.3793058574451866e-03  1.9161356985715932e-03  1  1.0141646944107372e+00  0.0000000000000000e+00  4.6961710037746358e-04  nan  1  5  5  1.4269666883315878e-05  0.0000000000000000e+00  0
1.3360000000002299e+02  1.4013349623949131e-03  1.9429232708399898e-03  1  1.0141779452770454e+00  0.0000000000000000e+00  4.7311842746331162e-04  nan  1  5  5  1.4465394458777275e-05  0.0000000000000000e+00  0
1.3440000000002300e+02  1.4235959449949969e-03  1.9698826522655346e-03  1  1.0141909319037403e+00  0.0000000000000000e+00  4.7661811925563450e-04  nan  1  5  5  1.4666155271920196e-05  0.0000000000000000e+00  0
1.3520000000002199e+02  1.4460413848549868e-03  1.9969420227133263e-03  1  1.0142028379957426e+00  0.0000000000000000e+00  4.7908131598628679e-04  nan  1  5  5  1.4867669744638179e-05  0.0000000000000000e+00  0
1.3600000000002100e+02  1.4686613695300036e-03  2.0242192507503708e-03  1  1.0142138660519322e+00  0.0000000000000000e+00  4.8169625662335998e-04  nan  1  5  5  1.5069308986149235e-05  0.0000000000000000e+00  0
1.3680000000002099e+02  1.4915181041712617e-03  2.0518118806732585e-03  1  1.0142247926399486e+00  0.0000000000000000e+00  4.8522148803824993e-04  nan  1  5  5  1.5275409329797788e-05  0.0000000000000000e+00  0
1.3760000000002000e+02  1.5146466518912315e-03  2.0796585102683053e-03  1  1.0142357437090725e+00  0.0000000000000000e+00  4.8877737206263821e-04  nan  1  5  5  1.5487443320788644e-05  0.0000000000000000e+00  0
1.3840000000001899e+02  1.5380538638051057e-03  2.1077086086619522e-03  1  1.0142458669823786e+00  0.0000000000000000e+00  4.9184163472250418e-04  nan  1  5  5  1.5700260600260950e-05  0.0000000000000000e+00  0
1.3920000000001801e+02  1.5617118018802880e-03  2.1359733814384370e-03  1  1.0142551786720833e+00  0.0000000000000000e+00  4.9471695931002874e-04  nan  1  5  5  1.5911732733448099e-05  0.0000000000000000e+00  0
1.4000000000001799e+02  1.5855548457283358e-03  2.1644724480111379e-03  1  1.0142644301267920e+00  0.0000000000000000e+00  4.9810383803180818e-04  nan  1  5  5  1.6125105898107868e-05  0.0000000000000000e+00  0
1.4080000000001701e+02  1.6096247343718138e-03  2.1932183534660124e-03  1  1.0142730608539314e+00  0.0000000000000000e+00  5.0172428419471761e-04  nan  1  5  5  1.6343016860268707e-05  0.0000000000000000e+00  0
1.4160000000001600e+02  1.6340126368692941e-03  2.2221944026003092e-03  1  1.0142805611332608e+00  0.0000000000000000e+00  5.0490574320782714e-04  nan  1  5  5  1.6563812256368364e-05  0.0000000000000000e+00  0
1.4240000000001501e+02  1.6586550087489644e-03  2.2513248941971285e-03  1  1.0142878302032132e+00  0.0000000000000000e+00  5.0800150958775969e-04  nan  1  5  5  1.6785236955217813e-05  0.0000000000000000e+00  0
1.4320000000001500e+02  1.6834950467180887e-03  2.2806777992260643e-03  1  1.0142955249360082e+00  0.0000000000000000e+00  5.1124390736582460e-04  nan  1  5  5  1.7009057214611872e-05  0.0000000000000000e+00  0
1.4400000000001401e+02  1.7086041060699721e-03  2.3103616323449923e-03  1  1.0143028897074471e+00  0.0000000000000000e+00  5.1424856240310621e-04  nan  1  5  5  1.7235278735465929e-05  0.0000000000000000e+00  0
1.4480000000001300e+02  1.7339894988313434e-03  2.3403374591247760e-03  1  1.0143088138017085e+00  0.0000000000000000e+00  5.1731811724021559e-04  nan  1  5  5  1.7463812439317626e-05  0.0000000000000000e+00  0
1.4560000000001301e+02  1.7596211676202578e-03  2.3705248706230708e-03  1  1.0143138050668963e+00  0.0000000000000000e+00  5.2075302835639513e-04  nan  1  5  5  1.7696087869085978e-05  0.0000000000000000e+00  0
1.4640000000001200e+02  1.7855420994260024e-03  2.4009137073247957e-03  1  1.0143189227863127e+00  0.0000000000000000e+00  5.2438388868396323e-04  nan  1  5  5  1.7930030516432296e-05  0.0000000000000000e+00  0
1.4720000000001099e+02  1.8117154926928451e-03  2.4314985180281150e-03  1  1.0143237439660888e+00  0.0000000000000000e+00  5.2791091292638621e-04  nan  1  5  5  1.8165694130246188e-05  0.0000000000000000e+00  0
1.4800000000001000e+02  1.8381059854023379e-03  2.4623470594683132e-03  1  1.0143276431530226e+00  0.0000000000000000e+00  5.3156111663001484e-04  nan  1  5  5  1.8403581948717805e-05  0.0000000000000000e+00  0
1.4880000000000999e+02  1.8648252988485974e-03  2.4935494131844084e-03  1  1.0143307604493597e+00  0.0000000000000000e+00  5.3523653293282127e-04  nan  1  5  5  1.8643120839064616e-05  0.0000000000000000e+00  0
1.4960000000000900e+02  1.8918247994134131e-03  2.5249969993269682e-03  1  1.0143329398815546e+00  0.0000000000000000e+00  5.3897726557802024e-04  nan  1  5  5  1.8885453269602095e-05  0.0000000000000000e+00  0
1.5040000000000799e+02  1.9189760548379146e-03  2.5566167986863010e-03  1  1.0143346342936983e+00  0.0000000000000000e+00  5.4282499130436132e-04  nan  1  5  5  1.9131776586406896e-05  0.0000000000000000e+00  0
1.5120000000000701e+02  1.9463835523766948e-03  2.5884429055734858e-03  1  1.0143366593284384e+00  0.0000000000000000e+00  5.4655099652386411e-04  nan  1  5  5  1.9381319910852264e-05  0.0000000000000000e+00  0
1.5200000000000699e+02  1.9740600445135323e-03  2.6204181531547855e-03  1  1.0143379607084884e+00  0.0000000000000000e+00  5.5009076830471926e-04  nan  1  5  5  1.9631642868305982e-05  0.0000000000000000e+00  0
1.5280000000000601e+02  2.0019263476207150e-03  2.6526593372640699e-03  1  1.0143419592707932e+00  0.0000000000000000e+00  5.5360021559427910e-04  nan  1  5  5  1.9883995299927364e-05  0.0000000000000000e+00  0
1.5360000000000500e+02  2.0301380150400251e-03  2.6853729750025358e-03  1  1.0143592328937836e+00  0.0000000000000000e+00  5.5714445539931004e-04  nan  1  5  5  2.0137726578265886e-05  0.0000000000000000e+00  0
1.5440000000000501e+02  2.0587112551809427e-03  2.7183734164230398e-03  1  1.0143756481230468e+00  0.0000000000000000e+00  5.6076339915926189e-04  nan  1  5  5  2.0393705999460715e-05  0.0000000000000000e+00  0
1.5520000000000400e+02  2.0874383309305096e-03  2.7514468280700720e-03  1  1.0143916208088690e+00  0.0000000000000000e+00  5.6458558625574853e-04  nan  1  5  5  2.0655583088614340e-05  0.0000000000000000e+00  0
1.5600000000000301e+02  2.1163670921713058e-03  2.7847018184666713e-03  1  1.0144072985025607e+00  0.0000000000000000e+00  5.6825808156286690e-04  nan  1  5  5  2.0919085853419271e-05  0.0000000000000000e+00  0
1.5680000000000200e+02  2.1455724908591230e-03  2.8181503794166836e-03  1  1.0144224414071450e+00  0.0000000000000000e+00  5.7143455581055525e-04  nan  1  5  5  2.1182651195955135e-05  0.0000000000000000e+00  0
1.5760000000000201e+02  2.1749611563134682e-03  2.8518144312910600e-03  1  1.0144368408326176e+00  0.0000000000000000e+00  5.7479456899176028e-04  nan  1  5  5  2.1449432654653326e-05  0.0000000000000000e+00  0
1.5840000000000100e+02  2.2046569993149855e-03  2.8858286885097896e-03  1  1.0144504125940781e+00  0.0000000000000000e+00  5.7880803774948159e-04  nan  1  5  5  2.1719690800596335e-05  0.0000000000000000e+00  0
1.5919999999999999e+02  2.2347680556010800e-03  2.9201297504769883e-03  1  1.0144633951776689e+00  0.0000000000000000e+00  5.8259167038071733e-04  nan  1  5  5  2.1992368920377566e-05  0.0000000000000000e+00  0
1.5999999999999901e+02  2.2651036111620607e-03  2.9546015854460999e-03  1  1.0144762094696784e+00  0.0000000000000000e+00  5.8561130424165757e-04  nan  1  5  5  2.2266178401897218e-05  0.0000000000000000e+00  0
1.6079999999999899e+02  2.2956121910465343e-03  2.9893403715358026e-03  1  1.0144885231140954e+00  0.0000000000000000e+00  5.8875261250230062e-04  nan  1  5  5  2.2542969133425351e-05  0.0000000000000000e+00  0
1.6159999999999800e+02  2.3264408938763518e-03  3.0243989882928874e-03  1  1.0144995258145431e+00  0.0000000000000000e+00  5.9254166703369036e-04  nan  1  5  5  2.2824103855092715e-05  0.0000000000000000e+00  0
1.6239999999999699e+02  2.3576152752639475e-03  3.0597376157787738e-03  1  1.0145097471682316e+00  0.0000000000000000e+00  5.9639386763344032e-04  nan  1  5  5  2.3107603976036909e-05  0.0000000000000000e+00  0
1.6319999999999700e+02  2.3891188506178136e-03  3.0953731049118997e-03  1  1.0145201744965904e+00  0.0000000000000000e+00  5.9977427388534482e-04  nan  1  5  5  2.3393497237155352e-05  0.0000000000000000e+00  0
1.6399999999999599e+02  2.4209355347143578e-03  3.1312741023585087e-03  1  1.0145302139179353e+00  0.0000000000000000e+00  6.0276934839955667e-04  nan  1  5  5  2.3682819768484521e-05  0.0000000000000000e+00  0
1.6479999999999501e+02  2.4529631863847525e-03  3.1673675491165430e-03  1  1.0145387603935170e+00  0.0000000000000000e+00  6.0595423618082394e-04  nan  1  5  5  2.3974924120586204e-05  0.0000000000000000e+00  0
1.6559999999999400e+02  2.4851876840283138e-03  3.2036818811040672e-03  1  1.0145461220021181e+00  0.0000000000000000e+00  6.0965457339246670e-04  nan  1  5  5  2.4269252777131781e-05  0.0000000000000000e+00  0
1.6639999999999401e+02  2.5177316917408873e-03  3.2402941473397280e-03  1  1.0145535549908224e+00  0.0000000000000000e+00  6.1337968871958174e-04  nan  1  5  5  2.4565754560794384e-05  0.0000000000000000e+00  0
1.6719999999999300e+02  2.5506348851852853e-03  3.2772452233996588e-03  1  1.0145609995542177e+00  0.0000000000000000e+00  6.1658824618627704e-04  nan  1  5  5  2.4866903740854696e-05  0.0000000000000000e+00  0
1.6799999999999201e+02  2.5838261568298430e-03  3.3145254710096076e-03  1  1.0145668569782613e+00  0.0000000000000000e+00  6.1948891060189886e-04  nan  1  5  5  2.5172086535533485e-05  0.0000000000000000e+00  0
1.6879999999999100e+02  2.6172631551150244e-03  3.3520706500553580e-03  1  1.0145711055790732e+00  0.0000000000000000e+00  6.2267276209723406e-04  nan  1  5  5  2.5480957493549440e-05  0.0000000000000000e+00  0
1.6959999999999101e+02  2.6509283053300090e-03  3.3897838289276279e-03  1  1.0145755197961823e+00  0.0000000000000000e+00  6.2682554692209313e-04  nan  1  5  5  2.5791797309426663e-05  0.0000000000000000e+00  0
1.7039999999999000e+02  2.6847974345729311e-03  3.4276404246085736e-03  1  1.0145799559396587e+00  0.0000000000000000e+00  6.3113621010740394e-04  nan  1  5  5  2.6104433095024107e-05  0.0000000000000000e+00  0
1.7119999999998899e+02  2.7189216521096033e-03  3.4657680747858977e-03  1  1.0145829092922936e+00  0.0000000000000000e+00  6.3493352283502122e-04  nan  1  5  5  2.6419771326051806e-05  0.0000000000000000e+00  0
1.7199999999998900e+02  2.7533882291043924e-03  3.5042703292452607e-03  1  1.0145847189597130e+00  0.0000000000000000e+00  6.3854621373226077e-04  nan  1  5  5  2.6738292848727551e-05  0.0000000000000000e+00  0
1.7279999999998799e+02  2.7881660880308165e-03  3.5430643953957312e-03  1  1.0145861758268460e+00  0.0000000000000000e+00  6.4256035453564469e-04  nan  1  5  5  2.7060765502800676e-05  0.0000000000000000e+00  0
1.7359999999998701e+02  2.8231542343662868e-03  3.5820250948184439e-03  1  1.0145867330761782e+00  0.0000000000000000e+00  6.4670490978056719e-04  nan  1  5  5  2.7386794810063439e-05  0.0000000000000000e+00  0
1.7439999999998599e+02  2.8583406691148503e-03  3.6211735859840530e-03  1  1.0145861855946825e+00  0.0000000000000000e+00  6.5056474422903643e-04  nan  1  5  5  2.7713933464319768e-05  0.0000000000000000e+00  0
1.7519999999998601e+02  2.8938126387609278e-03  3.6606214376189157e-03  1  1.0146010091770366e+00  0.0000000000000000e+00  6.5429862660275416e-04  nan  1  5  5  2.8042185060236202e-05  0.0000000000000000e+00  0
1.7599999999998499e+02  2.9296314270139726e-03  3.7003934313528659e-03  1  1.0146195367087381e+00  0.0000000000000000e+00  6.5809497231148829e-04  nan  1  5  5  2.8374432902266514e-05  0.0000000000000000e+00  0
1.7679999999998401e+02  2.9657295118331478e-03  3.7404020142675319e-03  1  1.0146375924085338e+00  0.0000000000000000e+00  6.6203740236561227e-04  nan  1  5  5  2.8711074483000900e-05  0.0000000000000000e+00  0
1.7759999999998300e+02  3.0020174363482861e-03  3.7805839775652112e-03  1  1.0146545936923796e+00  0.0000000000000000e+00  6.6599422940469689e-04  nan  1  5  5  2.9050750997660460e-05  0.0000000000000000e+00  0
1.7839999999998301e+02  3.0385374441693025e-03  3.8209705074169573e-03  1  1.0146696960874144e+00  0.0000000000000000e+00  6.6954403511115834e-04  nan  1  5  5  2.9392552549217365e-05  0.0000000000000000e+00  0
1.7919999999998200e+02  3.0753801244635705e-03  3.8616634967331754e-03  1  1.0146845898565213e+00  0.0000000000000000e+00  6.7301499599918730e-04  nan  1  5  5  2.9735219687842735e-05  0.0000000000000000e+00  0
1.7999999999998099e+02  3.1125544872799673e-03  3.9026825245785310e-03  1  1.0147001508628331e+00  0.0000000000000000e+00  6.7707313814868416e-04  nan  1  5  5  3.0079804515206530e-05  0.0000000000000000e+00  0
1.8079999999998100e+02  3.1500073648203851e-03  3.9439523903507367e-03  1  1.0147140216976152e+00  0.0000000000000000e+00  6.8108012944440065e-04  nan  1  5  5  3.0429658985984107e-05  0.0000000000000000e+00  0
1.8159999999998001e+02  3.1876881075849108e-03  3.9854215841988380e-03  1  1.0147260395950894e+00  0.0000000000000000e+00  6.8436323696906081e-04  nan  1  5  5  3.0784662544089269e-05  0.0000000000000000e+00  0
1.8239999999997900e+02  3.2255981012919784e-03  4.0271457550790212e-03  1  1.0147382042313033e+00  0.0000000000000000e+00  6.8769623057936724e-04  nan  1  5  5  3.1141344418384585e-05  0.0000000000000000e+00  0
1.8319999999997799e+02  3.2637901470393220e-03  4.0691891111105990e-03  1  1.0147500930400584e+00  0.0000000000000000e+00  6.9154680242449807e-04  nan  1  5  5  3.1499087575772268e-05  0.0000000000000000e+00  0
1.8399999999997800e+02  3.3023096627500959e-03  4.1115544543295843e-03  1  1.0147609283071679e+00  0.0000000000000000e+00  6.9533436392040199e-04  nan  1  5  5  3.1859611887466457e-05  0.0000000000000000e+00  0
1.8479999999997699e+02  3.3411489248506886e-03  4.1542038813127367e-03  1  1.0147709627053094e+00  0.0000000000000000e+00  6.9878898436299237e-04  nan  1  5  5  3.2223321973208193e-05  0.0000000000000000e+00  0
1.8559999999997601e+02  3.3802202468585715e-03  4.1970665822826311e-03  1  1.0147795341147676e+00  0.0000000000000000e+00  7.0206908168305338e-04  nan  1  5  5  3.2591254762675108e-05  0.0000000000000000e+00  0
1.8639999999997499e+02  3.4194217526561034e-03  4.2401124424326945e-03  1  1.0147869478754030e+00  0.0000000000000000e+00  7.0545484357390691e-04  nan  1  5  5  3.2963814356625173e-05  0.0000000000000000e+00  0
1.8719999999997501e+02  3.4588024800492707e-03  4.2834131507243599e-03  1  1.0147944546008745e+00  0.0000000000000000e+00  7.0920517000928212e-04  nan  1  5  5  3.3338099886240390e-05  0.0000000000000000e+00  0
1.8799999999997399e+02  3.4985040521401979e-03  4.3270152035858158e-03  1  1.0148010252680326e+00  0.0000000000000000e+00  7.1284657725729757e-04  nan  1  5  5  3.3712994058244463e-05  0.0000000000000000e+00  0
1.8879999999997301e+02  3.5384934902905124e-03  4.3708370390332305e-03  1  1.0148056516137614e+00  0.0000000000000000e+00  7.1585912740240861e-04  nan  1  5  5  3.4090638586871113e-05  0.0000000000000000e+00  0
1.8959999999997299e+02  3.5785750453501044e-03  4.4147777631213057e-03  1  1.0148097812977424e+00  0.0000000000000000e+00  7.1889154706954997e-04  nan  1  5  5  3.4471398681124880e-05  0.0000000000000000e+00  0
1.9039999999997201e+02  3.6186914851912846e-03  4.4588469884453289e-03  1  1.0148138763468655e+00  0.0000000000000000e+00  7.2258353253796181e-04  nan  1  5  5  3.4854537763710199e-05  0.0000000000000000e+00  0
1.9119999999997100e+02  3.6590290848302308e-03  4.5031705942335763e-03  1  1.0148165373788167e+00  0.0000000000000000e+00  7.2623279833217223e-04  nan  1  5  5  3.5240349681727809e-05  0.0000000000000000e+00  0
1.9199999999996999e+02  3.6997379677047092e-03  4.5477920305534185e-03  1  1.0148175291604735e+00  0.0000000000000000e+00  7.2911719536767521e-04  nan  1  5  5  3.5628290166298302e-05  0.0000000000000000e+00  0
1.9279999999997000e+02  3.7406869393634455e-03  4.5925934752175405e-03  1  1.0148177669024987e+00  0.0000000000000000e+00  7.3191720535155803e-04  nan  1  5  5  3.6018161114534501e-05  0.0000000000000000e+00  0
1.9359999999996899e+02  3.7816835379654787e-03  4.6374851222001166e-03  1  1.0148175569355509e+00  0.0000000000000000e+00  7.3539987483274040e-04  nan  1  5  5  3.6410921148545738e-05  0.0000000000000000e+00  0
1.9439999999996800e+02  3.8227843675358790e-03  4.6825413897578884e-03  1  1.0148242238622269e+00  0.0000000000000000e+00  7.3891773302401645e-04  nan  1  5  5  3.6805635381226884e-05  0.0000000000000000e+00  0
1.9519999999996699e+02  3.8641683854399979e-03  4.7278629899145160e-03  1  1.0148438525944568e+00  0.0000000000000000e+00  7.4175625339562750e-04  nan  1  5  5  3.7206592385268073e-05  0.0000000000000000e+00  0
1.9599999999996700e+02  3.9058663114761726e-03  4.7734315137679421e-03  1  1.0148625226165418e+00  0.0000000000000000e+00  7.4445066569503112e-04  nan  1  5  5  3.7629692509307780e-05  0.0000000000000000e+00  0
1.9679999999996599e+02  3.9477621083478650e-03  4.8191551583962348e-03  1  1.0148808413521124e+00  0.0000000000000000e+00  7.4751245890589189e-04  nan  1  5  5  3.8056489944590144e-05  0.0000000000000000e+00  0
1.9759999999996501e+02  3.9897585615058144e-03  4.8649944542887716e-03  1  1.0148981819435607e+00  0.0000000000000000e+00  7.5060875857288565e-04  nan  1  5  5  3.8484397738797768e-05  0.0000000000000000e+00  0
1.9839999999996499e+02  4.0318822338186898e-03  4.9110070578382995e-03  1  1.0149144618400792e+00  0.0000000000000000e+00  7.5342980002020450e-04  nan  1  5  5  3.8913192632553326e-05  0.0000000000000000e+00  0
1.9919999999996401e+02  4.0742262833927435e-03  4.9572586799411719e-03  1  1.0149301385703167e+00  0.0000000000000000e+00  7.5605964393336822e-04  nan  1  5  5  3.9345548068668598e-05  0.0000000000000000e+00  0
1.9999999999996299e+02  4.1168105506370059e-03  5.0037263452202326e-03  1  1.0149446125412782e+00  0.0000000000000000e+00  7.5879117150075466e-04  nan  1  5  5  3.9781694421663358e-05  0.0000000000000000e+00  0
2.0000999999996299e+02  4.1173440961611366e-03  5.0043082261541630e-03  1  1.0149447819960689e+00  0.0000000000000000e+00  7.5882690169538382e-04  nan  1  5  5  3.9787160468413368e-05  0.0000000000000000e+00  0
