# time  core_x_canon  core_y_canon  core_z_canon  peak_canon  core_x_phantom  core_y_phantom  core_z_phantom  peak_phantom  coord_sep  proper_sep  px_canon  px_phantom  px_total  shift_x_canon  shift_x_phantom  max_abs_shift
0.0000000000000000e+00  3.6002664024350267e+01  3.1999259835219142e+01  3.1999259835219142e+01  2.2555674299002071e-02  2.8005081672730249e+01  3.2000699104895716e+01  3.2000699104895716e+01  2.2514954568709243e-02  7.9975823516200180e+00  7.5073320366255683e+00  0.0000000000000000e+00  0.0000000000000000e+00  0.0000000000000000e+00  0.0000000000000000e+00  0.0000000000000000e+00  0.0000000000000000e+00
4.0000000000000002e-01  3.6003210450736830e+01  3.1999184570682765e+01  3.1999184061582874e+01  2.2555281737545077e-02  2.8005952422863398e+01  3.2000766125240141e+01  3.2000766385939990e+01  2.2524648012820631e-02  7.9972580278734320e+00  7.5073536370324554e+00  2.1085684027031657e-05  3.2569660763648799e-05  -1.1483976736617142e-05  -3.0579244133279770e-06  -1.2946721148951979e-06  2.0004148284639203e-05
8.0000000000000004e-01  3.6004648588758684e+01  3.1998997536402669e+01  3.1998995682968271e+01  2.2548110710416808e-02  2.8008167531492195e+01  3.2000929996314007e+01  3.2000930935060708e+01  2.2538988922207865e-02  7.9964810572664895e+00  7.5074619426852953e+00  4.1800344027867703e-05  6.4393835799171915e-05  -2.2593491771304212e-05  -1.0573698540619604e-06  5.7354870847678814e-07  8.9907141736451045e-05
1.2000000000000000e+00  3.6006502329920558e+01  3.1998799197084676e+01  3.1998795580645133e+01  2.2541964110034084e-02  2.8010734722883356e+01  3.2001097329381111e+01  3.2001099062800961e+01  2.2547181577419508e-02  7.9957676070372017e+00  7.5076749624923291e+00  6.1887487483106777e-05  9.4829492612418843e-05  -3.2942005129312066e-05  1.4126525008430613e-05  1.0669922673571324e-05  1.5551895960468884e-04
1.6000000000000001e+00  3.6007929320961523e+01  3.1998681429870405e+01  3.1998676014059669e+01  2.2541007338061487e-02  2.8012689051157288e+01  3.2001188221700403e+01  3.2001190610177460e+01  2.2542986513406853e-02  7.9952402698042349e+00  7.5079710056924061e+00  8.1201726279396308e-05  1.2344263173592304e-04  -4.2240905456526734e-05  1.9877853185790825e-05  4.3041993811013698e-05  2.5050237815943665e-04
2.0000000000000000e+00  3.6008584243070224e+01  3.1998668996289091e+01  3.1998662085673896e+01  2.2540808000453640e-02  2.8013584937793464e+01  3.2001185761983002e+01  3.2001188685381720e+01  2.2531913745802677e-02  7.9949993052767603e+00  7.5083346048632222e+00  9.9580915606892542e-05  1.5002338892020658e-04  -5.0442473313314041e-05  4.4231655052151509e-05  1.3453689249169206e-04  3.9198489067743860e-04
2.3999999999999901e+00  3.6008732827085140e+01  3.1998718238668953e+01  3.1998710395527791e+01  2.2568790300382544e-02  2.8013609085400546e+01  3.2001133617847607e+01  3.2001137230430146e+01  2.2532322429598142e-02  7.9951237416845942e+00  6.5003842561444491e+00  1.1676819830339644e-04  1.7446002329070553e-04  -5.7691824987309085e-05  -4.0949896266193319e-05  2.4155597344492554e-04  5.5341263123037567e-04
2.7999999999999798e+00  3.6008575508420833e+01  3.1998764088917316e+01  3.1998755803133108e+01  2.2599151087005762e-02  2.8013309007803404e+01  3.2001093576664609e+01  3.2001098359359624e+01  2.2545403687399435e-02  7.9952665006174293e+00  6.9882686237577412e+00  1.3244539633721345e-04  1.9661007367274879e-04  -6.4164677335535334e-05  -4.4604854251763623e-04  2.9418660433928184e-04  6.9950277635900970e-04
3.1999999999999802e+00  3.6008435715777587e+01  3.1998766535504547e+01  3.1998757769987435e+01  2.2635998473690137e-02  2.8013165531421496e+01  3.2001100106394304e+01  3.2001106670935009e+01  2.2580127027612841e-02  7.9952701843560909e+00  7.9960908857864892e+00  1.4632696055102195e-04  2.1629088735491172e-04  -6.9963926803889772e-05  -3.0982017624835221e-04  5.6405079729357976e-04  7.9917502900246433e-04
3.5999999999999699e+00  3.6008497524410878e+01  3.1998725193622711e+01  3.1998715197278244e+01  2.2687507351721110e-02  2.8013459965095333e+01  3.2001146885129813e+01  3.2001155620647637e+01  2.2573832785257934e-02  7.9950375593155449e+00  7.9954408697122652e+00  1.5822811796111281e-04  2.3341578497963080e-04  -7.5187667018517998e-05  -3.7442894469718555e-04  5.9612224128874065e-04  8.1897130729699996e-04
3.9999999999999600e+00  3.6008806329187919e+01  3.1998659195401764e+01  3.1998646861876622e+01  2.2686307236310342e-02  2.8014110867147799e+01  3.2001211837021380e+01  3.2001222672725461e+01  2.2486014180750830e-02  7.9946954620401200e+00  7.9948907230976713e+00  1.6808302492561308e-04  2.4812163208425084e-04  -8.0038607158637760e-05  -1.6694421789749568e-04  3.0330874389826164e-04  9.3059762383563313e-04
4.3999999999999497e+00  3.6009372457994722e+01  3.1998574749273800e+01  3.1998559263789861e+01  2.2654692001264836e-02  2.8015042450682738e+01  3.2001329337656458e+01  3.2001341830643796e+01  2.2422702863502248e-02  7.9943300073119836e+00  8.9761713205868254e+00  1.7594003284289496e-04  2.6073892501693707e-04  -8.4798892174042106e-05  5.2343511120292158e-05  -2.9814813525018728e-04  1.1558528607914541e-03
4.7999999999999403e+00  3.6010326506754339e+01  3.1998453830967499e+01  3.1998435085967603e+01  2.2675365690419971e-02  2.8016296501141465e+01  3.2001458918403131e+01  3.2001472599019522e+01  2.2408075810240121e-02  7.9940300056128741e+00  8.4823306317237233e+00  1.8194997960861687e-04  2.7165339760454430e-04  -8.9703417995927427e-05  1.4907837723405430e-05  -2.1517223359204552e-04  1.4103919437952117e-03
5.1999999999999300e+00  3.6011585398156420e+01  3.1998274116402186e+01  3.1998252605361028e+01  2.2691904012368043e-02  2.8018129093575315e+01  3.2001670560381271e+01  3.2001683065668097e+01  2.2388982562508295e-02  7.9934563045811053e+00  8.4836098728307210e+00  1.8636555186504378e-04  2.8121060504147206e-04  -9.4845053176428271e-05  -1.9914665145473779e-04  -2.8259160321596129e-04  1.6923904785139515e-03
5.5999999999999304e+00  3.6013227514417373e+01  3.1998035750097319e+01  3.1998012074350807e+01  2.2709374611915526e-02  2.8020561988090144e+01  3.2001884255575447e+01  3.2001900218459241e+01  2.2366721948563817e-02  7.9926655263272295e+00  8.9882350674542959e+00  1.8954221251869254e-04  2.8975003531554917e-04  -1.0020782279685663e-04  -3.7706814797041347e-04  -2.4688370357139140e-04  2.0025849727934287e-03
5.9999999999999201e+00  3.6015125237621383e+01  3.1997766324431630e+01  3.1997740680885418e+01  2.2755029031642345e-02  2.8023487229578173e+01  3.2002141302551713e+01  3.2002158954589447e+01  2.2398127847909139e-02  7.9916380080432106e+00  8.0041655362936943e+00  1.9190574532338873e-04  2.9772211632338679e-04  -1.0581637099999806e-04  -3.3055652432401175e-04  -3.8389230592720814e-04  2.4039505126292431e-03
6.3999999999999098e+00  3.6017089391795459e+01  3.1997500466634886e+01  3.1997472418484360e+01  2.2756405051406272e-02  2.8026498242858359e+01  3.2002374185465150e+01  3.2002393887315357e+01  2.2427400064818855e-02  7.9905911489370993e+00  8.0041456802540090e+00  1.9391287911695837e-04  3.0575132245723425e-04  -1.1183844334027588e-04  -4.0685167698798370e-04  -6.0741850963465390e-04  2.8463476215951434e-03
6.7999999999999003e+00  3.6018833413465536e+01  3.1997256445366396e+01  3.1997225111819962e+01  2.2721399929822795e-02  2.8029296924857306e+01  3.2002573314669299e+01  3.2002595206497276e+01  2.2434622581949479e-02  7.9895364886082305e+00  7.0085167621085054e+00  1.9605844245075443e-04  3.1455076013012803e-04  -1.1849231767937360e-04  -5.3199742430642559e-04  -1.8014767608642405e-03  3.2849874879223397e-03
7.1999999999998900e+00  3.6020256678379361e+01  3.1997032604121575e+01  3.1996997145704107e+01  2.2671485946548785e-02  2.8031684614995424e+01  3.2002793920530216e+01  3.2002818025378929e+01  2.2469561538001528e-02  7.9885720633839377e+00  7.0080158022570220e+00  1.9890716516984550e-04  3.2474031355956542e-04  -1.2583314838971992e-04  -6.8569268919306645e-04  -2.1992704902892000e-03  3.7478829211026921e-03
7.5999999999998797e+00  3.6021466956057708e+01  3.1996821427519723e+01  3.1996781474800944e+01  2.2621217098825037e-02  2.8033768392702523e+01  3.2003015753240369e+01  3.2003042196171151e+01  2.2497893945930637e-02  7.9876985633551847e+00  7.5101259009505004e+00  2.0306614019576766e-04  3.3672666075457256e-04  -1.3366052055880490e-04  -3.0521605218451298e-04  -2.5726490569151330e-03  4.3204363277482378e-03
7.9999999999998703e+00  3.6022554381958891e+01  3.1996620699415438e+01  3.1996576368420495e+01  2.2570839753482511e-02  2.8035726507698396e+01  3.2003213944636762e+01  3.2003243024005833e+01  2.2514722654718506e-02  7.9868278742604950e+00  8.0121585907473456e+00  2.0908642921927187e-04  3.5074072118394882e-04  -1.4165429196467695e-04  1.4372145382886105e-04  -2.9622984343387190e-03  4.9979547811820450e-03
8.3999999999998707e+00  3.6023703477291640e+01  3.1996395615120047e+01  3.1996347054754750e+01  2.2531815945350316e-02  2.8037590047005985e+01  3.2003399796210545e+01  3.2003437829274468e+01  2.2530811399686441e-02  7.9861134302856556e+00  8.5105320761443473e+00  2.1738053445000431e-04  3.6697591174133078e-04  -1.4959537729132647e-04  1.7911304464372668e-04  -2.5450621109686204e-03  5.6217276303249051e-03
8.7999999999998604e+00  3.6025027108669100e+01  3.1996185126474106e+01  3.1996132016690542e+01  2.2507483142049402e-02  2.8039685842898823e+01  3.2003564059094394e+01  3.2003599178726709e+01  2.2550081109041074e-02  7.9853412657702769e+00  9.5113612747482730e+00  2.2822424893049635e-04  3.8568054236339292e-04  -1.5745629343289657e-04  7.2309907675789458e-04  -1.9971425545539730e-03  6.1908209433464258e-03
9.1999999999998501e+00  3.6026616241429572e+01  3.1995994681369794e+01  3.1995936169672738e+01  2.2518931924860538e-02  2.8042006605074555e+01  3.2003753109370287e+01  3.2003791213768316e+01  2.2544507605768441e-02  7.9846096363550174e+00  6.9998485990489776e+00  2.4181861148108198e-04  4.0711838229573439e-04  -1.6529977081465241e-04  -4.4349002676203030e-03  -1.3494521106187289e-03  6.7520072626772914e-03
9.5999999999998398e+00  3.6028526998236238e+01  3.1995763635520994e+01  3.1995698697366354e+01  2.2558025345323984e-02  2.8044743334501042e+01  3.2003980539815373e+01  3.2004021449411752e+01  2.2511483201021608e-02  7.9837836637351955e+00  7.0011112904425046e+00  2.5834046777101742e-04  4.3147258541338348e-04  -1.7313211764236606e-04  -5.0272703258809866e-03  -1.5736514142463570e-03  7.2973660552497540e-03
9.9999999999998295e+00  3.6030807313313431e+01  3.1995489521791427e+01  3.1995417384101366e+01  2.2607783403827186e-02  2.8048061429360601e+01  3.2004216498605004e+01  3.2004260204994935e+01  2.2454392163353036e-02  7.9827458839528305e+00  8.0008552653169644e+00  2.7794922710705538e-04  4.5881897952249268e-04  -1.8086975241543731e-04  -4.4075242627875976e-03  -8.0692922512296114e-04  7.8245473880521367e-03
1.0399999999999800e+01  3.6033411741953373e+01  3.1995192592841789e+01  3.1995112830278767e+01  2.2657042941286360e-02  2.8051859396438839e+01  3.2004490961043423e+01  3.2004547986571026e+01  2.2405383562077708e-02  7.9815523455145332e+00  9.0003830829576756e+00  3.0076979798896521e-04  4.8917535063308887e-04  -1.8840555264412366e-04  -3.5916332178869883e-03  5.2740043162448584e-06  8.3557766485035326e-03
1.0799999999999800e+01  3.6036268193559913e+01  3.1994855784958425e+01  3.1994768152713522e+01  2.2701897689292788e-02  2.8056028272048028e+01  3.2004774592216485e+01  3.2004824831160491e+01  2.2377382563517002e-02  7.9802399215118847e+00  9.4986934716569849e+00  3.2687377985022036e-04  5.2255091202907291e-04  -1.9567713217885256e-04  -3.9106846849558024e-03  8.7082669424869944e-04  8.8934711361096826e-03
1.1199999999999800e+01  3.6039178697297089e+01  3.1994575504931476e+01  3.1994479725950285e+01  2.2732749868469321e-02  2.8060175909276939e+01  3.2005028967929377e+01  3.2005082998110581e+01  2.2359264261275411e-02  7.9790027880201499e+00  1.0000275103928670e+01  3.5626504821111330e-04  5.5896698125636657e-04  -2.0270193304525327e-04  -2.8647356016510998e-03  8.2514657769792164e-04  9.4393394668322497e-03
1.1599999999999801e+01  3.6042026281143094e+01  3.1994328943850814e+01  3.1994224633517252e+01  2.2747086819501994e-02  2.8064215832076190e+01  3.2005266361757300e+01  3.2005324279995371e+01  2.2366259841830560e-02  7.9778104490669044e+00  6.5074277422677831e+00  3.8887748128742526e-04  5.9846415199622956e-04  -2.0958667070880430e-04  -3.0970848133150884e-03  -7.8984424921749764e-03  9.9930050168685509e-03
1.1999999999999799e+01  3.6044846496279199e+01  3.1994121325627784e+01  3.1994008064021195e+01  2.2725867088783536e-02  2.8068153625202093e+01  3.2005438523545472e+01  3.2005500293605067e+01  2.2390530605428401e-02  7.9766928710771055e+00  6.5076358067790991e+00  4.2458941468367548e-04  6.4109020010504774e-04  -2.1650078542137226e-04  -3.3268787111319469e-03  -8.3584768257567686e-03  1.0555511953652171e-02
1.2399999999999800e+01  3.6047772719363969e+01  3.1993936641393926e+01  3.1993803131438462e+01  2.2668842827961857e-02  2.8072113335922769e+01  3.2005621837655212e+01  3.2005687452898286e+01  2.2415805729197220e-02  7.9756593834412008e+00  6.5078981755584859e+00  4.6324232766491755e-04  6.8685613476646254e-04  -2.2361380710154500e-04  -3.5537129106608797e-03  -8.8298839311226323e-03  1.1147161392895533e-02
1.2799999999999800e+01  3.6050976967214851e+01  3.1993756366691283e+01  3.1993623993126182e+01  2.2599642442600119e-02  2.8076340844748984e+01  3.2005817107608578e+01  3.2005886641637076e+01  2.2462712035634137e-02  7.9746361224658671e+00  8.0100439538441250e+00  5.0465267792016582e-04  7.3569310025549384e-04  -2.3104042233532802e-04  -2.2162505379161295e-03  -6.3195952321129130e-03  1.1741242565863121e-02
1.3199999999999800e+01  3.6054562830157060e+01  3.1993551720495034e+01  3.1993404233835701e+01  2.2546121993322513e-02  2.8080999409415952e+01  3.2006027231372322e+01  3.2006100802471607e+01  2.2520648699998560e-02  7.9735634207411081e+00  9.0120201776350886e+00  5.4862979196114924e-04  7.8746606327051492e-04  -2.3883627130936568e-04  -8.2319030052428277e-04  -5.0034095749160439e-03  1.2331865901450542e-02
1.3599999999999801e+01  3.6058744483433522e+01  3.1993338085473045e+01  3.1993184729294448e+01  2.2528185778071488e-02  2.8086281903024378e+01  3.2006245965216898e+01  3.2006323653025660e+01  2.2557337977578772e-02  7.9724625804091431e+00  7.5062304700205065e+00  5.9501526915474163e-04  8.4204436358863708e-04  -2.4702909443389545e-04  -7.3753325601884278e-03  -3.5782589660290774e-03  1.2917966346306901e-02
1.3999999999999700e+01  3.6063556287977946e+01  3.1993084556622250e+01  3.1992919780006751e+01  2.2538024923234399e-02  2.8092323671730153e+01  3.2006503031664494e+01  3.2006584855924821e+01  2.2568160345769167e-02  7.9712326162477929e+00  7.5068119202753820e+00  6.4372678872663236e-04  8.9936164451333593e-04  -2.5563485578670357e-04  -7.7343534857113438e-03  -3.7741266895210341e-03  1.3499087462757220e-02
1.4399999999999700e+01  3.6069000274844043e+01  3.1992770911433205e+01  3.1992594110774291e+01  2.2556836360573887e-02  2.8099230282895427e+01  3.2006798779246736e+01  3.2006884752519184e+01  2.2542623648552737e-02  7.9697699919486169e+00  7.5077182996936163e+00  6.9476995124953425e-04  9.5941462677353229e-04  -2.6464467552399804e-04  -8.1917404672399770e-03  -3.9691248339806893e-03  1.4075208109412218e-02
1.4799999999999701e+01  3.6075024236133679e+01  3.1992358393425882e+01  3.1992169176853348e+01  2.2585763229716834e-02  2.8107034477453578e+01  3.2007201520878432e+01  3.2007291661639130e+01  2.2500168754278720e-02  7.9679897586801012e+00  8.5085830663201900e+00  7.4820863048531282e-04  1.0222269443951690e-03  -2.7401831390985623e-04  -6.7286823836169365e-03  -2.3648459396609471e-03  1.4646262190333730e-02
1.5199999999999701e+01  3.6081607307375073e+01  3.1991902930448560e+01  3.1991701129942388e+01  2.2635905036706337e-02  2.8115582446525110e+01  3.2007607676214135e+01  3.2007701997633859e+01  2.2450256157365293e-02  7.9660248608499629e+00  9.0083583572950250e+00  8.0412246801482871e-04  1.0878349491983588e-03  -2.8371248118353007e-04  -7.2274786903120114e-03  -7.5354438071774518e-04  1.5212004715091676e-02
1.5599999999999699e+01  3.6088576366079863e+01  3.1991463435962437e+01  3.1991249053285625e+01  2.2686434315709679e-02  2.8124477868341906e+01  3.2008032692038029e+01  3.2008143406532476e+01  2.2401286817904379e-02  7.9640984977379574e+00  1.0008264290635447e+01  8.6258280799644327e-04  1.1563061887706495e-03  -2.9372338077420619e-04  -5.4146785873409485e-03  8.4961832228529232e-04  1.5776160404932488e-02
1.5999999999999700e+01  3.6095726794807213e+01  3.1991030100169098e+01  3.1990803220096041e+01  2.2732234367369694e-02  2.8133758957564833e+01  3.2008443643507675e+01  3.2008546147870575e+01  2.2391187551115282e-02  7.9619678372423799e+00  6.0135507947315920e+00  9.2364898850909078e-04  1.2277513616397568e-03  -3.0410237313066601e-04  -5.6792254278830367e-03  -1.4249026852156840e-02  1.6345327964592711e-02
1.6399999999999800e+01  3.6103095597845595e+01  3.1990612762015157e+01  3.1990373394617958e+01  2.2758843482982297e-02  2.8143038137247657e+01  3.2008831560674963e+01  3.2008937988706812e+01  2.2393465214137549e-02  7.9600574605979375e+00  6.0147234500998596e+00  9.8736492186590427e-04  1.3023006279330720e-03  -3.1493570606716775e-04  -5.9500324458611779e-03  -1.4686710923221517e-02  1.6910126906148622e-02
1.6799999999999802e+01  3.6110686967637108e+01  3.1990226419723292e+01  3.1989974439855967e+01  2.2759716193607019e-02  2.8152584256815285e+01  3.2009186482623541e+01  3.2009296755744991e+01  2.2395633261089436e-02  7.9581027108218230e+00  6.5169501809674584e+00  1.0537459151822436e-03  1.3800624236957782e-03  -3.2631650851353456e-04  -6.2242027026104766e-03  -1.3437490607208185e-02  1.7469699456042442e-02
1.7199999999999900e+01  3.6118519779310283e+01  3.1989844352753344e+01  3.1989579424914055e+01  2.2745102616290515e-02  2.8162318701241265e+01  3.2009551814262451e+01  3.2009665922466588e+01  2.2397733132180939e-02  7.9562010780690180e+00  7.0205875860649201e+00  1.1227698407546506e-03  1.4611036475541872e-03  -3.3833380679953659e-04  -4.0938730740082340e-03  -1.3824857445926857e-02  1.8023147426896695e-02
1.7600000000000001e+01  3.6126707178124228e+01  3.1989537749481848e+01  3.1989259386790884e+01  2.2715450213496705e-02  2.8172393179001698e+01  3.2009886284189356e+01  3.2010009996642680e+01  2.2396219813180549e-02  7.9543139991225296e+00  7.5228692863450197e+00  1.1943898408880709e-03  1.5454639058605844e-03  -3.5107406497251353e-04  -4.3032178777126524e-03  -1.2118698639416198e-02  1.8570108565451125e-02
1.8000000000000000e+01  3.6135396110454217e+01  3.1989190031612580e+01  3.1988897623851710e+01  2.2687554672282353e-02  2.8183059955243003e+01  3.2010195210976306e+01  3.2010326411285391e+01  2.2399120268816814e-02  7.9523361552112135e+00  8.5278316622987482e+00  1.2685641380870364e-03  1.6331812771041535e-03  -3.6461713901711707e-04  -2.0459357547733524e-03  -1.0143875126654300e-02  1.9111089647673146e-02
1.8400000000000102e+01  3.6144685288327196e+01  3.1988827811686917e+01  3.1988520664705195e+01  2.2671930672795108e-02  2.8194399809008168e+01  3.2010579393320640e+01  3.2010705226368430e+01  2.2402469915194730e-02  7.9502854793190281e+00  8.5217204148927888e+00  1.3452806543291216e-03  1.7243031108738550e-03  -3.7902245654473335e-04  -7.0489826691243433e-03  -5.6501635123725443e-03  1.9647147866414475e-02
1.8800000000000100e+01  3.6154649788264265e+01  3.1988432832036189e+01  3.1988110343861422e+01  2.2681531640261876e-02  2.8206515902034855e+01  3.2010927287003668e+01  3.2011057093192157e+01  2.2406578713813300e-02  7.9481338862294102e+00  8.5190258372420899e+00  1.4245589825383695e-03  1.8188796361823278e-03  -3.9432065364395827e-04  -1.0079359347064948e-02  -3.4847236524656535e-03  2.0179244313951340e-02
1.9200000000000198e+01  3.6165274815221217e+01  3.1988086076680457e+01  3.1987747726140693e+01  2.2706926046773726e-02  2.8219538575654102e+01  3.2011351586298204e+01  3.2011494019859306e+01  2.2403856552976574e-02  7.9457362395671147e+00  9.0187186122645961e+00  1.5064320935265310e-03  1.9169576636441405e-03  -4.1052557011760950e-04  -1.0545725612215798e-02  -1.3380076893353841e-03  2.0707864479950246e-02
1.9600000000000300e+01  3.6176633576643248e+01  3.1987663773399778e+01  3.1987309057210112e+01  2.2740796580616889e-02  2.8233469102043351e+01  3.2011789638837534e+01  3.2011927587094242e+01  2.2395627615417555e-02  7.9431644745998966e+00  9.0206526396135889e+00  1.5909250407995794e-03  2.0185869318859562e-03  -4.2766189108637675e-04  -1.1025468036064554e-02  -1.4030367906466442e-03  2.1233093058685582e-02
2.0000000000000298e+01  3.6188494885807124e+01  3.1987255158862446e+01  3.1986883808184949e+01  2.2768325324234305e-02  2.8248181132052359e+01  3.2012195567075935e+01  3.2012337654420776e+01  2.2375956764367530e-02  7.9403137537547650e+00  9.5256770157201345e+00  1.6780450415685420e-03  2.1238341289699660e-03  -4.4578908740142403e-04  -8.4917012430428609e-03  -1.4641192516122135e-03  2.1754872571079286e-02
2.0400000000000400e+01  3.6200980694031699e+01  3.1986859152690585e+01  3.1986471001711092e+01  2.2788900541480528e-02  2.8263757606111859e+01  3.2012635608578314e+01  3.2012793817504409e+01  2.2349637972196575e-02  7.9372230879198398e+00  9.5275807880325019e+00  1.7677826330728210e-03  2.2327911704936778e-03  -4.6500853742085678e-04  -8.8059887693767609e-03  -1.5186763880141122e-03  2.2273113929560124e-02
2.0800000000000502e+01  3.6213849244348232e+01  3.1986447025817320e+01  3.1986028905251690e+01  2.2794839884786935e-02  2.8279781684921005e+01  3.2013035148428457e+01  3.2013196017120890e+01  2.2349156014479368e-02  7.9340675594272270e+00  6.0338929523613807e+00  1.8601137060387431e-03  2.3455715601205301e-03  -4.8545785408178697e-04  -9.1263670491219633e-03  -1.9148303252697289e-02  2.2787576955345383e-02
2.1200000000000500e+01  3.6227237321511588e+01  3.1986049931947644e+01  3.1985616220536542e+01  2.2788102602990842e-02  2.8296495639007450e+01  3.2013467749480206e+01  3.2013622106929390e+01  2.2353019964188751e-02  7.9307416825041379e+00  6.5374652134399645e+00  1.9549953171692108e-03  2.4623002900676970e-03  -5.0730497289848625e-04  -9.4515754204537519e-03  -1.7268967622282333e-02  2.3297738681625949e-02
2.1600000000000598e+01  3.6241191903384475e+01  3.1985646469163282e+01  3.1985206148933113e+01  2.2778406028260156e-02  2.8313637484671862e+01  3.2013851428498235e+01  3.2014021827188202e+01  2.2353736738283891e-02  7.9275544187126137e+00  7.0450394428259564e+00  2.0523588378855858e-03  2.5831057302368541e-03  -5.3074689235126831e-04  -6.5846586005174337e-03  -1.7566512810321896e-02  2.3802926797152974e-02
2.2000000000000600e+01  3.6255788384849900e+01  3.1985286637423037e+01  3.1984817569769891e+01  2.2763055549681853e-02  2.8331592302484530e+01  3.2014172928139622e+01  3.2014347403734789e+01  2.2346529190569678e-02  7.9241960823653699e+00  7.5537163205177702e+00  2.1521107430902855e-03  2.7081155994876246e-03  -5.5600485639733903e-04  -3.6373157733346345e-03  -1.7852022669163276e-02  2.4302686670168411e-02
2.2400000000000698e+01  3.6271001563313959e+01  3.1984936715831108e+01  3.1984445932672056e+01  2.2752774258891783e-02  2.8349913991066341e+01  3.2014569628795527e+01  3.2014736287589166e+01  2.2330226354355946e-02  7.9210875722476182e+00  7.5571937511791774e+00  2.2541467536556915e-03  2.8374529984296392e-03  -5.8330624477394765e-04  -3.8287787314783047e-03  -1.8123869983953940e-02  2.4797027214062798e-02
2.2800000000000800e+01  3.6286824128277487e+01  3.1984535140020096e+01  3.1984037361567193e+01  2.2743111321633321e-02  2.8369344646806233e+01  3.2014949927567741e+01  3.2015120718860842e+01  2.2306678534607608e-02  7.9174794814712541e+00  7.0534730876913931e+00  2.3583734737557763e-03  2.9712296583542606e-03  -6.1285618459848423e-04  -7.1873778965817385e-03  -1.8381792519945768e-02  2.5286317578094533e-02
2.3200000000000799e+01  3.6303479046196173e+01  3.1984169156638139e+01  3.1983650841388950e+01  2.2751589860708091e-02  2.8389621973318942e+01  3.2015309137748091e+01  3.2015484063332245e+01  2.2292055549151445e-02  7.9138570728772315e+00  9.5430248694149888e+00  2.4647246162764341e-03  3.1095391496445053e-03  -6.4481453336807113e-04  -1.0899652453072155e-02  -1.8136055251598722e-03  2.5771030592832873e-02
2.3600000000000900e+01  3.6320799883201332e+01  3.1983779624780439e+01  3.1983240227916411e+01  2.2778236752817805e-02  2.8411089533437934e+01  3.2015736881336906e+01  3.2015915953627719e+01  2.2298742231700783e-02  7.9097103497633974e+00  9.5470718965817500e+00  2.5731622746151604e-03  3.2524555081867110e-03  -6.7929323357155064e-04  -1.1493167599814351e-02  -1.8576496523303493e-03  2.6251672197019221e-02
2.4000000000000998e+01  3.6338941419533093e+01  3.1983366193593803e+01  3.1982805462469464e+01  2.2819635488747027e-02  2.8433848394907347e+01  3.2016190993610287e+01  3.2016374154726172e+01  2.2303787677287513e-02  7.9050930246257458e+00  9.5501463649654923e+00  2.6836640048059327e-03  3.4000400895368280e-03  -7.1637608473089538e-04  -1.1862651015103793e-02  -1.8928960865630471e-03  2.6752813457442189e-02
2.4400000000001000e+01  3.6357883237639385e+01  3.1982902877698042e+01  3.1982320641374908e+01  2.2856494057636276e-02  2.8457873666415495e+01  3.2016650780406415e+01  3.2016837993081296e+01  2.2306261444725025e-02  7.9000095712238902e+00  9.5533815013218373e+00  2.7962056186209335e-03  3.5523550176730038e-03  -7.5614939905207026e-04  -1.2243992374910412e-02  -1.9171355823278213e-03  2.7254303020985294e-02
2.4800000000001098e+01  3.6377746059669306e+01  3.1982366775156866e+01  3.1981763069492185e+01  2.2877650968188223e-02  2.8483232544091123e+01  3.2017169361486367e+01  3.2017360485607654e+01  2.2305925405553446e-02  7.8945135155781827e+00  9.5567784952547079e+00  2.9107504030021626e-03  3.7094790912088030e-03  -7.9872868820664040e-04  -1.2636394028314275e-02  -1.9285583184887156e-03  2.7754417727630556e-02
2.5200000000001101e+01  3.6398166476858364e+01  3.1981949403259172e+01  3.1981319644701081e+01  2.2877236540498058e-02  2.8509808775774804e+01  3.2017698566296382e+01  3.2017893489086035e+01  2.2304700536418341e-02  7.8883577010835602e+00  5.5644461338448803e+00  3.0272479450596549e-03  3.8715216465155700e-03  -8.4427370145591504e-04  -1.3038422403880609e-02  -2.4786910385847155e-02  2.8253223189596628e-02
2.5600000000001199e+01  3.6419521204082876e+01  3.1981454757108448e+01  3.1980807752518334e+01  2.2857579808592515e-02  2.8537400748927748e+01  3.2018244026011480e+01  3.2018442577209257e+01  2.2326627443407566e-02  7.8821204551551283e+00  6.5800834886906125e+00  3.1456374280676614e-03  4.0386302691238990e-03  -8.9299284105623768e-04  -9.4992204753430037e-03  -2.2739205278150716e-02  2.8750724441751068e-02
2.6000000000001300e+01  3.6441389961624239e+01  3.1980973307264925e+01  3.1980298166526222e+01  2.2831891841359985e-02  2.8565815565797088e+01  3.2018760961066739e+01  3.2018963013440022e+01  2.2348962655622914e-02  7.8755743958271509e+00  7.0863796039438522e+00  3.2658482781325487e-03  4.2109891575392699e-03  -9.4514087940672118e-04  -9.8500355616777408e-03  -2.0142918838356005e-02  2.9246896954529145e-02
2.6400000000001299e+01  3.6463882094735560e+01  3.1980546705802727e+01  3.1979855514841873e+01  2.2801555344166429e-02  2.8595083214023663e+01  3.2019262353651719e+01  3.2019473963276873e+01  2.2369793359478696e-02  7.8687988807118963e+00  7.6014488536796927e+00  3.3877959397421195e-03  4.3888072272407676e-03  -1.0010112874986482e-03  -6.1160562856175348e-03  -2.0320510241324998e-02  2.9741709692058655e-02
2.6800000000001400e+01  3.6487059942381862e+01  3.1980104787931420e+01  3.1979382387120530e+01  2.2779606036032678e-02  2.8625234460943396e+01  3.2019788917251503e+01  3.2019997540220871e+01  2.2374905338338569e-02  7.8618254814384656e+00  7.6068972073546197e+00  3.5113773344752170e-03  4.5722988355008480e-03  -1.0609215010256310e-03  -6.3968385714154880e-03  -2.0480983553274715e-02  3.0235129577545847e-02
2.7200000000001499e+01  3.6510935431050967e+01  3.1979643627856241e+01  3.1978892899599870e+01  2.2760593652573508e-02  2.8656218052371131e+01  3.2020248656806146e+01  3.2020460443555919e+01  2.2362768780822828e-02  7.8547173786798368e+00  7.1104495788174802e+00  3.6364728279689178e-03  4.7616634584464945e-03  -1.1251906304775767e-03  -6.6771542354677749e-03  -2.3640015521803361e-02  3.0727130385510535e-02
2.7600000000001501e+01  3.6535545922052066e+01  3.1979159076386665e+01  3.1978388312257355e+01  2.2755360660272672e-02  2.8688323753357004e+01  3.2020679139721338e+01  3.2020894000261983e+01  2.2344807674321447e-02  7.8472221686950618e+00  7.1134113406013224e+00  3.7629569584938963e-03  4.9570711140548753e-03  -1.1941141555609791e-03  -6.7735628477094863e-03  -2.3820412229493961e-02  3.1217728522827684e-02
2.8000000000001599e+01  3.6560982650482380e+01  3.1978704254847298e+01  3.1977905924356403e+01  2.2765068828799979e-02  2.8721726789103226e+01  3.2021135005368528e+01  3.2021352918665023e+01  2.2331008536422104e-02  7.8392558613791543e+00  6.1038126012542051e+00  3.8907128231319009e-03  5.1586574742764502e-03  -1.2679446511445493e-03  -1.1425638162678633e-02  -2.6737713303560184e-02  3.1707040906669939e-02
2.8400000000001601e+01  3.6587096063164822e+01  3.1978315977841646e+01  3.1977497753168350e+01  2.2790740674641135e-02  2.8756586638654852e+01  3.2021662804439984e+01  3.2021889179717235e+01  2.2318869778111827e-02  7.8305094245099696e+00  6.1103560899767864e+00  4.0196412506768734e-03  5.3665292322006772e-03  -1.3468879815238038e-03  -1.1934163287293569e-02  -2.6964656815208425e-02  3.2195344813634293e-02
2.8800000000001699e+01  3.6614022462227815e+01  3.1977891651657842e+01  3.1977039964233278e+01  2.2836488525130601e-02  2.8793188079554373e+01  3.2022117125972386e+01  3.2022340902012601e+01  2.2314591598009068e-02  7.8208343826734428e+00  1.0114398716255250e+01  4.1496589244103613e-03  5.5807786628211042e-03  -1.4311197384107429e-03  -1.2461218132497141e-02  -1.7948473197740623e-03  3.2683114171746484e-02
2.9200000000001801e+01  3.6641719725591749e+01  3.1977402580925737e+01  3.1976539766939098e+01  2.2884904971204104e-02  2.8831312271916048e+01  3.2022649666728597e+01  3.2022876185654823e+01  2.2318768455688219e-02  7.8104074536757011e+00  1.0120533354189282e+01  4.2806873375336426e-03  5.8015052100038357e-03  -1.5208178724701931e-03  -1.2878158058985024e-02  -1.7540606477607456e-03  3.3170995802701157e-02
2.9600000000001799e+01  3.6670274215843776e+01  3.1977008863114822e+01  3.1976126772533835e+01  2.2923948793843477e-02  2.8871212562629577e+01  3.2023213970399233e+01  3.2023443126116192e+01  2.2318951157673836e-02  7.7990616532141992e+00  1.0126901397432052e+01  4.4126406145442668e-03  6.0288391686230836e-03  -1.6161985540788168e-03  -1.3311810080241024e-02  -1.6982876467255489e-03  3.3695113135430367e-02
3.0000000000001901e+01  3.6699467190186652e+01  3.1976573021862620e+01  3.1975665943524000e+01  2.2946222940279867e-02  2.8912549069499907e+01  3.2023770572100453e+01  3.2024002207735180e+01  2.2325040697073667e-02  7.7869181206867459e+00  9.6380133846660812e+00  4.5454194700724924e-03  6.2629593897036272e-03  -1.7175399196311348e-03  -1.3761428622919465e-02  -4.5737787216573421e-03  3.4228536986234265e-02
3.0400000000001999e+01  3.6729433488313695e+01  3.1976178786298071e+01  3.1975219152542593e+01  2.2949752510179017e-02  2.8955364647430372e+01  3.2024356635103338e+01  3.2024590536742956e+01  2.2331381007325915e-02  7.7740688408833236e+00  6.1414281213112751e+00  4.6789119023587381e-03  6.5040973275230386e-03  -1.8251854251643005e-03  -1.4225425311771634e-02  -2.7984982773268514e-02  3.4762025513747533e-02
3.0800000000002001e+01  3.6760160045616601e+01  3.1975699857669092e+01  3.1974735213874759e+01  2.2937930023267401e-02  2.8999512386110606e+01  3.2024889426284410e+01  3.2025125485853749e+01  2.2351178826500211e-02  7.7606476595059952e+00  6.1479577921599269e+00  4.8129950535352314e-03  6.7525250397145473e-03  -1.9395299861793159e-03  -1.4702037596783383e-02  -2.8175728208142996e-02  3.5296584780993560e-02
3.1200000000002099e+01  3.6791615918229141e+01  3.1975210200605655e+01  3.1974214757462814e+01  2.2922294709730010e-02  2.9044889267892049e+01  3.2025409560884164e+01  3.2025647583311049e+01  2.2370206755293963e-02  7.7467266503370915e+00  7.1775963728430474e+00  4.9475325710965920e-03  7.0085317080383382e-03  -2.0609991369417461e-03  -9.9990461959202272e-03  -2.5067434905325231e-02  3.5833437564280417e-02
3.1600000000002101e+01  3.6823938332788295e+01  3.1974781976784715e+01  3.1973760099873502e+01  2.2909438898141156e-02  2.9091637250586608e+01  3.2025923261644920e+01  3.2026167915389962e+01  2.2378708362949886e-02  7.7323010822016869e+00  6.6802575673393001e+00  5.0823675736662863e-03  7.2723975825271852e-03  -2.1900300088608989e-03  -1.0401625031627374e-02  -2.8507419373605025e-02  3.6373627273250171e-02
3.2000000000002203e+01  3.6856857662423359e+01  3.1974335074714205e+01  3.1973295454682912e+01  2.2900849225571427e-02  2.9139716606454538e+01  3.2026366143593243e+01  3.2026607775481914e+01  2.2377758273443675e-02  7.7171410559688205e+00  6.6882156821846017e+00  5.2173172465790800e-03  7.5443743726841999e-03  -2.3270571261051198e-03  -1.0811664374757326e-02  -2.8643324531846912e-02  3.6917718364719410e-02
3.2400000000002102e+01  3.6890467863756925e+01  3.1973969509523162e+01  3.1972884324394467e+01  2.2902822952786443e-02  2.9189405271253172e+01  3.2026833766365968e+01  3.2027077007276461e+01  2.2370768511141458e-02  7.7010625925037530e+00  6.1863910996923570e+00  5.3521753060829817e-03  7.8246779814632253e-03  -2.4725026753802436e-03  -1.1108566719136022e-02  -3.1852603289105129e-02  3.7465686905093137e-02
3.2800000000002001e+01  3.6924785673188332e+01  3.1973452831960703e+01  3.1972365414280063e+01  2.2918847703015735e-02  2.9241023943591902e+01  3.2027361098566800e+01  3.2027623592759632e+01  2.2361119613869405e-02  7.6837617295964300e+00  6.1943664257690809e+00  5.4867229152601900e-03  8.1134950313019386e-03  -2.6267721160417486e-03  -1.1536470172956378e-02  -3.2042624387314839e-02  3.8017017696602644e-02
3.3200000000001999e+01  3.6959864117062793e+01  3.1973070841563832e+01  3.1971956736407485e+01  2.2947769292406859e-02  2.9294776365418894e+01  3.2027871279082710e+01  3.2028117354667444e+01  2.2346304593507022e-02  7.6650877516438989e+00  6.2054164266392604e+00  5.6207423940296576e-03  8.4110005056560327e-03  -2.7902581116263751e-03  -1.2105334466182270e-02  -3.2238695784232871e-02  3.8570966645179082e-02
3.3600000000001899e+01  3.6995654054581706e+01  3.1972739322235803e+01  3.1971597969399767e+01  2.2988855966978090e-02  2.9350557840361954e+01  3.2028438548618318e+01  3.2028695888630750e+01  2.2338621021236564e-02  7.6450962142197518e+00  5.7037106817651617e+00  5.7540263020548618e-03  8.7173813531090313e-03  -2.9633550510541696e-03  -1.2567191850634705e-02  -3.5169178272400979e-02  3.9126911837223118e-02
3.4000000000001798e+01  3.7032066110064669e+01  3.1972370760577775e+01  3.1971177010487700e+01  2.3035071110623296e-02  2.9408418529435977e+01  3.2029126686685224e+01  3.2029374753698868e+01  2.2331143476266739e-02  7.6236475806286919e+00  5.1883865415628403e+00  5.8863777495176276e-03  9.0328599011864665e-03  -3.1464821516688389e-03  -1.8985456875348378e-02  -3.5435276602009569e-02  3.9684676889084995e-02
3.4400000000001697e+01  3.7069245553485317e+01  3.1972003606069752e+01  3.1970808408733912e+01  2.3078325313032503e-02  2.9468397497024945e+01  3.2029761907198704e+01  3.2030019961501615e+01  2.2324521825431123e-02  7.6008480564603715e+00  5.7207579448255910e+00  6.0176033472342585e-03  9.3577106254406264e-03  -3.3401072782063678e-03  -1.3549021836285766e-02  -3.5699414059547373e-02  4.0267463644501358e-02
3.4800000000001603e+01  3.7107118479968882e+01  3.1971568390867589e+01  3.1970331355149778e+01  2.3112584464014620e-02  2.9530388264201072e+01  3.2030433144114802e+01  3.2030682048177823e+01  2.2321780601936569e-02  7.5767302157678103e+00  5.7296359808337591e+00  6.1475042173603943e-03  9.6922646261983214e-03  -3.5447604088379272e-03  -1.4069837092518264e-02  -3.5961445879059105e-02  4.0897636712835819e-02
3.5200000000001602e+01  3.7145690416057775e+01  3.1971060263616788e+01  3.1969800659519141e+01  2.3134167355567663e-02  2.9594258082918422e+01  3.2030953316971797e+01  3.2031202176815754e+01  2.2324738862471046e-02  7.5514323331393527e+00  5.7387601483285904e+00  6.2758703419677530e-03  1.0036899416584998e-02  -3.7610290746172446e-03  -1.4610135949196627e-02  -3.6218847948607337e-02  4.1532181279045642e-02
3.5600000000001501e+01  3.7185133389394217e+01  3.1970645251822635e+01  3.1969368311936815e+01  2.3143431016978848e-02  2.9659804026481620e+01  3.2031532087565395e+01  3.2031780648098646e+01  2.2333239377841905e-02  7.5253293629125970e+00  5.7481380158809401e+00  6.4024797558993318e-03  1.0392017212054674e-02  -3.9895374561553423e-03  -1.5169331547305532e-02  -3.6467641606675372e-02  4.2172877597008405e-02
3.6000000000001400e+01  3.7225106443532979e+01  3.1970239855610856e+01  3.1968923244406710e+01  2.3144086125048521e-02  2.9727167000678548e+01  3.2032043808262962e+01  3.2032291880049357e+01  2.2345023869881846e-02  7.4979394428544310e+00  5.7577760888217488e+00  6.5270997516559803e-03  1.0758019932912029e-02  -4.2309201812560492e-03  -1.5746919778282905e-02  -3.6703712203686421e-02  4.2821332300596607e-02
3.6400000000001299e+01  3.7265655270512809e+01  3.1969797134659338e+01  3.1968465697793349e+01  2.3141736873351915e-02  2.9796562855442328e+01  3.2032595548447041e+01  3.2032842959561847e+01  2.2356417636923819e-02  7.4690924150704809e+00  5.7676794723080853e+00  6.6494860020443452e-03  1.1135290744114124e-02  -4.4858047420697784e-03  -1.6342653259356309e-02  -3.6924043902311153e-02  4.3478458069142044e-02
3.6800000000001198e+01  3.7306802845455067e+01  3.1969372732267917e+01  3.1968013892909756e+01  2.3142660606912419e-02  2.9868049688405595e+01  3.2033167960505452e+01  3.2033414502310428e+01  2.2363640884507589e-02  7.4387531570494723e+00  6.3086306189605414e+00  6.7693785002686333e-03  1.1524189267070358e-02  -4.7548107668017245e-03  -1.0110917679043466e-02  -3.7127497504400378e-02  4.4144342162453748e-02
3.7200000000001197e+01  3.7348553233870412e+01  3.1968933726218562e+01  3.1967511709030980e+01  2.3153655638526182e-02  2.9941621316948833e+01  3.2033712764071289e+01  3.2033958180187923e+01  2.2371567621429913e-02  7.4069319169215788e+00  5.8032463281223343e+00  6.8864975954870313e-03  1.1925061792473006e-02  -5.0385641969859750e-03  -1.0596807930613537e-02  -4.0474018568577526e-02  4.4818461735533215e-02
3.7600000000001103e+01  3.7390719630034361e+01  3.1968525554097152e+01  3.1967112069197363e+01  2.3172229085953320e-02  3.0017717127057079e+01  3.2034361841630719e+01  3.2034605911792568e+01  2.2376465452157004e-02  7.3730025029772825e+00  5.8145657352199143e+00  7.0005448190817122e-03  1.2338262006016974e-02  -5.3377171869352620e-03  -1.1097787813786262e-02  -4.0787404004722215e-02  4.5500042099953619e-02
3.8000000000001002e+01  3.7433333656658967e+01  3.1968201881374743e+01  3.1966743407586794e+01  2.3199128081072846e-02  3.0096375794713609e+01  3.2034806843395344e+01  3.2035049155350578e+01  2.2375019725682215e-02  7.3369578619453577e+00  5.8261983239851549e+00  7.1112103639054923e-03  1.2764175131075748e-02  -5.6529647671702560e-03  -1.1615560362791657e-02  -4.1089665605360016e-02  4.6188378623738861e-02
3.8400000000000901e+01  3.7476351000300617e+01  3.1967814762254985e+01  3.1966317764802874e+01  2.3232804584574288e-02  3.0177438696665778e+01  3.2035374895378659e+01  3.2035615082285986e+01  2.2369010100683224e-02  7.2989123036348396e+00  5.8381526483328852e+00  7.2181846918754969e-03  1.3203238975387138e-02  -5.9850542835116413e-03  -1.2152039134691714e-02  -4.1383399197554148e-02  4.6883078806198186e-02
3.8800000000000800e+01  3.7519832914325789e+01  3.1967394938722052e+01  3.1965869711108951e+01  2.3269587008585196e-02  3.0261120402497529e+01  3.2035910455820407e+01  3.2036148168855235e+01  2.2371197542037684e-02  7.2587125118282607e+00  5.3282446939966901e+00  7.3211691837735118e-03  1.3655956348043421e-02  -6.3347871642699090e-03  -1.2708984881431858e-02  -4.4583159444102426e-02  4.7584233464472936e-02
3.9200000000000799e+01  3.7563743832483993e+01  3.1967039946572928e+01  3.1965499423979097e+01  2.3304455649056578e-02  3.0347291188211639e+01  3.2036506462051889e+01  3.2036750134688639e+01  2.2373227639454200e-02  7.2164526442723549e+00  5.3401108225666389e+00  7.4198813325941368e-03  1.4122894007085204e-02  -6.7030126744910675e-03  -1.3287752520810454e-02  -4.5019535677918179e-02  4.8346408292763265e-02
3.9600000000000698e+01  3.7608189954478163e+01  3.1966727464354623e+01  3.1965175703176946e+01  2.3332378825316736e-02  3.0435784381670711e+01  3.2037194769027998e+01  3.2037426256745732e+01  2.2376168831859659e-02  7.1724055728074525e+00  5.3523143029501057e+00  7.5140531773633407e-03  1.4604666694409900e-02  -7.0906135170465592e-03  -1.3889252880119400e-02  -4.5454517214015597e-02  4.9161719862177745e-02
4.0000000000000597e+01  3.7652904905760380e+01  3.1966428831278360e+01  3.1964854845505421e+01  2.3349840652308156e-02  3.0526340610132671e+01  3.2037845265391780e+01  3.2038073078011408e+01  2.2382805614195086e-02  7.1265642956277091e+00  5.3648673933437570e+00  7.6034258030520593e-03  1.5101911708884780e-02  -7.4984859058327205e-03  -1.4514132687091223e-02  -4.5885833515003818e-02  4.9988068489391795e-02
4.0400000000000503e+01  3.7698006554636514e+01  3.1966023204398070e+01  3.1964406138791126e+01  2.3356001071241549e-02  3.0619354481394620e+01  3.2038287284065852e+01  3.2038511165723122e+01  2.2394299894635084e-02  7.0786520732418943e+00  5.3777809382709449e+00  7.6877449955819657e-03  1.5615264583751613e-02  -7.9275195881696476e-03  -1.5163007632516183e-02  -4.6309409555201478e-02  5.0826669277245856e-02
4.0800000000000502e+01  3.7743384186992458e+01  3.1965693015777827e+01  3.1964040698917138e+01  2.3353035266170337e-02  3.0714890478963092e+01  3.2038865241654349e+01  3.2039084847943990e+01  2.2409742968461065e-02  7.0284937080293659e+00  5.3910632898832107e+00  7.7667611269009867e-03  1.6145344802218194e-02  -8.3785836753172069e-03  -1.5836528761084951e-02  -4.6720805903893402e-02  5.1678604635433570e-02
4.1200000000000401e+01  3.7789143561270997e+01  3.1965324009606437e+01  3.1963665306789892e+01  2.3345540345262459e-02  3.0813076102219867e+01  3.2039358774267868e+01  3.2039573721318710e+01  2.2430701318722938e-02  6.9760674590511300e+00  4.8745718372808513e+00  7.8402312449190256e-03  1.6692754772826293e-02  -8.8525235279072675e-03  -1.6535231086939745e-02  -5.0064515502349360e-02  5.2544440550862215e-02
4.1600000000000300e+01  3.7835201259324649e+01  3.1964953844400743e+01  3.1963252927098967e+01  2.3339272120306755e-02  3.0913902306678835e+01  3.2039827968054283e+01  3.2040037823910744e+01  2.2455657712938008e-02  6.9212989526458131e+00  4.8876405419803346e+00  7.9079185807622160e-03  1.7258089991737099e-02  -9.3501714109748835e-03  -1.7259360048711814e-02  -5.0635349487344147e-02  5.3424156131747717e-02
4.2000000000000199e+01  3.7881435072165623e+01  3.1964643900082336e+01  3.1962941366038319e+01  2.3339688010137857e-02  3.1017801817169801e+01  3.2040238849747979e+01  3.2040443215820005e+01  2.2477890967926586e-02  6.8636332549958219e+00  4.9010758108251595e+00  7.9695867350859824e-03  1.7841956992241829e-02  -9.8723702571558471e-03  -1.8008921829745221e-02  -5.1196817429100108e-02  5.4317298717101850e-02
4.2400000000000098e+01  3.7927921859613555e+01  3.1964324375946273e+01  3.1962588442065314e+01  2.3350734718046547e-02  3.1124369751814129e+01  3.2040850281011423e+01  3.2041048594934615e+01  2.2495179679550895e-02  6.8035521077994261e+00  4.9148816319298181e+00  8.0249910651232579e-03  1.8444994399680510e-02  -1.0420003334557252e-02  -1.8783973283611345e-02  -5.1750593540147279e-02  5.5223266584710134e-02
4.2800000000000097e+01  3.7974712935327759e+01  3.1964175315675920e+01  3.1962374819037283e+01  2.3374105772558738e-02  3.1234161661540590e+01  3.2041376341088601e+01  3.2041578722835069e+01  2.2516814231550795e-02  6.7405512737871689e+00  4.3915039837667127e+00  8.0738721488271721e-03  1.9067890721552086e-02  -1.0994018572724914e-02  -1.9584894837508166e-02  -5.4844763073536820e-02  5.6141709749297684e-02
4.3200000000000003e+01  3.8021351145396466e+01  3.1963872429978167e+01  3.1962055885242648e+01  2.3408985446528280e-02  3.1346778960690948e+01  3.2041939295703955e+01  3.2042123785398644e+01  2.2539507498558178e-02  6.6745721847055179e+00  4.4049002942021254e+00  8.1159542845961729e-03  1.9711394370792713e-02  -1.1595440086196540e-02  -2.0412383026219279e-02  -5.5595361795165894e-02  5.7072982537126823e-02
4.3599999999999902e+01  3.8068002089222276e+01  3.1963560134601682e+01  3.1961742391513319e+01  2.3452220477077616e-02  3.1462352206798101e+01  3.2042332769924045e+01  3.2042509451171725e+01  2.2555574908314686e-02  6.6056498824241743e+00  4.4186659063850211e+00  8.1509488692142491e-03  2.0376312928648894e-02  -1.2225364059434645e-02  -2.1267172329588427e-02  -5.6352080120116652e-02  5.8040865880685577e-02
4.3999999999999801e+01  3.8114455918851277e+01  3.1963362388483660e+01  3.1961504704858562e+01  2.3498894605054943e-02  3.1580578359420933e+01  3.2042867198180701e+01  3.2043035538434182e+01  2.2567324393973943e-02  6.5338775594303442e+00  4.4328107443551286e+00  8.1785607545994555e-03  2.1063498972282435e-02  -1.2884938217682980e-02  -2.2149750188997386e-02  -5.7116022730820289e-02  5.9155954549967422e-02
4.4399999999999700e+01  3.8160912724149114e+01  3.1963072361754502e+01  3.1961198882952235e+01  2.3543297252915540e-02  3.1701475507457250e+01  3.2043423174246840e+01  3.2043582598583058e+01  2.2592079213766811e-02  6.4594372166918639e+00  3.9012000909901023e+00  8.1984949312473854e-03  2.1773825465745689e-02  -1.3575330534498303e-02  -2.3060302402703504e-02  -5.9840097021740410e-02  6.0296145797983272e-02
4.4799999999999699e+01  3.8207375489056190e+01  3.1962861298974985e+01  3.1960986350295482e+01  2.3580186698237651e-02  3.1825203060309107e+01  3.2043919587213693e+01  3.2044069641694449e+01  2.2614663941880331e-02  6.3821724287470829e+00  3.9147298837526923e+00  8.2104605006681243e-03  2.2508162627046420e-02  -1.4297702126378296e-02  -2.3998880956379528e-02  -6.0830464004534547e-02  6.1462282222142117e-02
4.5199999999999598e+01  3.8253698670106346e+01  3.1962653680864602e+01  3.1960738538523472e+01  2.3608894146661785e-02  3.1951611253327449e+01  3.2044352966612912e+01  3.2044493049047418e+01  2.2636528456748004e-02  6.3020874167788961e+00  4.4932874041517330e+00  8.2141700670879253e-03  2.3267367107020254e-02  -1.5053197039932329e-02  -1.4134667739138969e-02  -6.1835173090663109e-02  6.2653960730351135e-02
4.5599999999999497e+01  3.8299953505226206e+01  3.1962500827542595e+01  3.1960588935590067e+01  2.3627669926417086e-02  3.2081134192685653e+01  3.2044762339696405e+01  3.2044891935525243e+01  2.2659504955517946e-02  6.2188193125405533e+00  4.5100120746612875e+00  8.2093359347912252e-03  2.4052276859393734e-02  -1.5842940924602509e-02  -1.4878325045000633e-02  -6.2850059268452774e-02  6.3869567348499315e-02
4.5999999999999403e+01  3.8345997826457044e+01  3.1962280691323706e+01  3.1960307756107365e+01  2.3637662938043810e-02  3.2213538219394074e+01  3.2045120302426554e+01  3.2045238683341836e+01  2.2695617082542526e-02  6.1324596070629696e+00  3.9711628839451008e+00  8.1956671960286206e-03  2.4863706132658446e-02  -1.6668038936629825e-02  -1.5645723120129060e-02  -6.4949055102674277e-02  6.5106976452608642e-02
4.6399999999999302e+01  3.8391954731872588e+01  3.1962039251043766e+01  3.1960043876313438e+01  2.3642690716642895e-02  3.2349288600007391e+01  3.2045391784710326e+01  3.2045498204519014e+01  2.2733307897997844e-02  6.0426661318651966e+00  3.9872219762351642e+00  8.1745460854573404e-03  2.5706550086523599e-02  -1.7532004001066259e-02  -1.6435037067138791e-02  -6.6199594491688912e-02  6.6364599492289567e-02
4.6799999999999301e+01  3.8437629717756181e+01  3.1961884131037049e+01  3.1959897868947021e+01  2.3648593444572191e-02  3.2488901567921651e+01  3.2045750761485699e+01  3.2045844438103032e+01  2.2770212521133128e-02  5.9487281498345297e+00  4.0037755425716952e+00  8.1449251756221114e-03  2.6582234404547739e-02  -1.8437309228925627e-02  -1.7243152167791216e-02  -6.7469473846393346e-02  6.7642140966917993e-02
4.7199999999999200e+01  3.8482720043737764e+01  3.1961743365382702e+01  3.1959712295091645e+01  2.3662044977476225e-02  3.2630963367731120e+01  3.2046066944802988e+01  3.2046147047951990e+01  2.2825730431361487e-02  5.8517566760066444e+00  3.4551913814731021e+00  8.1054488085747153e-03  2.7489002524398863e-02  -1.9383553715824148e-02  -1.8074015736148002e-02  -6.8333402895205592e-02  6.8938756621306538e-02
4.7599999999999099e+01  3.8527404935490964e+01  3.1961601974041685e+01  3.1959580650728991e+01  2.3687510120376648e-02  3.2776029926295656e+01  3.2046341348966692e+01  3.2046407136890977e+01  2.2885725659394951e-02  5.7513750091953071e+00  3.4707946813408714e+00  8.0557812206552889e-03  2.8426725306944546e-02  -2.0370944086289255e-02  -1.8934150356290914e-02  -6.9864958559213070e-02  7.0258019291937743e-02
4.7999999999998998e+01  3.8571860977551914e+01  3.1961481686894075e+01  3.1959442554987579e+01  2.3729080316827956e-02  3.2924457663446148e+01  3.2046631789783532e+01  3.2046682472064973e+01  2.2924532780874869e-02  5.6474033141057660e+00  3.4868945155819278e+00  7.9958579841691423e-03  2.9396598036077887e-02  -2.1400740051908743e-02  -1.9812355944065694e-02  -7.1434178409373300e-02  7.1663491453183528e-02
4.8399999999998897e+01  3.8615830598180430e+01  3.1961385916948121e+01  3.1959313042808617e+01  2.3789109070114636e-02  3.3075493166602172e+01  3.2046855539165492e+01  3.2046890305748470e+01  2.3009649507863390e-02  5.5403374315782585e+00  2.9270915503810366e+00  7.9259194506051765e-03  3.0399345452315325e-02  -2.2473426001710151e-02  -2.0693735251407337e-02  -7.0572137881989488e-02  7.3278354783530494e-02
4.8799999999998903e+01  3.8659649995245346e+01  3.1961269137911135e+01  3.1959208782648673e+01  2.3866337769863376e-02  3.3229543884102505e+01  3.2047087521709535e+01  3.2047105517663759e+01  2.3097321402967056e-02  5.4301061111428410e+00  2.9419463718791121e+00  7.8459297353343262e-03  3.1435208420781159e-02  -2.3589278685446833e-02  -2.1591559232255794e-02  -7.2406744385476909e-02  7.4946797495487605e-02
4.9199999999998802e+01  3.8702985640234715e+01  3.1961184399806672e+01  3.1959089776767239e+01  2.3956746064077970e-02  3.3386531731546285e+01  3.2047290976393413e+01  3.2047291374115083e+01  2.3141877837925904e-02  5.3164539086884304e+00  2.9573258033701975e+00  7.7547797636730118e-03  3.2504484350311391e-02  -2.4749704586638381e-02  -2.2514285660687208e-02  -7.4319289581333547e-02  7.6675176625077737e-02
4.9599999999998701e+01  3.8745572423818977e+01  3.1961094411087121e+01  3.1958980823688446e+01  2.4045934444345340e-02  3.3546422292547888e+01  3.2047422505169763e+01  3.2047404429905953e+01  2.3149800390358542e-02  5.1991501312710895e+00  2.3845674141168742e+00  7.6524998511124731e-03  3.3607519253920130e-02  -2.5955019402807658e-02  -2.3457507841568689e-02  -7.1035951705931660e-02  7.8449201070387928e-02
4.9999999999998600e+01  3.8787065157558118e+01  3.1961119011776105e+01  3.1958985403362192e+01  2.4099900770322442e-02  3.3709092637049110e+01  3.2047587206834187e+01  3.2047549757384395e+01  2.3207504384307867e-02  5.0779725205090074e+00  2.3983175274334099e+00  7.5387110008209909e-03  3.4744533048144483e-02  -2.7205822047323490e-02  -2.4433144286413733e-02  -7.3168121319146823e-02  8.0260446145151626e-02
5.0399999999998499e+01  3.8827648778528619e+01  3.1961124839937842e+01  3.1958997429787580e+01  2.4092039385358317e-02  3.3874460097228024e+01  3.2047447767507947e+01  3.2047389963123784e+01  2.3260929318960545e-02  4.9531886813005954e+00  2.4126002576230250e+00  7.4128292186922563e-03  3.5915490056332371e-02  -2.8502660837640116e-02  -2.5447863300440132e-02  -7.5495405810985600e-02  8.2110302574706334e-02
5.0799999999998498e+01  3.8867377254294482e+01  3.1961148979712096e+01  3.1958996220640522e+01  2.4092556624901267e-02  3.4042887984698503e+01  3.2047606427670708e+01  3.2047537554102661e+01  2.3366660879669026e-02  4.8244892695959791e+00  2.4295486964257238e+00  7.2743364273169684e-03  3.7120067676352855e-02  -2.9845731249035886e-02  -1.1254956787518106e-02  -6.8934817119210692e-02  8.4003522472336861e-02
5.1199999999998397e+01  3.8906924193338924e+01  3.1961170607976978e+01  3.1959020512179769e+01  2.4111820012455466e-02  3.4214554307443393e+01  3.2047359432406822e+01  3.2047257723279486e+01  2.3460929502430464e-02  4.6923698858955305e+00  2.4441688548951257e+00  7.1228602074309248e-03  3.8357714595472069e-02  -3.1234854388041144e-02  -1.1827806097692496e-02  -7.1396643544436672e-02  8.5940202764877460e-02
5.1599999999998303e+01  3.8945648507515401e+01  3.1961251637508596e+01  3.1959048658046850e+01  2.4196643586685277e-02  3.4389042839399160e+01  3.2047375091199363e+01  3.2047207198257404e+01  2.3551544604212837e-02  4.5566056681162408e+00  1.8382706433333762e+00  6.9579576845163775e-03  3.9627254763366732e-02  -3.2669297078850357e-02  -2.8634462179117401e-02  -7.3847735324138616e-02  8.7916410384808533e-02
5.1999999999998202e+01  3.8983782768066135e+01  3.1961345165296237e+01  3.1959145419694913e+01  2.4365195621747826e-02  3.4566658862877091e+01  3.2047024715135912e+01  3.2046817993550953e+01  2.3663732669645481e-02  4.4171239051890439e+00  1.2438875967006169e+00  6.7788396856229569e-03  4.0926910436722419e-02  -3.4148070751099463e-02  -3.0105201452389860e-02  -6.3393842925252866e-02  8.9933983582890772e-02
5.2399999999998101e+01  3.9021157695037743e+01  3.1961425744591089e+01  3.1959186602653954e+01  2.4561866645024549e-02  3.4746880422070696e+01  3.2046801187415454e+01  3.2046579988896802e+01  2.3814568011778399e-02  4.2742772729670477e+00  1.2533856446783478e+00  6.5858004453501441e-03  4.2253674207368301e-02  -3.5667873762018160e-02  -3.1473225660960467e-02  -6.5807066695282121e-02  9.2246632254048708e-02
5.2799999999998100e+01  3.9057602119357675e+01  3.1961522335771576e+01  3.1959257886125830e+01  2.4651149326007989e-02  3.4929751769542754e+01  3.2046466139940904e+01  3.2046180904148756e+01  2.3961594890739797e-02  4.1278503498149206e+00  1.2633011209795426e+00  6.3789638943415501e-03  4.3603790446415353e-02  -3.7224826552073806e-02  -3.2892704196960040e-02  -6.8483283411307938e-02  9.4756901293216247e-02
5.3199999999997999e+01  3.9092802119365615e+01  3.1961697621075196e+01  3.1959391168745697e+01  2.4652474049718986e-02  3.5114883740800003e+01  3.2046321958716710e+01  3.2045974068274589e+01  2.4107112376011600e-02  3.9779183785656116e+00  1.9073161573231761e+00  6.1578859436540274e-03  4.4979900363730632e-02  -3.8822014420076607e-02  -1.5131266877135384e-02  -7.1222572581084873e-02  9.7354056404237319e-02
5.3599999999997898e+01  3.9126953445675234e+01  3.1961786010341481e+01  3.1959459737957928e+01  2.4727788590149041e-02  3.5302403181822363e+01  3.2045941561826467e+01  3.2045499820941409e+01  2.4309536153585394e-02  3.8245502638528706e+00  1.2824153698270231e+00  5.9220602161682975e-03  4.6380611104812938e-02  -4.0458550888644640e-02  -1.5873842029403538e-02  -5.6121227148927172e-02  1.0003340719471379e-01
5.3999999999997797e+01  3.9160074711689973e+01  3.1961910760959814e+01  3.1959620171141470e+01  2.4753406415248081e-02  3.5492062857109730e+01  3.2045418603517639e+01  3.2044945776187909e+01  2.4517625802321221e-02  3.6680118545802429e+00  1.2944697995965060e+00  5.6714517788615526e-03  4.7804847391055040e-02  -4.2133395612193487e-02  -1.6683310341783428e-02  -5.8561635739258655e-02  1.0279348319566559e-01
5.4399999999997704e+01  3.9192435904581231e+01  3.1961875844774919e+01  3.1959581433552280e+01  2.4761096819137778e-02  3.5683407658668635e+01  3.2044733896520775e+01  3.2044245668670982e+01  2.4722540514513211e-02  3.5090282459125959e+00  1.3071865129129512e+00  5.4057204173255258e-03  4.9250842387810703e-02  -4.3845121970485179e-02  -1.7547963284456895e-02  -6.1165856454183959e-02  1.0563946414419184e-01
5.4799999999997702e+01  3.9223710297052293e+01  3.1961979125722792e+01  3.1959721783074311e+01  2.4783657537622364e-02  3.5876238441005015e+01  3.2044053542810481e+01  3.2043568685861985e+01  2.4927706421358328e-02  3.3474718560472780e+00  6.5879489731610008e-01  5.1246096855065088e-03  5.0715415716691546e-02  -4.5590806031185038e-02  -1.8463352700206676e-02  -4.1307636442423704e-02  1.0856847403138099e-01
5.5199999999997601e+01  3.9253860491391357e+01  3.1962089191959027e+01  3.1959810134954555e+01  2.4931384785969568e-02  3.6070556504158532e+01  3.2043088098443661e+01  3.2042622720112298e+01  2.5205169429668443e-02  3.1833039872328257e+00  0.0000000000000000e+00  4.8278633659561282e-03  5.2193484840788333e-02  -4.7365621474832205e-02  -4.3342497668336005e-02  -4.3342497668336005e-02  1.1156559757768325e-01
5.5599999999997500e+01  3.9282760028654913e+01  3.1962344315685151e+01  3.1960127963435177e+01  2.5036651675913322e-02  3.6266062311231195e+01  3.2041905035741372e+01  3.2041426359614761e+01  2.5485561843311039e-02  3.0166977174237175e+00  0.0000000000000000e+00  4.5152031250945673e-03  5.3679334859145292e-02  -4.9164131734050723e-02  -4.5524553855309818e-02  -4.5524553855309818e-02  1.1462278057473485e-01
5.5999999999997399e+01  3.9310430351699019e+01  3.1962525404149094e+01  3.1960317733419298e+01  2.5090001437126194e-02  3.6462073367783162e+01  3.2040936946973979e+01  3.2040447771011621e+01  2.5770547762908446e-02  2.8483569839158562e+00  6.8202991550921410e-01  4.1863298111126214e-03  5.5167885494189654e-02  -5.0981555683077030e-02  -2.1631065981148414e-02  -4.7870694548756219e-02  1.1774920443115194e-01
5.6399999999997299e+01  3.9336842588406590e+01  3.1962706658877298e+01  3.1960389971276072e+01  2.5218112415269816e-02  3.6658484925805801e+01  3.2039546961687478e+01  3.2039040233966631e+01  2.6060983460438107e-02  2.6783576626007886e+00  6.9082281719580108e-01  3.8408922618021302e-03  5.6653323484735667e-02  -5.2812431222933540e-02  -2.2860519982285332e-02  -5.0390550638811316e-02  1.2143967963410800e-01
5.6799999999997297e+01  3.9361911359383051e+01  3.1962903232643992e+01  3.1960671490166504e+01  2.5332526854374992e-02  3.6855443398263546e+01  3.2038190707842027e+01  3.2037643789913794e+01  2.6358576827006042e-02  2.5064679611195047e+00  7.0022539706200959e-01  3.4784646464653588e-03  5.8129253097051442e-02  -5.4650788450586081e-02  -2.4187395635619360e-02  -5.3098874596690972e-02  1.2548527397712114e-01
5.7199999999997203e+01  3.9385717023698398e+01  3.1963142416861949e+01  3.1960941242896556e+01  2.5438885281167847e-02  3.7052112930211202e+01  3.2036874451940072e+01  3.2036283634099689e+01  2.6735357220725349e-02  2.3336040934871960e+00  0.0000000000000000e+00  3.0985973410915936e-03  5.9589912216646071e-02  -5.6491314875554477e-02  -2.5624697570303095e-02  -2.5624697570303095e-02  1.2965784223023855e-01
5.7599999999997102e+01  3.9408279804443573e+01  3.1963333817690842e+01  3.1961086745867995e+01  2.5547924480061272e-02  3.7248257668174666e+01  3.2035075062550213e+01  3.2034439865985235e+01  2.7133178843282188e-02  2.1600221362689069e+00  0.0000000000000000e+00  2.7008789103302017e-03  6.1029559846396075e-02  -5.8328680936065871e-02  -2.7186830387341945e-02  -2.7186830387341945e-02  1.3395819958336061e-01
5.7999999999997002e+01  3.9429683188165953e+01  3.1963521165154255e+01  3.1961312776246775e+01  2.5668000969608355e-02  3.7443130654965842e+01  3.2033206269317432e+01  3.2032496189101899e+01  2.7545153519712456e-02  1.9865525332001113e+00  0.0000000000000000e+00  2.2849087723391193e-03  6.2441697717030106e-02  -6.0156788944690988e-02  -2.8885191596719557e-02  -2.8885191596719557e-02  1.3840669145287673e-01
5.8399999999997000e+01  3.9449820197234672e+01  3.1963652590329627e+01  3.1961488927051935e+01  2.5803157385266885e-02  3.7636073165562834e+01  3.2031355098505877e+01  3.2030617817933418e+01  2.7977762583465262e-02  1.8137470316718378e+00  0.0000000000000000e+00  1.8502082403851667e-03  6.3818863722038710e-02  -6.1968655481653541e-02  -3.0730461614455550e-02  -3.0730461614455550e-02  1.4299440780748213e-01
5.8799999999996899e+01  3.9468370167247116e+01  3.1963755013450744e+01  3.1961539385934227e+01  2.5955668841286948e-02  3.7827229217936164e+01  3.2029079583819623e+01  3.2028298794708434e+01  2.8442123753187935e-02  1.6411409493109517e+00  0.0000000000000000e+00  1.3961727004353746e-03  6.5152992181454220e-02  -6.3756819481018842e-02  -3.2739297096907080e-02  -3.2739297096907080e-02  1.4770649789967036e-01
5.9199999999996798e+01  3.9485679360442802e+01  3.1964382268061314e+01  3.1962219674380787e+01  2.6129136924667916e-02  3.8014564606013110e+01  3.2027218648737993e+01  3.2026386781982112e+01  2.8949169907764107e-02  1.4711147544296921e+00  0.0000000000000000e+00  9.2208398995142951e-04  6.6435555514111386e-02  -6.5513471524159955e-02  -3.4934706433493570e-02  -3.4934706433493570e-02  1.5250927957928123e-01
5.9599999999996697e+01  3.9501721961839316e+01  3.1964576784567601e+01  3.1962409485854494e+01  2.6327897188416459e-02  3.8198733582191153e+01  3.2024864309740551e+01  3.2023978540733978e+01  2.9505609782069675e-02  1.3029883796481627e+00  0.0000000000000000e+00  4.2710625967349599e-04  6.7657279569506193e-02  -6.7230173309832691e-02  -3.7343133148823468e-02  -3.7343133148823468e-02  1.5737304655869253e-01
5.9999999999996597e+01  3.9516441140493924e+01  3.1964628404453968e+01  3.1962522402109713e+01  2.6554209500711735e-02  3.8378683406045489e+01  3.2022077634193167e+01  3.2021136986699211e+01  3.0113824720271375e-02  1.1377577344484351e+00  0.0000000000000000e+00  -8.9771254768746835e-05  6.8808530302111731e-02  -6.8898301556880481e-02  -3.9993727903439025e-02  -3.9993727903439025e-02  1.6333146372800070e-01
6.0009999999996602e+01  3.9516783262934460e+01  3.1964634255767706e+01  3.1962528519115470e+01  2.6560218407606327e-02  3.8383168422952878e+01  3.2022055887120750e+01  3.2021113779632344e+01  3.0129696889580906e-02  1.1336148399815826e+00  0.0000000000000000e+00  -1.0298400862510687e-04  6.8836324633008594e-02  -6.8939308641633695e-02  -4.0063367217807351e-02  -4.0063367217807351e-02  1.6348933203376098e-01
