# time  total_activity  peak_activity  rms_radius  confined_frac  bary_x  bary_y  bary_z  r_conf  total_activity_proper  rms_radius_proper  confined_frac_proper  rms_radius_canon  confined_frac_canon  rms_radius_phantom  confined_frac_phantom  canon_mass_frac  min_chi
0.0000000000000000e+00  3.6914992752667700e+01  2.2661377680980279e-02  7.9394539218446623e+00  1.7127350994659596e-01  3.1169677348819182e+01  3.2000042374133294e+01  3.2000042293554344e+01  4.7999999999999998e+00  3.6697594059887145e+01  7.9492636262571095e+00  1.6932902832155758e-01  5.0451661299830359e+00  5.5929434627175745e-01  5.4268690137552147e+00  4.5500272503801448e-01  4.3071722877196850e-01  9.7964000815791885e-01
4.0000000000000002e-01  3.6922950696253977e+01  2.2660247078167054e-02  7.9393532366444122e+00  1.7129083077658228e-01  3.1168737417015294e+01  3.2000045585851453e+01  3.2000045526988629e+01  4.7999999999999998e+00  3.6705087017810165e+01  7.9492070647514961e+00  1.6934117587001263e-01  5.0454298257631134e+00  5.5910450162846304e-01  5.4266921227474478e+00  4.5504306973246028e-01  4.3063515383721451e-01  9.7959815431451824e-01
8.0000000000000004e-01  3.6931081187107900e+01  2.2655744491626800e-02  7.9391207681799374e+00  1.7133480075966423e-01  3.1166277257711073e+01  3.2000053776122591e+01  3.2000053775223819e+01  4.7999999999999998e+00  3.6712022163302606e+01  7.9490859600000929e+00  1.6937326095221281e-01  5.0461507187184909e+00  5.5886838923747550e-01  5.4262886549968554e+00  4.5508010867055548e-01  4.3042040722250935e-01  9.7947191312607185e-01
1.2000000000000000e+00  3.6938656859994680e+01  2.2654961356084719e-02  7.9388677403687247e+00  1.7138541742707072e-01  3.1163207597503895e+01  3.2000064153826798e+01  3.2000064236988024e+01  4.7999999999999998e+00  3.6717856740176835e+01  7.9489914312927716e+00  1.6940741632992054e-01  5.0470639698379411e+00  5.5866111081727454e-01  5.4258903244291306e+00  4.5505794163435836e-01  4.3015271082393602e-01  9.7926311699041557e-01
1.6000000000000001e+00  3.6946175135289991e+01  2.2661065494643338e-02  7.9386629262902746e+00  1.7142544710806598e-01  3.1160427325149460e+01  3.2000074520406663e+01  3.2000074701949643e+01  4.7999999999999998e+00  3.6723264805069505e+01  7.9489754291556762e+00  1.6942765481528238e-01  5.0478674826082006e+00  5.5854379130829646e-01  5.4256489907044338e+00  4.5494757247930079e-01  4.2991087038774645e-01  9.7897860818191984e-01
2.0000000000000000e+00  3.6954465459796509e+01  2.2672982140449174e-02  7.9385160167823807e+00  1.7144947540919275e-01  3.1158387049888336e+01  3.2000084445350431e+01  3.2000084726480473e+01  4.7999999999999998e+00  3.6729191844244667e+01  7.9490366506232162e+00  1.6942917640232955e-01  5.0484344430813488e+00  5.5853262382722901e-01  5.4255589553661707e+00  4.5475964251113021e-01  4.2973472153743059e-01  9.7866028819677497e-01
2.3999999999999901e+00  3.6963739005130911e+01  2.2690989316162577e-02  7.9384061745390078e+00  1.7146387657907766e-01  3.1157031937597619e+01  3.2000095312710023e+01  3.2000095679284257e+01  4.7999999999999998e+00  3.6735898372290393e+01  7.9491509691842790e+00  1.6941881391567631e-01  5.0488897590113391e+00  5.5859392053478685e-01  5.4254939884890732e+00  4.5453780129367810e-01  4.2962018597864449e-01  9.7828637794476769e-01
2.7999999999999798e+00  3.6973539421312843e+01  2.2704304410204771e-02  7.9383240979968335e+00  1.7186701458998221e-01  3.1156106850615338e+01  3.2000109112386603e+01  3.2000109536957368e+01  4.7999999999999998e+00  3.6742952530493454e+01  7.9493085864118695e+00  1.6940745915370542e-01  5.0495046128454097e+00  5.5866180755128614e-01  5.4253081102265730e+00  4.5433442832409265e-01  4.2954577840246888e-01  9.7765263357811139e-01
3.1999999999999802e+00  3.6983382872717002e+01  2.2706329489001288e-02  7.9382905426973309e+00  1.7188559897486522e-01  3.1155496574325561e+01  3.2000126419512341e+01  3.2000126872052697e+01  4.7999999999999998e+00  3.6749913312971934e+01  7.9495253659900351e+00  1.6940143382951331e-01  5.0505118097917627e+00  5.5867294563953440e-01  5.4249179544953465e+00  4.5417987987662300e-01  4.2950205966489147e-01  9.7693800111314766e-01
3.5999999999999699e+00  3.6993426282625478e+01  2.2713654330590676e-02  7.9383369537626463e+00  1.7190615777426177e-01  3.1155300754777183e+01  3.2000145828427193e+01  3.2000146289385242e+01  4.7999999999999998e+00  3.6757011510817392e+01  7.9498211607598392e+00  1.6940013405349391e-01  5.0519810333432531e+00  5.5860171134050396e-01  5.4243206339006083e+00  4.5406739843930644e-01  4.2949764972632459e-01  9.7605216070091538e-01
3.9999999999999600e+00  3.7004515626102958e+01  2.2712319605366713e-02  7.9384694391473714e+00  1.7192505304591627e-01  3.1155610924656457e+01  3.2000165735946908e+01  3.2000166202644685e+01  4.7999999999999998e+00  3.6765170453686224e+01  7.9501887859990381e+00  1.6943961027887788e-01  5.0538226544119640e+00  5.5847172778036513e-01  5.4235670820769908e+00  4.5396407369837910e-01  4.2953898974535248e-01  9.7519697174314079e-01
4.3999999999999497e+00  3.7017547500231444e+01  2.2719518628339125e-02  7.9386524332381319e+00  1.7169561168505182e-01  3.1156209298354991e+01  3.2000186715150853e+01  3.2000187198000781e+01  4.7999999999999998e+00  3.6775323206524035e+01  7.9505855610799863e+00  1.6902300587353006e-01  5.0558830393274956e+00  5.5833558810063877e-01  5.4227445998930550e+00  4.5383328096485276e-01  4.2960357195469334e-01  9.7500106496959815e-01
4.7999999999999403e+00  3.7032775735710644e+01  2.2733712190854630e-02  7.9388271840562386e+00  1.7152278909221177e-01  3.1156496932164416e+01  3.2000212464839350e+01  3.2000212976045894e+01  4.7999999999999998e+00  3.6787705069842502e+01  7.9509548031589743e+00  1.6903035828762233e-01  5.0580211334989107e+00  5.5824323729320213e-01  5.4219939941507436e+00  4.5364821351217638e-01  4.2963397196999348e-01  9.7538604640671289e-01
5.1999999999999300e+00  3.7049761156484571e+01  2.2733104920520233e-02  7.9389482130735249e+00  1.7198951038472349e-01  3.1155761742132867e+01  3.2000248664700095e+01  3.2000249206237498e+01  4.7999999999999998e+00  3.6801843808747435e+01  7.9512568514993971e+00  1.6904795253864324e-01  5.0600980685744856e+00  5.5822473410598150e-01  5.4215326403382749e+00  4.5339157129827440e-01  4.2956243450495202e-01  9.7599883744520699e-01
5.5999999999999304e+00  3.7067920639262070e+01  2.2712730792991812e-02  7.9390135927591912e+00  1.7202060771191699e-01  3.1153589725977348e+01  3.2000300475007464e+01  3.2000301030853407e+01  4.7999999999999998e+00  3.6817169678357402e+01  7.9514902824117888e+00  1.6907442186597196e-01  5.0619333204025052e+00  5.5829065514610732e-01  5.4216381977175807e+00  4.5305027332346048e-01  4.2934855048746162e-01  9.7650731557256987e-01
5.9999999999999201e+00  3.7087180267935643e+01  2.2729332096172478e-02  7.9390725069869443e+00  1.7258342933904111e-01  3.1150120690307944e+01  3.2000370313123113e+01  3.2000370847651062e+01  4.7999999999999998e+00  3.6833698729612308e+01  7.9516946380164519e+00  1.6910116515640158e-01  5.0633171466584326e+00  5.5843823356233979e-01  5.4225753741811058e+00  4.5261594231151420e-01  4.2900319363810896e-01  9.7691924831195798e-01
6.3999999999999098e+00  3.7108124666951724e+01  2.2730252261670327e-02  7.9392143296450532e+00  1.7248230942279991e-01  3.1145971291076631e+01  3.2000457282214420e+01  3.2000457744570227e+01  4.7999999999999998e+00  3.6852167508854691e+01  7.9519434226323211e+00  1.6949367376385893e-01  5.0641249101555150e+00  5.5864991996457036e-01  5.4245012276853588e+00  4.5209264060560761e-01  4.2858246196421063e-01  9.7724472552935093e-01
6.7999999999999003e+00  3.7131493983028427e+01  2.2697885412736488e-02  7.9395548126813873e+00  1.7246537568680348e-01  3.1141912128091942e+01  3.2000558581829203e+01  3.2000558913816043e+01  4.7999999999999998e+00  3.6873488599134944e+01  7.9523403972894302e+00  1.6948598510137886e-01  5.0644670920886030e+00  5.5888666433116019e-01  5.4274184005973627e+00  4.5150225832649699e-01  4.2815868955701752e-01  9.7746261838164605e-01
7.1999999999998900e+00  3.7157577614617658e+01  2.2661523220580671e-02  7.9402251091086837e+00  1.7242345908630366e-01  3.1138536050629678e+01  3.2000672278707469e+01  3.2000672422054933e+01  4.7999999999999998e+00  3.6898089408395393e+01  7.9530175077273810e+00  1.6945397013520491e-01  5.0647488178183746e+00  5.5909045826828774e-01  5.4312135334674760e+00  4.5087909425693984e-01  4.2778930823670913e-01  9.7760005130321170e-01
7.5999999999998797e+00  3.7186099396250825e+01  2.2677119632758806e-02  7.9413644645452761e+00  1.7217480270462154e-01  3.1136108462733439e+01  3.2000799842727176e+01  3.2000799742327949e+01  4.7999999999999998e+00  3.6925742772972896e+01  7.9541286167371572e+00  1.6940117137331887e-01  5.0655665391584579e+00  5.5920441141546584e-01  5.4357734312668642e+00  4.5025368416744616e-01  4.2750086194844761e-01  9.7767439286985691e-01
7.9999999999998703e+00  3.7216677201478717e+01  2.2689432495947310e-02  7.9431121244804261e+00  1.7216272449329109e-01  3.1134602254110717e+01  3.2000946809644027e+01  3.2000946411397834e+01  4.7999999999999998e+00  3.6956001755359082e+01  7.9558345904301735e+00  1.6933192146196435e-01  5.0674803003463014e+00  5.5920070845597025e-01  5.4411301218868182e+00  4.4963753182540456e-01  4.2728952281046384e-01  9.7767584467691715e-01
8.3999999999998707e+00  3.7249338796013433e+01  2.2696671700077310e-02  7.9455924959291790e+00  1.7213903437204597e-01  3.1133780435823272e+01  3.2001120925281775e+01  3.2001120169654691e+01  4.7999999999999998e+00  3.6988739575288463e+01  7.9582802603422449e+00  1.6924758246002247e-01  5.0707720076416853e+00  5.5909631200270060e-01  5.4475584855461880e+00  4.4902053040559586e-01  4.2712810684873559e-01  9.7763526502016196e-01
8.7999999999998604e+00  3.7284507413779018e+01  2.2700792590466194e-02  7.9488953017660675e+00  1.7204146583322463e-01  3.1133225749265030e+01  3.2001326824304336e+01  3.2001325639769995e+01  4.7999999999999998e+00  3.7024185030270395e+01  7.9615712385525388e+00  1.6914784748635461e-01  5.0753339240595672e+00  5.5894406236650496e-01  5.4555087209745112e+00  4.5005916610798585e-01  4.2697384015085227e-01  9.7756325354007456e-01
9.1999999999998501e+00  3.7322411840562694e+01  2.2705135099432103e-02  7.9530522727032587e+00  1.7193475792526175e-01  3.1132367167986601e+01  3.2001559895427420e+01  3.2001558200955245e+01  4.7999999999999998e+00  3.7062373131447231e+01  7.9657519275695865e+00  1.6917960806756749e-01  5.0807842062596196e+00  5.5880395971384400e-01  5.4653633136951392e+00  4.5021938596632549e-01  4.2677762649698708e-01  9.7745486865794795e-01
9.5999999999998398e+00  3.7362646424670807e+01  2.2710529898786854e-02  7.9580213142520089e+00  1.7182566976403402e-01  3.1130637738637255e+01  3.2001809639935736e+01  3.2001807361712089e+01  4.7999999999999998e+00  3.7102735067850269e+01  7.9707902620041526e+00  1.6920405846265327e-01  5.0867215978728275e+00  5.5871415168476835e-01  5.4772789072065677e+00  4.5075132916200700e-01  4.2649553228124371e-01  9.7730509982044367e-01
9.9999999999998295e+00  3.7404273465364412e+01  2.2713747654382999e-02  7.9637262799518931e+00  1.7178401301518467e-01  3.1127707522942508e+01  3.2002071022460228e+01  3.2002068105118681e+01  4.7999999999999998e+00  3.7144227779416362e+01  7.9766155196328814e+00  1.6916483875789362e-01  5.0929461189038499e+00  5.5867783492706480e-01  5.4912075579159030e+00  4.5061013842557762e-01  4.2610357389984732e-01  9.7711236634610010e-01
1.0399999999999800e+01  3.7446218309808756e+01  2.2721758190356323e-02  7.9701311253784404e+00  1.7173189055059676e-01  3.1123617845583706e+01  3.2002344129571171e+01  3.2002340537153060e+01  4.7999999999999998e+00  3.7185744673349674e+01  7.9831904732538179e+00  1.6894756999749783e-01  5.0995242120903672e+00  5.5866971557813760e-01  5.5069493471374766e+00  4.5021752719543817e-01  4.2561053652540420e-01  9.7689193765162996e-01
1.0799999999999800e+01  3.7487584431082020e+01  2.2726849762596750e-02  7.9772308431301209e+00  1.7105818589014574e-01  3.1118769680293422e+01  3.2002621172012390e+01  3.2002616899056811e+01  4.7999999999999998e+00  3.7226422363403117e+01  7.9905022636873415e+00  1.6873730454885619e-01  5.1067010273103834e+00  5.5865639052677007e-01  5.5240999825360140e+00  4.4979429381896024e-01  4.2505947714147252e-01  9.7664130558022022e-01
1.1199999999999800e+01  3.7527807125865074e+01  2.2746714010662115e-02  7.9849502709556708e+00  1.7128233509739230e-01  3.1113791208183898e+01  3.2002888053197459e+01  3.2002883133018052e+01  4.7999999999999998e+00  3.7265763564098911e+01  7.9984636376107092e+00  1.6824999193739695e-01  5.1147931055833791e+00  5.5861545699246262e-01  5.5419674779486998e+00  4.4895261693166388e-01  4.2451390514736520e-01  9.7635315413814416e-01
1.1599999999999801e+01  3.7566842942126279e+01  2.2758273199461873e-02  7.9931188335038792e+00  1.7180982979615461e-01  3.1109310332160447e+01  3.2003145322328606e+01  3.2003139811587083e+01  4.7999999999999998e+00  3.7303787782528410e+01  8.0068921631706473e+00  1.6761447359112361e-01  5.1242416914010773e+00  5.5853431429005052e-01  5.5596846849702013e+00  4.4846000481144266e-01  4.2403482763939965e-01  9.7599636252698130e-01
1.1999999999999799e+01  3.7605769112091878e+01  2.2743839346529484e-02  8.0016567114937907e+00  1.7213351019155440e-01  3.1105732812186012e+01  3.2003432365594499e+01  3.2003426323159616e+01  4.7999999999999998e+00  3.7341598932472110e+01  8.0157010132739561e+00  1.6751950375591027e-01  5.1360957760663624e+00  5.5837709798573076e-01  5.5765540974417718e+00  4.4741495434651213e-01  4.2366757021626317e-01  9.7558613195870625e-01
1.2399999999999800e+01  3.7647872875992327e+01  2.2714171114223445e-02  8.0110158841969508e+00  1.7214718143441951e-01  3.1103384237956693e+01  3.2003857932863617e+01  3.2003851407222633e+01  4.7999999999999998e+00  3.7382476401968013e+01  8.0253383947385331e+00  1.6737902612562303e-01  5.1531119081327530e+00  5.5803257722051192e-01  5.5923066273166411e+00  4.4675635107303940e-01  4.2345491255687912e-01  9.7512153613355701e-01
1.2799999999999800e+01  3.7693226457402211e+01  2.2720918942088376e-02  8.0218608998444836e+00  1.7205294257157341e-01  3.1102468012286867e+01  3.2004294376723919e+01  3.2004287388476328e+01  4.7999999999999998e+00  3.7426519917401009e+01  8.0364657837744815e+00  1.6724312161095722e-01  5.1761399835782598e+00  5.5750877734983872e-01  5.6071170031384936e+00  4.4614890120926753e-01  4.2336538138187468e-01  9.7460113463431164e-01
1.3199999999999800e+01  3.7737123728109424e+01  2.2725852960591934e-02  8.0334712433966047e+00  1.7195572818878899e-01  3.1101822208760549e+01  3.2004631607301540e+01  3.2004624155475412e+01  4.7999999999999998e+00  3.7469027007560598e+01  8.0483769717419804e+00  1.6751711757588728e-01  5.2020045301193285e+00  5.5700219055043576e-01  5.6214479167301734e+00  4.4545215954416834e-01  4.2328339108073848e-01  9.7397668036304752e-01
1.3599999999999801e+01  3.7777236443656030e+01  2.2729331795421217e-02  8.0452258219357802e+00  1.7186672620804311e-01  3.1100506888253079e+01  3.2004923496842281e+01  3.2004915564595080e+01  4.7999999999999998e+00  3.7507669222842352e+01  8.0604633336200546e+00  1.6753860369816176e-01  5.2283035985036248e+00  5.5664439070252436e-01  5.6358177167068906e+00  4.4484609773519113e-01  4.2313008313714418e-01  9.7326241248226109e-01
1.3999999999999700e+01  3.7813524887203094e+01  2.2733191910266688e-02  8.0568892366836504e+00  1.7179055190648565e-01  3.1098125536864380e+01  3.2005202517756686e+01  3.2005194079495034e+01  4.7999999999999998e+00  3.7542401237881762e+01  8.0724963507652365e+00  1.6741534904655087e-01  5.2539628007692203e+00  5.5647682512407015e-01  5.6506043066030145e+00  4.4400962980269504e-01  4.2287162259585481e-01  9.7244861591425258e-01
1.4399999999999700e+01  3.7846799494556358e+01  2.2735883370929601e-02  8.0684398594755802e+00  1.7172918311613991e-01  3.1094642585268748e+01  3.2005494218191807e+01  3.2005485247355104e+01  4.7999999999999998e+00  3.7574015432148400e+01  8.0844572097007745e+00  1.6729040090135136e-01  5.2788644615592055e+00  5.5647082681169824e-01  5.6659672717188494e+00  4.4357106516379546e-01  4.2250652779336784e-01  9.7158555753396147e-01
1.4799999999999701e+01  3.7877928764922409e+01  2.2734901311122289e-02  8.0800232618481864e+00  1.7166204034318880e-01  3.1090307195603053e+01  3.2005819113748657e+01  3.2005809588468544e+01  4.7999999999999998e+00  3.7603360268214040e+01  8.0964895667730232e+00  1.6717577482901877e-01  5.3036437550466529e+00  5.5655314466295469e-01  5.6818768659723435e+00  4.4313523520380566e-01  4.2205887712272050e-01  9.7068399316739140e-01
1.5199999999999701e+01  3.7907487261459217e+01  2.2732366731370052e-02  8.0918844841596442e+00  1.7170983408780885e-01  3.1085554390868140e+01  3.2006183702434335e+01  3.2006173607529476e+01  4.7999999999999998e+00  3.7631007046529078e+01  8.1088314954735896e+00  1.6692530583751389e-01  5.3292921963303543e+00  5.5664720694589953e-01  5.6981800697688989e+00  4.4271609496845510e-01  4.2156894871889050e-01  9.6971881536405813e-01
1.5599999999999699e+01  3.7935647053407138e+01  2.2736521759424956e-02  8.1042233454930876e+00  1.7153552784345524e-01  3.1080827734491887e+01  3.2006574887578324e+01  3.2006564211684477e+01  4.7999999999999998e+00  3.7657150993942828e+01  8.1216729622005808e+00  1.6683191379130979e-01  5.3565618022227710e+00  5.5671248086930836e-01  5.7146525296181752e+00  4.4211751393679721e-01  4.2107783799618237e-01  9.6868982031017559e-01
1.5999999999999700e+01  3.7962296829793829e+01  2.2757999446650096e-02  8.1170662570123095e+00  1.7151431690019012e-01  3.1076400216514966e+01  3.2006970208274346e+01  3.2006958940076622e+01  4.7999999999999998e+00  3.7681721672388534e+01  8.1350316137351868e+00  1.6676344535130150e-01  5.3855656594976153e+00  5.5675628065256821e-01  5.7310534749064477e+00  4.4175486207022208e-01  4.2061191934610903e-01  9.6759470465863429e-01
1.6399999999999800e+01  3.7987279556988000e+01  2.2776358083476368e-02  8.1302872265678268e+00  1.7134297478272750e-01  3.1072288712340654e+01  3.2007352166758899e+01  3.2007340292306189e+01  4.7999999999999998e+00  3.7704600022762534e+01  8.1487773846589189e+00  1.6667021727441150e-01  5.4158610652090653e+00  5.5765370418693050e-01  5.7472338908998486e+00  4.4131428249820165e-01  4.2017428030044596e-01  9.6640284784328412e-01
1.6799999999999802e+01  3.8010500425458503e+01  2.2775735648097706e-02  8.1437282451951827e+00  1.7095059339207450e-01  3.1068265516261516e+01  3.2007715032837716e+01  3.2007702533166800e+01  4.7999999999999998e+00  3.7725708810794650e+01  8.1627545911373698e+00  1.6657874571358619e-01  5.4467753580575131e+00  5.5839704918149535e-01  5.7632652210639970e+00  4.4046692909885771e-01  4.1974417855184931e-01  9.6514660185284473e-01
1.7199999999999900e+01  3.8032094954342568e+01  2.2776793006913692e-02  8.1573145605872472e+00  1.7097057699299351e-01  3.1063955001972015e+01  3.2008069144594685e+01  3.2008055991501152e+01  4.7999999999999998e+00  3.7745177203285522e+01  8.1768960272428703e+00  1.6667037383388816e-01  5.4777042900878037e+00  5.5881703358165602e-01  5.7795359109651301e+00  4.4011965736406206e-01  4.1928363339578639e-01  9.6384368573758727e-01
1.7600000000000001e+01  3.8052985527254251e+01  2.2795535636291872e-02  8.1711609169213730e+00  1.7107326000990611e-01  3.1058968233929217e+01  3.2008451617031206e+01  3.2008437777112917e+01  4.7999999999999998e+00  3.7763906359882341e+01  8.1913260559488776e+00  1.6657905939008166e-01  5.5082854134833257e+00  5.5955741657464231e-01  5.7969008514908076e+00  4.3990748284244602e-01  4.1874721632611106e-01  9.6250138491607817e-01
1.8000000000000000e+01  3.8075189547924715e+01  2.2809397983845982e-02  8.1856301778666012e+00  1.7113122364646507e-01  3.1052979815779793e+01  3.2008916336572163e+01  3.2008901774676410e+01  4.7999999999999998e+00  3.7783887598169983e+01  8.2064170789730611e+00  1.6632160922308223e-01  5.5384499755530729e+00  5.6021317534678527e-01  5.8166519385216127e+00  4.3928125644294380e-01  4.1809429836099687e-01  9.6112370279851023e-01
1.8400000000000102e+01  3.8100470749812075e+01  2.2818812583180248e-02  8.2010848159463965e+00  1.7127310520494193e-01  3.1045788563658487e+01  3.2009445933907706e+01  3.2009430567980644e+01  4.7999999999999998e+00  3.7806859679781866e+01  8.2225394348553529e+00  1.6634357074280939e-01  5.5684235540950793e+00  5.6077290280096193e-01  5.8395292853280836e+00  4.3862989138529812e-01  4.1731049141959708e-01  9.5969525225510444e-01
1.8800000000000100e+01  3.8129708068155182e+01  2.2825001039902523e-02  8.2176606368333189e+00  1.7165360134431823e-01  3.1037462456898879e+01  3.2009993128507716e+01  3.2009976838621704e+01  4.7999999999999998e+00  3.7833685836674178e+01  8.2398306986519980e+00  1.6596061774518514e-01  5.5986472092789947e+00  5.6161750918413533e-01  5.8653765683832617e+00  4.3745669763693695e-01  4.1640951874985443e-01  9.5822566462079839e-01
1.9200000000000198e+01  3.8163347673192277e+01  2.2828299312495304e-02  8.2354199295739061e+00  1.7171203729559054e-01  3.1028240562983495e+01  3.2010537513868847e+01  3.2010520186947446e+01  4.7999999999999998e+00  3.7864809860705130e+01  8.2583501014334875e+00  1.6593519199852266e-01  5.6296113285988101e+00  5.6228998593540569e-01  5.8938266385280089e+00  4.3660456065205899e-01  4.1541731451927988e-01  9.5671036554710975e-01
1.9600000000000300e+01  3.8201085002847044e+01  2.2831134352698530e-02  8.2544120169720969e+00  1.7107910435539067e-01  3.1018399911183057e+01  3.2011061085978262e+01  3.2011042645567557e+01  4.7999999999999998e+00  3.7899942369470722e+01  8.2781417679698723e+00  1.6582780169183084e-01  5.6617242194705382e+00  5.6295101058938990e-01  5.9244364176482787e+00  4.3487580789141089e-01  4.1436720424800250e-01  9.5514359650775627e-01
2.0000000000000298e+01  3.8241713274320404e+01  2.2834435430271718e-02  8.2745598213495981e+00  1.6993749240338976e-01  3.1008329651790209e+01  3.2011553490644957e+01  3.2011533903824528e+01  4.7999999999999998e+00  3.7937917988264957e+01  8.2991186074412937e+00  1.6581993571961187e-01  5.6952690793074146e+00  5.6356555179214052e-01  5.9565408196894829e+00  4.3413497188797034e-01  4.1329911277823778e-01  9.5352192736965524e-01
2.0400000000000400e+01  3.8284092634071882e+01  2.2834244602230037e-02  8.2957149527797895e+00  1.6980420777097646e-01  3.0998492673533960e+01  3.2012025736967665e+01  3.2012004983446339e+01  4.7999999999999998e+00  3.7977663938815937e+01  8.3211178232503134e+00  1.6567615714917788e-01  5.7303736504022105e+00  5.6411554288729282e-01  5.9895730438676749e+00  4.3297875010417042e-01  4.1224934961044413e-01  9.5184591250374517e-01
2.0800000000000502e+01  3.8328069798204716e+01  2.2834147321416077e-02  8.3178346045903613e+00  1.7063073981686686e-01  3.0989213871754252e+01  3.2012498369178310e+01  3.2012476431689578e+01  4.7999999999999998e+00  3.8019101642766614e+01  8.3440841387526845e+00  1.6575048564341230e-01  5.7670088685848375e+00  5.6459816311320721e-01  6.0234606790744909e+00  4.3181857248495809e-01  4.1123951066793707e-01  9.5011987617152582e-01
2.1200000000000500e+01  3.8374136392694240e+01  2.2835941509798556e-02  8.3409944658067143e+00  1.7163677796071411e-01  3.0980646900088669e+01  3.2012984432394511e+01  3.2012961291095060e+01  4.7999999999999998e+00  3.8062781483972785e+01  8.3680853292672719e+00  1.6570142732692345e-01  5.8051557319642200e+00  5.6501821849138256e-01  6.0584600783460134e+00  4.3044119053014551e-01  4.1027629645324848e-01  9.4834995436586011e-01
2.1600000000000598e+01  3.8422443488940644e+01  2.2839940408457705e-02  8.3653088027746652e+00  1.7244245278124989e-01  3.0972814141723699e+01  3.2013486838378242e+01  3.2013462463276596e+01  4.7999999999999998e+00  3.8108878432985406e+01  8.3932328090421855e+00  1.6553417037616863e-01  5.8449140667717350e+00  5.6538326885362156e-01  6.0948021280403513e+00  4.2975749534398011e-01  4.0935609895520864e-01  9.4654166837007414e-01
2.2000000000000600e+01  3.8472242833326490e+01  2.2846695050528484e-02  8.3908034607231166e+00  1.7245566227642850e-01  3.0965620748782364e+01  3.2014002720474039e+01  3.2013977074638966e+01  4.7999999999999998e+00  3.8156625916410690e+01  8.4195548062836441e+00  1.6535952735528303e-01  5.8863945066302312e+00  5.6508590047658935e-01  6.1324692584465410e+00  4.2806037794515495e-01  4.0846857683022186e-01  9.4469832191004832e-01
2.2400000000000698e+01  3.8522345792655756e+01  2.2856080130126924e-02  8.4173295884471884e+00  1.7222206882354726e-01  3.0958910280807892e+01  3.2014528849594562e+01  3.2014501892831127e+01  4.7999999999999998e+00  3.8204780511529094e+01  8.4469078939740960e+00  1.6518198356613514e-01  5.9296575062817443e+00  5.6495916304834592e-01  6.1711177407322984e+00  4.2698579454434421e-01  4.0760182004132411e-01  9.4282060521723565e-01
2.2800000000000800e+01  3.8572431533452402e+01  2.2862678399948773e-02  8.4447367414939052e+00  1.7206603096642661e-01  3.0952627862858446e+01  3.2015068281353308e+01  3.2015039979340656e+01  4.7999999999999998e+00  3.8252942591924338e+01  8.4751442533460928e+00  1.6487129272038697e-01  5.9750991128909936e+00  5.6477961905703955e-01  6.2101991518899373e+00  4.2583304517705001e-01  4.0675483668531270e-01  9.4090694686871268e-01
2.3200000000000799e+01  3.8624472038525482e+01  2.2866311456969855e-02  8.4732423376504151e+00  1.7191519323508600e-01  3.0946989096204490e+01  3.2015631049047485e+01  3.2015601384954117e+01  4.7999999999999998e+00  3.8303004592464802e+01  8.5044739134970246e+00  1.6470915081559054e-01  6.0241725182565924e+00  5.6426244858579067e-01  6.2492639554847340e+00  4.2451232515791115e-01  4.0595484792490405e-01  9.3895402150329932e-01
2.3600000000000900e+01  3.8678931790404661e+01  2.2870340232171885e-02  8.5029240346267070e+00  1.7193696621076582e-01  3.0941946118347978e+01  3.2016175876744292e+01  3.2016144837050902e+01  4.7999999999999998e+00  3.8355412318675334e+01  8.5349740487919501e+00  1.6434715490263221e-01  6.0773250352034385e+00  5.6381545722548421e-01  6.2880823781704587e+00  4.2323560849201136e-01  4.0520156640025362e-01  9.3695727800718576e-01
2.4000000000000998e+01  3.8733193804967534e+01  2.2879170310692420e-02  8.5332808456767371e+00  1.7196824513119582e-01  3.0937023448630356e+01  3.2016699987361797e+01  3.2016667559440641e+01  4.7999999999999998e+00  3.8407573205595540e+01  8.5661589860591700e+00  1.6415420790648286e-01  6.1329753567639580e+00  5.6374351151382363e-01  6.3265203696312335e+00  4.2200344406740747e-01  4.0445077562884219e-01  9.3491180796679818e-01
2.4400000000001000e+01  3.8785774469534459e+01  2.2887017770340117e-02  8.5639287646227515e+00  1.7211886000255194e-01  3.0932036730854559e+01  3.2017221570302020e+01  3.2017187756753387e+01  4.7999999999999998e+00  3.8458054583506396e+01  8.5976496954721284e+00  1.6393411176638453e-01  6.1900136670744415e+00  5.6369168573296313e-01  6.3645517083625780e+00  4.2019693339854031e-01  4.0368339732707387e-01  9.3281376848452768e-01
2.4800000000001098e+01  3.8835951362124987e+01  2.2901903176827200e-02  8.5947224899728258e+00  1.7242559060229454e-01  3.0927007094420855e+01  3.2017752386565149e+01  3.2017717197799527e+01  4.7999999999999998e+00  3.8506208515203049e+01  8.6292981550487369e+00  1.6362745238916376e-01  6.2478067844204519e+00  5.6368261911907913e-01  6.4023564914806865e+00  4.1940644148905526e-01  4.0289774715927201e-01  9.3066191026020317e-01
2.5200000000001101e+01  3.8883542351443836e+01  2.2908788302328367e-02  8.6257897050629015e+00  1.7250649539557850e-01  3.0922044419076173e+01  3.2018304529174372e+01  3.2018267968471982e+01  4.7999999999999998e+00  3.8551938627491793e+01  8.6612259982618909e+00  1.6345775085902334e-01  6.3062468185679439e+00  5.6372196875772707e-01  6.4402720834863381e+00  4.1851595993222207e-01  4.0210177464318975e-01  9.2845825448342145e-01
2.5600000000001199e+01  3.8928758208345556e+01  2.2902567509686955e-02  8.6573944905991098e+00  1.7239240280301157e-01  3.0917310704484930e+01  3.2018889926575618e+01  3.2018852000230581e+01  4.7999999999999998e+00  3.8595536739780265e+01  8.6936891779176992e+00  1.6329224270447071e-01  6.3655729583812635e+00  5.6380715654965730e-01  6.4786664839584134e+00  4.1813076473742511e-01  4.0130750947962224e-01  9.2620732046381049e-01
2.6000000000001300e+01  3.8971787244034516e+01  2.2895692009878475e-02  8.6895967594947710e+00  1.7260305678110485e-01  3.0912980157610896e+01  3.2019514235198827e+01  3.2019474955742162e+01  4.7999999999999998e+00  3.8637251266466279e+01  8.7267383493122317e+00  1.6327687622590933e-01  6.4258812843391615e+00  5.6393572507308665e-01  6.5176673608845084e+00  4.1715977557944844e-01  4.0052511001515595e-01  9.2391430683117959e-01
2.6400000000001299e+01  3.9012574488643857e+01  2.2897086105527896e-02  8.7222219388238305e+00  1.7256943337715919e-01  3.0909108215205777e+01  3.2020178832885740e+01  3.2020138179898062e+01  4.7999999999999998e+00  3.8677052484000157e+01  8.7601938947703228e+00  1.6338430012287455e-01  6.4870753739481914e+00  5.6410783992365543e-01  6.5571058214262274e+00  4.1641055478568939e-01  3.9975788102353255e-01  9.2158327537360751e-01
2.6800000000001400e+01  3.9050998805297596e+01  2.2899611400459527e-02  8.7552186206702665e+00  1.7246303144341163e-01  3.0905553423057835e+01  3.2020882442140831e+01  3.2020840378217741e+01  4.7999999999999998e+00  3.8714803820963866e+01  8.7940083087439049e+00  1.6311788861254628e-01  6.5491932955779708e+00  5.6432344727273742e-01  6.5968988718932371e+00  4.1549035714131477e-01  3.9899985923966147e-01  9.1921610153121835e-01
2.7200000000001499e+01  3.9086962269603845e+01  2.2903008706162308e-02  8.7887697867995556e+00  1.7242445591496994e-01  3.0902086077454012e+01  3.2021618610579083e+01  3.2021575133182900e+01  4.7999999999999998e+00  3.8750359932527928e+01  8.8283741479907345e+00  1.6300568081938627e-01  6.6124303673543592e+00  5.6458193902244780e-01  6.6371906426556011e+00  4.1401687283046484e-01  3.9823767402512850e-01  9.1681222176023813e-01
2.7600000000001501e+01  3.9120106481489913e+01  2.2907291939887917e-02  8.8228576209801588e+00  1.7241636122602894e-01  3.0898564186037330e+01  3.2022371933164074e+01  3.2022327036463494e+01  4.7999999999999998e+00  3.8783306094359418e+01  8.8632806098241463e+00  1.6292558392984557e-01  6.6767777866210389e+00  5.6488773558909666e-01  6.6778061856960260e+00  4.1287602912537463e-01  3.9745572939347279e-01  9.1436884086106118e-01
2.8000000000001599e+01  3.9149767487518048e+01  2.2913031522936719e-02  8.8571082635869125e+00  1.7241798691331225e-01  3.0894900175866137e+01  3.2023130277903640e+01  3.2023083899668087e+01  4.7999999999999998e+00  3.8812940840735990e+01  8.8983582388421940e+00  1.6268303881302576e-01  6.7419381550798931e+00  5.6525486584888862e-01  6.7181645769328862e+00  4.1227350140145774e-01  3.9663948913143449e-01  9.1188142498606128e-01
2.8400000000001601e+01  3.9175404392752583e+01  2.2920976337657474e-02  8.8912378841036119e+00  1.7232427793323832e-01  3.0890916200832503e+01  3.2023892431832707e+01  3.2023844509140694e+01  4.7999999999999998e+00  3.8838724539452635e+01  8.9333310988366197e+00  1.6267098358076773e-01  6.8075421207361266e+00  5.6570388884012235e-01  6.7580326904691406e+00  4.1073536993437304e-01  3.9577599321392298e-01  9.0934452971327762e-01
2.8800000000001699e+01  3.9196887793972309e+01  2.2931393267487010e-02  8.9253219075358583e+00  1.7240460256548282e-01  3.0886419240094064e+01  3.2024663596437343e+01  3.2024614136648374e+01  4.7999999999999998e+00  3.8860572213438694e+01  8.9682833065221335e+00  1.6245432762685941e-01  6.8733084383856191e+00  5.6625216219366659e-01  6.7977851997214627e+00  4.1030387500779714e-01  3.9485667694434762e-01  9.0675294299006537e-01
2.9200000000001801e+01  3.9214456710449738e+01  2.2955078447943131e-02  8.9595029107867585e+00  1.7268869296528860e-01  3.0881400092176332e+01  3.2025449863804155e+01  3.2025398878803955e+01  4.7999999999999998e+00  3.8878797791863811e+01  9.0033578129223670e+00  1.6210932602722172e-01  6.9390286554685465e+00  5.6690546373872375e-01  6.8377357081406833e+00  4.0940454927587444e-01  3.9388078437682383e-01  9.0410287900649056e-01
2.9600000000001799e+01  3.9228964192285048e+01  2.2989852490352042e-02  8.9940103129048374e+00  1.7277808964054342e-01  3.0876022661960441e+01  3.2026277396501001e+01  3.2026224883118360e+01  4.7999999999999998e+00  3.8894336044560745e+01  9.0387761274634748e+00  1.6211397299416655e-01  7.0047847193561266e+00  5.6765491097433318e-01  6.8782061023296777e+00  4.0839033392523427e-01  3.9285279642137449e-01  9.0139282161658429e-01
3.0000000000001901e+01  3.9241027976612585e+01  2.3014710343604895e-02  9.0290179580407894e+00  1.7283792392809835e-01  3.0870671842473318e+01  3.2027161354227232e+01  3.2027107268665524e+01  4.7999999999999998e+00  3.8907874040610714e+01  9.0746929573236113e+00  1.6187234377675250e-01  7.0709323092915124e+00  5.6848290522577904e-01  6.9195566199607121e+00  4.0842163332134057e-01  3.9178605101824054e-01  8.9862369309974166e-01
3.0400000000001999e+01  3.9250770786580183e+01  2.3026485590051764e-02  9.0645663272274408e+00  1.7302092489430015e-01  3.0865638435832203e+01  3.2028096351091122e+01  3.2028040655027752e+01  4.7999999999999998e+00  3.8919578429940394e+01  9.1111328367922599e+00  1.6158539781001469e-01  7.1377453018967687e+00  5.6937164236357041e-01  6.9619625971783181e+00  4.0836026117458757e-01  3.9069909723589019e-01  8.9579826449919941e-01
3.0800000000002001e+01  3.9258133136541986e+01  2.3025046596948543e-02  9.1003436533640141e+00  1.7324788215641335e-01  3.0861025324544745e+01  3.2029055144865765e+01  3.2028997770855547e+01  4.7999999999999998e+00  3.8929402941085769e+01  9.1477759920755606e+00  1.6174128583879760e-01  7.2050657276711432e+00  5.7030819065126215e-01  7.0048640902607344e+00  4.0759805168492330e-01  3.8960779851539906e-01  8.9292000963027185e-01
3.1200000000002099e+01  3.9263087723764357e+01  2.3017265584107029e-02  9.1358039896317003e+00  1.7306801978230851e-01  3.0856909908406031e+01  3.2030007363385529e+01  3.2029948163675677e+01  4.7999999999999998e+00  3.8937304066452597e+01  9.1840696303114679e+00  1.6140120700298671e-01  7.2724788429458425e+00  5.7150195610996302e-01  7.0472069375156705e+00  4.0707135565835056e-01  3.8852041687715949e-01  8.8998495470554273e-01
3.1600000000002101e+01  3.9266085107842571e+01  2.3015172510219870e-02  9.1707989118471680e+00  1.7320623131386395e-01  3.0853258607424177e+01  3.2030944097781330e+01  3.2030882913402714e+01  4.7999999999999998e+00  3.8943690858082974e+01  9.2198649699172979e+00  1.6159018284518498e-01  7.3398385272307811e+00  5.7381886798719661e-01  7.0886082654851741e+00  4.0654978889183763e-01  3.8743221980500264e-01  8.8697792373054196e-01
3.2000000000002203e+01  3.9268118391069024e+01  2.3019617361911347e-02  9.2057415231045585e+00  1.7316640153863916e-01  3.0849776537699800e+01  3.2031875589407946e+01  3.2031812365843614e+01  4.7999999999999998e+00  3.8949499910908109e+01  9.2555892056548767e+00  1.6152668490326236e-01  7.4073791802051279e+00  5.7595405545688627e-01  7.1297015647978084e+00  4.0615232052796624e-01  3.8632501721559775e-01  8.8391756324458282e-01
3.2400000000002102e+01  3.9270067958933737e+01  2.3026952414851375e-02  9.2409069128502033e+00  1.7318717884699034e-01  3.0846036857020650e+01  3.2032797775164532e+01  3.2032732536487558e+01  4.7999999999999998e+00  3.8955561933129587e+01  9.2915394034775254e+00  1.6166222691807955e-01  7.4752700354136890e+00  5.7748659088664278e-01  7.1709247195457539e+00  4.0476999098963662e-01  3.8517574294615964e-01  8.8080017366589924e-01
3.2800000000002001e+01  3.9271946179677798e+01  2.3033699787553676e-02  9.2758259846648823e+00  1.7335816277064725e-01  3.0841794880792364e+01  3.2033694736314189e+01  3.2033627427730480e+01  4.7999999999999998e+00  3.8961874526978221e+01  9.3272598198167671e+00  1.6185478245029761e-01  7.5430352114921391e+00  5.7992675961368600e-01  7.2116959142464143e+00  4.0287960230842113e-01  3.8396676297047816e-01  8.7762081258012692e-01
3.3200000000001999e+01  3.9273478394296006e+01  2.3045796943237013e-02  9.3100050526707196e+00  1.7360687814747561e-01  3.0836956316258480e+01  3.2034556405497689e+01  3.2034486863076339e+01  4.7999999999999998e+00  3.8968200629466125e+01  9.3622625229791510e+00  1.6182401816748013e-01  7.6097364489721624e+00  5.8158526182210779e-01  7.2517466812133886e+00  4.0351110172599092e-01  3.8268698202200785e-01  8.7437420973734536e-01
3.3600000000001899e+01  3.9275118596323210e+01  2.3066295859594303e-02  9.3438994563855875e+00  1.7407838106583864e-01  3.0831485318346004e+01  3.2035373487617292e+01  3.2035301580248571e+01  4.7999999999999998e+00  3.8975079443649427e+01  9.3970049193083245e+00  1.6152079985335863e-01  7.6751265185788142e+00  5.8309837277746945e-01  7.2922229439215798e+00  4.0225865166038871e-01  3.8133455136154143e-01  8.7105548425788537e-01
3.4000000000001798e+01  3.9277137546678318e+01  2.3101226287778644e-02  9.3782922691330430e+00  1.7436950855663186e-01  3.0825802049664329e+01  3.2036151451811001e+01  3.2036077145154643e+01  4.7999999999999998e+00  3.8982888562072134e+01  9.4322451059716936e+00  1.6138137919738782e-01  7.7403404577605057e+00  5.8527813559661512e-01  7.3341015259513727e+00  4.0106112867051880e-01  3.7993222339311561e-01  8.6766062043732450e-01
3.4400000000001697e+01  3.9279357144321793e+01  2.3140764918703049e-02  9.4132781245234298e+00  1.7432534593227411e-01  3.0820502204650541e+01  3.2036899546970865e+01  3.2036822695494727e+01  4.7999999999999998e+00  3.8991546141179292e+01  9.4680405404013133e+00  1.6134027008197671e-01  7.8068040943194843e+00  5.8696849803205842e-01  7.3766954566157121e+00  4.0077565687350813e-01  3.7851891040760927e-01  8.6418682738379082e-01
3.4800000000001603e+01  3.9281046022700785e+01  2.3176603380741231e-02  9.4480436200037463e+00  1.7482414519131789e-01  3.0816058051309383e+01  3.2037641362280596e+01  3.2037561786941225e+01  4.7999999999999998e+00  3.9000388463095916e+01  9.5035466991314497e+00  1.6133231542242774e-01  7.8743837632108971e+00  5.8799244656302119e-01  7.4183572536069038e+00  4.0013920456884122e-01  3.7713064245973937e-01  8.6063276277069245e-01
3.5200000000001602e+01  3.9281836839410921e+01  2.3201357662736743e-02  9.4818272483707808e+00  1.7496140656849232e-01  3.0812664671163745e+01  3.2038395190626041e+01  3.2038312866645732e+01  4.7999999999999998e+00  3.9009072276633646e+01  9.5379870411576828e+00  1.6106108387558263e-01  7.9414723423942180e+00  5.8927755179201691e-01  7.4584480534294428e+00  3.9889605617341162e-01  3.7578567179084221e-01  8.5699837571918414e-01
3.5600000000001501e+01  3.9282968659942483e+01  2.3214233669191158e-02  9.5148716325039420e+00  1.7538583663829482e-01  3.0810277022890080e+01  3.2039183754080867e+01  3.2039098820918596e+01  4.7999999999999998e+00  3.9018808038802646e+01  9.5716028453582975e+00  1.6075268704103815e-01  8.0072502659881586e+00  5.9044491895875739e-01  7.4979369290977953e+00  3.9816475580903093e-01  3.7448651431401592e-01  8.5328422814341853e-01
3.6000000000001400e+01  3.9286477092535662e+01  2.3217655898898040e-02  9.5478887927230200e+00  1.7554659320706850e-01  3.0808821790098897e+01  3.2040009239563012e+01  3.2039921767741603e+01  4.7999999999999998e+00  3.9031591652007663e+01  9.6051047615712246e+00  1.6045122047592836e-01  8.0730051796836744e+00  5.9129180435650508e-01  7.5373491565292099e+00  3.9696494959563627e-01  3.7323489079366523e-01  8.4949054758707554e-01
3.6400000000001299e+01  3.9293563415497658e+01  2.3216210715540656e-02  9.5809281289461730e+00  1.7569707026657508e-01  3.0808324438858040e+01  3.2040823653375206e+01  3.2040733518123787e+01  4.7999999999999998e+00  3.9048599322126321e+01  9.6385347917181985e+00  1.6017165587540638e-01  8.1402714852906097e+00  5.9190848195759538e-01  7.5755076257681822e+00  3.9614667170084628e-01  3.7203125072341675e-01  8.4561646230403764e-01
3.6800000000001198e+01  3.9303579405459431e+01  2.3215229880995714e-02  9.6132943580473960e+00  1.7582936038660912e-01  3.0808662364850750e+01  3.2041590412205842e+01  3.2041497537411850e+01  4.7999999999999998e+00  3.9069157985249717e+01  9.6712036214511095e+00  1.6044131656982744e-01  8.2081639989976125e+00  5.9270970840749082e-01  7.6113114649891145e+00  3.9563461663065647e-01  3.7085137183149741e-01  8.4165962624178214e-01
3.7200000000001197e+01  3.9314018794259333e+01  2.3219548397449292e-02  9.6442595038577004e+00  1.7601796770722616e-01  3.0809196340175216e+01  3.2042321755813170e+01  3.2042226318508682e+01  4.7999999999999998e+00  3.9090750381814630e+01  9.7024282937877597e+00  1.5985223338632423e-01  8.2739111286885052e+00  5.9334573138357394e-01  7.6453719761145464e+00  3.9519873471007083e-01  3.6963897691982261e-01  8.3761610422461064e-01
3.7600000000001103e+01  3.9322992063379580e+01  2.3232386679059018e-02  9.6739310884173300e+00  1.7622533873057844e-01  3.0809529957179329e+01  3.2043052663204016e+01  3.2042954777376266e+01  4.7999999999999998e+00  3.9111500150802009e+01  9.7323454040306672e+00  1.5984491543485738e-01  8.3365162757596156e+00  5.9495199361236739e-01  7.6788998607204286e+00  3.9498000647011028e-01  3.6836310905695180e-01  8.3348039927261719e-01
3.8000000000001002e+01  3.9329034733193410e+01  2.3255206143569091e-02  9.7026913623595767e+00  1.7669558147359388e-01  3.0809663148177208e+01  3.2043820964720851e+01  3.2043720466023679e+01  4.7999999999999998e+00  3.9129992396034332e+01  9.7613378949406471e+00  1.5981850155018881e-01  8.3978814844369474e+00  5.9636082627084452e-01  7.7116366101959732e+00  3.9382579736774853e-01  3.6703410426722366e-01  8.2924579054793868e-01
3.8400000000000901e+01  3.9330830595186889e+01  2.3287092939674021e-02  9.7307512867059476e+00  1.7695284789661173e-01  3.0809803816490007e+01  3.2044628733799570e+01  3.2044525425668105e+01  4.7999999999999998e+00  3.9144996156208244e+01  9.7896010041301391e+00  1.5934853676217295e-01  8.4602901424474020e+00  5.9760921001948919e-01  7.7426063276047898e+00  3.9275514195842859e-01  3.6567900381443341e-01  8.2490522543204725e-01
3.8800000000000800e+01  3.9327225714381932e+01  2.3325104019226422e-02  9.7578253427862940e+00  1.7719132980906874e-01  3.0810241879429565e+01  3.2045453776388314e+01  3.2045347698835748e+01  4.7999999999999998e+00  3.9155461679712424e+01  9.8168267585675579e+00  1.5909240486612969e-01  8.5233699367711395e+00  5.9844681516051090e-01  7.7714687289858020e+00  3.9162129960386066e-01  3.6431479799134264e-01  8.2045261855717966e-01
3.9200000000000799e+01  3.9317660268095800e+01  2.3364826416809648e-02  9.7833952823439780e+00  1.7750848982148490e-01  3.0811245823867022e+01  3.2046273698976201e+01  3.2046165070066678e+01  4.7999999999999998e+00  3.9160927679765450e+01  9.8424752468023975e+00  1.5909246786777198e-01  8.5848708323147989e+00  5.9950325080754574e-01  7.7985870673745747e+00  3.9165149392368498e-01  3.6294582645848267e-01  8.1588389262464567e-01
3.9600000000000698e+01  3.9302538654608306e+01  2.3402549548453118e-02  9.8072894214944544e+00  1.7760669945606281e-01  3.0812887514353527e+01  3.2047084858909500e+01  3.2046973737159483e+01  4.7999999999999998e+00  3.9161870607835269e+01  9.8663652763963992e+00  1.5919946372707680e-01  8.6436601851183053e+00  6.0079618714433436e-01  7.8242110233969093e+00  3.9106102999206516e-01  3.6157582914898539e-01  8.1119704440615370e-01
4.0000000000000597e+01  3.9283087016257127e+01  2.3433527779616849e-02  9.8298156051183945e+00  1.7804798200868011e-01  3.0815038866795224e+01  3.2047906183309259e+01  3.2047792342646268e+01  4.7999999999999998e+00  3.9159553701945804e+01  9.8888083589486229e+00  1.5932017847351301e-01  8.7008517391133644e+00  6.0135334792771655e-01  7.8480810113680590e+00  3.9082454678721185e-01  3.6021081199301652e-01  8.0639112431501203e-01
4.0400000000000503e+01  3.9260787290984865e+01  2.3454382150526382e-02  9.8513892009296509e+00  1.7843409958556136e-01  3.0817560937608899e+01  3.2048747180664428e+01  3.2048630410666377e+01  4.7999999999999998e+00  3.9155465682438489e+01  9.9102256812161205e+00  1.5935682739297768e-01  8.7577761185376755e+00  6.0170081717121282e-01  7.8701555839800950e+00  3.8966841204505287e-01  3.5884646020659694e-01  8.0146479360410783e-01
4.0800000000000502e+01  3.9236614705739314e+01  2.3465626762316366e-02  9.8720627416859408e+00  1.7880565910925481e-01  3.0820417779187839e+01  3.2049579707289965e+01  3.2049460092784059e+01  4.7999999999999998e+00  3.9150571347085290e+01  9.9306717242853164e+00  1.5913767138942797e-01  8.8137910549469041e+00  6.0268878773664691e-01  7.8910717319997765e+00  3.8872992630281306e-01  3.5746151671506832e-01  7.9641535820514242e-01
4.1200000000000401e+01  3.9210626121904554e+01  2.3470418559907211e-02  9.8914728921697961e+00  1.7914861355301304e-01  3.0823500414957895e+01  3.2050378373909389e+01  3.2050256008722151e+01  4.7999999999999998e+00  3.9144913814874684e+01  9.9497939040356673e+00  1.5894730635625104e-01  8.8671732356674600e+00  6.0494005566622566e-01  7.9113197184808079e+00  3.8912575143214395e-01  3.5603010375116689e-01  7.9123866938934195e-01
4.1600000000000300e+01  3.9182002806898552e+01  2.3473684872743872e-02  9.9091262112299781e+00  1.7953603176251190e-01  3.0826445832023811e+01  3.2051144280320642e+01  3.2051019068199231e+01  4.7999999999999998e+00  3.9137668447711498e+01  9.9671304493191588e+00  1.5889518323784277e-01  8.9171967160479007e+00  6.0625432452166028e-01  7.9304190288876635e+00  3.8831183476211106e-01  3.5453640653979135e-01  7.8592954594342446e-01
4.2000000000000199e+01  3.9149402579798760e+01  2.3480870014618117e-02  9.9248689977702806e+00  1.7989655808006733e-01  3.0828935216290422e+01  3.2051901076054172e+01  3.2051772879468899e+01  4.7999999999999998e+00  3.9127501689206753e+01  9.9825555230587142e+00  1.5930402916479069e-01  8.9647102320228775e+00  6.0763327869742767e-01  7.9476198418955075e+00  3.8721407078530490e-01  3.5297788791626195e-01  7.8048209611159258e-01
4.2400000000000098e+01  3.9111338023032893e+01  2.3496695328800398e-02  9.9390113600713459e+00  1.8043719025176727e-01  3.0831109297922282e+01  3.2052687339286251e+01  3.2052556102191772e+01  4.7999999999999998e+00  3.9112951249855129e+01  9.9963692996088138e+00  1.5942363178843780e-01  9.0109779605911307e+00  6.0890831267610179e-01  7.9629096722822297e+00  3.8568357229403238e-01  3.5135976415263170e-01  7.7488966708933316e-01
4.2800000000000097e+01  3.9066525666450474e+01  2.3524219996267567e-02  9.9518837712146588e+00  1.8114786593508428e-01  3.0833443904106637e+01  3.2053545937053869e+01  3.2053411655389020e+01  4.7999999999999998e+00  3.9092771914834927e+01  1.0008863686135557e+01  1.5952904006550736e-01  9.0562783819535113e+00  6.1118650911205386e-01  7.9769630768422566e+00  3.8635034714723482e-01  3.4968795000749109e-01  7.6914467756274540e-01
4.3200000000000003e+01  3.9014153610621676e+01  2.3564333444120882e-02  9.9636367653574354e+00  1.8193570279831131e-01  3.0836115643823309e+01  3.2054483238847091e+01  3.2054345888264073e+01  4.7999999999999998e+00  3.9066196598188071e+01  1.0020171399528468e+01  1.5961758406664558e-01  9.1004600224817462e+00  6.1360782720063622e-01  7.9902439294275354e+00  3.8659429402060363e-01  3.4797038321601970e-01  7.6323874719713969e-01
4.3599999999999902e+01  3.8954081308700125e+01  2.3615690124749095e-02  9.9743658925212717e+00  1.8261036669113548e-01  3.0838786350772615e+01  3.2055456174101522e+01  3.2055315691212002e+01  4.7999999999999998e+00  3.9033130626314673e+01  1.0030409941509570e+01  1.5934730587789800e-01  9.1441089830886213e+00  6.1577438582259969e-01  8.0024131778361660e+00  3.8521234249861169e-01  3.4621840158388278e-01  7.5716322300166039e-01
4.3999999999999801e+01  3.8886736404565283e+01  2.3675042516268969e-02  9.9837937185354892e+00  1.8339465703936295e-01  3.0841242810737615e+01  3.2056399160791351e+01  3.2056255452337858e+01  4.7999999999999998e+00  3.8994047419200427e+01  1.0039318808481395e+01  1.5966205632378869e-01  9.1879616486078586e+00  6.1805444714654356e-01  8.0122876153285478e+00  3.8478433730477762e-01  3.4444144921739839e-01  7.5090980350186731e-01
4.4399999999999700e+01  3.8813298296313036e+01  2.3737911888792616e-02  9.9914278887838623e+00  1.8404187184934998e-01  3.0843747606020212e+01  3.2057279243208065e+01  3.2057132195735385e+01  4.7999999999999998e+00  3.8950172861413620e+01  1.0046387908823791e+01  1.5983454611394002e-01  9.2314026052948499e+00  6.1981546564464618e-01  8.0192676422954605e+00  3.8446211079417558e-01  3.4263605229411742e-01  7.4447089990824389e-01
4.4799999999999699e+01  3.8736098565697688e+01  2.3799509185626344e-02  9.9975353816668928e+00  1.8443325894750759e-01  3.0846554291407372e+01  3.2058132145379410e+01  3.2057981604618142e+01  4.7999999999999998e+00  3.8903883889841893e+01  1.0051859573723073e+01  1.5916318642220964e-01  9.2728867875724674e+00  6.2195429441827332e-01  8.0249549119958399e+00  3.8416547187893196e-01  3.4078283811098087e-01  7.3783964880729902e-01
4.5199999999999598e+01  3.8657512110087808e+01  2.3855757461774013e-02  1.0003031957927348e+01  1.8502131665844407e-01  3.0849408892008540e+01  3.2059035707623885e+01  3.2058881519098705e+01  4.7999999999999998e+00  3.8857597698008064e+01  1.0056659154655151e+01  1.5920134903597569e-01  9.3117720696465085e+00  6.2506206069192838e-01  8.0315565817927439e+00  3.8438446357135569e-01  3.3886279207145226e-01  7.3100972947256693e-01
4.5599999999999497e+01  3.8578197011218890e+01  2.3904203334840526e-02  1.0008169107061196e+01  1.8574232728666901e-01  3.0851995181132079e+01  3.2059999486481196e+01  3.2059841482493972e+01  4.7999999999999998e+00  3.8812015472543386e+01  1.0061060921833656e+01  1.5934039303844133e-01  9.3494914388059698e+00  6.2746147086175452e-01  8.0385379520891451e+00  3.8469373044930588e-01  3.3687725598161128e-01  7.2397507907733560e-01
4.5999999999999403e+01  3.8497286339975453e+01  2.3944593197923913e-02  1.0012201419490481e+01  1.8636459243359974e-01  3.0854535835471371e+01  3.2060975369076736e+01  3.2060813401811622e+01  4.7999999999999998e+00  3.8766317693140884e+01  1.0064309401759953e+01  1.5992244570308187e-01  9.3880036551717847e+00  6.2926860795705719e-01  8.0433041784510095e+00  3.8383583555597717e-01  3.3483902383017100e-01  7.1672941096196197e-01
4.8799999999998903e+01  3.7815687511850868e+01  2.4287021564426244e-02  9.9977962652813162e+00  1.9347849772840711e-01  3.0874823456698135e+01  3.2068687645298006e+01  3.2068495211586267e+01  4.7999999999999998e+00  3.8375826683015170e+01  1.0042903998760472e+01  1.6089214971649976e-01  9.6417669652653686e+00  6.5190950885140775e-01  8.0303939168619340e+00  3.8279674800773966e-01  3.1906779084607306e-01  6.5930920642004465e-01
4.9199999999998802e+01  3.7705776960145009e+01  2.4383850755318372e-02  9.9926283914300669e+00  1.9449516183541166e-01  3.0877004467010082e+01  3.2069906273738667e+01  3.2069709194789674e+01  4.7999999999999998e+00  3.8313958015154356e+01  1.0036579088664036e+01  1.6122242391023575e-01  9.6783607692299700e+00  6.5487360549939111e-01  8.0260194164308931e+00  3.8226876947907262e-01  3.1656933620590832e-01  6.4971597259792457e-01
4.9599999999998701e+01  3.7594372821404065e+01  2.4493163346805506e-02  9.9863655006977243e+00  1.9580132775383691e-01  3.0879130955570197e+01  3.2071151780152988e+01  3.2070949877152053e+01  4.7999999999999998e+00  3.8252242994194106e+01  1.0029118779043550e+01  1.6133542328739062e-01  9.7161478054066777e+00  6.5867095707597867e-01  8.0197563195265698e+00  3.8106569922724465e-01  3.1397797205107203e-01  6.3975386446087346e-01
4.9999999999998600e+01  3.7480685066815070e+01  2.4609211961899139e-02  9.9783798813942486e+00  1.9725969300924037e-01  3.0881318261184937e+01  3.2072479751353086e+01  3.2072272861631888e+01  4.7999999999999998e+00  3.8189989572818916e+01  1.0019894524749160e+01  1.6177069683179479e-01  9.7541953258701586e+00  6.6103411435601833e-01  8.0110687571232084e+00  3.8106852047619461e-01  3.1129049487496019e-01  6.2942853095186535e-01
5.0399999999998499e+01  3.7364522614932923e+01  2.4727961979353182e-02  9.9690235987849292e+00  1.9866535216439438e-01  3.0883107081053353e+01  3.2073928449851735e+01  3.2073716555408204e+01  4.7999999999999998e+00  3.8127152544562534e+01  1.0009294877482070e+01  1.6207497004891547e-01  9.7903843522357619e+00  6.6396835482756500e-01  8.0023601637185138e+00  3.8075816137182694e-01  3.0849668297129024e-01  6.1872286263029774e-01
5.0799999999998498e+01  3.7245713023798302e+01  2.4846012349457231e-02  9.9590304907774332e+00  2.0015798152009240e-01  3.0884309477914925e+01  3.2075480224003080e+01  3.2075263362493104e+01  4.7999999999999998e+00  3.8063737745261108e+01  9.9980522755337731e+00  1.6240933642527683e-01  9.8258586837864073e+00  6.6784065712888940e-01  7.9946688296162183e+00  3.8070429734904526e-01  3.0560047209543761e-01  6.0762009110634174e-01
5.1199999999998397e+01  3.7123208307026829e+01  2.4961257492800468e-02  9.9483756623987212e+00  2.0167878967485692e-01  3.0885257293777251e+01  3.2077075726384145e+01  3.2076853781125216e+01  4.7999999999999998e+00  3.7998878039559138e+01  9.9861018592324182e+00  1.6256926677919753e-01  9.8635803504409889e+00  6.7053318158699993e-01  7.9861216764205931e+00  3.8100001391593552e-01  3.0261852783754084e-01  5.9610424680341301e-01
5.1599999999998303e+01  3.6995357834779611e+01  2.5073316788260382e-02  9.9361391316221166e+00  2.0329064258684687e-01  3.0886299230474012e+01  3.2078649266917466e+01  3.2078422095941747e+01  4.7999999999999998e+00  3.7931066237303540e+01  9.9725055212117208e+00  1.6321829591207196e-01  9.9032914198295749e+00  6.7408983370120434e-01  7.9750126797175920e+00  3.8021207676064439e-01  2.9955603534101116e-01  5.8415959479837232e-01
5.1999999999998202e+01  3.6860981363037865e+01  2.5183632228141569e-02  9.9217727384137255e+00  2.0499355459405241e-01  3.0887268060554955e+01  3.2080223796043157e+01  3.2079991395079894e+01  4.7999999999999998e+00  3.7859196824759849e+01  9.9567484440799117e+00  1.6356389343134004e-01  9.9409226481384145e+00  6.7877488466142499e-01  7.9627932475545125e+00  3.8140799046730001e-01  2.9639434284692001e-01  5.7176971270098809e-01
5.2399999999998101e+01  3.6720178504762259e+01  2.5295204184659172e-02  9.9062347896163594e+00  2.0670897684043718e-01  3.0887692769692485e+01  3.2081879395253104e+01  3.2081641731452365e+01  4.7999999999999998e+00  3.7783372649017821e+01  9.9398182614527197e+00  1.6441159788790632e-01  9.9756497832150650e+00  6.8346543140300819e-01  7.9519360266861643e+00  3.8036721094036346e-01  2.9311272602864347e-01  5.5891736385110091e-01
5.2799999999998100e+01  3.6573804106673073e+01  2.5412029712699128e-02  9.8908502351212402e+00  2.0855677508365550e-01  3.0887341179547168e+01  3.2083640840660117e+01  3.2083397806776787e+01  4.7999999999999998e+00  3.7704404352736361e+01  9.9230309974580653e+00  1.6431890571595753e-01  1.0013061451617794e+01  6.8701918333515322e-01  7.9419234188468613e+00  3.8071927729217958e-01  2.8970943163848606e-01  5.4558558709100979e-01
5.3199999999997999e+01  3.6422092076445004e+01  2.5538384569514572e-02  9.8754708787460412e+00  2.1033180540545340e-01  3.0886233324975443e+01  3.2085461026776940e+01  3.2085212529972736e+01  4.7999999999999998e+00  3.7622467757395775e+01  9.9062449245676891e+00  1.6523187593542094e-01  1.0057114652023657e+01  6.9168601626557891e-01  7.9304008753594282e+00  3.8017601231037668e-01  2.8618215059719360e-01  5.3175924199229296e-01
5.3599999999997898e+01  3.6264312658783936e+01  2.5678118275267628e-02  9.8585330982897794e+00  2.1233330938958275e-01  3.0884312673570960e+01  3.2087300450762996e+01  3.2087046426670810e+01  4.7999999999999998e+00  3.7536795007236506e+01  9.8879630276354114e+00  1.6583389221536080e-01  1.0103750356367767e+01  6.9556220211285924e-01  7.9169346958740094e+00  3.7943158715102254e-01  2.8250415560095826e-01  5.1742592297245038e-01
5.3999999999997797e+01  3.6100155158578339e+01  2.5834106827005508e-02  9.8397291964042335e+00  2.1459643210995807e-01  3.0881542287715607e+01  3.2089192392926094e+01  3.2088932770541703e+01  4.7999999999999998e+00  3.7447088236280969e+01  9.8679021931653974e+00  1.6625453910883004e-01  1.0148553537574758e+01  6.9892170370807916e-01  7.9038239537593373e+00  3.7890464131642154e-01  2.7864534098124882e-01  5.0257599585201596e-01
5.4399999999997704e+01  3.5929791233471704e+01  2.6007948142433946e-02  9.8201231850774988e+00  2.1686348402129474e-01  3.0877996080299908e+01  3.2091179275905105e+01  3.2090913821978674e+01  4.7999999999999998e+00  3.7353600078298228e+01  9.8470818373917002e+00  1.6654933006531594e-01  1.0194535045673184e+01  7.0334602653539191e-01  7.8919754796736443e+00  3.7883330618193489e-01  2.7460168362194992e-01  4.8720252021016297e-01
5.4799999999997702e+01  3.5753107956052425e+01  2.6199917146985753e-02  9.8006485485080539e+00  2.1948733961581574e-01  3.0873770952784771e+01  3.2093264502335465e+01  3.2092992838726907e+01  4.7999999999999998e+00  3.7256360997232427e+01  9.8263815983692755e+00  1.6673114141815323e-01  1.0248292931118993e+01  7.0722945757196509e-01  7.8797864439447451e+00  3.7924403453815231e-01  2.7038908341676732e-01  4.7130194255898483e-01
5.5199999999997601e+01  3.5568775626444214e+01  2.6409140444187726e-02  9.7805655250402221e+00  2.2208746344945363e-01  3.0868784978404179e+01  3.2095440224822617e+01  3.2095162063735927e+01  4.7999999999999998e+00  3.7154223470566400e+01  9.8050945912855720e+00  1.6699608144509670e-01  1.0308820374115861e+01  7.1100411933725105e-01  7.8662389774328814e+00  3.7843033031900347e-01  2.6600672782964419e-01  4.5487571375446051e-01
5.5599999999997500e+01  3.5375000667500949e+01  2.6633912741507816e-02  9.7584618961891945e+00  2.2496180961626311e-01  3.0863077539105664e+01  3.2097670761973411e+01  3.2097386015925920e+01  4.7999999999999998e+00  3.7045580896721020e+01  9.7818626923897121e+00  1.6798058344968783e-01  1.0370142260262833e+01  7.1472913451763254e-01  7.8519521099700915e+00  3.7805789601402273e-01  2.6143679933837677e-01  4.3793229118842047e-01
5.5999999999997399e+01  3.5170968928699246e+01  2.6872060095456483e-02  9.7340080490860057e+00  2.2818016669939087e-01  3.0856683361540274e+01  3.2099933109738373e+01  3.2099641787082447e+01  4.7999999999999998e+00  3.6929771442667530e+01  9.7563726428646422e+00  1.6856757097392297e-01  1.0432616259630095e+01  7.1969062376952375e-01  7.8369813558627959e+00  3.7715471046189647e-01  2.5667615283537981e-01  4.2048898970752357e-01
5.6399999999997299e+01  3.4957549749969012e+01  2.7121259214827435e-02  9.7088065086168811e+00  2.3152164555087740e-01  3.0849174794485531e+01  3.2102254497087884e+01  3.2101956408502744e+01  4.7999999999999998e+00  3.6807747548277895e+01  9.7302161813151589e+00  1.6911470468219003e-01  1.0503473412866228e+01  7.2454800563356181e-01  7.8212163361072644e+00  3.7838894247597082e-01  2.5173813164007802e-01  4.0257365789942989e-01
5.6799999999997297e+01  3.4735882159273601e+01  2.7379245066908968e-02  9.6841041718004206e+00  2.3486322858493885e-01  3.0840325111672897e+01  3.2104681140545104e+01  3.2104375802526810e+01  4.7999999999999998e+00  3.6680646732619863e+01  9.7046134158237436e+00  1.6967302634334736e-01  1.0584636569332671e+01  7.2854750968561355e-01  7.8055930964784395e+00  3.7812239482064663e-01  2.4661953502469092e-01  3.8422652039408156e-01
5.7199999999997203e+01  3.4505940587672100e+01  2.7643871405495356e-02  9.6588486756483558e+00  2.3802880506158114e-01  3.0830715212054123e+01  3.2107220187616043e+01  3.2106907216446196e+01  4.7999999999999998e+00  3.6548364722781628e+01  9.6784917369756212e+00  1.6944106323793245e-01  1.0670819443107055e+01  7.3308450107338741e-01  7.7904195540608905e+00  3.7758469241908393e-01  2.4129254921099388e-01  3.6550238551694725e-01
5.7599999999997102e+01  3.4267683061472084e+01  2.7913018674991040e-02  9.6326399852393809e+00  2.4159792864267252e-01  3.0820879727137722e+01  3.2109869827259665e+01  3.2109549096184089e+01  4.7999999999999998e+00  3.6410717795232713e+01  9.6514075242879418e+00  1.7009934715848501e-01  1.0762452004391241e+01  7.3679120088019645e-01  7.7755090567427008e+00  3.7728265828809848e-01  2.3573686521265194e-01  3.4647304079658781e-01
5.7999999999997002e+01  3.4021660798894310e+01  2.8212131862815688e-02  9.6067875013399036e+00  2.4538942569164807e-01  3.0810018096743246e+01  3.2112613887461769e+01  3.2112285239453406e+01  4.7999999999999998e+00  3.6268068231101267e+01  9.6247259079878003e+00  1.7101361151673922e-01  1.0867446085221891e+01  7.4071501464866918e-01  7.7611757156863899e+00  3.7717354680874754e-01  2.2994226814366478e-01  3.2722953510768765e-01
5.8399999999997000e+01  3.3767539108870082e+01  2.8544512702977802e-02  9.5809885842757989e+00  2.4941724928061448e-01  3.0796867147569255e+01  3.2115425971007404e+01  3.2115089213316949e+01  4.7999999999999998e+00  3.6119861191725278e+01  9.5983766895557068e+00  1.7154298418774547e-01  1.0987779004916652e+01  7.4426325848702790e-01  7.7471280455331133e+00  3.7807993527724304e-01  2.2388580957494222e-01  3.0788426443137007e-01
5.8799999999996899e+01  3.3504095935065891e+01  2.8888529893959014e-02  9.5527731890935765e+00  2.5331966748004103e-01  3.0781408592584185e+01  3.2118327293901608e+01  3.2117982099468591e+01  4.7999999999999998e+00  3.5964630873433613e+01  9.5700988130055631e+00  1.7169075982982809e-01  1.1117617328300183e+01  7.4757693577005024e-01  7.7319111979407920e+00  3.7590709214939350e-01  2.1753411484707891e-01  2.8857295167759972e-01
5.9199999999996798e+01  3.3230798248869789e+01  2.9241791282441230e-02  9.5217713310042917e+00  2.5808407220450796e-01  3.0764612840353532e+01  3.2121357479292158e+01  3.2121003478377794e+01  4.7999999999999998e+00  3.5801563737156414e+01  9.5394543323396679e+00  1.7291998139714992e-01  1.1256286005131612e+01  7.5075049821034046e-01  7.7153499757969604e+00  3.7661401919209631e-01  2.1086899309291743e-01  2.6814631186874149e-01
5.9599999999996697e+01  3.2948383426357132e+01  2.9600065595744074e-02  9.4905002712479778e+00  2.6290625082890873e-01  3.0746925309489303e+01  3.2124542573373972e+01  3.2124179409580769e+01  4.7999999999999998e+00  3.5631048747696752e+01  9.5087588004732702e+00  1.7414653645409517e-01  1.1411369291534319e+01  7.5332402157058931e-01  7.6993640147840461e+00  3.7776471788552751e-01  2.0389320103760120e-01  2.4644251855919480e-01
5.9999999999996597e+01  3.2657794962687241e+01  2.9956778413296553e-02  9.4610025632343078e+00  2.6712782399354118e-01  3.0727792508457750e+01  3.2127852712401264e+01  3.2127480089006497e+01  4.7999999999999998e+00  3.5453566442321225e+01  9.4800298732298884e+00  1.7513085418347826e-01  1.1590670643549430e+01  7.5566236466035264e-01  7.6856719834773966e+00  3.7763869785095205e-01  1.9661541956191825e-01  2.2486583263388518e-01
6.0009999999996602e+01  3.2650428689650241e+01  2.9965602310190190e-02  9.4602835936806553e+00  2.6723533244068026e-01  3.0727291191509629e+01  3.2127936616467700e+01  3.2127563753089767e+01  4.7999999999999998e+00  3.5449038237128349e+01  9.4793340392571732e+00  1.7517745186206427e-01  1.1595469897609119e+01  7.5572950304353592e-01  7.6853596867437179e+00  3.7764487270417552e-01  1.9642958791823253e-01  2.2432973083354210e-01
