# time  f_op  f_geo  geo_trustworthy  max_local_speed  superluminal_fraction  max_shift  structure_coherence  reachable  n_rays  n_reached  max_h_rel_drift  f_geo_evol  f_geo_evol_ok
0.0000000000000000e+00  0.0000000000000000e+00  0.0000000000000000e+00  0  9.9503066978898103e-01  0.0000000000000000e+00  0.0000000000000000e+00  nan  1  0  0  0.0000000000000000e+00  0.0000000000000000e+00  0
8.0000000000000104e-01  0.0000000000000000e+00  0.0000000000000000e+00  0  9.9503073940443720e-01  0.0000000000000000e+00  1.2790109400782375e-05  nan  1  0  0  0.0000000000000000e+00  0.0000000000000000e+00  0
1.5999999999999901e+00  0.0000000000000000e+00  0.0000000000000000e+00  0  9.9503086183221412e-01  0.0000000000000000e+00  2.2933897836047834e-05  nan  1  0  0  0.0000000000000000e+00  0.0000000000000000e+00  0
2.3999999999999702e+00  0.0000000000000000e+00  0.0000000000000000e+00  0  9.9503182950646352e-01  0.0000000000000000e+00  5.4697661841750270e-05  nan  1  0  0  0.0000000000000000e+00  0.0000000000000000e+00  0
3.1999999999999500e+00  0.0000000000000000e+00  0.0000000000000000e+00  0  9.9502179610042008e-01  0.0000000000000000e+00  9.0833771492025052e-05  nan  1  0  0  0.0000000000000000e+00  0.0000000000000000e+00  0
3.9999999999999400e+00  0.0000000000000000e+00  0.0000000000000000e+00  0  9.9501922057517855e-01  0.0000000000000000e+00  1.7535386475084165e-04  nan  1  0  0  0.0000000000000000e+00  0.0000000000000000e+00  0
4.7999999999999199e+00  0.0000000000000000e+00  0.0000000000000000e+00  0  9.9501823459066430e-01  0.0000000000000000e+00  1.2759296403726375e-04  nan  1  0  0  0.0000000000000000e+00  0.0000000000000000e+00  0
5.5999999999999002e+00  0.0000000000000000e+00  0.0000000000000000e+00  0  9.9501753066814635e-01  0.0000000000000000e+00  1.4398461993119489e-04  nan  1  0  0  0.0000000000000000e+00  0.0000000000000000e+00  0
6.3999999999998902e+00  0.0000000000000000e+00  0.0000000000000000e+00  0  9.9501892455746899e-01  0.0000000000000000e+00  1.6153534881328203e-04  nan  1  0  0  0.0000000000000000e+00  0.0000000000000000e+00  0
7.1999999999998696e+00  0.0000000000000000e+00  0.0000000000000000e+00  0  9.9501958085306652e-01  0.0000000000000000e+00  2.0410701284977946e-04  nan  1  0  0  0.0000000000000000e+00  0.0000000000000000e+00  0
7.9999999999998499e+00  0.0000000000000000e+00  0.0000000000000000e+00  0  9.9503371815346231e-01  0.0000000000000000e+00  2.4898139847073287e-04  nan  1  0  0  0.0000000000000000e+00  0.0000000000000000e+00  0
8.7999999999999794e+00  0.0000000000000000e+00  0.0000000000000000e+00  0  9.9504650515924220e-01  0.0000000000000000e+00  2.8392324747428304e-04  nan  1  0  0  0.0000000000000000e+00  0.0000000000000000e+00  0
9.6000000000000991e+00  0.0000000000000000e+00  0.0000000000000000e+00  0  9.9504986504417114e-01  0.0000000000000000e+00  3.1104248557425022e-04  nan  1  0  0  0.0000000000000000e+00  0.0000000000000000e+00  0
1.0400000000000199e+01  0.0000000000000000e+00  0.0000000000000000e+00  0  9.9504494313484504e-01  0.0000000000000000e+00  3.4458740922175759e-04  nan  1  0  0  0.0000000000000000e+00  0.0000000000000000e+00  0
1.1200000000000401e+01  0.0000000000000000e+00  0.0000000000000000e+00  0  9.9504953260866880e-01  0.0000000000000000e+00  4.0214244356826092e-04  nan  1  0  0  0.0000000000000000e+00  0.0000000000000000e+00  0
1.2000000000000499e+01  0.0000000000000000e+00  0.0000000000000000e+00  0  9.9505651771636960e-01  0.0000000000000000e+00  4.5788078910634263e-04  nan  1  0  0  0.0000000000000000e+00  0.0000000000000000e+00  0
1.2800000000000599e+01  0.0000000000000000e+00  0.0000000000000000e+00  0  9.9506692940009212e-01  0.0000000000000000e+00  5.0454976383283267e-04  nan  1  0  0  0.0000000000000000e+00  0.0000000000000000e+00  0
1.3600000000000700e+01  0.0000000000000000e+00  0.0000000000000000e+00  0  9.9507799418846565e-01  0.0000000000000000e+00  5.4399874099081012e-04  nan  1  0  0  0.0000000000000000e+00  0.0000000000000000e+00  0
1.4400000000000899e+01  0.0000000000000000e+00  0.0000000000000000e+00  0  9.9508663521119878e-01  0.0000000000000000e+00  5.8797375149969861e-04  nan  1  0  0  0.0000000000000000e+00  0.0000000000000000e+00  0
1.5200000000000999e+01  0.0000000000000000e+00  0.0000000000000000e+00  0  9.9509082850752939e-01  0.0000000000000000e+00  6.4475775190618926e-04  nan  1  0  0  0.0000000000000000e+00  0.0000000000000000e+00  0
1.6000000000001101e+01  0.0000000000000000e+00  0.0000000000000000e+00  0  9.9510049948133483e-01  0.0000000000000000e+00  7.0747896198786393e-04  nan  1  0  0  0.0000000000000000e+00  0.0000000000000000e+00  0
1.6800000000000900e+01  0.0000000000000000e+00  0.0000000000000000e+00  0  9.9512044638462427e-01  0.0000000000000000e+00  7.6128925849480679e-04  nan  1  0  0  0.0000000000000000e+00  0.0000000000000000e+00  0
1.7600000000000801e+01  0.0000000000000000e+00  0.0000000000000000e+00  0  9.9513340281568008e-01  0.0000000000000000e+00  8.1233623630615713e-04  nan  1  0  0  0.0000000000000000e+00  0.0000000000000000e+00  0
1.8400000000000599e+01  0.0000000000000000e+00  0.0000000000000000e+00  0  9.9514764195220229e-01  0.0000000000000000e+00  8.7501566919705013e-04  nan  1  0  0  0.0000000000000000e+00  0.0000000000000000e+00  0
1.9200000000000500e+01  0.0000000000000000e+00  0.0000000000000000e+00  0  9.9516431734427213e-01  0.0000000000000000e+00  9.5236571500221428e-04  nan  1  0  0  0.0000000000000000e+00  0.0000000000000000e+00  0
2.0000000000000298e+01  0.0000000000000000e+00  0.0000000000000000e+00  0  9.9518631206582053e-01  0.0000000000000000e+00  1.0270939115176289e-03  nan  1  0  0  0.0000000000000000e+00  0.0000000000000000e+00  0
2.0800000000000100e+01  0.0000000000000000e+00  0.0000000000000000e+00  0  9.9520930194702584e-01  0.0000000000000000e+00  1.0962397359521032e-03  nan  1  0  0  0.0000000000000000e+00  0.0000000000000000e+00  0
2.1600000000000001e+01  0.0000000000000000e+00  0.0000000000000000e+00  0  9.9522974521925767e-01  0.0000000000000000e+00  1.1689948275828016e-03  nan  1  0  0  0.0000000000000000e+00  0.0000000000000000e+00  0
2.2399999999999800e+01  0.0000000000000000e+00  0.0000000000000000e+00  0  9.9525885474176046e-01  0.0000000000000000e+00  1.2575435669499044e-03  nan  1  0  0  0.0000000000000000e+00  0.0000000000000000e+00  0
2.3199999999999701e+01  0.0000000000000000e+00  0.0000000000000000e+00  0  9.9527258350451897e-01  0.0000000000000000e+00  1.3601266970290106e-03  nan  1  0  0  0.0000000000000000e+00  0.0000000000000000e+00  0
2.3999999999999499e+01  0.0000000000000000e+00  0.0000000000000000e+00  0  9.9529546497609389e-01  0.0000000000000000e+00  1.4673518887514995e-03  nan  1  0  0  0.0000000000000000e+00  0.0000000000000000e+00  0
2.4799999999999400e+01  0.0000000000000000e+00  0.0000000000000000e+00  0  9.9532973656059243e-01  0.0000000000000000e+00  1.5728010593651621e-03  nan  1  0  0  0.0000000000000000e+00  0.0000000000000000e+00  0
2.5599999999999199e+01  0.0000000000000000e+00  0.0000000000000000e+00  0  9.9536425406352635e-01  0.0000000000000000e+00  1.6901444734365454e-03  nan  1  0  0  0.0000000000000000e+00  0.0000000000000000e+00  0
2.6399999999999000e+01  0.0000000000000000e+00  0.0000000000000000e+00  0  9.9539967954651032e-01  0.0000000000000000e+00  1.8432120460835982e-03  nan  1  0  0  0.0000000000000000e+00  0.0000000000000000e+00  0
2.7199999999998902e+01  0.0000000000000000e+00  0.0000000000000000e+00  0  9.9543511427688458e-01  0.0000000000000000e+00  2.0012474672865340e-03  nan  1  0  0  0.0000000000000000e+00  0.0000000000000000e+00  0
2.7999999999998700e+01  0.0000000000000000e+00  0.0000000000000000e+00  0  9.9547735829061412e-01  0.0000000000000000e+00  2.1860763889387830e-03  nan  1  0  0  0.0000000000000000e+00  0.0000000000000000e+00  0
2.8799999999998601e+01  0.0000000000000000e+00  0.0000000000000000e+00  0  9.9550523704753402e-01  0.0000000000000000e+00  2.3935022323516996e-03  nan  1  0  0  0.0000000000000000e+00  0.0000000000000000e+00  0
2.9599999999998399e+01  0.0000000000000000e+00  0.0000000000000000e+00  0  9.9554845073541054e-01  0.0000000000000000e+00  2.6438344722626858e-03  nan  1  0  0  0.0000000000000000e+00  0.0000000000000000e+00  0
3.0399999999998201e+01  0.0000000000000000e+00  0.0000000000000000e+00  0  9.9559758773866947e-01  0.0000000000000000e+00  2.9653966087202352e-03  nan  1  0  0  0.0000000000000000e+00  0.0000000000000000e+00  0
3.1199999999998099e+01  0.0000000000000000e+00  0.0000000000000000e+00  0  9.9564495161503874e-01  0.0000000000000000e+00  3.3747669609732528e-03  nan  1  0  0  0.0000000000000000e+00  0.0000000000000000e+00  0
3.1999999999997900e+01  0.0000000000000000e+00  0.0000000000000000e+00  0  9.9569268397466815e-01  0.0000000000000000e+00  3.8795860251675980e-03  nan  1  0  0  0.0000000000000000e+00  0.0000000000000000e+00  0
3.2799999999998299e+01  0.0000000000000000e+00  0.0000000000000000e+00  0  9.9574416257912446e-01  0.0000000000000000e+00  4.4723050819401059e-03  nan  1  0  0  0.0000000000000000e+00  0.0000000000000000e+00  0
3.3599999999998701e+01  0.0000000000000000e+00  0.0000000000000000e+00  0  9.9580061875593662e-01  0.0000000000000000e+00  5.1045784703097133e-03  nan  1  0  0  0.0000000000000000e+00  0.0000000000000000e+00  0
3.4399999999999103e+01  0.0000000000000000e+00  0.0000000000000000e+00  0  9.9586225323162814e-01  0.0000000000000000e+00  5.7206924700765258e-03  nan  1  0  0  0.0000000000000000e+00  0.0000000000000000e+00  0
3.5199999999999598e+01  0.0000000000000000e+00  0.0000000000000000e+00  0  9.9592941933444890e-01  0.0000000000000000e+00  6.3237121164131790e-03  nan  1  0  0  0.0000000000000000e+00  0.0000000000000000e+00  0
3.6000000000000000e+01  0.0000000000000000e+00  0.0000000000000000e+00  0  9.9600149518309189e-01  0.0000000000000000e+00  6.8430206076070072e-03  nan  1  0  0  0.0000000000000000e+00  0.0000000000000000e+00  0
3.6800000000000402e+01  0.0000000000000000e+00  0.0000000000000000e+00  0  9.9608134391224734e-01  0.0000000000000000e+00  6.9786776610451873e-03  nan  1  0  0  0.0000000000000000e+00  0.0000000000000000e+00  0
3.7600000000000797e+01  0.0000000000000000e+00  0.0000000000000000e+00  0  9.9616110791288093e-01  0.0000000000000000e+00  6.5112114672039572e-03  nan  1  0  0  0.0000000000000000e+00  0.0000000000000000e+00  0
3.8400000000001199e+01  0.0000000000000000e+00  0.0000000000000000e+00  0  9.9621355383429533e-01  0.0000000000000000e+00  5.4969924501599146e-03  nan  1  0  0  0.0000000000000000e+00  0.0000000000000000e+00  0
3.9200000000001602e+01  0.0000000000000000e+00  0.0000000000000000e+00  0  9.9618848646359581e-01  0.0000000000000000e+00  4.0052451947699547e-03  nan  1  0  0  0.0000000000000000e+00  0.0000000000000000e+00  0
4.0000000000001997e+01  0.0000000000000000e+00  0.0000000000000000e+00  0  9.9607080394520375e-01  0.0000000000000000e+00  2.5984469555232681e-03  nan  1  0  0  0.0000000000000000e+00  0.0000000000000000e+00  0
4.0800000000002399e+01  0.0000000000000000e+00  0.0000000000000000e+00  0  9.9591877916445282e-01  0.0000000000000000e+00  2.5701211540306401e-03  nan  1  0  0  0.0000000000000000e+00  0.0000000000000000e+00  0
4.1600000000002801e+01  0.0000000000000000e+00  0.0000000000000000e+00  0  9.9575812974181499e-01  0.0000000000000000e+00  2.3106902084556961e-03  nan  1  0  0  0.0000000000000000e+00  0.0000000000000000e+00  0
4.2400000000003203e+01  0.0000000000000000e+00  0.0000000000000000e+00  0  9.9559196157338659e-01  0.0000000000000000e+00  1.8713423605832315e-03  nan  1  0  0  0.0000000000000000e+00  0.0000000000000000e+00  0
4.3200000000003598e+01  0.0000000000000000e+00  0.0000000000000000e+00  0  9.9539817444014211e-01  0.0000000000000000e+00  1.8701815173267585e-03  nan  1  0  0  0.0000000000000000e+00  0.0000000000000000e+00  0
4.4000000000004100e+01  0.0000000000000000e+00  0.0000000000000000e+00  0  9.9519022186666783e-01  0.0000000000000000e+00  1.8183034930463039e-03  nan  1  0  0  0.0000000000000000e+00  0.0000000000000000e+00  0
4.4800000000004502e+01  0.0000000000000000e+00  0.0000000000000000e+00  0  9.9501819999395336e-01  0.0000000000000000e+00  1.6113129096514160e-03  nan  1  0  0  0.0000000000000000e+00  0.0000000000000000e+00  0
4.5600000000004897e+01  0.0000000000000000e+00  0.0000000000000000e+00  0  9.9500188024112479e-01  0.0000000000000000e+00  1.3508083443973765e-03  nan  1  0  0  0.0000000000000000e+00  0.0000000000000000e+00  0
4.6400000000005299e+01  0.0000000000000000e+00  0.0000000000000000e+00  0  9.9508652812309217e-01  0.0000000000000000e+00  1.5229778471984421e-03  nan  1  0  0  0.0000000000000000e+00  0.0000000000000000e+00  0
4.7200000000005701e+01  0.0000000000000000e+00  0.0000000000000000e+00  0  9.9519119925929611e-01  0.0000000000000000e+00  1.9433907480781909e-03  nan  1  0  0  0.0000000000000000e+00  0.0000000000000000e+00  0
4.8000000000006096e+01  0.0000000000000000e+00  0.0000000000000000e+00  0  9.9543666785711693e-01  0.0000000000000000e+00  2.1355105627692203e-03  nan  1  0  0  0.0000000000000000e+00  0.0000000000000000e+00  0
4.8800000000006499e+01  0.0000000000000000e+00  0.0000000000000000e+00  0  9.9580667912068699e-01  0.0000000000000000e+00  1.6834798327490432e-03  nan  1  0  0  0.0000000000000000e+00  0.0000000000000000e+00  0
4.9600000000006901e+01  0.0000000000000000e+00  0.0000000000000000e+00  0  9.9609322890168706e-01  0.0000000000000000e+00  1.2170960930899502e-03  nan  1  0  0  0.0000000000000000e+00  0.0000000000000000e+00  0
5.0400000000007303e+01  0.0000000000000000e+00  0.0000000000000000e+00  0  9.9617524117082534e-01  0.0000000000000000e+00  1.0527134289253172e-03  nan  1  0  0  0.0000000000000000e+00  0.0000000000000000e+00  0
5.1200000000007698e+01  0.0000000000000000e+00  0.0000000000000000e+00  0  9.9619689610474771e-01  0.0000000000000000e+00  1.4051605781738325e-03  nan  1  0  0  0.0000000000000000e+00  0.0000000000000000e+00  0
5.2000000000008100e+01  0.0000000000000000e+00  0.0000000000000000e+00  0  9.9604222133221942e-01  0.0000000000000000e+00  1.4992573918320494e-03  nan  1  0  0  0.0000000000000000e+00  0.0000000000000000e+00  0
5.2800000000008602e+01  0.0000000000000000e+00  0.0000000000000000e+00  0  9.9586548103019090e-01  0.0000000000000000e+00  1.3575215724706045e-03  nan  1  0  0  0.0000000000000000e+00  0.0000000000000000e+00  0
5.3600000000008997e+01  0.0000000000000000e+00  0.0000000000000000e+00  0  9.9563295264447760e-01  0.0000000000000000e+00  1.3985970093937984e-03  nan  1  0  0  0.0000000000000000e+00  0.0000000000000000e+00  0
5.4400000000009399e+01  0.0000000000000000e+00  0.0000000000000000e+00  0  9.9542836952081315e-01  0.0000000000000000e+00  1.7531720440328471e-03  nan  1  0  0  0.0000000000000000e+00  0.0000000000000000e+00  0
5.5200000000009801e+01  0.0000000000000000e+00  0.0000000000000000e+00  0  9.9529374673065796e-01  0.0000000000000000e+00  2.3435246400968284e-03  nan  1  0  0  0.0000000000000000e+00  0.0000000000000000e+00  0
5.6000000000010203e+01  0.0000000000000000e+00  0.0000000000000000e+00  0  9.9521500403615260e-01  0.0000000000000000e+00  2.7546966420203874e-03  nan  1  0  0  0.0000000000000000e+00  0.0000000000000000e+00  0
5.6800000000010598e+01  0.0000000000000000e+00  0.0000000000000000e+00  0  9.9516525072587914e-01  0.0000000000000000e+00  2.9363841783995211e-03  nan  1  0  0  0.0000000000000000e+00  0.0000000000000000e+00  0
5.7600000000011001e+01  0.0000000000000000e+00  0.0000000000000000e+00  0  9.9535492842493434e-01  0.0000000000000000e+00  2.9239124392113729e-03  nan  1  0  0  0.0000000000000000e+00  0.0000000000000000e+00  0
5.8400000000011403e+01  0.0000000000000000e+00  0.0000000000000000e+00  0  9.9562663601551582e-01  0.0000000000000000e+00  2.2351389670356545e-03  nan  1  0  0  0.0000000000000000e+00  0.0000000000000000e+00  0
5.9200000000011798e+01  0.0000000000000000e+00  0.0000000000000000e+00  0  9.9580542097074243e-01  0.0000000000000000e+00  1.5607767521227122e-03  nan  1  0  0  0.0000000000000000e+00  0.0000000000000000e+00  0
6.0000000000012200e+01  0.0000000000000000e+00  0.0000000000000000e+00  0  9.9585750371745174e-01  0.0000000000000000e+00  1.1130230975544655e-03  nan  1  0  0  0.0000000000000000e+00  0.0000000000000000e+00  0
6.0800000000012702e+01  0.0000000000000000e+00  0.0000000000000000e+00  0  9.9586094228086186e-01  0.0000000000000000e+00  8.5378923903505681e-04  nan  1  0  0  0.0000000000000000e+00  0.0000000000000000e+00  0
6.1600000000013097e+01  0.0000000000000000e+00  0.0000000000000000e+00  0  9.9586347157495003e-01  0.0000000000000000e+00  9.3808685774717838e-04  nan  1  0  0  0.0000000000000000e+00  0.0000000000000000e+00  0
6.2400000000013499e+01  0.0000000000000000e+00  0.0000000000000000e+00  0  9.9590110481923944e-01  0.0000000000000000e+00  1.3304107540242623e-03  nan  1  0  0  0.0000000000000000e+00  0.0000000000000000e+00  0
6.3200000000013901e+01  0.0000000000000000e+00  0.0000000000000000e+00  0  9.9584224724830550e-01  0.0000000000000000e+00  1.9087842409911122e-03  nan  1  0  0  0.0000000000000000e+00  0.0000000000000000e+00  0
6.4000000000014296e+01  0.0000000000000000e+00  0.0000000000000000e+00  0  9.9560143476898644e-01  0.0000000000000000e+00  2.1390843541037501e-03  nan  1  0  0  0.0000000000000000e+00  0.0000000000000000e+00  0
6.4800000000013597e+01  0.0000000000000000e+00  0.0000000000000000e+00  0  9.9542175473213534e-01  0.0000000000000000e+00  2.0233330149625512e-03  nan  1  0  0  0.0000000000000000e+00  0.0000000000000000e+00  0
6.5600000000012798e+01  0.0000000000000000e+00  0.0000000000000000e+00  0  9.9537912287884756e-01  0.0000000000000000e+00  1.6566209305488447e-03  nan  1  0  0  0.0000000000000000e+00  0.0000000000000000e+00  0
6.6400000000012099e+01  0.0000000000000000e+00  0.0000000000000000e+00  0  9.9549754084137942e-01  0.0000000000000000e+00  1.6694582770672400e-03  nan  1  0  0  0.0000000000000000e+00  0.0000000000000000e+00  0
6.7200000000011400e+01  0.0000000000000000e+00  0.0000000000000000e+00  0  9.9564429974898827e-01  0.0000000000000000e+00  1.3110885650074349e-03  nan  1  0  0  0.0000000000000000e+00  0.0000000000000000e+00  0
6.8000000000010601e+01  0.0000000000000000e+00  0.0000000000000000e+00  0  9.9578177667055967e-01  0.0000000000000000e+00  1.4684073684789190e-03  nan  1  0  0  0.0000000000000000e+00  0.0000000000000000e+00  0
6.8800000000009902e+01  0.0000000000000000e+00  0.0000000000000000e+00  0  9.9583708146162431e-01  0.0000000000000000e+00  1.2909143110048896e-03  nan  1  0  0  0.0000000000000000e+00  0.0000000000000000e+00  0
6.9600000000009203e+01  0.0000000000000000e+00  0.0000000000000000e+00  0  9.9586738547602438e-01  0.0000000000000000e+00  9.4124024125653318e-04  nan  1  0  0  0.0000000000000000e+00  0.0000000000000000e+00  0
7.0400000000008504e+01  0.0000000000000000e+00  0.0000000000000000e+00  0  9.9590138630481528e-01  0.0000000000000000e+00  6.1921446709499494e-04  nan  1  0  0  0.0000000000000000e+00  0.0000000000000000e+00  0
7.1200000000007705e+01  0.0000000000000000e+00  0.0000000000000000e+00  0  9.9588215330197982e-01  0.0000000000000000e+00  5.4397482138584510e-04  nan  1  0  0  0.0000000000000000e+00  0.0000000000000000e+00  0
7.2000000000007006e+01  0.0000000000000000e+00  0.0000000000000000e+00  0  9.9578196060670410e-01  0.0000000000000000e+00  9.1308922217973019e-04  nan  1  0  0  0.0000000000000000e+00  0.0000000000000000e+00  0
7.2800000000006307e+01  0.0000000000000000e+00  0.0000000000000000e+00  0  9.9570409813941441e-01  0.0000000000000000e+00  9.9290407231590106e-04  nan  1  0  0  0.0000000000000000e+00  0.0000000000000000e+00  0
7.3600000000005593e+01  0.0000000000000000e+00  0.0000000000000000e+00  0  9.9564082611371008e-01  0.0000000000000000e+00  1.4876325231732920e-03  nan  1  0  0  0.0000000000000000e+00  0.0000000000000000e+00  0
7.4400000000004795e+01  0.0000000000000000e+00  0.0000000000000000e+00  0  9.9560822828961948e-01  0.0000000000000000e+00  2.0935448838741823e-03  nan  1  0  0  0.0000000000000000e+00  0.0000000000000000e+00  0
7.5200000000004096e+01  0.0000000000000000e+00  0.0000000000000000e+00  0  9.9568749990931804e-01  0.0000000000000000e+00  2.4133367798186041e-03  nan  1  0  0  0.0000000000000000e+00  0.0000000000000000e+00  0
7.6000000000003396e+01  0.0000000000000000e+00  0.0000000000000000e+00  0  9.9577902556570019e-01  0.0000000000000000e+00  2.3142132439843525e-03  nan  1  0  0  0.0000000000000000e+00  0.0000000000000000e+00  0
7.6800000000002598e+01  0.0000000000000000e+00  0.0000000000000000e+00  0  9.9588132652945538e-01  0.0000000000000000e+00  2.0760900705200252e-03  nan  1  0  0  0.0000000000000000e+00  0.0000000000000000e+00  0
7.7600000000001899e+01  0.0000000000000000e+00  0.0000000000000000e+00  0  9.9599835905772738e-01  0.0000000000000000e+00  1.6928092890501720e-03  nan  1  0  0  0.0000000000000000e+00  0.0000000000000000e+00  0
7.8400000000001199e+01  0.0000000000000000e+00  0.0000000000000000e+00  0  9.9607879965204349e-01  0.0000000000000000e+00  1.1701750623703284e-03  nan  1  0  0  0.0000000000000000e+00  0.0000000000000000e+00  0
7.9200000000000500e+01  0.0000000000000000e+00  0.0000000000000000e+00  0  9.9614663135671533e-01  0.0000000000000000e+00  7.8506978624297470e-04  nan  1  0  0  0.0000000000000000e+00  0.0000000000000000e+00  0
7.9999999999999702e+01  0.0000000000000000e+00  0.0000000000000000e+00  0  9.9616974205996922e-01  0.0000000000000000e+00  5.4905519618817444e-04  nan  1  0  0  0.0000000000000000e+00  0.0000000000000000e+00  0
8.0799999999999002e+01  0.0000000000000000e+00  0.0000000000000000e+00  0  9.9612540825699691e-01  0.0000000000000000e+00  1.1063676316054045e-03  nan  1  0  0  0.0000000000000000e+00  0.0000000000000000e+00  0
8.1599999999998303e+01  0.0000000000000000e+00  0.0000000000000000e+00  0  9.9603883235303359e-01  0.0000000000000000e+00  1.4537545821211905e-03  nan  1  0  0  0.0000000000000000e+00  0.0000000000000000e+00  0
8.2399999999997505e+01  0.0000000000000000e+00  0.0000000000000000e+00  0  9.9589007800608498e-01  0.0000000000000000e+00  1.5270695959942271e-03  nan  1  0  0  0.0000000000000000e+00  0.0000000000000000e+00  0
8.3199999999996805e+01  0.0000000000000000e+00  0.0000000000000000e+00  0  9.9576824526042951e-01  0.0000000000000000e+00  1.4405260424633459e-03  nan  1  0  0  0.0000000000000000e+00  0.0000000000000000e+00  0
8.3999999999996106e+01  0.0000000000000000e+00  0.0000000000000000e+00  0  9.9571269320172284e-01  0.0000000000000000e+00  1.2451519464438821e-03  nan  1  0  0  0.0000000000000000e+00  0.0000000000000000e+00  0
8.4799999999995407e+01  0.0000000000000000e+00  0.0000000000000000e+00  0  9.9574712451191849e-01  0.0000000000000000e+00  1.3206816547105386e-03  nan  1  0  0  0.0000000000000000e+00  0.0000000000000000e+00  0
8.5599999999994594e+01  0.0000000000000000e+00  0.0000000000000000e+00  0  9.9578655956620732e-01  0.0000000000000000e+00  1.5188730774942333e-03  nan  1  0  0  0.0000000000000000e+00  0.0000000000000000e+00  0
8.6399999999993895e+01  0.0000000000000000e+00  0.0000000000000000e+00  0  9.9587126472258947e-01  0.0000000000000000e+00  1.4505928621707321e-03  nan  1  0  0  0.0000000000000000e+00  0.0000000000000000e+00  0
8.7199999999993196e+01  0.0000000000000000e+00  0.0000000000000000e+00  0  9.9598722838531872e-01  0.0000000000000000e+00  1.2752634831033290e-03  nan  1  0  0  0.0000000000000000e+00  0.0000000000000000e+00  0
8.7999999999992497e+01  0.0000000000000000e+00  0.0000000000000000e+00  0  9.9609001964324129e-01  0.0000000000000000e+00  1.0532105932812724e-03  nan  1  0  0  0.0000000000000000e+00  0.0000000000000000e+00  0
8.8799999999991698e+01  0.0000000000000000e+00  0.0000000000000000e+00  0  9.9614206136455019e-01  0.0000000000000000e+00  8.0235226069112330e-04  nan  1  0  0  0.0000000000000000e+00  0.0000000000000000e+00  0
8.9599999999990999e+01  0.0000000000000000e+00  0.0000000000000000e+00  0  9.9611833205901601e-01  0.0000000000000000e+00  5.7157175196337773e-04  nan  1  0  0  0.0000000000000000e+00  0.0000000000000000e+00  0
9.0399999999990300e+01  0.0000000000000000e+00  0.0000000000000000e+00  0  9.9603088486135682e-01  0.0000000000000000e+00  6.8807996188625421e-04  nan  1  0  0  0.0000000000000000e+00  0.0000000000000000e+00  0
9.1199999999989501e+01  0.0000000000000000e+00  0.0000000000000000e+00  0  9.9593009409568289e-01  0.0000000000000000e+00  6.9504671873955545e-04  nan  1  0  0  0.0000000000000000e+00  0.0000000000000000e+00  0
9.1999999999988802e+01  0.0000000000000000e+00  0.0000000000000000e+00  0  9.9588016246046596e-01  0.0000000000000000e+00  8.1495662889995103e-04  nan  1  0  0  0.0000000000000000e+00  0.0000000000000000e+00  0
9.2799999999988103e+01  0.0000000000000000e+00  0.0000000000000000e+00  0  9.9586998550887906e-01  0.0000000000000000e+00  1.1967542312165699e-03  nan  1  0  0  0.0000000000000000e+00  0.0000000000000000e+00  0
9.3599999999987403e+01  0.0000000000000000e+00  0.0000000000000000e+00  0  9.9584991445173621e-01  0.0000000000000000e+00  1.4735630188035176e-03  nan  1  0  0  0.0000000000000000e+00  0.0000000000000000e+00  0
9.4399999999986605e+01  0.0000000000000000e+00  0.0000000000000000e+00  0  9.9581362681183305e-01  0.0000000000000000e+00  1.6683659094458255e-03  nan  1  0  0  0.0000000000000000e+00  0.0000000000000000e+00  0
9.5199999999985906e+01  0.0000000000000000e+00  0.0000000000000000e+00  0  9.9582218396433209e-01  0.0000000000000000e+00  1.8358171953405558e-03  nan  1  0  0  0.0000000000000000e+00  0.0000000000000000e+00  0
9.5999999999985207e+01  0.0000000000000000e+00  0.0000000000000000e+00  0  9.9591279142243616e-01  0.0000000000000000e+00  1.9856984534362288e-03  nan  1  0  0  0.0000000000000000e+00  0.0000000000000000e+00  0
9.6799999999984493e+01  0.0000000000000000e+00  0.0000000000000000e+00  0  9.9606105151463187e-01  0.0000000000000000e+00  1.8182832285108925e-03  nan  1  0  0  0.0000000000000000e+00  0.0000000000000000e+00  0
9.7599999999983694e+01  0.0000000000000000e+00  0.0000000000000000e+00  0  9.9618587987350793e-01  0.0000000000000000e+00  1.3464149248574391e-03  nan  1  0  0  0.0000000000000000e+00  0.0000000000000000e+00  0
9.8399999999982995e+01  0.0000000000000000e+00  0.0000000000000000e+00  0  9.9622703982959648e-01  0.0000000000000000e+00  9.2333071183255317e-04  nan  1  0  0  0.0000000000000000e+00  0.0000000000000000e+00  0
9.9199999999982296e+01  0.0000000000000000e+00  0.0000000000000000e+00  0  9.9620634869032076e-01  0.0000000000000000e+00  6.3997905573317886e-04  nan  1  0  0  0.0000000000000000e+00  0.0000000000000000e+00  0
9.9999999999981497e+01  0.0000000000000000e+00  0.0000000000000000e+00  0  9.9617611911731718e-01  0.0000000000000000e+00  4.6587408839289730e-04  nan  1  0  0  0.0000000000000000e+00  0.0000000000000000e+00  0
1.0079999999998100e+02  0.0000000000000000e+00  0.0000000000000000e+00  0  9.9613995569468528e-01  0.0000000000000000e+00  5.8616825355011621e-04  nan  1  0  0  0.0000000000000000e+00  0.0000000000000000e+00  0
1.0159999999998000e+02  0.0000000000000000e+00  0.0000000000000000e+00  0  9.9609036315621513e-01  0.0000000000000000e+00  9.3982723396964169e-04  nan  1  0  0  0.0000000000000000e+00  0.0000000000000000e+00  0
1.0239999999997900e+02  0.0000000000000000e+00  0.0000000000000000e+00  0  9.9600106110251629e-01  0.0000000000000000e+00  1.3549029381904926e-03  nan  1  0  0  0.0000000000000000e+00  0.0000000000000000e+00  0
1.0319999999997900e+02  0.0000000000000000e+00  0.0000000000000000e+00  0  9.9588464492093975e-01  0.0000000000000000e+00  1.5352881582267630e-03  nan  1  0  0  0.0000000000000000e+00  0.0000000000000000e+00  0
1.0399999999997800e+02  0.0000000000000000e+00  0.0000000000000000e+00  0  9.9584150016963169e-01  0.0000000000000000e+00  1.4699883795687232e-03  nan  1  0  0  0.0000000000000000e+00  0.0000000000000000e+00  0
1.0479999999997700e+02  0.0000000000000000e+00  0.0000000000000000e+00  0  9.9584076800515320e-01  0.0000000000000000e+00  1.2630218887165548e-03  nan  1  0  0  0.0000000000000000e+00  0.0000000000000000e+00  0
1.0559999999997601e+02  0.0000000000000000e+00  0.0000000000000000e+00  0  9.9592906631215594e-01  0.0000000000000000e+00  1.1351000816891184e-03  nan  1  0  0  0.0000000000000000e+00  0.0000000000000000e+00  0
1.0639999999997600e+02  0.0000000000000000e+00  0.0000000000000000e+00  0  9.9601730403113720e-01  0.0000000000000000e+00  1.0567986640274928e-03  nan  1  0  0  0.0000000000000000e+00  0.0000000000000000e+00  0
1.0719999999997501e+02  0.0000000000000000e+00  0.0000000000000000e+00  0  9.9608614964490061e-01  0.0000000000000000e+00  1.1301038267847825e-03  nan  1  0  0  0.0000000000000000e+00  0.0000000000000000e+00  0
1.0799999999997399e+02  0.0000000000000000e+00  0.0000000000000000e+00  0  9.9614216380182019e-01  0.0000000000000000e+00  9.7149328078773554e-04  nan  1  0  0  0.0000000000000000e+00  0.0000000000000000e+00  0
1.0879999999997401e+02  0.0000000000000000e+00  0.0000000000000000e+00  0  9.9620695187822594e-01  0.0000000000000000e+00  6.9526186353965739e-04  nan  1  0  0  0.0000000000000000e+00  0.0000000000000000e+00  0
1.0959999999997299e+02  0.0000000000000000e+00  0.0000000000000000e+00  0  9.9626141908213506e-01  0.0000000000000000e+00  4.7366642567058789e-04  nan  1  0  0  0.0000000000000000e+00  0.0000000000000000e+00  0
1.1039999999997200e+02  0.0000000000000000e+00  0.0000000000000000e+00  0  9.9625495717749057e-01  0.0000000000000000e+00  3.3653479096510969e-04  nan  1  0  0  0.0000000000000000e+00  0.0000000000000000e+00  0
1.1119999999997100e+02  0.0000000000000000e+00  0.0000000000000000e+00  0  9.9618227134340975e-01  0.0000000000000000e+00  6.3643645887657789e-04  nan  1  0  0  0.0000000000000000e+00  0.0000000000000000e+00  0
1.1199999999997100e+02  0.0000000000000000e+00  0.0000000000000000e+00  0  9.9609496485072702e-01  0.0000000000000000e+00  7.4647893637298237e-04  nan  1  0  0  0.0000000000000000e+00  0.0000000000000000e+00  0
1.1279999999997000e+02  0.0000000000000000e+00  0.0000000000000000e+00  0  9.9605891512110045e-01  0.0000000000000000e+00  1.0771333463973172e-03  nan  1  0  0  0.0000000000000000e+00  0.0000000000000000e+00  0
1.1359999999996900e+02  0.0000000000000000e+00  0.0000000000000000e+00  0  9.9602426562803148e-01  0.0000000000000000e+00  1.4844117930726322e-03  nan  1  0  0  0.0000000000000000e+00  0.0000000000000000e+00  0
1.1439999999996800e+02  0.0000000000000000e+00  0.0000000000000000e+00  0  9.9604803647116058e-01  0.0000000000000000e+00  1.7195834523765518e-03  nan  1  0  0  0.0000000000000000e+00  0.0000000000000000e+00  0
1.1519999999996800e+02  0.0000000000000000e+00  0.0000000000000000e+00  0  9.9607832341579372e-01  0.0000000000000000e+00  1.7106769239013202e-03  nan  1  0  0  0.0000000000000000e+00  0.0000000000000000e+00  0
1.1599999999996700e+02  0.0000000000000000e+00  0.0000000000000000e+00  0  9.9612130559522127e-01  0.0000000000000000e+00  1.5376156798494846e-03  nan  1  0  0  0.0000000000000000e+00  0.0000000000000000e+00  0
1.1679999999996600e+02  0.0000000000000000e+00  0.0000000000000000e+00  0  9.9619325489778376e-01  0.0000000000000000e+00  1.2231503729197800e-03  nan  1  0  0  0.0000000000000000e+00  0.0000000000000000e+00  0
1.1759999999996600e+02  0.0000000000000000e+00  0.0000000000000000e+00  0  9.9625925470296384e-01  0.0000000000000000e+00  8.7522387387486478e-04  nan  1  0  0  0.0000000000000000e+00  0.0000000000000000e+00  0
1.1839999999996500e+02  0.0000000000000000e+00  0.0000000000000000e+00  0  9.9632904698969438e-01  0.0000000000000000e+00  5.7525421280604728e-04  nan  1  0  0  0.0000000000000000e+00  0.0000000000000000e+00  0
1.1919999999996401e+02  0.0000000000000000e+00  0.0000000000000000e+00  0  9.9636406132998634e-01  0.0000000000000000e+00  4.0778468993106433e-04  nan  1  0  0  0.0000000000000000e+00  0.0000000000000000e+00  0
1.1999999999996299e+02  0.0000000000000000e+00  0.0000000000000000e+00  0  9.9632018782612586e-01  0.0000000000000000e+00  7.0918682193498860e-04  nan  1  0  0  0.0000000000000000e+00  0.0000000000000000e+00  0
1.2079999999996301e+02  0.0000000000000000e+00  0.0000000000000000e+00  0  9.9623763995521275e-01  0.0000000000000000e+00  1.0062862264018312e-03  nan  1  0  0  0.0000000000000000e+00  0.0000000000000000e+00  0
1.2159999999996199e+02  0.0000000000000000e+00  0.0000000000000000e+00  0  9.9614277375276283e-01  0.0000000000000000e+00  1.0998566887047028e-03  nan  1  0  0  0.0000000000000000e+00  0.0000000000000000e+00  0
1.2239999999996100e+02  0.0000000000000000e+00  0.0000000000000000e+00  0  9.9608386134355409e-01  0.0000000000000000e+00  1.0503405312594545e-03  nan  1  0  0  0.0000000000000000e+00  0.0000000000000000e+00  0
1.2319999999996000e+02  0.0000000000000000e+00  0.0000000000000000e+00  0  9.9603871770592800e-01  0.0000000000000000e+00  9.7051350612275362e-04  nan  1  0  0  0.0000000000000000e+00  0.0000000000000000e+00  0
1.2399999999996000e+02  0.0000000000000000e+00  0.0000000000000000e+00  0  9.9603823582599393e-01  0.0000000000000000e+00  1.1675061467709316e-03  nan  1  0  0  0.0000000000000000e+00  0.0000000000000000e+00  0
1.2479999999995900e+02  0.0000000000000000e+00  0.0000000000000000e+00  0  9.9604321174319110e-01  0.0000000000000000e+00  1.3253319137973229e-03  nan  1  0  0  0.0000000000000000e+00  0.0000000000000000e+00  0
1.2559999999995800e+02  0.0000000000000000e+00  0.0000000000000000e+00  0  9.9609737971978263e-01  0.0000000000000000e+00  1.2725035908063077e-03  nan  1  0  0  0.0000000000000000e+00  0.0000000000000000e+00  0
1.2639999999995800e+02  0.0000000000000000e+00  0.0000000000000000e+00  0  9.9616924203971013e-01  0.0000000000000000e+00  1.0870180268559471e-03  nan  1  0  0  0.0000000000000000e+00  0.0000000000000000e+00  0
1.2719999999995700e+02  0.0000000000000000e+00  0.0000000000000000e+00  0  9.9623191428117630e-01  0.0000000000000000e+00  8.7087656251851368e-04  nan  1  0  0  0.0000000000000000e+00  0.0000000000000000e+00  0
1.2799999999995600e+02  0.0000000000000000e+00  0.0000000000000000e+00  0  9.9627498783381918e-01  0.0000000000000000e+00  6.8457730112054616e-04  nan  1  0  0  0.0000000000000000e+00  0.0000000000000000e+00  0
1.2879999999995499e+02  0.0000000000000000e+00  0.0000000000000000e+00  0  9.9629936785531892e-01  0.0000000000000000e+00  5.4874122493197024e-04  nan  1  0  0  0.0000000000000000e+00  0.0000000000000000e+00  0
1.2959999999995500e+02  0.0000000000000000e+00  0.0000000000000000e+00  0  9.9629000241429488e-01  0.0000000000000000e+00  4.3279834089294476e-04  nan  1  0  0  0.0000000000000000e+00  0.0000000000000000e+00  0
1.3039999999995399e+02  0.0000000000000000e+00  0.0000000000000000e+00  0  9.9624686838986887e-01  0.0000000000000000e+00  4.6173285453552238e-04  nan  1  0  0  0.0000000000000000e+00  0.0000000000000000e+00  0
1.3119999999995301e+02  0.0000000000000000e+00  0.0000000000000000e+00  0  9.9621199159915275e-01  0.0000000000000000e+00  5.7495061937897093e-04  nan  1  0  0  0.0000000000000000e+00  0.0000000000000000e+00  0
1.3199999999995200e+02  0.0000000000000000e+00  0.0000000000000000e+00  0  9.9620479951412189e-01  0.0000000000000000e+00  8.6821266347715705e-04  nan  1  0  0  0.0000000000000000e+00  0.0000000000000000e+00  0
1.3279999999995201e+02  0.0000000000000000e+00  0.0000000000000000e+00  0  9.9619234968879244e-01  0.0000000000000000e+00  1.0510330463557530e-03  nan  1  0  0  0.0000000000000000e+00  0.0000000000000000e+00  0
1.3359999999995100e+02  0.0000000000000000e+00  0.0000000000000000e+00  0  9.9616625033477402e-01  0.0000000000000000e+00  1.2254164497870167e-03  nan  1  0  0  0.0000000000000000e+00  0.0000000000000000e+00  0
1.3439999999995001e+02  0.0000000000000000e+00  0.0000000000000000e+00  0  9.9617678328754855e-01  0.0000000000000000e+00  1.3875958557533190e-03  nan  1  0  0  0.0000000000000000e+00  0.0000000000000000e+00  0
1.3519999999994999e+02  0.0000000000000000e+00  0.0000000000000000e+00  0  9.9623239566801380e-01  0.0000000000000000e+00  1.5115860814599901e-03  nan  1  0  0  0.0000000000000000e+00  0.0000000000000000e+00  0
1.3599999999994901e+02  0.0000000000000000e+00  0.0000000000000000e+00  0  9.9628155034269195e-01  0.0000000000000000e+00  1.4580552661788942e-03  nan  1  0  0  0.0000000000000000e+00  0.0000000000000000e+00  0
1.3679999999994800e+02  0.0000000000000000e+00  0.0000000000000000e+00  0  9.9633344083343967e-01  0.0000000000000000e+00  1.1811682189851013e-03  nan  1  0  0  0.0000000000000000e+00  0.0000000000000000e+00  0
1.3759999999994699e+02  0.0000000000000000e+00  0.0000000000000000e+00  0  9.9636606900717783e-01  0.0000000000000000e+00  8.4398727045560966e-04  nan  1  0  0  0.0000000000000000e+00  0.0000000000000000e+00  0
1.3839999999994700e+02  0.0000000000000000e+00  0.0000000000000000e+00  0  9.9638081383651667e-01  0.0000000000000000e+00  5.7111080258076367e-04  nan  1  0  0  0.0000000000000000e+00  0.0000000000000000e+00  0
1.3919999999994599e+02  0.0000000000000000e+00  0.0000000000000000e+00  0  9.9637207276873119e-01  0.0000000000000000e+00  4.1014378673150570e-04  nan  1  0  0  0.0000000000000000e+00  0.0000000000000000e+00  0
1.3999999999994500e+02  0.0000000000000000e+00  0.0000000000000000e+00  0  9.9634898448551135e-01  0.0000000000000000e+00  3.0331384070992538e-04  nan  1  0  0  0.0000000000000000e+00  0.0000000000000000e+00  0
1.4079999999994399e+02  0.0000000000000000e+00  0.0000000000000000e+00  0  9.9631984686888131e-01  0.0000000000000000e+00  5.8773269231741975e-04  nan  1  0  0  0.0000000000000000e+00  0.0000000000000000e+00  0
1.4159999999994400e+02  0.0000000000000000e+00  0.0000000000000000e+00  0  9.9627419246957838e-01  0.0000000000000000e+00  1.0024731889128956e-03  nan  1  0  0  0.0000000000000000e+00  0.0000000000000000e+00  0
1.4239999999994299e+02  0.0000000000000000e+00  0.0000000000000000e+00  0  9.9618601540032303e-01  0.0000000000000000e+00  1.2383924830705268e-03  nan  1  0  0  0.0000000000000000e+00  0.0000000000000000e+00  0
1.4319999999994201e+02  0.0000000000000000e+00  0.0000000000000000e+00  0  9.9613605991990295e-01  0.0000000000000000e+00  1.2462538361856668e-03  nan  1  0  0  0.0000000000000000e+00  0.0000000000000000e+00  0
1.4399999999994199e+02  0.0000000000000000e+00  0.0000000000000000e+00  0  9.9610801987434050e-01  0.0000000000000000e+00  1.1180305172176033e-03  nan  1  0  0  0.0000000000000000e+00  0.0000000000000000e+00  0
1.4479999999994101e+02  0.0000000000000000e+00  0.0000000000000000e+00  0  9.9613248519526887e-01  0.0000000000000000e+00  9.4095511218729889e-04  nan  1  0  0  0.0000000000000000e+00  0.0000000000000000e+00  0
1.4559999999994000e+02  0.0000000000000000e+00  0.0000000000000000e+00  0  9.9617592815121780e-01  0.0000000000000000e+00  9.1498842393903225e-04  nan  1  0  0  0.0000000000000000e+00  0.0000000000000000e+00  0
1.4639999999993901e+02  0.0000000000000000e+00  0.0000000000000000e+00  0  9.9621114769197283e-01  0.0000000000000000e+00  9.9629014259490370e-04  nan  1  0  0  0.0000000000000000e+00  0.0000000000000000e+00  0
1.4719999999993900e+02  0.0000000000000000e+00  0.0000000000000000e+00  0  9.9625041477432230e-01  0.0000000000000000e+00  9.0607816234070039e-04  nan  1  0  0  0.0000000000000000e+00  0.0000000000000000e+00  0
1.4799999999993801e+02  0.0000000000000000e+00  0.0000000000000000e+00  0  9.9630342129210581e-01  0.0000000000000000e+00  7.0234513967129390e-04  nan  1  0  0  0.0000000000000000e+00  0.0000000000000000e+00  0
1.4879999999993700e+02  0.0000000000000000e+00  0.0000000000000000e+00  0  9.9634831209512964e-01  0.0000000000000000e+00  4.9297869310830126e-04  nan  1  0  0  0.0000000000000000e+00  0.0000000000000000e+00  0
1.4959999999993599e+02  0.0000000000000000e+00  0.0000000000000000e+00  0  9.9634382811138766e-01  0.0000000000000000e+00  3.4449513807083477e-04  nan  1  0  0  0.0000000000000000e+00  0.0000000000000000e+00  0
1.5039999999993600e+02  0.0000000000000000e+00  0.0000000000000000e+00  0  9.9630050652724822e-01  0.0000000000000000e+00  4.9679885590646908e-04  nan  1  0  0  0.0000000000000000e+00  0.0000000000000000e+00  0
1.5119999999993499e+02  0.0000000000000000e+00  0.0000000000000000e+00  0  9.9626237810745866e-01  0.0000000000000000e+00  6.2921987817426918e-04  nan  1  0  0  0.0000000000000000e+00  0.0000000000000000e+00  0
1.5199999999993400e+02  0.0000000000000000e+00  0.0000000000000000e+00  0  9.9625433923531215e-01  0.0000000000000000e+00  6.2625856647929921e-04  nan  1  0  0  0.0000000000000000e+00  0.0000000000000000e+00  0
1.5279999999993399e+02  0.0000000000000000e+00  0.0000000000000000e+00  0  9.9621373669443680e-01  0.0000000000000000e+00  1.0161429986450712e-03  nan  1  0  0  0.0000000000000000e+00  0.0000000000000000e+00  0
1.5359999999993300e+02  0.0000000000000000e+00  0.0000000000000000e+00  0  9.9622156790621719e-01  0.0000000000000000e+00  1.2720673537160655e-03  nan  1  0  0  0.0000000000000000e+00  0.0000000000000000e+00  0
1.5439999999993199e+02  0.0000000000000000e+00  0.0000000000000000e+00  0  9.9623503383238565e-01  0.0000000000000000e+00  1.3280639348542990e-03  nan  1  0  0  0.0000000000000000e+00  0.0000000000000000e+00  0
1.5519999999993101e+02  0.0000000000000000e+00  0.0000000000000000e+00  0  9.9624395072748095e-01  0.0000000000000000e+00  1.2892961304787297e-03  nan  1  0  0  0.0000000000000000e+00  0.0000000000000000e+00  0
1.5599999999993099e+02  0.0000000000000000e+00  0.0000000000000000e+00  0  9.9626018776215164e-01  0.0000000000000000e+00  1.1880476644563237e-03  nan  1  0  0  0.0000000000000000e+00  0.0000000000000000e+00  0
1.5679999999993001e+02  0.0000000000000000e+00  0.0000000000000000e+00  0  9.9632473096591534e-01  0.0000000000000000e+00  1.0355204196574870e-03  nan  1  0  0  0.0000000000000000e+00  0.0000000000000000e+00  0
1.5759999999992900e+02  0.0000000000000000e+00  0.0000000000000000e+00  0  9.9639725806059110e-01  0.0000000000000000e+00  8.2072106489827106e-04  nan  1  0  0  0.0000000000000000e+00  0.0000000000000000e+00  0
1.5839999999992801e+02  0.0000000000000000e+00  0.0000000000000000e+00  0  9.9642984462214845e-01  0.0000000000000000e+00  5.3930490261363303e-04  nan  1  0  0  0.0000000000000000e+00  0.0000000000000000e+00  0
1.5919999999992800e+02  0.0000000000000000e+00  0.0000000000000000e+00  0  9.9641294916477408e-01  0.0000000000000000e+00  3.7838248366947570e-04  nan  1  0  0  0.0000000000000000e+00  0.0000000000000000e+00  0
1.5999999999992701e+02  0.0000000000000000e+00  0.0000000000000000e+00  0  9.9636505830258937e-01  0.0000000000000000e+00  6.2908673079427975e-04  nan  1  0  0  0.0000000000000000e+00  0.0000000000000000e+00  0
1.6079999999992600e+02  0.0000000000000000e+00  0.0000000000000000e+00  0  9.9631565667804167e-01  0.0000000000000000e+00  7.7867947672080400e-04  nan  1  0  0  0.0000000000000000e+00  0.0000000000000000e+00  0
1.6159999999992601e+02  0.0000000000000000e+00  0.0000000000000000e+00  0  9.9625831202996173e-01  0.0000000000000000e+00  8.3904902177532961e-04  nan  1  0  0  0.0000000000000000e+00  0.0000000000000000e+00  0
1.6239999999992500e+02  0.0000000000000000e+00  0.0000000000000000e+00  0  9.9619346233508665e-01  0.0000000000000000e+00  8.5355293469803288e-04  nan  1  0  0  0.0000000000000000e+00  0.0000000000000000e+00  0
1.6319999999992399e+02  0.0000000000000000e+00  0.0000000000000000e+00  0  9.9615188477996752e-01  0.0000000000000000e+00  1.0428432800131614e-03  nan  1  0  0  0.0000000000000000e+00  0.0000000000000000e+00  0
1.6399999999992301e+02  0.0000000000000000e+00  0.0000000000000000e+00  0  9.9614265978801286e-01  0.0000000000000000e+00  1.2178055476519767e-03  nan  1  0  0  0.0000000000000000e+00  0.0000000000000000e+00  0
1.6479999999992299e+02  0.0000000000000000e+00  0.0000000000000000e+00  0  9.9614471851180797e-01  0.0000000000000000e+00  1.1976310207049020e-03  nan  1  0  0  0.0000000000000000e+00  0.0000000000000000e+00  0
1.6559999999992201e+02  0.0000000000000000e+00  0.0000000000000000e+00  0  9.9619200156765031e-01  0.0000000000000000e+00  1.0490273422535635e-03  nan  1  0  0  0.0000000000000000e+00  0.0000000000000000e+00  0
1.6639999999992099e+02  0.0000000000000000e+00  0.0000000000000000e+00  0  9.9626081863443039e-01  0.0000000000000000e+00  8.4612227496366863e-04  nan  1  0  0  0.0000000000000000e+00  0.0000000000000000e+00  0
1.6719999999992001e+02  0.0000000000000000e+00  0.0000000000000000e+00  0  9.9632411427797818e-01  0.0000000000000000e+00  6.6451443020314280e-04  nan  1  0  0  0.0000000000000000e+00  0.0000000000000000e+00  0
1.6799999999991999e+02  0.0000000000000000e+00  0.0000000000000000e+00  0  9.9634328676486750e-01  0.0000000000000000e+00  6.0359430761066496e-04  nan  1  0  0  0.0000000000000000e+00  0.0000000000000000e+00  0
1.6879999999991901e+02  0.0000000000000000e+00  0.0000000000000000e+00  0  9.9634301194805119e-01  0.0000000000000000e+00  4.5449188278253003e-04  nan  1  0  0  0.0000000000000000e+00  0.0000000000000000e+00  0
1.6959999999991800e+02  0.0000000000000000e+00  0.0000000000000000e+00  0  9.9633750946980459e-01  0.0000000000000000e+00  2.5005778300445374e-04  nan  1  0  0  0.0000000000000000e+00  0.0000000000000000e+00  0
1.7039999999991801e+02  0.0000000000000000e+00  0.0000000000000000e+00  0  9.9633485670834054e-01  0.0000000000000000e+00  3.0886010413013187e-04  nan  1  0  0  0.0000000000000000e+00  0.0000000000000000e+00  0
1.7119999999991700e+02  0.0000000000000000e+00  0.0000000000000000e+00  0  9.9631565372258912e-01  0.0000000000000000e+00  5.7511541923953280e-04  nan  1  0  0  0.0000000000000000e+00  0.0000000000000000e+00  0
1.7199999999991601e+02  0.0000000000000000e+00  0.0000000000000000e+00  0  9.9627621611040740e-01  0.0000000000000000e+00  7.4044235262642991e-04  nan  1  0  0  0.0000000000000000e+00  0.0000000000000000e+00  0
1.7279999999991500e+02  0.0000000000000000e+00  0.0000000000000000e+00  0  9.9623926100009030e-01  0.0000000000000000e+00  9.0081678723852787e-04  nan  1  0  0  0.0000000000000000e+00  0.0000000000000000e+00  0
1.7359999999991501e+02  0.0000000000000000e+00  0.0000000000000000e+00  0  9.9622245505810314e-01  0.0000000000000000e+00  1.0787942124207322e-03  nan  1  0  0  0.0000000000000000e+00  0.0000000000000000e+00  0
1.7439999999991400e+02  0.0000000000000000e+00  0.0000000000000000e+00  0  9.9622133629574583e-01  0.0000000000000000e+00  1.2837406227408856e-03  nan  1  0  0  0.0000000000000000e+00  0.0000000000000000e+00  0
1.7519999999991299e+02  0.0000000000000000e+00  0.0000000000000000e+00  0  9.9625490326937327e-01  0.0000000000000000e+00  1.3593615685908358e-03  nan  1  0  0  0.0000000000000000e+00  0.0000000000000000e+00  0
1.7599999999991201e+02  0.0000000000000000e+00  0.0000000000000000e+00  0  9.9630575519837694e-01  0.0000000000000000e+00  1.2140321597818220e-03  nan  1  0  0  0.0000000000000000e+00  0.0000000000000000e+00  0
1.7679999999991199e+02  0.0000000000000000e+00  0.0000000000000000e+00  0  9.9633431190444499e-01  0.0000000000000000e+00  9.5924285691580298e-04  nan  1  0  0  0.0000000000000000e+00  0.0000000000000000e+00  0
1.7759999999991101e+02  0.0000000000000000e+00  0.0000000000000000e+00  0  9.9634509126653548e-01  0.0000000000000000e+00  6.7503113438242628e-04  nan  1  0  0  0.0000000000000000e+00  0.0000000000000000e+00  0
1.7839999999990999e+02  0.0000000000000000e+00  0.0000000000000000e+00  0  9.9635735295097749e-01  0.0000000000000000e+00  4.5496114898716547e-04  nan  1  0  0  0.0000000000000000e+00  0.0000000000000000e+00  0
1.7919999999991001e+02  0.0000000000000000e+00  0.0000000000000000e+00  0  9.9636411423199589e-01  0.0000000000000000e+00  3.1147497651448408e-04  nan  1  0  0  0.0000000000000000e+00  0.0000000000000000e+00  0
1.7999999999990899e+02  0.0000000000000000e+00  0.0000000000000000e+00  0  9.9635361248045928e-01  0.0000000000000000e+00  2.2609612714207412e-04  nan  1  0  0  0.0000000000000000e+00  0.0000000000000000e+00  0
1.8079999999990801e+02  0.0000000000000000e+00  0.0000000000000000e+00  0  9.9630474204296948e-01  0.0000000000000000e+00  6.4918833885317998e-04  nan  1  0  0  0.0000000000000000e+00  0.0000000000000000e+00  0
1.8159999999990700e+02  0.0000000000000000e+00  0.0000000000000000e+00  0  9.9624464373558841e-01  0.0000000000000000e+00  9.4185176253498508e-04  nan  1  0  0  0.0000000000000000e+00  0.0000000000000000e+00  0
1.8239999999990701e+02  0.0000000000000000e+00  0.0000000000000000e+00  0  9.9621532634144982e-01  0.0000000000000000e+00  1.0311620405681343e-03  nan  1  0  0  0.0000000000000000e+00  0.0000000000000000e+00  0
1.8319999999990600e+02  0.0000000000000000e+00  0.0000000000000000e+00  0  9.9619276338533835e-01  0.0000000000000000e+00  9.8035393698268935e-04  nan  1  0  0  0.0000000000000000e+00  0.0000000000000000e+00  0
1.8399999999990499e+02  0.0000000000000000e+00  0.0000000000000000e+00  0  9.9618507571341097e-01  0.0000000000000000e+00  8.6759876915564144e-04  nan  1  0  0  0.0000000000000000e+00  0.0000000000000000e+00  0
1.8479999999990400e+02  0.0000000000000000e+00  0.0000000000000000e+00  0  9.9620903025809227e-01  0.0000000000000000e+00  8.4349530308844788e-04  nan  1  0  0  0.0000000000000000e+00  0.0000000000000000e+00  0
1.8559999999990401e+02  0.0000000000000000e+00  0.0000000000000000e+00  0  9.9622820880229190e-01  0.0000000000000000e+00  9.9954519049457314e-04  nan  1  0  0  0.0000000000000000e+00  0.0000000000000000e+00  0
1.8639999999990300e+02  0.0000000000000000e+00  0.0000000000000000e+00  0  9.9625668570288317e-01  0.0000000000000000e+00  1.0097727073251574e-03  nan  1  0  0  0.0000000000000000e+00  0.0000000000000000e+00  0
1.8719999999990199e+02  0.0000000000000000e+00  0.0000000000000000e+00  0  9.9628913817260800e-01  0.0000000000000000e+00  8.5366041249710051e-04  nan  1  0  0  0.0000000000000000e+00  0.0000000000000000e+00  0
1.8799999999990200e+02  0.0000000000000000e+00  0.0000000000000000e+00  0  9.9632036077538044e-01  0.0000000000000000e+00  6.5290852344979827e-04  nan  1  0  0  0.0000000000000000e+00  0.0000000000000000e+00  0
1.8879999999990099e+02  0.0000000000000000e+00  0.0000000000000000e+00  0  9.9633837684062165e-01  0.0000000000000000e+00  4.5530136011355255e-04  nan  1  0  0  0.0000000000000000e+00  0.0000000000000000e+00  0
1.8959999999990001e+02  0.0000000000000000e+00  0.0000000000000000e+00  0  9.9631813214608933e-01  0.0000000000000000e+00  3.1899254221675282e-04  nan  1  0  0  0.0000000000000000e+00  0.0000000000000000e+00  0
1.9039999999989899e+02  0.0000000000000000e+00  0.0000000000000000e+00  0  9.9627931243125278e-01  0.0000000000000000e+00  4.7038956683577725e-04  nan  1  0  0  0.0000000000000000e+00  0.0000000000000000e+00  0
1.9119999999989901e+02  0.0000000000000000e+00  0.0000000000000000e+00  0  9.9627821920748738e-01  0.0000000000000000e+00  4.8215197837357779e-04  nan  1  0  0  0.0000000000000000e+00  0.0000000000000000e+00  0
1.9199999999989799e+02  0.0000000000000000e+00  0.0000000000000000e+00  0  9.9625069949640699e-01  0.0000000000000000e+00  6.4898728343873219e-04  nan  1  0  0  0.0000000000000000e+00  0.0000000000000000e+00  0
1.9279999999989701e+02  0.0000000000000000e+00  0.0000000000000000e+00  0  9.9622785959390403e-01  0.0000000000000000e+00  9.7578877476276686e-04  nan  1  0  0  0.0000000000000000e+00  0.0000000000000000e+00  0
1.9359999999989600e+02  0.0000000000000000e+00  0.0000000000000000e+00  0  9.9624306492143566e-01  0.0000000000000000e+00  1.1143620682652266e-03  nan  1  0  0  0.0000000000000000e+00  0.0000000000000000e+00  0
1.9439999999989601e+02  0.0000000000000000e+00  0.0000000000000000e+00  0  9.9625425070533202e-01  0.0000000000000000e+00  1.1462013722992163e-03  nan  1  0  0  0.0000000000000000e+00  0.0000000000000000e+00  0
1.9519999999989500e+02  0.0000000000000000e+00  0.0000000000000000e+00  0  9.9626802795660341e-01  0.0000000000000000e+00  1.1391011096573984e-03  nan  1  0  0  0.0000000000000000e+00  0.0000000000000000e+00  0
1.9599999999989399e+02  0.0000000000000000e+00  0.0000000000000000e+00  0  9.9629604525010218e-01  0.0000000000000000e+00  1.0973528673185210e-03  nan  1  0  0  0.0000000000000000e+00  0.0000000000000000e+00  0
1.9679999999989400e+02  0.0000000000000000e+00  0.0000000000000000e+00  0  9.9635299977114833e-01  0.0000000000000000e+00  1.0050471119313878e-03  nan  1  0  0  0.0000000000000000e+00  0.0000000000000000e+00  0
1.9759999999989299e+02  0.0000000000000000e+00  0.0000000000000000e+00  0  9.9640290199167403e-01  0.0000000000000000e+00  7.7157234051563402e-04  nan  1  0  0  0.0000000000000000e+00  0.0000000000000000e+00  0
1.9839999999989200e+02  0.0000000000000000e+00  0.0000000000000000e+00  0  9.9640692147428578e-01  0.0000000000000000e+00  5.2607215492432927e-04  nan  1  0  0  0.0000000000000000e+00  0.0000000000000000e+00  0
1.9919999999989099e+02  0.0000000000000000e+00  0.0000000000000000e+00  0  9.9637295995849096e-01  0.0000000000000000e+00  3.7909642819914757e-04  nan  1  0  0  0.0000000000000000e+00  0.0000000000000000e+00  0
1.9999999999989100e+02  0.0000000000000000e+00  0.0000000000000000e+00  0  9.9632617889813579e-01  0.0000000000000000e+00  3.8666641984090122e-04  nan  1  0  0  0.0000000000000000e+00  0.0000000000000000e+00  0
2.0000499999989100e+02  0.0000000000000000e+00  0.0000000000000000e+00  0  9.9632605054163748e-01  0.0000000000000000e+00  3.8743555449773933e-04  nan  1  0  0  0.0000000000000000e+00  0.0000000000000000e+00  0
