# time  core_x_canon  core_y_canon  core_z_canon  peak_canon  core_x_phantom  core_y_phantom  core_z_phantom  peak_phantom  coord_sep  proper_sep  px_canon  px_phantom  px_total  shift_x_canon  shift_x_phantom  max_abs_shift
0.0000000000000000e+00  3.2000000000000000e+01  3.2000000000000000e+01  3.2000000000000000e+01  2.4729142332570161e-02  nan  nan  nan  nan  nan  nan  0.0000000000000000e+00  nan  nan  0.0000000000000000e+00  nan  0.0000000000000000e+00
8.0000000000000104e-01  3.2000000000000000e+01  3.1999999999999993e+01  3.2000000000000000e+01  2.4731833868726946e-02  nan  nan  nan  nan  nan  nan  7.4538899358378430e-20  nan  nan  4.3460419629463757e-07  nan  1.2880680933567580e-05
1.5999999999999901e+00  3.2000000000000007e+01  3.2000000000000000e+01  3.2000000000000000e+01  2.4699195960747253e-02  nan  nan  nan  nan  nan  nan  2.0328790734103208e-19  nan  nan  -1.9510560833602820e-06  nan  2.2938993636512011e-05
2.3999999999999702e+00  3.2000000000000000e+01  3.2000000000000000e+01  3.2000000000000000e+01  2.4591855999977777e-02  nan  nan  nan  nan  nan  nan  3.1170812458958252e-19  nan  nan  -3.1459742234449407e-06  nan  5.4751453077502739e-05
3.1999999999999500e+00  3.1999999999999993e+01  3.2000000000000000e+01  3.2000000000000000e+01  2.4508902178281000e-02  nan  nan  nan  nan  nan  nan  5.1499603193061461e-19  nan  nan  3.8139658514657221e-05  nan  9.0860525284439637e-05
3.9999999999999400e+00  3.1999999999999993e+01  3.1999999999999993e+01  3.2000000000000000e+01  2.4522370990352302e-02  nan  nan  nan  nan  nan  nan  6.2341624917916505e-19  nan  nan  -1.2027999388816446e-04  nan  1.7867801025632201e-04
4.7999999999999199e+00  3.1999999999999993e+01  3.2000000000000000e+01  3.2000000000000000e+01  2.4619108435972235e-02  nan  nan  nan  nan  nan  nan  6.7762635780344027e-19  nan  nan  -1.2633487382079526e-04  nan  1.2759990316798449e-04
5.5999999999999002e+00  3.2000000000000000e+01  3.2000000000000007e+01  3.2000000000000000e+01  2.4705487649968584e-02  nan  nan  nan  nan  nan  nan  7.5894152073985310e-19  nan  nan  -1.3594000966867136e-04  nan  1.4426189946586693e-04
6.3999999999998902e+00  3.2000000000000000e+01  3.2000000000000000e+01  3.2000000000000000e+01  2.4692875705005102e-02  nan  nan  nan  nan  nan  nan  7.5894152073985310e-19  nan  nan  -1.5965481729277896e-04  nan  1.6154834295754075e-04
7.1999999999998696e+00  3.2000000000000000e+01  3.2000000000000000e+01  3.2000000000000000e+01  2.4633136666416519e-02  nan  nan  nan  nan  nan  nan  2.7105054312137611e-19  nan  nan  1.9912900554260805e-04  nan  2.0434027425147186e-04
7.9999999999998499e+00  3.2000000000000000e+01  3.2000000000000000e+01  3.2000000000000000e+01  2.4601577254962766e-02  nan  nan  nan  nan  nan  nan  -1.7347234759768071e-18  nan  nan  -2.4612685434462987e-04  nan  2.4898437251510530e-04
8.7999999999999794e+00  3.1999999999999993e+01  3.2000000000000000e+01  3.2000000000000000e+01  2.4635542426264607e-02  nan  nan  nan  nan  nan  nan  -1.8702487475374951e-17  nan  nan  -2.8410258172399498e-04  nan  2.8410259996978349e-04
9.6000000000000991e+00  3.2000000000000007e+01  3.2000000000000007e+01  3.2000000000000000e+01  2.4680564452740195e-02  nan  nan  nan  nan  nan  nan  -5.5836411883003478e-18  nan  nan  3.1086322766993947e-04  nan  3.1104697879180438e-04
1.0400000000000199e+01  3.1999999999999993e+01  3.2000000000000000e+01  3.2000000000000000e+01  2.4664440010819355e-02  nan  nan  nan  nan  nan  nan  -7.8593815483474216e-16  nan  nan  -3.4371557692032301e-04  nan  3.4458743302610828e-04
1.1200000000000401e+01  3.2000000000000007e+01  3.2000000000000007e+01  3.2000000000000007e+01  2.4600138662228599e-02  nan  nan  nan  nan  nan  nan  -4.1309186973870204e-15  nan  nan  4.0185412466231887e-04  nan  4.0214713713156760e-04
1.2000000000000499e+01  3.2000000000000014e+01  3.2000000000000000e+01  3.2000000000000000e+01  2.4567377762957195e-02  nan  nan  nan  nan  nan  nan  1.9266164184850165e-14  nan  nan  -4.5794187835774289e-04  nan  4.5795637278173357e-04
1.2800000000000599e+01  3.2000000000000000e+01  3.2000000000000007e+01  3.2000000000000000e+01  2.4602253232652520e-02  nan  nan  nan  nan  nan  nan  -3.5162888226136779e-13  nan  nan  -5.0501294699975064e-04  nan  5.0501457565845084e-04
1.3600000000000700e+01  3.1999999999998678e+01  3.2000000000000000e+01  3.2000000000000000e+01  2.4654723904616753e-02  nan  nan  nan  nan  nan  nan  4.8260711833086889e-13  nan  nan  -5.4268117140414797e-04  nan  5.4400045941637137e-04
1.4400000000000899e+01  3.2000000000000639e+01  3.2000000000000007e+01  3.2000000000000000e+01  2.4652004883895139e-02  nan  nan  nan  nan  nan  nan  2.6061125913551253e-12  nan  nan  -5.8730045878133672e-04  nan  5.8797434803475716e-04
1.5200000000000999e+01  3.2000000000103491e+01  3.2000000000000007e+01  3.2000000000000007e+01  2.4602144889562447e-02  nan  nan  nan  nan  nan  nan  -1.5521244229113607e-12  nan  nan  6.4308702368438006e-04  nan  6.4546402029881623e-04
1.6000000000001101e+01  3.1999999997931344e+01  3.1999999999999968e+01  3.1999999999999993e+01  2.4577029359646754e-02  nan  nan  nan  nan  nan  nan  -6.7182676522642426e-11  nan  nan  7.0747384658175199e-04  nan  7.0748306635795631e-04
1.6800000000000900e+01  3.2000000009843511e+01  3.1999999999998778e+01  3.1999999999999901e+01  2.4600737947856974e-02  nan  nan  nan  nan  nan  nan  -3.9533843950237402e-10  nan  nan  -7.6128877722093956e-04  nan  7.6128972696621830e-04
1.7600000000000801e+01  3.1999999433800607e+01  3.2000000000006217e+01  3.2000000000000405e+01  2.4639121020283521e-02  nan  nan  nan  nan  nan  nan  9.5093423402563965e-10  nan  nan  8.1233585958127136e-04  nan  8.1233662528425741e-04
1.8400000000000599e+01  3.1999998328591904e+01  3.2000000000061654e+01  3.2000000000005677e+01  2.4634655780803014e-02  nan  nan  nan  nan  nan  nan  2.2104350982628598e-08  nan  nan  -8.7501541022056036e-04  nan  8.7501591681136222e-04
1.9200000000000500e+01  3.2000007818423221e+01  3.1999999998601858e+01  3.1999999999879975e+01  2.4582506436109510e-02  nan  nan  nan  nan  nan  nan  7.7633331740478533e-08  nan  nan  9.5236559252695637e-04  nan  9.5236583150003044e-04
2.0000000000000298e+01  3.2000028549555957e+01  3.2000000009657427e+01  3.2000000000855820e+01  2.4548385648498438e-02  nan  nan  nan  nan  nan  nan  1.5409295930674145e-07  nan  nan  -1.0279272555382894e-03  nan  1.0279283891092550e-03
2.0800000000000100e+01  3.2000043385380927e+01  3.1999999690820939e+01  3.1999999973452688e+01  2.4562868609236049e-02  nan  nan  nan  nan  nan  nan  2.2816209845847452e-07  nan  nan  -1.0974100823153529e-03  nan  1.0974101411653765e-03
2.1600000000000001e+01  3.2000048284580792e+01  3.1999999407483720e+01  3.1999999979779489e+01  2.4592092965975039e-02  nan  nan  nan  nan  nan  nan  2.7833289427772225e-07  nan  nan  -1.1700557504945343e-03  nan  1.1700608797853289e-03
2.2399999999999800e+01  3.2000054424230179e+01  3.2000004834771254e+01  3.2000000936635523e+01  2.4587297736768637e-02  nan  nan  nan  nan  nan  nan  2.9411151599074460e-07  nan  nan  -1.2582509033398910e-03  nan  1.2586960749402108e-03
2.3199999999999701e+01  3.2000062125781142e+01  3.2000012853031414e+01  3.2000003261309892e+01  2.4533408245969966e-02  nan  nan  nan  nan  nan  nan  2.8962231901673643e-07  nan  nan  1.3579520089198889e-03  nan  1.3601552854167753e-03
2.3999999999999499e+01  3.2000064710037840e+01  3.2000019742567673e+01  3.2000005549093892e+01  2.4490233702472081e-02  nan  nan  nan  nan  nan  nan  2.8419350390140527e-07  nan  nan  -1.4673512860037840e-03  nan  1.4673569024616360e-03
2.4799999999999400e+01  3.2000065106150103e+01  3.2000031897870542e+01  3.2000007949254076e+01  2.4478082525465052e-02  nan  nan  nan  nan  nan  nan  3.0239821376489874e-07  nan  nan  -1.5711927633150866e-03  nan  1.5728996616184202e-03
2.5599999999999199e+01  3.2000062922147826e+01  3.2000045467473022e+01  3.2000011285068858e+01  2.4480452761349400e-02  nan  nan  nan  nan  nan  nan  3.5029575874072176e-07  nan  nan  -1.6897312989506100e-03  nan  1.6902819788316705e-03
2.6399999999999000e+01  3.2000058892404219e+01  3.2000056973979262e+01  3.2000014125265082e+01  2.4445598054139466e-02  nan  nan  nan  nan  nan  nan  4.0908689945599007e-07  nan  nan  -1.8434503133947368e-03  nan  1.8435161562723901e-03
2.7199999999998902e+01  3.2000068619711733e+01  3.2000067439076183e+01  3.2000015896816294e+01  2.4386428383904271e-02  nan  nan  nan  nan  nan  nan  4.5427504088459136e-07  nan  nan  -2.0029532798484110e-03  nan  2.0029561263684229e-03
2.7999999999998700e+01  3.2000101969500129e+01  3.2000082585145016e+01  3.2000017516158287e+01  2.4291171191610905e-02  nan  nan  nan  nan  nan  nan  4.6257329348138240e-07  nan  nan  -2.1817953226321803e-03  nan  2.1860765801092323e-03
2.8799999999998601e+01  3.2000099232513442e+01  3.2000086980315572e+01  3.2000019421717909e+01  2.4198332815135747e-02  nan  nan  nan  nan  nan  nan  4.4376610143980963e-07  nan  nan  -2.3931536762659515e-03  nan  2.3935101641152120e-03
2.9599999999998399e+01  3.2000110805479366e+01  3.2000096058695711e+01  3.2000021344756988e+01  2.4115543338513554e-02  nan  nan  nan  nan  nan  nan  4.1833916628085735e-07  nan  nan  -2.6412200943275841e-03  nan  2.6447470834958585e-03
3.0399999999998201e+01  3.2000122173277461e+01  3.2000104476758096e+01  3.2000023238165511e+01  2.3943924949667589e-02  nan  nan  nan  nan  nan  nan  3.8896968709064422e-07  nan  nan  2.9438921622127181e-03  nan  2.9662020704716032e-03
3.1199999999998099e+01  3.2000146514343498e+01  3.2000135637295237e+01  3.2000027388171510e+01  2.3641847067310300e-02  nan  nan  nan  nan  nan  nan  3.5629010443306505e-07  nan  nan  -3.3506114690090051e-03  nan  3.3747750661287986e-03
3.1999999999997900e+01  3.2000140529544723e+01  3.2000119299999362e+01  3.2000026974814368e+01  2.4122837725394954e-02  nan  nan  nan  nan  nan  nan  3.2214490283503927e-07  nan  nan  3.0447680113964830e-04  nan  3.8828887897614647e-03
3.2799999999998299e+01  3.2000175197987083e+01  3.2000145597093642e+01  3.2000037472453300e+01  2.4438215654031571e-02  nan  nan  nan  nan  nan  nan  2.8685473220206592e-07  nan  nan  3.3309043320504348e-04  nan  4.4744554222595906e-03
3.3599999999998701e+01  3.2000150695631866e+01  3.2000131100542923e+01  3.2000029663826076e+01  2.4767210302471893e-02  nan  nan  nan  nan  nan  nan  2.5053494782847213e-07  nan  nan  3.5023176924551999e-04  nan  5.1127420889789874e-03
3.4399999999999103e+01  3.2000174282482988e+01  3.2000143620180786e+01  3.2000030618307832e+01  2.5124706535260850e-02  nan  nan  nan  nan  nan  nan  2.1425596689883530e-07  nan  nan  3.6611709099965346e-04  nan  5.7208602865696651e-03
3.5199999999999598e+01  3.2000161073338738e+01  3.2000149186014859e+01  3.2000031270948057e+01  2.5606231843860995e-02  nan  nan  nan  nan  nan  nan  1.8262022373049386e-07  nan  nan  3.8976031283194151e-04  nan  6.3244702514470832e-03
3.6000000000000000e+01  3.2000164713652829e+01  3.2000143112283283e+01  3.2000031930943862e+01  2.6077611066329779e-02  nan  nan  nan  nan  nan  nan  1.6072896637546116e-07  nan  nan  4.2656305599268534e-04  nan  6.8531433435717777e-03
3.6800000000000402e+01  3.2000167940711975e+01  3.2000146477768439e+01  3.2000032653401874e+01  2.6369783443005099e-02  nan  nan  nan  nan  nan  nan  1.4826572988964337e-07  nan  nan  4.7582178815907254e-04  nan  6.9787875407719144e-03
3.7600000000000797e+01  3.2000171273875118e+01  3.2000149920663851e+01  3.2000033384986310e+01  2.6475542207469761e-02  nan  nan  nan  nan  nan  nan  1.4146729466167629e-07  nan  nan  5.2828755866836039e-04  nan  6.5180059298418948e-03
3.8400000000001199e+01  3.2000208400530461e+01  3.2000161556280098e+01  3.2000033981172116e+01  2.6394378195224819e-02  nan  nan  nan  nan  nan  nan  1.3696226763620575e-07  nan  nan  5.3394998726373835e-04  nan  5.4977439087554843e-03
3.9200000000001602e+01  3.2000178162912285e+01  3.2000156411771044e+01  3.2000034593609669e+01  2.5877830499221047e-02  nan  nan  nan  nan  nan  nan  1.3393900142349871e-07  nan  nan  4.1710421792986969e-04  nan  4.0061040318860571e-03
4.0000000000001997e+01  3.2000185677900014e+01  3.2000167464476704e+01  3.2000035574059780e+01  2.4589964737114754e-02  nan  nan  nan  nan  nan  nan  1.3377544927101886e-07  nan  nan  2.2743142720373181e-04  nan  2.5986677537407060e-03
4.0800000000002399e+01  3.2000184701654092e+01  3.2000165731537876e+01  3.2000036844481080e+01  2.2520473707261218e-02  nan  nan  nan  nan  nan  nan  1.3692241283705733e-07  nan  nan  4.6996820666171110e-05  nan  2.5767773267363616e-03
4.1600000000002801e+01  3.2000188524252273e+01  3.2000169868308689e+01  3.2000037936174337e+01  2.0318164749953585e-02  nan  nan  nan  nan  nan  nan  1.4262524976327295e-07  nan  nan  -9.6883198782199889e-05  nan  2.3154303700509728e-03
4.2400000000003203e+01  3.2000191688821289e+01  3.2000172503800016e+01  3.2000038501331197e+01  2.0012039414700554e-02  nan  nan  nan  nan  nan  nan  1.5013860887869157e-07  nan  nan  -1.7146400195745169e-04  nan  1.8779309038099413e-03
4.3200000000003598e+01  3.2000194911055054e+01  3.2000174516699538e+01  3.2000038803626708e+01  2.0648934652382881e-02  nan  nan  nan  nan  nan  nan  1.5988087969341647e-07  nan  nan  -1.5794964815678551e-04  nan  1.8709507188959709e-03
4.4000000000004100e+01  3.2000199451584251e+01  3.2000177300178315e+01  3.2000039430472100e+01  2.1345049019571547e-02  nan  nan  nan  nan  nan  nan  1.7091978499108457e-07  nan  nan  -1.3855991589188963e-04  nan  1.8187384803774811e-03
4.4800000000004502e+01  3.2000219805454172e+01  3.2000194604279756e+01  3.2000047332483696e+01  2.2014656645043575e-02  nan  nan  nan  nan  nan  nan  1.8182537073327051e-07  nan  nan  -1.2020785482201163e-04  nan  1.6113885529034349e-03
4.5600000000004897e+01  3.2000272081631856e+01  3.2000198878968590e+01  3.2000045280805864e+01  2.2788411170409865e-02  nan  nan  nan  nan  nan  nan  1.9250566344990172e-07  nan  nan  -1.0272367016633479e-04  nan  1.3508548999586600e-03
4.6400000000005299e+01  3.2000214959509535e+01  3.2000189859267572e+01  3.2000042171017796e+01  2.4107504440275221e-02  nan  nan  nan  nan  nan  nan  2.0309805668760478e-07  nan  nan  8.4530047895221432e-05  nan  1.5258818518815471e-03
4.7200000000005701e+01  3.2000217321488130e+01  3.2000194368058835e+01  3.2000043158952465e+01  2.6646494287509200e-02  nan  nan  nan  nan  nan  nan  2.1318125790613807e-07  nan  nan  4.4819012084428418e-04  nan  1.9564865206188856e-03
4.8000000000006096e+01  3.2000223668664262e+01  3.2000199366877297e+01  3.2000044226395950e+01  2.9185219003934417e-02  nan  nan  nan  nan  nan  nan  2.2241144578675522e-07  nan  nan  4.9002486300823078e-04  nan  2.1512035748274816e-03
4.8800000000006499e+01  3.2000262050130736e+01  3.2000213596271330e+01  3.2000045680995143e+01  2.8053077938501036e-02  nan  nan  nan  nan  nan  nan  2.3098176972751600e-07  nan  nan  -3.9100716458974002e-04  nan  1.6872226258398365e-03
4.9600000000006901e+01  3.2000248305304574e+01  3.2000253201133333e+01  3.2000053949993848e+01  2.4542154573814663e-02  nan  nan  nan  nan  nan  nan  2.3932201522348234e-07  nan  nan  2.3163978176428588e-05  nan  1.2182120024564938e-03
5.0400000000007303e+01  3.2000255205294046e+01  3.2000219199530484e+01  3.2000048549533794e+01  2.2830356447196269e-02  nan  nan  nan  nan  nan  nan  2.4771573956395686e-07  nan  nan  1.7094867296578508e-05  nan  1.0610475529176232e-03
5.1200000000007698e+01  3.2000259285063869e+01  3.2000223891570514e+01  3.2000049599191364e+01  2.3001055907965660e-02  nan  nan  nan  nan  nan  nan  2.5573600611087863e-07  nan  nan  1.4467058570156722e-04  nan  1.4205382993602727e-03
5.2000000000008100e+01  3.2000264817045455e+01  3.2000250526429227e+01  3.2000050638367050e+01  2.3498453530592399e-02  nan  nan  nan  nan  nan  nan  2.6303250095344698e-07  nan  nan  -1.7822751056207893e-04  nan  1.5023285277188506e-03
5.2800000000008602e+01  3.2000284600673297e+01  3.2000254092276656e+01  3.2000056452636628e+01  2.3267446860507652e-02  nan  nan  nan  nan  nan  nan  2.6946082055208029e-07  nan  nan  5.8150111165502663e-05  nan  1.3605702665705488e-03
5.3600000000008997e+01  3.2000302477961696e+01  3.2000243559951691e+01  3.2000054732521683e+01  2.2779164993165887e-02  nan  nan  nan  nan  nan  nan  2.7456542204228052e-07  nan  nan  1.2215568868567211e-04  nan  1.4033090114907605e-03
5.4400000000009399e+01  3.2000288994850230e+01  3.2000256081964082e+01  3.2000057849234402e+01  2.2282440700252155e-02  nan  nan  nan  nan  nan  nan  2.7784553807588645e-07  nan  nan  1.3406326753500686e-04  nan  1.7557371389581692e-03
5.5200000000009801e+01  3.2000288318355551e+01  3.2000254316385522e+01  3.2000055756846919e+01  2.2424631678751965e-02  nan  nan  nan  nan  nan  nan  2.7959625026286947e-07  nan  nan  1.0672776836512726e-04  nan  2.3480507305095604e-03
5.6000000000010203e+01  3.2000293808848149e+01  3.2000259378472684e+01  3.2000056767648175e+01  2.3827832539554089e-02  nan  nan  nan  nan  nan  nan  2.8071980660111448e-07  nan  nan  -6.2925464065654202e-04  nan  2.7642233290264273e-03
5.6800000000010598e+01  3.2000301326589948e+01  3.2000325962730948e+01  3.2000068974470622e+01  2.6377032787558121e-02  nan  nan  nan  nan  nan  nan  2.8185996644829181e-07  nan  nan  3.0215374982520284e-04  nan  2.9367393046513960e-03
5.7600000000011001e+01  3.2000344228641652e+01  3.2000271322861892e+01  3.2000059230014713e+01  2.7953355796223801e-02  nan  nan  nan  nan  nan  nan  2.8311868813718282e-07  nan  nan  5.0543340054846962e-04  nan  2.9282933560661598e-03
5.8400000000011403e+01  3.2000317151901797e+01  3.2000281308860352e+01  3.2000061443229590e+01  2.5409084216642674e-02  nan  nan  nan  nan  nan  nan  2.8390571558500714e-07  nan  nan  1.6158041454786542e-04  nan  2.2399724472096589e-03
5.9200000000011798e+01  3.2000331700553595e+01  3.2000299631676135e+01  3.2000063274371506e+01  2.3327790379753886e-02  nan  nan  nan  nan  nan  nan  2.8397748295613291e-07  nan  nan  -8.5365967859126791e-06  nan  1.5647253484939881e-03
6.0000000000012200e+01  3.2000342734522874e+01  3.2000300550795991e+01  3.2000069364078591e+01  2.2976029221050923e-02  nan  nan  nan  nan  nan  nan  2.8422193056650696e-07  nan  nan  -3.1149374300932123e-05  nan  1.1163048077157938e-03
6.0800000000012702e+01  3.2000339200853013e+01  3.2000305925999271e+01  3.2000066270093946e+01  2.3732050319280228e-02  nan  nan  nan  nan  nan  nan  2.8549443436285196e-07  nan  nan  -2.3874496342898865e-05  nan  8.5475721587337868e-04
6.1600000000013097e+01  3.2000344755054869e+01  3.2000308301339359e+01  3.2000067270583770e+01  2.3524352556783708e-02  nan  nan  nan  nan  nan  nan  2.8762290052181810e-07  nan  nan  -9.6151168660272660e-05  nan  9.3863341618687535e-04
6.2400000000013499e+01  3.2000368647055616e+01  3.2000321897778754e+01  3.2000068884655967e+01  2.2534113408343607e-02  nan  nan  nan  nan  nan  nan  2.8985428417215367e-07  nan  nan  -8.2312837037644654e-04  nan  1.3304874140966849e-03
6.3200000000013901e+01  3.2000360839281342e+01  3.2000322663373993e+01  3.2000070194978456e+01  2.2171231968925620e-02  nan  nan  nan  nan  nan  nan  2.9227044135403391e-07  nan  nan  -1.7729125792940756e-03  nan  1.9113427094034298e-03
6.4000000000014296e+01  3.2000380047523329e+01  3.2000341344100882e+01  3.2000073968452021e+01  2.2328654621375708e-02  nan  nan  nan  nan  nan  nan  2.9475983825575855e-07  nan  nan  -1.6878148491110063e-03  nan  2.1397103881708283e-03
6.4800000000013597e+01  3.2000396076302323e+01  3.2000349568278835e+01  3.2000074899652638e+01  2.3605390614464011e-02  nan  nan  nan  nan  nan  nan  2.9899380522445049e-07  nan  nan  -1.0849792464453198e-04  nan  2.0273830137409153e-03
6.5600000000012798e+01  3.2000381245055600e+01  3.2000339192705681e+01  3.2000073597099437e+01  2.6037734963411475e-02  nan  nan  nan  nan  nan  nan  3.1123991280535175e-07  nan  nan  -5.7702671369012207e-05  nan  1.6620273138119358e-03
6.6400000000012099e+01  3.2000391152134313e+01  3.2000347152447333e+01  3.2000075325647536e+01  2.7276664204717561e-02  nan  nan  nan  nan  nan  nan  3.2680456762274046e-07  nan  nan  -6.7962062420571286e-05  nan  1.6759313972591907e-03
6.7200000000011400e+01  3.2000403572145615e+01  3.2000357916233355e+01  3.2000077680393268e+01  2.5849200669914307e-02  nan  nan  nan  nan  nan  nan  3.4329964176656527e-07  nan  nan  -1.1597441501939667e-03  nan  1.3177482390911508e-03
6.8000000000010601e+01  3.2000415801888657e+01  3.2000366852871608e+01  3.2000079340283179e+01  2.4526807093136597e-02  nan  nan  nan  nan  nan  nan  3.5904901384974271e-07  nan  nan  1.4493376399770230e-03  nan  1.4717265363905596e-03
6.8800000000009902e+01  3.2000425744011984e+01  3.2000375855054322e+01  3.2000081348284482e+01  2.3794978612795233e-02  nan  nan  nan  nan  nan  nan  3.7089102310878218e-07  nan  nan  1.0298050669089759e-03  nan  1.2915515602501630e-03
6.9600000000009203e+01  3.2000454629636359e+01  3.2000415776038494e+01  3.2000084091069617e+01  2.4497324467288261e-02  nan  nan  nan  nan  nan  nan  3.7495934625654884e-07  nan  nan  -1.9513218285407756e-05  nan  9.4124025294840406e-04
7.0400000000008504e+01  3.2000444009506765e+01  3.2000393402810246e+01  3.2000084979800192e+01  2.4254219224571428e-02  nan  nan  nan  nan  nan  nan  3.6868432195483625e-07  nan  nan  1.1503067656734198e-05  nan  6.2070796475022770e-04
7.1200000000007705e+01  3.2000458503579935e+01  3.2000404524080750e+01  3.2000087661956442e+01  2.2788946607051074e-02  nan  nan  nan  nan  nan  nan  3.5275090657066032e-07  nan  nan  1.6189603481069933e-05  nan  5.4885908994883588e-04
7.2000000000007006e+01  3.2000464887699266e+01  3.2000436527275930e+01  3.2000098011795636e+01  2.1947747076912206e-02  nan  nan  nan  nan  nan  nan  3.3307820509651757e-07  nan  nan  2.3586320035415859e-04  nan  9.1585338706536045e-04
7.2800000000006307e+01  3.2000468573207307e+01  3.2000416593790597e+01  3.2000089816316347e+01  2.2272539245624036e-02  nan  nan  nan  nan  nan  nan  3.1250805937704622e-07  nan  nan  -5.3188551405981367e-05  nan  9.9586257383396681e-04
7.3600000000005593e+01  3.2000473263696747e+01  3.2000421352231491e+01  3.2000090772077371e+01  2.3534264296794352e-02  nan  nan  nan  nan  nan  nan  2.9388882236613609e-07  nan  nan  9.6844788882981817e-05  nan  1.4877849558558019e-03
7.4400000000004795e+01  3.2000478900926659e+01  3.2000426627714766e+01  3.2000091730102220e+01  2.4786679728254823e-02  nan  nan  nan  nan  nan  nan  2.8143015501380132e-07  nan  nan  1.4617278917824253e-04  nan  2.0978415773170961e-03
7.5200000000004096e+01  3.2000491459165609e+01  3.2000479370596324e+01  3.2000102110274682e+01  2.5333308048655849e-02  nan  nan  nan  nan  nan  nan  2.7517175878459706e-07  nan  nan  2.1860643285934777e-04  nan  2.4134332980997077e-03
7.6000000000003396e+01  3.2000494076476421e+01  3.2000460958045949e+01  3.2000099381516755e+01  2.5099436395610637e-02  nan  nan  nan  nan  nan  nan  2.7226441922376717e-07  nan  nan  2.7033303399825678e-04  nan  2.3143654558947938e-03
7.6800000000002598e+01  3.2000503988417016e+01  3.2000453212837733e+01  3.2000095944532283e+01  2.4602526464725372e-02  nan  nan  nan  nan  nan  nan  2.7101420204170799e-07  nan  nan  1.8265510107116675e-04  nan  2.0762573817225058e-03
7.7600000000001899e+01  3.2000509345757941e+01  3.2000490368987769e+01  3.2000101613578295e+01  2.4414665138781821e-02  nan  nan  nan  nan  nan  nan  2.6987634498844542e-07  nan  nan  1.0889099700356788e-04  nan  1.6939968670479971e-03
7.8400000000001199e+01  3.2000513459929920e+01  3.2000460231318925e+01  3.2000098501940521e+01  2.5214388232645352e-02  nan  nan  nan  nan  nan  nan  2.6682245191415009e-07  nan  nan  1.3221840112710649e-04  nan  1.1714396810930498e-03
7.9200000000000500e+01  3.2000550775640370e+01  3.2000467647915855e+01  3.2000100161777226e+01  2.5038313982166074e-02  nan  nan  nan  nan  nan  nan  2.6497775307363775e-07  nan  nan  6.7422304804291269e-05  nan  7.8639159689045861e-04
7.9999999999999702e+01  3.2000544517129086e+01  3.2000479644684241e+01  3.2000103090716479e+01  2.3260758023913544e-02  nan  nan  nan  nan  nan  nan  2.6361101478251936e-07  nan  nan  -8.2572440335559432e-05  nan  5.4906209004231975e-04
8.0799999999999002e+01  3.2000537791574850e+01  3.2000483082772774e+01  3.2000103081935862e+01  2.2078425197863360e-02  nan  nan  nan  nan  nan  nan  2.6658127592069439e-07  nan  nan  -1.2926780368244020e-04  nan  1.1117100778649052e-03
8.1599999999998303e+01  3.2000545413158669e+01  3.2000523899864994e+01  3.2000110745650566e+01  2.2140810116000383e-02  nan  nan  nan  nan  nan  nan  2.7391604267863051e-07  nan  nan  -1.3381770928743916e-04  nan  1.4595527725164183e-03
8.2399999999997505e+01  3.2000550659181549e+01  3.2000494158084315e+01  3.2000105273897681e+01  2.3242419402578540e-02  nan  nan  nan  nan  nan  nan  2.8392098589151080e-07  nan  nan  -9.9542085673985189e-05  nan  1.5327898852483418e-03
8.3199999999996805e+01  3.2000558391876488e+01  3.2000500628793446e+01  3.2000106522745476e+01  2.4293292863704331e-02  nan  nan  nan  nan  nan  nan  2.9587947898354616e-07  nan  nan  -7.9440359843640953e-05  nan  1.4438045163867705e-03
8.3999999999996106e+01  3.2000567330315889e+01  3.2000508809253112e+01  3.2000108181054031e+01  2.4580915973850898e-02  nan  nan  nan  nan  nan  nan  3.0824582901911243e-07  nan  nan  -9.9538596668591605e-05  nan  1.2469841482646940e-03
8.4799999999995407e+01  3.2000637634780020e+01  3.2000519774916185e+01  3.2000111121209223e+01  2.4272094040880671e-02  nan  nan  nan  nan  nan  nan  3.1952756649866049e-07  nan  nan  -8.6701073790589262e-04  nan  1.3221997860272466e-03
8.5599999999994594e+01  3.2000585878254249e+01  3.2000525444815032e+01  3.2000111477471805e+01  2.4445545945138720e-02  nan  nan  nan  nan  nan  nan  3.2982378632287826e-07  nan  nan  -1.4305771195775533e-03  nan  1.5202911011781305e-03
8.6399999999993895e+01  3.2000611625772166e+01  3.2000543194561210e+01  3.2000113055556049e+01  2.4844034644559664e-02  nan  nan  nan  nan  nan  nan  3.3816770178074843e-07  nan  nan  1.0692701764374089e-03  nan  1.4514787814238260e-03
8.7199999999993196e+01  3.2000604588293534e+01  3.2000540087882349e+01  3.2000114593013016e+01  2.5670431992557950e-02  nan  nan  nan  nan  nan  nan  3.4551658113128950e-07  nan  nan  -5.0779928631383497e-05  nan  1.2755901157941545e-03
8.7999999999992497e+01  3.2000617294511528e+01  3.2000565540768733e+01  3.2000120324737949e+01  2.5495931868846352e-02  nan  nan  nan  nan  nan  nan  3.5189259813147265e-07  nan  nan  -2.4526096807747374e-05  nan  1.0560286180035228e-03
8.8799999999991698e+01  3.2000646149715877e+01  3.2000567334698175e+01  3.2000123071924016e+01  2.3842300949510935e-02  nan  nan  nan  nan  nan  nan  3.5661295288307894e-07  nan  nan  -4.4980963406111750e-05  nan  8.0240986802062144e-04
8.9599999999990999e+01  3.2000653534260017e+01  3.2000584822106596e+01  3.2000123177393242e+01  2.2942973644763845e-02  nan  nan  nan  nan  nan  nan  3.6056416991827808e-07  nan  nan  -5.6484344169443459e-04  nan  5.7265063994053921e-04
9.0399999999990300e+01  3.2000735743547359e+01  3.2000612564351279e+01  3.2000129223301336e+01  2.2916760371785996e-02  nan  nan  nan  nan  nan  nan  3.6359622555023723e-07  nan  nan  -2.7431234123090315e-04  nan  6.9350066970461869e-04
9.1199999999989501e+01  3.2000658600786153e+01  3.2000605187544558e+01  3.2000129768724833e+01  2.3551932799751180e-02  nan  nan  nan  nan  nan  nan  3.6578670291461876e-07  nan  nan  2.4288384225835107e-05  nan  6.9616745629069992e-04
9.1999999999988802e+01  3.2000658906112015e+01  3.2000589656499535e+01  3.2000124640204554e+01  2.4137206230947061e-02  nan  nan  nan  nan  nan  nan  3.6845363277928332e-07  nan  nan  8.4059467715223867e-05  nan  8.1568091971335067e-04
9.2799999999988103e+01  3.2000704504329640e+01  3.2000606287066056e+01  3.2000126520600297e+01  2.3769888589729268e-02  nan  nan  nan  nan  nan  nan  3.7047813012790892e-07  nan  nan  1.0566675479984459e-04  nan  1.1978638464020231e-03
9.3599999999987403e+01  3.2000707624946536e+01  3.2000608693632749e+01  3.2000128417409250e+01  2.3165348104081260e-02  nan  nan  nan  nan  nan  nan  3.7174503971307022e-07  nan  nan  9.5392769387739429e-05  nan  1.4738166089499881e-03
9.4399999999986605e+01  3.2000693258566479e+01  3.2000649103634117e+01  3.2000141265296712e+01  2.3328898260661764e-02  nan  nan  nan  nan  nan  nan  3.7217730312194813e-07  nan  nan  1.0318254806837446e-04  nan  1.6686494078830241e-03
9.5199999999985906e+01  3.2000711702427481e+01  3.2000644539498644e+01  3.2000145712449040e+01  2.4467847650736646e-02  nan  nan  nan  nan  nan  nan  3.7185456030000563e-07  nan  nan  1.5786862706780049e-04  nan  1.8359843716517596e-03
9.5999999999985207e+01  3.2000706506291408e+01  3.2000653485553791e+01  3.2000134420082972e+01  2.5843760752383357e-02  nan  nan  nan  nan  nan  nan  3.7160201472581731e-07  nan  nan  2.2686381877309292e-04  nan  1.9881669132674903e-03
9.6799999999984493e+01  3.2000742544297736e+01  3.2000652440775717e+01  3.2000137183842561e+01  2.5956978933165523e-02  nan  nan  nan  nan  nan  nan  3.7118566245734593e-07  nan  nan  2.1248652683358605e-04  nan  1.8212832409449820e-03
9.7599999999983694e+01  3.2000759608902086e+01  3.2000674714438340e+01  3.2000143626614232e+01  2.4502675819324672e-02  nan  nan  nan  nan  nan  nan  3.6968909286356350e-07  nan  nan  8.1173955350702400e-05  nan  1.3488536612825321e-03
9.8399999999982995e+01  3.2000739669563600e+01  3.2000665827131762e+01  3.2000139977073559e+01  2.3436348775154051e-02  nan  nan  nan  nan  nan  nan  3.6475620808907976e-07  nan  nan  4.9581974080800041e-06  nan  9.2580088727777388e-04
9.9199999999982296e+01  3.2000754512882388e+01  3.2000683995907274e+01  3.2000143964570746e+01  2.3265298081920023e-02  nan  nan  nan  nan  nan  nan  3.5571933948539032e-07  nan  nan  -2.0310735789663600e-05  nan  6.4039614139037011e-04
9.9999999999981497e+01  3.2000764055359561e+01  3.2000690541425776e+01  3.2000146778645188e+01  2.3867170619920136e-02  nan  nan  nan  nan  nan  nan  3.4796463478994899e-07  nan  nan  -1.7979594572914464e-05  nan  4.6587522250543447e-04
1.0079999999998100e+02  3.2000804956036802e+01  3.2000702315330670e+01  3.2000145064149628e+01  2.4034333747520571e-02  nan  nan  nan  nan  nan  nan  3.3828948077562274e-07  nan  nan  -5.4471552721837131e-05  nan  5.8640521097128614e-04
1.0159999999998000e+02  3.2000795504686195e+01  3.2000715757769363e+01  3.2000150879439808e+01  2.3377941366048503e-02  nan  nan  nan  nan  nan  nan  3.2998015051053514e-07  nan  nan  -1.1498544071817486e-04  nan  9.4005497964029809e-04
1.0239999999997900e+02  3.2000789873950339e+01  3.2000711568465292e+01  3.2000149034870518e+01  2.2756546172151806e-02  nan  nan  nan  nan  nan  nan  3.2640144179271399e-07  nan  nan  -9.2130556766136169e-04  nan  1.3577142404329744e-03
1.0319999999997900e+02  3.2000807466616386e+01  3.2000728623994483e+01  3.2000150617318504e+01  2.2911585697597988e-02  nan  nan  nan  nan  nan  nan  3.2041337021831463e-07  nan  nan  6.3725054706609253e-04  nan  1.5353188198602272e-03
1.0399999999997800e+02  3.2000810138093051e+01  3.2000750736244541e+01  3.2000165788230753e+01  2.4058510389940831e-02  nan  nan  nan  nan  nan  nan  3.1751788024032314e-07  nan  nan  -9.4807039996615383e-05  nan  1.4700538005143549e-03
1.0479999999997700e+02  3.2000816388982997e+01  3.2000761240798710e+01  3.2000153839104023e+01  2.5481845881732367e-02  nan  nan  nan  nan  nan  nan  3.1783190565775471e-07  nan  nan  -6.5409962502536870e-05  nan  1.2631408869334935e-03
1.0559999999997601e+02  3.2000832012876096e+01  3.2000748767204080e+01  3.2000157178399746e+01  2.5801747990466518e-02  nan  nan  nan  nan  nan  nan  3.1671130241799593e-07  nan  nan  -6.7291799736719302e-05  nan  1.1401781386469979e-03
1.0639999999997600e+02  3.2000841889375465e+01  3.2000757143874893e+01  3.2000158056704365e+01  2.4702013093113179e-02  nan  nan  nan  nan  nan  nan  3.1856738444109925e-07  nan  nan  -4.4658387421991772e-04  nan  1.0599367740932891e-03
1.0719999999997501e+02  3.2000862761141654e+01  3.2000805410803871e+01  3.2000166589157125e+01  2.3964365171742181e-02  nan  nan  nan  nan  nan  nan  3.2227231571151267e-07  nan  nan  -1.0255962349347927e-03  nan  1.1310427051544007e-03
1.0799999999997399e+02  3.2000864462670265e+01  3.2000776762288936e+01  3.2000162010118778e+01  2.3920586539545569e-02  nan  nan  nan  nan  nan  nan  3.2475152712222333e-07  nan  nan  -8.1594052704129410e-04  nan  9.7152272318993952e-04
1.0879999999997401e+02  3.2000874875259214e+01  3.2000784724936729e+01  3.2000163554908184e+01  2.4362241221454497e-02  nan  nan  nan  nan  nan  nan  3.2913061883907153e-07  nan  nan  -3.0673881833172499e-05  nan  6.9655230070074417e-04
1.0959999999997299e+02  3.2000888006746109e+01  3.2000811145016414e+01  3.2000177429473254e+01  2.4316450105376287e-02  nan  nan  nan  nan  nan  nan  3.3680507958809688e-07  nan  nan  7.0057292300375516e-06  nan  4.7366974435377970e-04
1.1039999999997200e+02  3.2000959502050264e+01  3.2000826805494661e+01  3.2000172931831763e+01  2.3405862594690421e-02  nan  nan  nan  nan  nan  nan  3.4517120811692215e-07  nan  nan  1.9642445844028813e-05  nan  3.3653907825534514e-04
1.1119999999997100e+02  3.2000917076270696e+01  3.2000820689822163e+01  3.2000170039605251e+01  2.2634016339487695e-02  nan  nan  nan  nan  nan  nan  3.5406343099498444e-07  nan  nan  1.9193634522982873e-05  nan  6.4275686585381949e-04
1.1199999999997100e+02  3.2000923551402899e+01  3.2000861144995561e+01  3.2000175226941927e+01  2.2768304460385781e-02  nan  nan  nan  nan  nan  nan  3.6066243832948153e-07  nan  nan  2.2698942019397979e-04  nan  7.4979589856889490e-04
1.1279999999997000e+02  3.2000939099667882e+01  3.2000839284265247e+01  3.2000173443422831e+01  2.3648738601882019e-02  nan  nan  nan  nan  nan  nan  3.6256205775662704e-07  nan  nan  6.7561907353785069e-05  nan  1.0781997422052967e-03
1.1359999999996900e+02  3.2000949929544419e+01  3.2000842263461635e+01  3.2000175148163798e+01  2.4702151097661648e-02  nan  nan  nan  nan  nan  nan  3.6053775409605748e-07  nan  nan  1.3274390507225103e-04  nan  1.4845238920481636e-03
1.1439999999996800e+02  3.2000966423130158e+01  3.2000867218987032e+01  3.2000180334413265e+01  2.5053447186971053e-02  nan  nan  nan  nan  nan  nan  3.5418629700456009e-07  nan  nan  1.8672533405481744e-04  nan  1.7219729597113455e-03
1.1519999999996800e+02  3.2000967139128988e+01  3.2000904581865001e+01  3.2000188604161664e+01  2.4508133979514325e-02  nan  nan  nan  nan  nan  nan  3.4643703504728431e-07  nan  nan  1.6070078185480706e-04  nan  1.7108077180359165e-03
1.1599999999996700e+02  3.2000977079343023e+01  3.2000885310775089e+01  3.2000185191766334e+01  2.4002254810920057e-02  nan  nan  nan  nan  nan  nan  3.3912554378269727e-07  nan  nan  1.0018574375165864e-04  nan  1.5413685892230759e-03
1.1679999999996600e+02  3.2000997020881286e+01  3.2000896390541463e+01  3.2000184148076968e+01  2.4221726044245852e-02  nan  nan  nan  nan  nan  nan  3.3582339878119455e-07  nan  nan  9.1467105967617233e-05  nan  1.2236358432126612e-03
1.1759999999996600e+02  3.2001000420582365e+01  3.2000921648273739e+01  3.2000193205706232e+01  2.5003907485026879e-02  nan  nan  nan  nan  nan  nan  3.3606659199697693e-07  nan  nan  1.1522607417498752e-04  nan  8.7608982750997952e-04
1.1839999999996500e+02  3.2001008857609527e+01  3.2000907157750909e+01  3.2000188053146282e+01  2.4868145092195443e-02  nan  nan  nan  nan  nan  nan  3.3902676954927595e-07  nan  nan  6.4008554856999228e-05  nan  5.7528465861368628e-04
1.1919999999996401e+02  3.2001038513560793e+01  3.2000919037687851e+01  3.2000190504330838e+01  2.3661909557548232e-02  nan  nan  nan  nan  nan  nan  3.4404000178096285e-07  nan  nan  -4.1743733039633791e-05  nan  4.0779113197134147e-04
1.1999999999996299e+02  3.2001024683780031e+01  3.2000929515282586e+01  3.2000192548282968e+01  2.2751235390029777e-02  nan  nan  nan  nan  nan  nan  3.4881901886710774e-07  nan  nan  -8.7937615635048902e-05  nan  7.1217808361178562e-04
1.2079999999996301e+02  3.2001070087093048e+01  3.2000966651088312e+01  3.2000198280689730e+01  2.2796252310412116e-02  nan  nan  nan  nan  nan  nan  3.5477686124107087e-07  nan  nan  -9.1171073195504872e-05  nan  1.0103338494487151e-03
1.2159999999996199e+02  3.2001078945984702e+01  3.2000950465404713e+01  3.2000195537651017e+01  2.3596666905364092e-02  nan  nan  nan  nan  nan  nan  3.5996699842893651e-07  nan  nan  -6.8359302535736291e-05  nan  1.1032981339955665e-03
1.2239999999996100e+02  3.2001070326827758e+01  3.2000961716277459e+01  3.2000200929411086e+01  2.4368960933717727e-02  nan  nan  nan  nan  nan  nan  3.6533381018977705e-07  nan  nan  -6.3227788750005152e-05  nan  1.0512381209085596e-03
1.2319999999996000e+02  3.2001076995220430e+01  3.2000991169361555e+01  3.2000216999271210e+01  2.4452244852478093e-02  nan  nan  nan  nan  nan  nan  3.7106623130330613e-07  nan  nan  -9.2036306526497270e-05  nan  9.7235843190366679e-04
1.2399999999996000e+02  3.2001105498743996e+01  3.2001000154810185e+01  3.2000202313691112e+01  2.4002137292417902e-02  nan  nan  nan  nan  nan  nan  3.7516584994071005e-07  nan  nan  -7.7758684166008086e-04  nan  1.1700376711852511e-03
1.2479999999995900e+02  3.2001116085780374e+01  3.2001000126629172e+01  3.2000204805394695e+01  2.3901452535856165e-02  nan  nan  nan  nan  nan  nan  3.7945793437662093e-07  nan  nan  9.7025929794146632e-04  nan  1.3257912695922361e-03
1.2559999999995800e+02  3.2001114185965044e+01  3.2001005982009062e+01  3.2000209353454274e+01  2.4341878343771630e-02  nan  nan  nan  nan  nan  nan  3.8407323116806599e-07  nan  nan  -4.4113694290884178e-04  nan  1.2727734716279950e-03
1.2639999999995800e+02  3.2001166145532217e+01  3.2001012915079585e+01  3.2000209123002676e+01  2.5250368954274814e-02  nan  nan  nan  nan  nan  nan  3.8759822804026057e-07  nan  nan  -5.1351653171400122e-05  nan  1.0871980124724529e-03
1.2719999999995700e+02  3.2001151666730216e+01  3.2001051274732440e+01  3.2000224371900813e+01  2.5194632688569616e-02  nan  nan  nan  nan  nan  nan  3.9101690634533223e-07  nan  nan  -3.7171253604201523e-05  nan  8.7203325044972089e-04
1.2799999999995600e+02  3.2001177845947403e+01  3.2001100963217461e+01  3.2000217300902740e+01  2.4002133838283809e-02  nan  nan  nan  nan  nan  nan  3.9484211604410321e-07  nan  nan  -1.4149728725019092e-04  nan  6.8468811974625016e-04
1.2879999999995499e+02  3.2001191955542730e+01  3.2001085112760521e+01  3.2000220691225678e+01  2.3186301197544633e-02  nan  nan  nan  nan  nan  nan  3.9861170037040197e-07  nan  nan  4.4905794526478604e-04  nan  5.4919845484974140e-04
1.2959999999995500e+02  3.2001177314421753e+01  3.2001066550636551e+01  3.2000218447890965e+01  2.3155379430167562e-02  nan  nan  nan  nan  nan  nan  4.0269899023221865e-07  nan  nan  2.0870706165898324e-04  nan  4.3524636476604303e-04
1.3039999999995399e+02  3.2001204448151782e+01  3.2001078016872512e+01  3.2000224856409154e+01  2.3776835894188643e-02  nan  nan  nan  nan  nan  nan  4.0720950217825813e-07  nan  nan  1.4306348955975889e-05  nan  4.6260343414185697e-04
1.3119999999995301e+02  3.2001258860621029e+01  3.2001125180896082e+01  3.2000237412364321e+01  2.4153905493740305e-02  nan  nan  nan  nan  nan  nan  4.1137643445724771e-07  nan  nan  5.4163004213975302e-05  nan  5.7521775574729682e-04
1.3199999999995200e+02  3.2001233347732850e+01  3.2001116659957454e+01  3.2000227458304892e+01  2.3834376771681598e-02  nan  nan  nan  nan  nan  nan  4.1462173611366959e-07  nan  nan  7.5775275802273284e-05  nan  8.6871134829068165e-04
1.3279999999995201e+02  3.2001257785406430e+01  3.2001125962085347e+01  3.2000229283055837e+01  2.3342434939031428e-02  nan  nan  nan  nan  nan  nan  4.1672410601000659e-07  nan  nan  7.7880599200821075e-05  nan  1.0517147182896181e-03
1.3359999999995100e+02  3.2001290764740205e+01  3.2001123084078074e+01  3.2000230256098895e+01  2.3372371930027856e-02  nan  nan  nan  nan  nan  nan  4.1730264889699824e-07  nan  nan  7.9239168369368501e-05  nan  1.2255884501546036e-03
1.3439999999995001e+02  3.2001292257984538e+01  3.2001162148956929e+01  3.2000234053936914e+01  2.4131706150720699e-02  nan  nan  nan  nan  nan  nan  4.1712694744252751e-07  nan  nan  1.0597095722846787e-04  nan  1.3886198821002253e-03
1.3519999999994999e+02  3.2001297440549742e+01  3.2001142862511372e+01  3.2000236779738415e+01  2.5155567383449724e-02  nan  nan  nan  nan  nan  nan  4.1688146109296331e-07  nan  nan  1.5563060771706021e-04  nan  1.5140789959984002e-03
1.3599999999994901e+02  3.2001282238700426e+01  3.2001160132213023e+01  3.2000236544240586e+01  2.5421862519937159e-02  nan  nan  nan  nan  nan  nan  4.1621163554496268e-07  nan  nan  1.7085411237002918e-04  nan  1.4605316621496100e-03
1.3679999999994800e+02  3.2001294222386669e+01  3.2001187856418184e+01  3.2000243571186097e+01  2.4524957958326966e-02  nan  nan  nan  nan  nan  nan  4.1491813978193496e-07  nan  nan  9.3478460001140723e-05  nan  1.1822194359063008e-03
1.3759999999994699e+02  3.2001352708716588e+01  3.2001180371691021e+01  3.2000242416736583e+01  2.3634804043500043e-02  nan  nan  nan  nan  nan  nan  4.1342199340245901e-07  nan  nan  2.1277051632122453e-05  nan  8.4534885092800243e-04
1.3839999999994700e+02  3.2001329289461722e+01  3.2001231616527292e+01  3.2000251759567725e+01  2.3533367386327456e-02  nan  nan  nan  nan  nan  nan  4.1201986558572073e-07  nan  nan  -9.8514018638934884e-07  nan  5.7249618291175619e-04
1.3919999999994599e+02  3.2001341164568572e+01  3.2001213636533649e+01  3.2000248058269676e+01  2.4091364607226162e-02  nan  nan  nan  nan  nan  nan  4.1162848081846039e-07  nan  nan  8.0211492998724104e-06  nan  4.1144442078032699e-04
1.3999999999994500e+02  3.2001367316433402e+01  3.2001249682185794e+01  3.2000253315598307e+01  2.4238628634424077e-02  nan  nan  nan  nan  nan  nan  4.1264362731744005e-07  nan  nan  -1.8879974124826230e-05  nan  3.0465653721761468e-04
1.4079999999994399e+02  3.2001375941930178e+01  3.2001252576253265e+01  3.2000254283400665e+01  2.3639210872559130e-02  nan  nan  nan  nan  nan  nan  4.1479092550717606e-07  nan  nan  -7.7534142220601337e-05  nan  5.8784521054858121e-04
1.4159999999994400e+02  3.2001389734544233e+01  3.2001256366464084e+01  3.2000258674686791e+01  2.3004362133157989e-02  nan  nan  nan  nan  nan  nan  4.1851190029913547e-07  nan  nan  -5.5210315280099090e-04  nan  1.0025118261450076e-03
1.4239999999994299e+02  3.2001447616804811e+01  3.2001297168236100e+01  3.2000270452348509e+01  2.3027801774423887e-02  nan  nan  nan  nan  nan  nan  4.2328536536051162e-07  nan  nan  -5.5288695356488324e-04  nan  1.2384098541960615e-03
1.4319999999994201e+02  3.2001429288163322e+01  3.2001295864976953e+01  3.2000266028182850e+01  2.3831970135828637e-02  nan  nan  nan  nan  nan  nan  4.2857621101858624e-07  nan  nan  -8.4985969967324993e-05  nan  1.2462714144844738e-03
1.4399999999994199e+02  3.2001516751261448e+01  3.2001339471429745e+01  3.2000281033918931e+01  2.4877792475318631e-02  nan  nan  nan  nan  nan  nan  4.3468638428795139e-07  nan  nan  -5.9086278882815675e-05  nan  1.1215368254725517e-03
1.4479999999994101e+02  3.2001465989839467e+01  3.2001324367068094e+01  3.2000272135050949e+01  2.5233844680480181e-02  nan  nan  nan  nan  nan  nan  4.4057074382285177e-07  nan  nan  -6.1471295523917710e-05  nan  9.4169748061024455e-04
1.4559999999994000e+02  3.2001457260452518e+01  3.2001335817543151e+01  3.2000273911345332e+01  2.4590072858134769e-02  nan  nan  nan  nan  nan  nan  4.4554326558156852e-07  nan  nan  8.4069716096580360e-05  nan  9.1708738083336779e-04
1.4639999999993901e+02  3.2001453874953462e+01  3.2001330085275690e+01  3.2000276417863574e+01  2.4034910514507526e-02  nan  nan  nan  nan  nan  nan  4.5041582734189033e-07  nan  nan  8.3955995756364744e-04  nan  9.9662754654564136e-04
1.4719999999993900e+02  3.2001482593955920e+01  3.2001341128609411e+01  3.2000274564301584e+01  2.3988610570182280e-02  nan  nan  nan  nan  nan  nan  4.5519544251190064e-07  nan  nan  5.7516127694316125e-04  nan  9.0616112426713819e-04
1.4799999999993801e+02  3.2001524782456549e+01  3.2001362147319341e+01  3.2000277337311559e+01  2.4507781610658582e-02  nan  nan  nan  nan  nan  nan  4.5962965062592643e-07  nan  nan  -2.8051061971630931e-05  nan  7.0236220266268502e-04
1.4879999999993700e+02  3.2001521289555136e+01  3.2001393232145517e+01  3.2000285024442022e+01  2.4575937127510900e-02  nan  nan  nan  nan  nan  nan  4.6424843703992997e-07  nan  nan  -1.0293620456041159e-06  nan  4.9450444424894340e-04
1.4959999999993599e+02  3.2001544165473931e+01  3.2001389051136286e+01  3.2000287403632711e+01  2.3726071478492268e-02  nan  nan  nan  nan  nan  nan  4.6936056142914129e-07  nan  nan  -1.8965672103014974e-06  nan  3.4531238376094486e-04
1.5039999999993600e+02  3.2001537601288256e+01  3.2001409318876291e+01  3.2000299481593565e+01  2.2896952735292620e-02  nan  nan  nan  nan  nan  nan  4.7425164557816403e-07  nan  nan  -2.2638036874120147e-05  nan  5.0223930398326795e-04
1.5119999999993499e+02  3.2001559965724574e+01  3.2001414657003394e+01  3.2000289361885827e+01  2.2864201131571824e-02  nan  nan  nan  nan  nan  nan  4.7855519004188010e-07  nan  nan  7.9029242937515582e-05  nan  6.3382282541190574e-04
1.5199999999993400e+02  3.2001585168566926e+01  3.2001444484726598e+01  3.2000296377220138e+01  2.3559571116785777e-02  nan  nan  nan  nan  nan  nan  4.8229259634255395e-07  nan  nan  4.5406103620204673e-05  nan  6.2847250266972196e-04
1.5279999999993399e+02  3.2001596634878553e+01  3.2001441596858641e+01  3.2000296715144366e+01  2.4319649835914066e-02  nan  nan  nan  nan  nan  nan  4.8515220256732834e-07  nan  nan  9.1052325659444434e-05  nan  1.0162827496839109e-03
1.5359999999993300e+02  3.2001610378285427e+01  3.2001451989841804e+01  3.2000298507868031e+01  2.4502861322954289e-02  nan  nan  nan  nan  nan  nan  4.8709654008600826e-07  nan  nan  1.2202993310888310e-04  nan  1.2721694637575073e-03
1.5439999999993199e+02  3.2001660436560400e+01  3.2001461923226223e+01  3.2000297698880793e+01  2.4151501170135654e-02  nan  nan  nan  nan  nan  nan  4.8855517809521382e-07  nan  nan  1.1925100495548783e-04  nan  1.3282091581578795e-03
1.5519999999993101e+02  3.2001693419463535e+01  3.2001488145378680e+01  3.2000303627784909e+01  2.3890269074810982e-02  nan  nan  nan  nan  nan  nan  4.8939639175633442e-07  nan  nan  9.3876488607293399e-05  nan  1.2924261574153400e-03
1.5599999999993099e+02  3.2001655912187125e+01  3.2001510067135712e+01  3.2000302324984972e+01  2.4194196689374142e-02  nan  nan  nan  nan  nan  nan  4.8890362749887638e-07  nan  nan  8.8744554720141677e-05  nan  1.1900329295779092e-03
1.5679999999993001e+02  3.2001646508665196e+01  3.2001488846020266e+01  3.2000304404437372e+01  2.4952660147313604e-02  nan  nan  nan  nan  nan  nan  4.8657729215831292e-07  nan  nan  1.1065711370986816e-04  nan  1.0355800748440213e-03
1.5759999999992900e+02  3.2001690581007551e+01  3.2001570796476635e+01  3.2000319964293944e+01  2.5140273243157291e-02  nan  nan  nan  nan  nan  nan  4.8387905722139862e-07  nan  nan  9.7209694009268698e-05  nan  8.2219647983693220e-04
1.5839999999992801e+02  3.2001709731035760e+01  3.2001576312735835e+01  3.2000322582434173e+01  2.4251904090418001e-02  nan  nan  nan  nan  nan  nan  4.8066832941001149e-07  nan  nan  1.4274314947688447e-05  nan  5.3931598847323193e-04
1.5919999999992800e+02  3.2001725249750571e+01  3.2001561420004158e+01  3.2000322763769454e+01  2.3263299765326644e-02  nan  nan  nan  nan  nan  nan  4.7886014897119151e-07  nan  nan  -4.9085469527779187e-05  nan  3.7838564058982263e-04
1.5999999999992701e+02  3.2001719277405904e+01  3.2001568557931343e+01  3.2000318199587035e+01  2.3071046107327225e-02  nan  nan  nan  nan  nan  nan  4.8067342853968034e-07  nan  nan  -6.7317260590397750e-05  nan  6.2938779964031807e-04
1.6079999999992600e+02  3.2001761485633374e+01  3.2001604894696015e+01  3.2000327194185019e+01  2.3622494688989724e-02  nan  nan  nan  nan  nan  nan  4.8507303345357231e-07  nan  nan  -5.4434703863782506e-05  nan  7.7874843663034278e-04
1.6159999999992601e+02  3.2001757867823450e+01  3.2001597763621788e+01  3.2000324635811495e+01  2.4182015054738021e-02  nan  nan  nan  nan  nan  nan  4.9094384550860300e-07  nan  nan  -4.9907981300772101e-05  nan  8.3906700460321688e-04
1.6239999999992500e+02  3.2001817867367848e+01  3.2001645658130229e+01  3.2000336052885480e+01  2.4135685164222341e-02  nan  nan  nan  nan  nan  nan  4.9791634472548703e-07  nan  nan  -7.6717551052177417e-05  nan  8.5420531621184634e-04
1.6319999999992399e+02  3.2001806794336929e+01  3.2001650943035827e+01  3.2000341823034063e+01  2.3670622191727293e-02  nan  nan  nan  nan  nan  nan  5.0510837435900277e-07  nan  nan  3.2252862351240538e-04  nan  1.0432064122169896e-03
1.6399999999992301e+02  3.2001861150900211e+01  3.2001658491760963e+01  3.2000343022386666e+01  2.3542309652037349e-02  nan  nan  nan  nan  nan  nan  5.1211358616264947e-07  nan  nan  -9.0105460722338549e-04  nan  1.2180666508046320e-03
1.6479999999992299e+02  3.2001856449281696e+01  3.2001685251033528e+01  3.2000343028303185e+01  2.3969969533930643e-02  nan  nan  nan  nan  nan  nan  5.1922209336587380e-07  nan  nan  8.6741765839524692e-05  nan  1.1977857556916905e-03
1.6559999999992201e+02  3.2001854449882785e+01  3.2001682141985640e+01  3.2000343427143960e+01  2.4851185560291214e-02  nan  nan  nan  nan  nan  nan  5.2614766007680770e-07  nan  nan  -5.2117165329510406e-05  nan  1.0506977015297097e-03
1.6639999999992099e+02  3.2001875971247465e+01  3.2001704010868870e+01  3.2000353884384374e+01  2.5151169074051346e-02  nan  nan  nan  nan  nan  nan  5.3249830645049276e-07  nan  nan  -3.7700545135395478e-05  nan  8.4633790405737547e-04
1.6719999999992001e+02  3.2001912911763618e+01  3.2001717983740889e+01  3.2000350656012074e+01  2.4405912488627314e-02  nan  nan  nan  nan  nan  nan  5.3838934247597099e-07  nan  nan  -4.9346214742184326e-05  nan  6.6476359794135438e-04
1.6799999999991999e+02  3.2001991576142565e+01  3.2001763061843121e+01  3.2000357725119621e+01  2.3573901465125641e-02  nan  nan  nan  nan  nan  nan  5.4422330380602231e-07  nan  nan  -5.2269342994216224e-04  nan  6.0359509156074776e-04
1.6879999999991901e+02  3.2001924981979130e+01  3.2001743816228000e+01  3.2000355719479870e+01  2.3397249216820255e-02  nan  nan  nan  nan  nan  nan  5.5006085492132167e-07  nan  nan  -3.9128653501743906e-04  nan  4.5472143924568285e-04
1.6959999999991800e+02  3.2001963730657423e+01  3.2001767538053322e+01  3.2000359812822104e+01  2.3821981223699471e-02  nan  nan  nan  nan  nan  nan  5.5564315189243112e-07  nan  nan  -5.5488064432838457e-06  nan  2.5132095542035836e-04
1.7039999999991801e+02  3.2001971987467037e+01  3.2001818781092737e+01  3.2000363347024972e+01  2.4271135060156504e-02  nan  nan  nan  nan  nan  nan  5.6075360267205440e-07  nan  nan  3.4065546551890206e-05  nan  3.0894841536756464e-04
1.7119999999991700e+02  3.2001993067103562e+01  3.2001811036618875e+01  3.2000370125381977e+01  2.4021526630955886e-02  nan  nan  nan  nan  nan  nan  5.6525234217808321e-07  nan  nan  5.2842781445619036e-05  nan  5.7545511672079145e-04
1.7199999999991601e+02  3.2002001106864910e+01  3.2001820918018552e+01  3.2000368393011463e+01  2.3436640814116956e-02  nan  nan  nan  nan  nan  nan  5.6868439705058671e-07  nan  nan  5.2858870014530682e-05  nan  7.4185394571470739e-04
1.7279999999991500e+02  3.2002033327331965e+01  3.2001844212971505e+01  3.2000378162786177e+01  2.3260566119765177e-02  nan  nan  nan  nan  nan  nan  5.7064348449277144e-07  nan  nan  5.5055657606667790e-05  nan  9.0103817469132125e-04
1.7359999999991501e+02  3.2002015412936295e+01  3.2001851385249559e+01  3.2000371260889686e+01  2.3785735501500899e-02  nan  nan  nan  nan  nan  nan  5.7149228399350910e-07  nan  nan  7.7434186461443932e-05  nan  1.0816828911937376e-03
1.7439999999991400e+02  3.2002021521342677e+01  3.2001866192048055e+01  3.2000384016743531e+01  2.4680773708498492e-02  nan  nan  nan  nan  nan  nan  5.7177207494997148e-07  nan  nan  1.1927777672959266e-04  nan  1.2838203374524967e-03
1.7519999999991299e+02  3.2002045114690297e+01  3.2001870850804096e+01  3.2000385272922443e+01  2.5129954557419180e-02  nan  nan  nan  nan  nan  nan  5.7181787440632129e-07  nan  nan  1.4868302195396652e-04  nan  1.3626934383578785e-03
1.7599999999991201e+02  3.2002078468195762e+01  3.2001926823020668e+01  3.2000392438226051e+01  2.4610033370993281e-02  nan  nan  nan  nan  nan  nan  5.7217569236441869e-07  nan  nan  1.1287881139388768e-04  nan  1.2141016830147823e-03
1.7679999999991199e+02  3.2002084141081781e+01  3.2001923986989631e+01  3.2000396343746893e+01  2.3772194845224259e-02  nan  nan  nan  nan  nan  nan  5.7251530224884965e-07  nan  nan  4.7478979238077061e-05  nan  9.5928164239539131e-04
1.7759999999991101e+02  3.2002136853226048e+01  3.2001964555900521e+01  3.2000398393277415e+01  2.3565045125720802e-02  nan  nan  nan  nan  nan  nan  5.7224092019596403e-07  nan  nan  1.9837549806134373e-05  nan  6.7551137033527889e-04
1.7839999999990999e+02  3.2002133891272528e+01  3.2001953041931102e+01  3.2000398690915276e+01  2.4029210891597340e-02  nan  nan  nan  nan  nan  nan  5.7198925218124828e-07  nan  nan  2.9810732098477992e-05  nan  4.5496840207308255e-04
1.7919999999991001e+02  3.2002221912014342e+01  3.2001994798604372e+01  3.2000403408597208e+01  2.4357535697217391e-02  nan  nan  nan  nan  nan  nan  5.7250736494813062e-07  nan  nan  1.9069406651865708e-05  nan  3.1147798723716637e-04
1.7999999999990899e+02  3.2002204132489915e+01  3.2002004488837287e+01  3.2000405920045992e+01  2.3926746574630911e-02  nan  nan  nan  nan  nan  nan  5.7330529762574488e-07  nan  nan  -3.4632745411360895e-05  nan  2.2694730778017425e-04
1.8079999999990801e+02  3.2002235875375696e+01  3.2002064552400462e+01  3.2000425677438237e+01  2.3228828343497338e-02  nan  nan  nan  nan  nan  nan  5.7509609345301940e-07  nan  nan  -8.4289389100789897e-05  nan  6.4919386662195687e-04
1.8159999999990700e+02  3.2002257413351558e+01  3.2002027928807181e+01  3.2000413961372054e+01  2.3041245844028127e-02  nan  nan  nan  nan  nan  nan  5.7833223479207985e-07  nan  nan  -9.5111691432916257e-05  nan  9.4439359573521568e-04
1.8239999999990701e+02  3.2002222632743667e+01  3.2002035041780807e+01  3.2000413336594889e+01  2.3585859855037184e-02  nan  nan  nan  nan  nan  nan  5.8250783504067757e-07  nan  nan  -7.6910740579993781e-05  nan  1.0332101543141696e-03
1.8319999999990600e+02  3.2002237003188156e+01  3.2002052847139410e+01  3.2000412909005320e+01  2.4481240577566631e-02  nan  nan  nan  nan  nan  nan  5.8780902619968382e-07  nan  nan  -5.2980050231104511e-05  nan  9.8074359189857601e-04
1.8399999999990499e+02  3.2002306051589962e+01  3.2002090595513671e+01  3.2000432937580143e+01  2.4978529176240216e-02  nan  nan  nan  nan  nan  nan  5.9394230076173764e-07  nan  nan  -5.2547552817220315e-05  nan  8.6920523321165144e-04
1.8479999999990400e+02  3.2002276134343091e+01  3.2002083302272439e+01  3.2000425193245405e+01  2.4644881491229537e-02  nan  nan  nan  nan  nan  nan  6.0015277015981836e-07  nan  nan  -7.8202345808182485e-05  nan  8.4534928647943893e-04
1.8559999999990401e+02  3.2002301821580275e+01  3.2002118441876014e+01  3.2000433111549512e+01  2.4060654939854903e-02  nan  nan  nan  nan  nan  nan  6.0626374496488764e-07  nan  nan  -7.6086825379247428e-04  nan  1.0000693641505208e-03
1.8639999999990300e+02  3.2002350886759309e+01  3.2002127527520472e+01  3.2000436032130601e+01  2.3926562763679819e-02  nan  nan  nan  nan  nan  nan  6.1230951645531266e-07  nan  nan  6.9583921960913726e-04  nan  1.0112710774648793e-03
1.8719999999990199e+02  3.2002331496190251e+01  3.2002133715391317e+01  3.2000438235795578e+01  2.4325493434401012e-02  nan  nan  nan  nan  nan  nan  6.1840483603906775e-07  nan  nan  -5.0862984657734203e-05  nan  8.5477022984472011e-04
1.8799999999990200e+02  3.2002369048742565e+01  3.2002200091859798e+01  3.2000453946322558e+01  2.4632981073045145e-02  nan  nan  nan  nan  nan  nan  6.2461075873296236e-07  nan  nan  -2.2133186487242603e-05  nan  6.5406429926223608e-04
1.8879999999990099e+02  3.2002410293213558e+01  3.2002174258737860e+01  3.2000444131730404e+01  2.4081511652800466e-02  nan  nan  nan  nan  nan  nan  6.3086716861482785e-07  nan  nan  -1.8358402687703308e-05  nan  4.5593562726646563e-04
1.8959999999990001e+02  3.2002403968226410e+01  3.2002223727328015e+01  3.2000466851120557e+01  2.3205380215054135e-02  nan  nan  nan  nan  nan  nan  6.3702874100935629e-07  nan  nan  -1.4633218033841789e-04  nan  3.1991314236126558e-04
1.9039999999989899e+02  3.2002456072532560e+01  3.2002241946430601e+01  3.2000458122583296e+01  2.2932104394169948e-02  nan  nan  nan  nan  nan  nan  6.4270965617109228e-07  nan  nan  -8.4064512647185146e-05  nan  4.7331098321781511e-04
1.9119999999989901e+02  3.2002476990990516e+01  3.2002290802435724e+01  3.2000467645160846e+01  2.3342469181022729e-02  nan  nan  nan  nan  nan  nan  6.4776093008792404e-07  nan  nan  1.5890060820392334e-05  nan  4.8857353985970323e-04
1.9199999999989799e+02  3.2002519491691451e+01  3.2002300694232744e+01  3.2000482262370689e+01  2.4063954228404738e-02  nan  nan  nan  nan  nan  nan  6.5239951874173155e-07  nan  nan  5.6896879849447896e-05  nan  6.4912654906687311e-04
1.9279999999989701e+02  3.2002633587036144e+01  3.2002283683986469e+01  3.2000464005815033e+01  2.4400077278545058e-02  nan  nan  nan  nan  nan  nan  6.5682754522324027e-07  nan  nan  9.1060418356765164e-05  nan  9.7586577972274917e-04
1.9359999999989600e+02  3.2002572746360336e+01  3.2002342324313545e+01  3.2000485881619205e+01  2.4182325464303746e-02  nan  nan  nan  nan  nan  nan  6.6080897496360695e-07  nan  nan  1.0025846292290852e-04  nan  1.1144923507169734e-03
1.9439999999989601e+02  3.2002575817727354e+01  3.2002290318427647e+01  3.2000468002613047e+01  2.3844913248862770e-02  nan  nan  nan  nan  nan  nan  6.6419126597857918e-07  nan  nan  8.5330999975946243e-05  nan  1.1495389757936931e-03
1.9519999999989500e+02  3.2002534447346385e+01  3.2002342150244267e+01  3.2000469006664979e+01  2.3943604022427577e-02  nan  nan  nan  nan  nan  nan  6.6681884252392087e-07  nan  nan  7.7945280245419617e-05  nan  1.1425134966973457e-03
1.9599999999989399e+02  3.2002642235960671e+01  3.2002375079368448e+01  3.2000483551745596e+01  2.4567751782110750e-02  nan  nan  nan  nan  nan  nan  6.6842558177099710e-07  nan  nan  9.8078447797384072e-05  nan  1.0974454594823877e-03
1.9679999999989400e+02  3.2002638865581801e+01  3.2002387722742050e+01  3.2000488116605588e+01  2.5045262274938477e-02  nan  nan  nan  nan  nan  nan  6.6958832742287444e-07  nan  nan  1.1343886485675526e-04  nan  1.0071652470063656e-03
1.9759999999989299e+02  3.2002691786897877e+01  3.2002383642849409e+01  3.2000483441452452e+01  2.4612408244629840e-02  nan  nan  nan  nan  nan  nan  6.7070692409210500e-07  nan  nan  6.9644560070143514e-05  nan  7.7202543439760683e-04
1.9839999999989200e+02  3.2002730207023461e+01  3.2002440125079268e+01  3.2000505910548981e+01  2.3622847908439021e-02  nan  nan  nan  nan  nan  nan  6.7178475201786544e-07  nan  nan  -4.6084867464808886e-06  nan  5.2609441606027104e-04
1.9919999999989099e+02  3.2002707297325223e+01  3.2002471651272280e+01  3.2000503625200807e+01  2.3164374855293192e-02  nan  nan  nan  nan  nan  nan  6.7368650563551322e-07  nan  nan  -3.4899778531737693e-05  nan  3.8097350525427939e-04
1.9999999999989100e+02  3.2002720418276375e+01  3.2002487815644855e+01  3.2000506853578578e+01  2.3423606732321203e-02  nan  nan  nan  nan  nan  nan  6.7625923678201610e-07  nan  nan  -3.2369236325013359e-05  nan  3.8876557238496772e-04
2.0000499999989100e+02  3.2002717071852324e+01  3.2002485770459153e+01  3.2000495765247855e+01  2.3427291181253970e-02  nan  nan  nan  nan  nan  nan  6.7627618553247042e-07  nan  nan  -3.2265649726622225e-05  nan  3.8936059810570136e-04
