# time  total_activity  peak_activity  rms_radius  confined_frac  bary_x  bary_y  bary_z  r_conf  total_activity_proper  rms_radius_proper  confined_frac_proper  rms_radius_canon  confined_frac_canon  rms_radius_phantom  confined_frac_phantom  canon_mass_frac  min_chi
0.0000000000000000e+00  3.1908463347847949e+01  3.8407626172929629e-02  6.4371670951242805e+00  3.1658576712103131e-01  3.1999577324958278e+01  3.1999684943427706e+01  3.1999684943427706e+01  4.7999999999999998e+00  3.2768663959870125e+01  6.4338118386784764e+00  3.1700541701467416e-01  6.4371670951242805e+00  3.1658576712103131e-01  nan  nan  1.0000000000000000e+00  9.8127351337654589e-01
4.0000000000000002e-01  3.2851445879813397e+01  7.4137492837543478e-02  6.3662590003001522e+00  3.3218833129195036e-01  3.1998891333783945e+01  3.1999031415817242e+01  3.1999031415820010e+01  4.7999999999999998e+00  3.2908781939578404e+01  6.3799554494209971e+00  3.3044706240453969e-01  6.3662590003001522e+00  3.3218833129195036e-01  nan  nan  1.0000000000000000e+00  9.8433050584871495e-01
8.0000000000000004e-01  3.2871689635579500e+01  6.4667523855809719e-02  6.3800167687032658e+00  3.2823909771643195e-01  3.1997833447772294e+01  3.1998090253357176e+01  3.1998090253343449e+01  4.7999999999999998e+00  3.2200895290240979e+01  6.4094220398575583e+00  3.2440796749304401e-01  6.3800167687032658e+00  3.2823909771643195e-01  nan  nan  1.0000000000000000e+00  9.8525654355880576e-01
1.2000000000000000e+00  3.3023722793515915e+01  5.0032886359465741e-02  6.3814252774579767e+00  3.2676629916569844e-01  3.1996582390832216e+01  3.1996958274337960e+01  3.1996958274303811e+01  4.7999999999999998e+00  3.1735653125007417e+01  6.4246213722600185e+00  3.2092263573238178e-01  6.3814252774579767e+00  3.2676629916569844e-01  nan  nan  1.0000000000000000e+00  9.8602006390656471e-01
1.6000000000000001e+00  3.3327497451013343e+01  5.2216594085647480e-02  6.3692942390350611e+00  3.2819931514963224e-01  3.1995323219884959e+01  3.1995809698385184e+01  3.1995809698363619e+01  4.7999999999999998e+00  3.1528536845661556e+01  6.4237009730305337e+00  3.2049660164803334e-01  6.3692942390350611e+00  3.2819931514963224e-01  nan  nan  1.0000000000000000e+00  9.8670016631397772e-01
2.0000000000000000e+00  3.3790239669128653e+01  4.3198218802167787e-02  6.3412547844173908e+00  3.3284442883203513e-01  3.1994114396865452e+01  3.1994753356076234e+01  3.1994753356075293e+01  4.7999999999999998e+00  3.1572574590633522e+01  6.4042694548436359e+00  3.2347128012869047e-01  6.3412547844173908e+00  3.3284442883203513e-01  nan  nan  1.0000000000000000e+00  9.8733871610966073e-01
2.3999999999999901e+00  3.4135060215282003e+01  3.5749187591186164e-02  6.3204863827630362e+00  3.3533272732535180e-01  3.1992977777883020e+01  3.1993757389579208e+01  3.1993757389601200e+01  4.7999999999999998e+00  3.1608991521750731e+01  6.3888223236032191e+00  3.2470516641761205e-01  6.3204863827630362e+00  3.3533272732535180e-01  nan  nan  1.0000000000000000e+00  9.8794125980393144e-01
2.7999999999999798e+00  3.4382724087936076e+01  3.3507697454371800e-02  6.3047686432174235e+00  3.3596816369873272e-01  3.1991947231414056e+01  3.1992810480886160e+01  3.1992810480917136e+01  4.7999999999999998e+00  3.1650530449058788e+01  6.3752862077174441e+00  3.2457450328557169e-01  6.3047686432174235e+00  3.3596816369873272e-01  nan  nan  1.0000000000000000e+00  9.8850699003149023e-01
3.1999999999999802e+00  3.4460653894467306e+01  3.3138059966834769e-02  6.3002345649180347e+00  3.3292587980419713e-01  3.1990962955145005e+01  3.1991657298561407e+01  3.1991657298562217e+01  4.7999999999999998e+00  3.1625506150848516e+01  6.3698256131838820e+00  3.2137323428592007e-01  6.3002345649180347e+00  3.3292587980419713e-01  nan  nan  1.0000000000000000e+00  9.8903356247175622e-01
3.5999999999999699e+00  3.4320619368921442e+01  3.2953958677935248e-02  6.3104985111456031e+00  3.2543566350802683e-01  3.1990052449454232e+01  3.1990302686748144e+01  3.1990302686707089e+01  4.7999999999999998e+00  3.1482231959086896e+01  6.3763290713098089e+00  3.1345935291906918e-01  6.3104985111456031e+00  3.2543566350802683e-01  nan  nan  1.0000000000000000e+00  9.8953013406815182e-01
3.9999999999999600e+00  3.4023328279879010e+01  3.2410975160943920e-02  6.3317637607116790e+00  3.1200486210534040e-01  3.1989235392552082e+01  3.1989065228407839e+01  3.1989065228350462e+01  4.7999999999999998e+00  3.1263073555515621e+01  6.3915436550534199e+00  3.0116416706189320e-01  6.3317637607116790e+00  3.1200486210534040e-01  nan  nan  1.0000000000000000e+00  9.8999435701059768e-01
4.3999999999999497e+00  3.3672035092275188e+01  3.2118575277658351e-02  6.3582357835151146e+00  2.9587290147216921e-01  3.1988572342191329e+01  3.1988272175612924e+01  3.1988272175549056e+01  4.7999999999999998e+00  3.1047861269722709e+01  6.4102832437059378e+00  2.8609235487724977e-01  6.3582357835151146e+00  2.9587290147216921e-01  nan  nan  1.0000000000000000e+00  9.9042823244570011e-01
4.7999999999999403e+00  3.3375876763136858e+01  3.1602853040146726e-02  6.3841919437293955e+00  2.7862485553991578e-01  3.1988174264208208e+01  3.1988109966297735e+01  3.1988109966214978e+01  4.7999999999999998e+00  3.0923493985825878e+01  6.4274744584000745e+00  2.7006717609542302e-01  6.3841919437293955e+00  2.7862485553991578e-01  nan  nan  1.0000000000000000e+00  9.9083344026163445e-01
5.1999999999999300e+00  3.3236476385663039e+01  3.1226013612919136e-02  6.4046523505594442e+00  2.6103832706912361e-01  3.1988117865270201e+01  3.1988544389150345e+01  3.1988544389038125e+01  4.7999999999999998e+00  3.0973283598302256e+01  6.4388049008734054e+00  2.5476633028522250e-01  6.4046523505594442e+00  2.6103832706912361e-01  nan  nan  1.0000000000000000e+00  9.9121755716041671e-01
5.5999999999999304e+00  3.3335298555454386e+01  3.0824366974751671e-02  6.4165760609543527e+00  2.4638340091801361e-01  3.1988378689971743e+01  3.1989314725275968e+01  3.1989314725118511e+01  4.7999999999999998e+00  3.1267046205781373e+01  6.4417463738226557e+00  2.4193274168500312e-01  6.4165760609543527e+00  2.4638340091801361e-01  nan  nan  1.0000000000000000e+00  9.9077756642149906e-01
5.9999999999999201e+00  3.3695109833254989e+01  3.0481218267810865e-02  6.4223335647006357e+00  2.3495431046087950e-01  3.1988758274593671e+01  3.1990001446662841e+01  3.1990001446444403e+01  4.7999999999999998e+00  3.1827191779962995e+01  6.4387557397935815e+00  2.3310321471040149e-01  6.4223335647006357e+00  2.3495431046087950e-01  nan  nan  1.0000000000000000e+00  9.8806656603864951e-01
6.3999999999999098e+00  3.4296497756082672e+01  2.9657644299421058e-02  6.4277422936783282e+00  2.2709636779910475e-01  3.1988881642951235e+01  3.1990337998435244e+01  3.1990337998135253e+01  4.7999999999999998e+00  3.2639525761962531e+01  6.4355679938587551e+00  2.2719865538658637e-01  6.4277422936783282e+00  2.2709636779910475e-01  nan  nan  1.0000000000000000e+00  9.8740629898257659e-01
6.7999999999999003e+00  3.5130673853696337e+01  2.8510850091798712e-02  6.4370150595379911e+00  2.2200462990692826e-01  3.1988632514587749e+01  3.1990211738250387e+01  3.1990211737827732e+01  4.7999999999999998e+00  3.3698022615119456e+01  6.4364403211121450e+00  2.2376529341155857e-01  6.4370150595379911e+00  2.2200462990692826e-01  nan  nan  1.0000000000000000e+00  9.8771523929197969e-01
7.1999999999998900e+00  3.6245205908450018e+01  2.7127591301216850e-02  6.4494428215868460e+00  2.2033486635438868e-01  3.1988288936506407e+01  3.1989503875788692e+01  3.1989503875175856e+01  4.7999999999999998e+00  3.5051628483108964e+01  6.4405776706552409e+00  2.2397609537203100e-01  6.4494428215868460e+00  2.2033486635438868e-01  nan  nan  1.0000000000000000e+00  9.8827404016953402e-01
7.5999999999998797e+00  3.7717608609022641e+01  2.6212724028067461e-02  6.4625181151140767e+00  2.2325429031436897e-01  3.1988033628959528e+01  3.1987990046668099e+01  3.1987990045765880e+01  4.7999999999999998e+00  3.6783384131750644e+01  6.4450965452097222e+00  2.2805056613603306e-01  6.4625181151140767e+00  2.2325429031436897e-01  nan  nan  1.0000000000000000e+00  9.7901867958213917e-01
7.9999999999998703e+00  3.9540258212816759e+01  2.5662616150282182e-02  6.4799634203873593e+00  2.2906942123355384e-01  3.1987578853846088e+01  3.1985319614135044e+01  3.1985319612856859e+01  4.7999999999999998e+00  3.8894151262986981e+01  6.4535070551289158e+00  2.3572709533578204e-01  6.4799634203873593e+00  2.2906942123355384e-01  nan  nan  1.0000000000000000e+00  9.6173710444210281e-01
8.3999999999998707e+00  4.1403792897965843e+01  2.5133214283776111e-02  6.5225439249528874e+00  2.3174362414659239e-01  3.1986638773851652e+01  3.1981212996445503e+01  3.1981212994891347e+01  4.7999999999999998e+00  4.1070374053713465e+01  6.4873999351264162e+00  2.3944979434077512e-01  6.5225439249528874e+00  2.3174362414659239e-01  nan  nan  1.0000000000000000e+00  9.5402806449544786e-01
8.7999999999998604e+00  4.3000593009879012e+01  2.4617828061881071e-02  6.6024647755470545e+00  2.2599673637856860e-01  3.1986049009404827e+01  3.1976846008829430e+01  3.1976846007052856e+01  4.7999999999999998e+00  4.2981683329350417e+01  6.5601643059445403e+00  2.3416562123527962e-01  6.6024647755470545e+00  2.2599673637856860e-01  nan  nan  1.0000000000000000e+00  9.5317136379214340e-01
9.1999999999998501e+00  4.4546705395250186e+01  2.5383855974844778e-02  6.6977337120439859e+00  2.1734448841527432e-01  3.1985062681944576e+01  3.1972352752671210e+01  3.1972352750653872e+01  4.7999999999999998e+00  4.4846226633308646e+01  6.6493264125351903e+00  2.2600366503285974e-01  6.6977337120439859e+00  2.1734448841527432e-01  nan  nan  1.0000000000000000e+00  9.5220926748891788e-01
9.5999999999998398e+00  4.5556079683940041e+01  2.3415141259103024e-02  6.8334496949486265e+00  1.9908211029276454e-01  3.1984134700940125e+01  3.1967421627629143e+01  3.1967421625424986e+01  4.7999999999999998e+00  4.6137469381847104e+01  6.7816185201366972e+00  2.0760708087809018e-01  6.8334496949486265e+00  1.9908211029276454e-01  nan  nan  1.0000000000000000e+00  9.5165472310871291e-01
9.9999999999998295e+00  4.6384688596724615e+01  2.2581033432017065e-02  6.9821484894068435e+00  1.7890993333581828e-01  3.1983426219153809e+01  3.1962853649198561e+01  3.1962853646795381e+01  4.7999999999999998e+00  4.7229390511079025e+01  6.9282254554670724e+00  1.8654916780548006e-01  6.9821484894068435e+00  1.7890993333581828e-01  nan  nan  1.0000000000000000e+00  9.5194739840825449e-01
1.0399999999999800e+01  4.7406065449169908e+01  2.1797917066450734e-02  7.1201376888139585e+00  1.6429902650302319e-01  3.1982627089141207e+01  3.1958390337716189e+01  3.1958390335173799e+01  4.7999999999999998e+00  4.8519311826717356e+01  7.0645734333999153e+00  1.7108708649419199e-01  7.1201376888139585e+00  1.6429902650302319e-01  nan  nan  1.0000000000000000e+00  9.5263972785024997e-01
1.0799999999999800e+01  4.8797305822549021e+01  2.1051643731846925e-02  7.2375972497285934e+00  1.5724488624261215e-01  3.1981494613929559e+01  3.1953905613433673e+01  3.1953905610841122e+01  4.7999999999999998e+00  5.0193601366797751e+01  7.1808144329967591e+00  1.6321847221523161e-01  7.2375972497285934e+00  1.5724488624261215e-01  nan  nan  1.0000000000000000e+00  9.5216916850829969e-01
1.1199999999999800e+01  5.0715566810012312e+01  2.0170178263313070e-02  7.3262956526481551e+00  1.5801806567127152e-01  3.1979847458965683e+01  3.1949355746789930e+01  3.1949355744231646e+01  4.7999999999999998e+00  5.2416607020494141e+01  7.2688206433778788e+00  1.6337124804696945e-01  7.3262956526481551e+00  1.5801806567127152e-01  nan  nan  1.0000000000000000e+00  9.5183098972964286e-01
1.1599999999999801e+01  5.3225049659539025e+01  2.0584123747286166e-02  7.3834039150161503e+00  1.6565912658748233e-01  3.1977597400780098e+01  3.1944579687348210e+01  3.1944579684909861e+01  4.7999999999999998e+00  5.5253383809016682e+01  7.3259433870820043e+00  1.7031547054958837e-01  7.3834039150161503e+00  1.6565912658748233e-01  nan  nan  1.0000000000000000e+00  9.5122480253418817e-01
1.1999999999999799e+01  5.5947657641160276e+01  2.3176456752057109e-02  7.4286542488745457e+00  1.7350043656907582e-01  3.1974788353839987e+01  3.1939229563902142e+01  3.1939229561662785e+01  4.7999999999999998e+00  5.8297880727452551e+01  7.3721855629785091e+00  1.7749890285044331e-01  7.4286542488745457e+00  1.7350043656907582e-01  nan  nan  1.0000000000000000e+00  9.5016451362486953e-01
1.2399999999999800e+01  5.8008304945696352e+01  2.3261442949533372e-02  7.5013146312968004e+00  1.7223985586919974e-01  3.1971673032046247e+01  3.1933648283255010e+01  3.1933648281131923e+01  4.7999999999999998e+00  6.0617125497120377e+01  7.4467374256122749e+00  1.7572375812028440e-01  7.5013146312968004e+00  1.7223985586919974e-01  nan  nan  1.0000000000000000e+00  9.4912634887066205e-01
1.2799999999999800e+01  5.9367302240584742e+01  2.2822459644037670e-02  7.5896815063817069e+00  1.6737266189617947e-01  3.1968629879052198e+01  3.1928316826575998e+01  3.1928316824455749e+01  4.7999999999999998e+00  6.2172118943545804e+01  7.5369820067663928e+00  1.7049031015936178e-01  7.5896815063817069e+00  1.6737266189617947e-01  nan  nan  1.0000000000000000e+00  9.4817169855743744e-01
1.3199999999999800e+01  5.9463963820245425e+01  2.0868625377276784e-02  7.7153171764031709e+00  1.5491220852314747e-01  3.1965873306796471e+01  3.1923073698103870e+01  3.1923073695846007e+01  4.7999999999999998e+00  6.2364947895022681e+01  7.6643130720495227e+00  1.5762802454430372e-01  7.7153171764031709e+00  1.5491220852314747e-01  nan  nan  1.0000000000000000e+00  9.4737489545808973e-01
1.3599999999999801e+01  5.8574073610764046e+01  2.0242940112398633e-02  7.8617491873998757e+00  1.4014287159920855e-01  3.1963666591603051e+01  3.1918607014951068e+01  3.1918607012354208e+01  4.7999999999999998e+00  6.1489409513611704e+01  7.8119549173270642e+00  1.4265665098494482e-01  7.8617491873998757e+00  1.4014287159920855e-01  nan  nan  1.0000000000000000e+00  9.4682912795568674e-01
1.3999999999999700e+01  5.7381923466141700e+01  1.9715803086930821e-02  7.9979742621212235e+00  1.3102867847131633e-01  3.1962047394788108e+01  3.1914975663422656e+01  3.1914975660389675e+01  4.7999999999999998e+00  6.0278617709676595e+01  7.9485725989373659e+00  1.3321193942296103e-01  7.9979742621212235e+00  1.3102867847131633e-01  nan  nan  1.0000000000000000e+00  9.4664120429185472e-01
1.4399999999999700e+01  5.6288364711347221e+01  1.9289690513087401e-02  8.1110890196220300e+00  1.2845925183460080e-01  3.1960881960595387e+01  3.1912143982272639e+01  3.1912143978741117e+01  4.7999999999999998e+00  5.9164223921206997e+01  8.0611740694209804e+00  1.3049056204490928e-01  8.1110890196220300e+00  1.2845925183460080e-01  nan  nan  1.0000000000000000e+00  9.4660454125023308e-01
1.4799999999999701e+01  5.5517534792735233e+01  1.9211123212159138e-02  8.1988636050620087e+00  1.3135074367502364e-01  3.1959980290391524e+01  3.1909929339666739e+01  3.1909929335643167e+01  4.7999999999999998e+00  5.8388843535100278e+01  8.1476050027549416e+00  1.3336234622371979e-01  8.1988636050620087e+00  1.3135074367502364e-01  nan  nan  1.0000000000000000e+00  9.4699132871662850e-01
1.5199999999999701e+01  5.5137612303247536e+01  2.0057459514483775e-02  8.2706471710343710e+00  1.3789411380213834e-01  3.1958974842247549e+01  3.1907830137412450e+01  3.1907830133173505e+01  4.7999999999999998e+00  5.8026233791542964e+01  8.2174548745020193e+00  1.3989168559776829e-01  8.2706471710343710e+00  1.3789411380213834e-01  nan  nan  1.0000000000000000e+00  9.4737007702897180e-01
1.5599999999999699e+01  5.5130405710326322e+01  2.0656554019462717e-02  8.3440213434824404e+00  1.4586286944043553e-01  3.1957277213847469e+01  3.1905287046932283e+01  3.1905287043078168e+01  4.7999999999999998e+00  5.8054111324078832e+01  8.2885915908716115e+00  1.4805782902065279e-01  8.3440213434824404e+00  1.4586286944043553e-01  nan  nan  1.0000000000000000e+00  9.4701367841256356e-01
1.5999999999999700e+01  5.5317819348823789e+01  2.0869219512070374e-02  8.4339507418345772e+00  1.5506402206113079e-01  3.1955593064479281e+01  3.1902933202047073e+01  3.1902933198570050e+01  4.7999999999999998e+00  5.8280198325081287e+01  8.3760337253173702e+00  1.5737279581638919e-01  8.4339507418345772e+00  1.5506402206113079e-01  nan  nan  1.0000000000000000e+00  9.4646774029613212e-01
1.6399999999999800e+01  5.5428798740012105e+01  2.0923840819678546e-02  8.5471941023665803e+00  1.6390463736972652e-01  3.1953979532149315e+01  3.1900928838053847e+01  3.1900928834794517e+01  4.7999999999999998e+00  5.8416599655874464e+01  8.4864804044997619e+00  1.6676518874482302e-01  8.5471941023665803e+00  1.6390463736972652e-01  nan  nan  1.0000000000000000e+00  9.4607170554332387e-01
1.6799999999999802e+01  5.5345370402420386e+01  2.3970215553572611e-02  8.6871583876990446e+00  1.7034026098558597e-01  3.1951915405090748e+01  3.1898789631812441e+01  3.1898789628768995e+01  4.7999999999999998e+00  5.8338110856110958e+01  8.6235684950266283e+00  1.7349800171468185e-01  8.6871583876990446e+00  1.7034026098558597e-01  nan  nan  1.0000000000000000e+00  9.4583360306261377e-01
1.7199999999999900e+01  5.5055929016584926e+01  2.7315039646516097e-02  8.8538339084466209e+00  1.7225015783135386e-01  3.1949766329767634e+01  3.1896343086070981e+01  3.1896343083227524e+01  4.7999999999999998e+00  5.8031792119580636e+01  8.7876428047554320e+00  1.7546396367363373e-01  8.8538339084466209e+00  1.7225015783135386e-01  nan  nan  1.0000000000000000e+00  9.4571588808101148e-01
1.7600000000000001e+01  5.4749719924418272e+01  2.6854017424084928e-02  9.0278636320569934e+00  1.7314366162375255e-01  3.1948003896465888e+01  3.1893906882183906e+01  3.1893906879435441e+01  4.7999999999999998e+00  5.7702920454734773e+01  8.9591390636763446e+00  1.7651131546945195e-01  9.0278636320569934e+00  1.7314366162375255e-01  nan  nan  1.0000000000000000e+00  9.4558869423487169e-01
1.8000000000000000e+01  5.4162452450125187e+01  3.3665365146187023e-02  9.2243845145806969e+00  1.7165443455570550e-01  3.1946675981083249e+01  3.1891718171233382e+01  3.1891718168509449e+01  4.7999999999999998e+00  5.7067403842520633e+01  9.1533356662939038e+00  1.7514678027700339e-01  9.2243845145806969e+00  1.7165443455570550e-01  nan  nan  1.0000000000000000e+00  9.4561312746183257e-01
1.8400000000000102e+01  5.3389333683823452e+01  2.9875029786317377e-02  9.4366083103770002e+00  1.7100232392365716e-01  3.1945644093407520e+01  3.1890261867913676e+01  3.1890261865281865e+01  4.7999999999999998e+00  5.6229745451957797e+01  9.3631227648143600e+00  1.7457490982656551e-01  9.4366083103770002e+00  1.7100232392365716e-01  nan  nan  1.0000000000000000e+00  9.4470994993556023e-01
1.8800000000000100e+01  5.2623016644674131e+01  2.5667835665882561e-02  9.6548244119600515e+00  1.7366986369410581e-01  3.1944461807184098e+01  3.1889803614282059e+01  3.1889803611781968e+01  4.7999999999999998e+00  5.5398142483288936e+01  9.5784673982228803e+00  1.7708146953531423e-01  9.6548244119600515e+00  1.7366986369410581e-01  nan  nan  1.0000000000000000e+00  9.4463134203707588e-01
1.9200000000000198e+01  5.1945883992448202e+01  2.6466707382631311e-02  9.8801677457325958e+00  1.7920287075763439e-01  3.1942550848089386e+01  3.1889405964951013e+01  3.1889405962692951e+01  4.7999999999999998e+00  5.4658653623731333e+01  9.8006873727316197e+00  1.8269757619483984e-01  9.8801677457325958e+00  1.7920287075763439e-01  nan  nan  1.0000000000000000e+00  9.4457605526980692e-01
1.9600000000000300e+01  5.1598027392452522e+01  2.8097538342132713e-02  1.0097781073576181e+01  1.8796773032194827e-01  3.1940002486565319e+01  3.1888240330769623e+01  3.1888240328945614e+01  4.7999999999999998e+00  5.4265716796451720e+01  1.0015167383611507e+01  1.9183272820833316e-01  1.0097781073576181e+01  1.8796773032194827e-01  nan  nan  1.0000000000000000e+00  9.4399788249243288e-01
2.0000000000000298e+01  5.1770492836901994e+01  2.9459300007660855e-02  1.0295448700949615e+01  1.9923874951043605e-01  3.1937165804404057e+01  3.1886208553581248e+01  3.1886208552249503e+01  4.7999999999999998e+00  5.4419359123301916e+01  1.0210136925250008e+01  2.0282978746838146e-01  1.0295448700949615e+01  1.9923874951043605e-01  nan  nan  1.0000000000000000e+00  9.4383856417354783e-01
2.0400000000000400e+01  5.2198744753281957e+01  3.0223098331079133e-02  1.0497517791966668e+01  2.0653368230092209e-01  3.1934881032219838e+01  3.1883907933452537e+01  3.1883907932347885e+01  4.7999999999999998e+00  5.4833830284022888e+01  1.0410445685541806e+01  2.1022585445577591e-01  1.0497517791966668e+01  2.0653368230092209e-01  nan  nan  1.0000000000000000e+00  9.4365011377727104e-01
2.0800000000000502e+01  5.2359351546590787e+01  2.9369532657655288e-02  1.0745228312676126e+01  2.0512348122944354e-01  3.1932791230479332e+01  3.1881288078776105e+01  3.1881288077690151e+01  4.7999999999999998e+00  5.4955029619116431e+01  1.0657234837821193e+01  2.0840447504495566e-01  1.0745228312676126e+01  2.0512348122944354e-01  nan  nan  1.0000000000000000e+00  9.4367863260172546e-01
2.1200000000000500e+01  5.2650070485642381e+01  3.3325655246706359e-02  1.0989139772762949e+01  2.0289337327150581e-01  3.1931349391609682e+01  3.1878946451563255e+01  3.1878946450535530e+01  4.7999999999999998e+00  5.5214290431303780e+01  1.0900123766644869e+01  2.0617526527507632e-01  1.0989139772762949e+01  2.0289337327150581e-01  nan  nan  1.0000000000000000e+00  9.4368535245439100e-01
2.1600000000000598e+01  5.2712656179921638e+01  3.4344304380584695e-02  1.1262171118061380e+01  1.9552978748617936e-01  3.1929385827265968e+01  3.1876584705237054e+01  3.1876584704214011e+01  4.7999999999999998e+00  5.5231240839670178e+01  1.1172250251838086e+01  1.9881277095535366e-01  1.1262171118061380e+01  1.9552978748617936e-01  nan  nan  1.0000000000000000e+00  9.4371366564753423e-01
2.2000000000000600e+01  5.3086674503872999e+01  3.9848373106851423e-02  1.1509711637221205e+01  1.9079840940241272e-01  3.1927343821195077e+01  3.1874525978063215e+01  3.1874525977032359e+01  4.7999999999999998e+00  5.5581994370010122e+01  1.1418531349993250e+01  1.9411003344472985e-01  1.1509711637221205e+01  1.9079840940241272e-01  nan  nan  1.0000000000000000e+00  9.4389784508920127e-01
2.2400000000000698e+01  5.3913964039130747e+01  4.5053722335650769e-02  1.1716533777753094e+01  1.9132126961891066e-01  3.1925803197368321e+01  3.1873175038846352e+01  3.1873175037652981e+01  4.7999999999999998e+00  5.6418762628494505e+01  1.1623436454669209e+01  1.9470405592995413e-01  1.1716533777753094e+01  1.9132126961891066e-01  nan  nan  1.0000000000000000e+00  9.4415111111782180e-01
2.2800000000000800e+01  5.4698880513535968e+01  3.0534580408493925e-02  1.1934226255464662e+01  1.9028939484482602e-01  3.1924317626460258e+01  3.1872104744278204e+01  3.1872104742762470e+01  4.7999999999999998e+00  5.7210371614318369e+01  1.1839314652180203e+01  1.9400319358411694e-01  1.1934226255464662e+01  1.9028939484482602e-01  nan  nan  1.0000000000000000e+00  9.4438521717348245e-01
2.3200000000000799e+01  5.5785045706108448e+01  4.2070864949966126e-02  1.2123391063426617e+01  1.9362854070892466e-01  3.1923446391980196e+01  3.1871442639391422e+01  3.1871442637331484e+01  4.7999999999999998e+00  5.8335665954331247e+01  1.2025057799783287e+01  1.9766651316444447e-01  1.2123391063426617e+01  1.9362854070892466e-01  nan  nan  1.0000000000000000e+00  9.3752975211660761e-01
2.3600000000000900e+01  5.6495206840809885e+01  3.0674470814758489e-02  1.2354637706466484e+01  1.9182292614478325e-01  3.1922695212493050e+01  3.1870914232520370e+01  3.1870914229871271e+01  4.7999999999999998e+00  5.9061644244136481e+01  1.2253216792022430e+01  1.9629056552167329e-01  1.2354637706466484e+01  1.9182292614478325e-01  nan  nan  1.0000000000000000e+00  9.3313899580401016e-01
2.4000000000000998e+01  5.6983519509911694e+01  2.7735915591944174e-02  1.2610538570005410e+01  1.8692890853075783e-01  3.1921823392010772e+01  3.1870130224044779e+01  3.1870130220814261e+01  4.7999999999999998e+00  5.9554358229079739e+01  1.2506016575605017e+01  1.9161334615040734e-01  1.2610538570005410e+01  1.8692890853075783e-01  nan  nan  1.0000000000000000e+00  9.3371077213946108e-01
2.4400000000001000e+01  5.7589414092265656e+01  2.7351168254425330e-02  1.2857628963886365e+01  1.8232662327927124e-01  3.1920868059194468e+01  3.1869120806733335e+01  3.1869120803068121e+01  4.7999999999999998e+00  6.0178003108061006e+01  1.2749382840644124e+01  1.8713673369328854e-01  1.2857628963886365e+01  1.8232662327927124e-01  nan  nan  1.0000000000000000e+00  9.3607485812204871e-01
2.4800000000001098e+01  5.8557063144525884e+01  2.7378144593258852e-02  1.3073802057922023e+01  1.7913688023171548e-01  3.1919491122182404e+01  3.1868149486286793e+01  3.1868149482435811e+01  4.7999999999999998e+00  6.1192890796591556e+01  1.2960931802677772e+01  1.8414474476781126e-01  1.3073802057922023e+01  1.7913688023171548e-01  nan  nan  1.0000000000000000e+00  9.3729835012532747e-01
2.5200000000001101e+01  5.9875024195075667e+01  2.6611859896883593e-02  1.3263954813475436e+01  1.7611220003780306e-01  3.1917662808043222e+01  3.1867309719331246e+01  3.1867309715457292e+01  4.7999999999999998e+00  6.2582605971989160e+01  1.3146048691255249e+01  1.8151314251163880e-01  1.3263954813475436e+01  1.7611220003780306e-01  nan  nan  1.0000000000000000e+00  9.3753056286378644e-01
2.5600000000001199e+01  6.1416662331263552e+01  2.6380788378314920e-02  1.3442152109014812e+01  1.7226319498558834e-01  3.1916097864436182e+01  3.1866875237100086e+01  3.1866875233109972e+01  4.7999999999999998e+00  6.4209116063765507e+01  1.3319300053386122e+01  1.7776351591019834e-01  1.3442152109014812e+01  1.7226319498558834e-01  nan  nan  1.0000000000000000e+00  9.3706830851246603e-01
2.6000000000001300e+01  6.3068589525126143e+01  2.7065568738153391e-02  1.3615807582494170e+01  1.6762833695795429e-01  3.1915663440572775e+01  3.1867233448539714e+01  3.1867233444419949e+01  4.7999999999999998e+00  6.5955083025591705e+01  1.3487833810608592e+01  1.7333628043684080e-01  1.3615807582494170e+01  1.6762833695795429e-01  nan  nan  1.0000000000000000e+00  9.3462346324044809e-01
2.6400000000001299e+01  6.4486897735887766e+01  2.5743210560606678e-02  1.3815534412072555e+01  1.5965510550880543e-01  3.1916014467647432e+01  3.1867633752690693e+01  3.1867633748285442e+01  4.7999999999999998e+00  6.7448456961590296e+01  1.3683124590172477e+01  1.6540629074072524e-01  1.3815534412072555e+01  1.5965510550880543e-01  nan  nan  1.0000000000000000e+00  9.3202852097434141e-01
2.6800000000001400e+01  6.5785895286340320e+01  2.5592577416539343e-02  1.4025328887753940e+01  1.5102434590679320e-01  3.1917174970034196e+01  3.1868061247810253e+01  3.1868061243135624e+01  4.7999999999999998e+00  6.8816963731572969e+01  1.3888441603049388e+01  1.5673390294537431e-01  1.4025328887753940e+01  1.5102434590679320e-01  nan  nan  1.0000000000000000e+00  9.2987625753115732e-01
2.7200000000001499e+01  6.7074233153275003e+01  2.4700223398822094e-02  1.4233143627436506e+01  1.4331188926830019e-01  3.1918730619264618e+01  3.1868782642327130e+01  3.1868782637475018e+01  4.7999999999999998e+00  7.0180940537407650e+01  1.4091172045386509e+01  1.4920380045060475e-01  1.4233143627436506e+01  1.4331188926830019e-01  nan  nan  1.0000000000000000e+00  9.2786622804807006e-01
2.7600000000001501e+01  6.8393226329976045e+01  2.4109365381865009e-02  1.4436475543686431e+01  1.3660638161355973e-01  3.1919734180069693e+01  3.1869850413640151e+01  3.1869850408687906e+01  4.7999999999999998e+00  7.1583884815930560e+01  1.4288812834687802e+01  1.4253557717249613e-01  1.4436475543686431e+01  1.3660638161355973e-01  nan  nan  1.0000000000000000e+00  9.2602155089779947e-01
2.8000000000001599e+01  6.9854091107003470e+01  2.3534361204469393e-02  1.4627312756561764e+01  1.3151189423425952e-01  3.1919437891686936e+01  3.1871236883807885e+01  3.1871236878803060e+01  4.7999999999999998e+00  7.3144112061584323e+01  1.4473290581092254e+01  1.3769589699280579e-01  1.4627312756561764e+01  1.3151189423425952e-01  nan  nan  1.0000000000000000e+00  9.2443840395994270e-01
2.8400000000001601e+01  7.1578937997471030e+01  2.2647659452081130e-02  1.4796678228936027e+01  1.2875465125625143e-01  3.1917973256297763e+01  3.1873001063939913e+01  3.1873001058894214e+01  4.7999999999999998e+00  7.4992308859032903e+01  1.4635541256718602e+01  1.3474268979646667e-01  1.4796678228936027e+01  1.2875465125625143e-01  nan  nan  1.0000000000000000e+00  9.2267167500656733e-01
2.8800000000001699e+01  7.3611464203735778e+01  2.3279894857440052e-02  1.4942741860487637e+01  1.2806883469666880e-01  3.1916020941855113e+01  3.1875163927518784e+01  3.1875163922369037e+01  4.7999999999999998e+00  7.7174441165521955e+01  1.4773859221956776e+01  1.3451253398854593e-01  1.4942741860487637e+01  1.2806883469666880e-01  nan  nan  1.0000000000000000e+00  9.2162568117684462e-01
2.9200000000001801e+01  7.5781999624963774e+01  2.6618866684704933e-02  1.5083324037316791e+01  1.2736556576916000e-01  3.1914505197868728e+01  3.1877663377281038e+01  3.1877663371856301e+01  4.7999999999999998e+00  7.9501156697633945e+01  1.4907020422529820e+01  1.3417464276882765e-01  1.5083324037316791e+01  1.2736556576916000e-01  nan  nan  1.0000000000000000e+00  9.2059810358370875e-01
2.9600000000001799e+01  7.7899887105818863e+01  2.6091202468824532e-02  1.5235182283163750e+01  1.2503233035026512e-01  3.1914140518105942e+01  3.1880220693753252e+01  3.1880220687838808e+01  4.7999999999999998e+00  8.1762783134941571e+01  1.5052393838791383e+01  1.3176925990932806e-01  1.5235182283163750e+01  1.2503233035026512e-01  nan  nan  1.0000000000000000e+00  9.1905463431141665e-01
3.0000000000001901e+01  8.0028985120694983e+01  2.6522530336038949e-02  1.5389213594722838e+01  1.2200787239270094e-01  3.1914929066586961e+01  3.1883259792821050e+01  3.1883259786213397e+01  4.7999999999999998e+00  8.4036884007673819e+01  1.5199915873909317e+01  1.2918626404135122e-01  1.5389213594722838e+01  1.2200787239270094e-01  nan  nan  1.0000000000000000e+00  9.1698242927344564e-01
3.0400000000001999e+01  8.1828746877960015e+01  2.5507085582367601e-02  1.5574675996483279e+01  1.1590573749750308e-01  3.1916721942217173e+01  3.1886495654367874e+01  3.1886495646824518e+01  4.7999999999999998e+00  8.5944446267740261e+01  1.5380255327873497e+01  1.2306615083569400e-01  1.5574675996483279e+01  1.1590573749750308e-01  nan  nan  1.0000000000000000e+00  9.1481155982604023e-01
3.0800000000002001e+01  8.3388390391020351e+01  2.3730653602397692e-02  1.5779790267987508e+01  1.0880125588215868e-01  3.1919082321463812e+01  3.1889978980941063e+01  3.1889978972285725e+01  4.7999999999999998e+00  8.7590827476938372e+01  1.5580581175453437e+01  1.1574625140591913e-01  1.5779790267987508e+01  1.0880125588215868e-01  nan  nan  1.0000000000000000e+00  9.1229716731536314e-01
3.1200000000002099e+01  8.4794318173168634e+01  2.2606485261541538e-02  1.5994532921895171e+01  1.0301751750125225e-01  3.1921655955873700e+01  3.1893694277670086e+01  3.1893694267841020e+01  4.7999999999999998e+00  8.9079094564380554e+01  1.5789855537228631e+01  1.0979757287993748e-01  1.5994532921895171e+01  1.0301751750125225e-01  nan  nan  1.0000000000000000e+00  9.0967806311160460e-01
3.1600000000002101e+01  8.6075273908374470e+01  2.2296179275684384e-02  1.6215560956563113e+01  9.9824145484093227e-02  3.1924272584033890e+01  3.1897397768592043e+01  3.1897397757529330e+01  4.7999999999999998e+00  9.0446222693997555e+01  1.6004165735838825e+01  1.0641396359938804e-01  1.6215560956563113e+01  9.9824145484093227e-02  nan  nan  1.0000000000000000e+00  9.0711007763981399e-01
3.2000000000002203e+01  8.7296846390464196e+01  2.1916890712661886e-02  1.6435984816176916e+01  9.9479933895006603e-02  3.1926626583160587e+01  3.1901233052268616e+01  3.1901233039967369e+01  4.7999999999999998e+00  9.1770794862255599e+01  1.6215885944681176e+01  1.0653142562076059e-01  1.6435984816176916e+01  9.9479933895006603e-02  nan  nan  1.0000000000000000e+00  9.0455593700848347e-01
3.2400000000002102e+01  8.8510715753823462e+01  2.1678846416919334e-02  1.6650555847961261e+01  1.0242118409264293e-01  3.1928031873123686e+01  3.1905026590915838e+01  3.1905026577630920e+01  4.7999999999999998e+00  9.3114015263245662e+01  1.6419285991693595e+01  1.1004998079021949e-01  1.6650555847961261e+01  1.0242118409264293e-01  nan  nan  1.0000000000000000e+00  9.0200477897928122e-01
3.2800000000002001e+01  8.9609272933254545e+01  2.4180623328000042e-02  1.6870863369080283e+01  1.0655901531742554e-01  3.1927631646746612e+01  3.1908770007596679e+01  3.1908769993604594e+01  4.7999999999999998e+00  9.4350103097372738e+01  1.6626897059394697e+01  1.1480071459210665e-01  1.6870863369080283e+01  1.0655901531742554e-01  nan  nan  1.0000000000000000e+00  8.9962096046353079e-01
3.3200000000001999e+01  9.0341668729043150e+01  2.3777452070659219e-02  1.7122703580255401e+01  1.0871452124151812e-01  3.1925385228728310e+01  3.1912070431399155e+01  3.1912070416821788e+01  4.7999999999999998e+00  9.5184584911749354e+01  1.6866656934072996e+01  1.1724978972715400e-01  1.7122703580255401e+01  1.0871452124151812e-01  nan  nan  1.0000000000000000e+00  8.9739691041572278e-01
3.3600000000001899e+01  9.0765336208214109e+01  2.4572085340025362e-02  1.7401612628491957e+01  1.0890521213252724e-01  3.1921830928381574e+01  3.1914698432943659e+01  3.1914698417894055e+01  4.7999999999999998e+00  9.5677911364864713e+01  1.7134056346833059e+01  1.1776041161858486e-01  1.7401612628491957e+01  1.0890521213252724e-01  nan  nan  1.0000000000000000e+00  8.9512900895419012e-01
3.4000000000001798e+01  9.0744954960861008e+01  2.2255748004022035e-02  1.7721400811149270e+01  1.0585694488816907e-01  3.1917466214656734e+01  3.1916447375774585e+01  3.1916447360490249e+01  4.7999999999999998e+00  9.5664340645787917e+01  1.7444692743328581e+01  1.1481800016144476e-01  1.7721400811149270e+01  1.0585694488816907e-01  nan  nan  1.0000000000000000e+00  8.9289383108079479e-01
3.4400000000001697e+01  9.0354355226896644e+01  2.2486583209768835e-02  1.8078922991032528e+01  1.0014217561816649e-01  3.1913027946531628e+01  3.1916417152353048e+01  3.1916417137153068e+01  4.7999999999999998e+00  9.5219313895250764e+01  1.7795777247299856e+01  1.0904149797568931e-01  1.8078922991032528e+01  1.0014217561816649e-01  nan  nan  1.0000000000000000e+00  8.9058914794265076e-01
3.4800000000001603e+01  8.9925781448939603e+01  2.2895657069880893e-02  1.8445686379280996e+01  9.4648129024587621e-02  3.1909084464234709e+01  3.1914752193134831e+01  3.1914752178269641e+01  4.7999999999999998e+00  9.4721227773071149e+01  1.8156919435632030e+01  1.0365961712708698e-01  1.8445686379280996e+01  9.4648129024587621e-02  nan  nan  1.0000000000000000e+00  8.8803637948204517e-01
3.5200000000001602e+01  8.9720367945099284e+01  2.3026280814255978e-02  1.8793514379218433e+01  9.1281699950021125e-02  3.1906292979013525e+01  3.1911939052902607e+01  3.1911939038499874e+01  4.7999999999999998e+00  9.4471583629983030e+01  1.8498068603126121e+01  1.0017235164360214e-01  1.8793514379218433e+01  9.1281699950021125e-02  nan  nan  1.0000000000000000e+00  8.8520947629014279e-01
3.5600000000001501e+01  8.9890401629980204e+01  2.2741255223732069e-02  1.9101972038129720e+01  9.0802875675185191e-02  3.1905237023976081e+01  3.1908910908878383e+01  3.1908910894971324e+01  4.7999999999999998e+00  9.4649175175031928e+01  1.8797362296408295e+01  1.0009730530075071e-01  1.9101972038129720e+01  9.0802875675185191e-02  nan  nan  1.0000000000000000e+00  8.8215587967228137e-01
3.6000000000001400e+01  9.0465687642181734e+01  2.1972120706521870e-02  1.9365862611573235e+01  9.3272138583541650e-02  3.1906311373795596e+01  3.1907116534742094e+01  3.1907116521316841e+01  4.7999999999999998e+00  9.5294877332272335e+01  1.9048683053749073e+01  1.0325019450086770e-01  1.9365862611573235e+01  9.3272138583541650e-02  nan  nan  1.0000000000000000e+00  8.7890609572743483e-01
3.6400000000001299e+01  9.1342584788197001e+01  2.1448472450564721e-02  1.9596620467495946e+01  9.8464481430507594e-02  3.1909627151502836e+01  3.1907515418839463e+01  3.1907515405756438e+01  4.7999999999999998e+00  9.6298632783177140e+01  1.9263283927600803e+01  1.0924934916736413e-01  1.9596620467495946e+01  9.8464481430507594e-02  nan  nan  1.0000000000000000e+00  8.7548897056667052e-01
3.6800000000001198e+01  9.2250913478639319e+01  2.2558575283881794e-02  1.9821307021443626e+01  1.0480911075492767e-01  3.1914162622122650e+01  3.1910250608906651e+01  3.1910250595826930e+01  4.7999999999999998e+00  9.7354230022131134e+01  1.9469800772941880e+01  1.1662333544790864e-01  1.9821307021443626e+01  1.0480911075492767e-01  nan  nan  1.0000000000000000e+00  8.7202472151065780e-01
3.7200000000001197e+01  9.2747931194342485e+01  2.4498502437613718e-02  2.0083360367582632e+01  1.0880865649323540e-01  3.1917162723532506e+01  3.1913614039247012e+01  3.1913614025940557e+01  4.7999999999999998e+00  9.7942114765095894e+01  1.9715895313478313e+01  1.2130339028483302e-01  2.0083360367582632e+01  1.0880865649323540e-01  nan  nan  1.0000000000000000e+00  8.6869519913708260e-01
3.7600000000001103e+01  9.2769717025285516e+01  2.5102595219445006e-02  2.0390726879134206e+01  1.0985864465931072e-01  3.1917707334231181e+01  3.1915815814542050e+01  3.1915815801097423e+01  4.7999999999999998e+00  9.7978892510210230e+01  2.0010881756842764e+01  1.2298750742202103e-01  2.0390726879134206e+01  1.0985864465931072e-01  nan  nan  1.0000000000000000e+00  8.6544622710556773e-01
3.8000000000001002e+01  9.2552905271778428e+01  2.6403763018839576e-02  2.0723207148651792e+01  1.0936131186966482e-01  3.1916333015271771e+01  3.1916950213773813e+01  3.1916950200491705e+01  4.7999999999999998e+00  9.7732903531681245e+01  2.0333270726192925e+01  1.2281672026768292e-01  2.0723207148651792e+01  1.0936131186966482e-01  nan  nan  1.0000000000000000e+00  8.6238959757463485e-01
3.8400000000000901e+01  9.2112325792009131e+01  2.4761204135777516e-02  2.1083468563796391e+01  1.0614777586515411e-01  3.1914499841023904e+01  3.1915686980299338e+01  3.1915686967462072e+01  4.7999999999999998e+00  9.7197789327999629e+01  2.0688272978521134e+01  1.1976766071065445e-01  2.1083468563796391e+01  1.0614777586515411e-01  nan  nan  1.0000000000000000e+00  8.5998558930308211e-01
3.8800000000000800e+01  9.1931157357125016e+01  2.5093645100950919e-02  2.1417329316745207e+01  1.0354730641331887e-01  3.1912810973306939e+01  3.1913698546055407e+01  3.1913698534000645e+01  4.7999999999999998e+00  9.6941204649023703e+01  2.1017112044691316e+01  1.1738405686248210e-01  2.1417329316745207e+01  1.0354730641331887e-01  nan  nan  1.0000000000000000e+00  8.5825933209637673e-01
3.9200000000000799e+01  9.2196784360304989e+01  2.6092663945416421e-02  2.1698696513078794e+01  1.0327520058392328e-01  3.1912170019880119e+01  3.1914109093978105e+01  3.1914109082491699e+01  4.7999999999999998e+00  9.7196822877786872e+01  2.1290288694430323e+01  1.1758656020029817e-01  2.1698696513078794e+01  1.0327520058392328e-01  nan  nan  1.0000000000000000e+00  8.5693449014927858e-01
3.9600000000000698e+01  9.2739087408995232e+01  2.6283401695160566e-02  2.1942753235095783e+01  1.0472226400105217e-01  3.1913638562567805e+01  3.1917561719023510e+01  3.1917561707664394e+01  4.7999999999999998e+00  9.7780027225050446e+01  2.1523051816827966e+01  1.1969802841897489e-01  2.1942753235095783e+01  1.0472226400105217e-01  nan  nan  1.0000000000000000e+00  8.5558012028201591e-01
4.0000000000000597e+01  9.3292545157363179e+01  2.6624495580411960e-02  2.2177413392944267e+01  1.0639061156030492e-01  3.1917943962508648e+01  3.1922625572366243e+01  3.1922625560934797e+01  4.7999999999999998e+00  9.8385877531097066e+01  2.1745379303769703e+01  1.2225159104332263e-01  2.2177413392944267e+01  1.0639061156030492e-01  nan  nan  1.0000000000000000e+00  8.5323494366989738e-01
4.0400000000000503e+01  9.3674427824798244e+01  2.9535811516722559e-02  2.2423502836440981e+01  1.0704611573377486e-01  3.1923508262103422e+01  3.1927806395081348e+01  3.1927806383494943e+01  4.7999999999999998e+00  9.8797543381493256e+01  2.1980301294558267e+01  1.2375262569309195e-01  2.2423502836440981e+01  1.0704611573377486e-01  nan  nan  1.0000000000000000e+00  8.5032240233013212e-01
4.0800000000000502e+01  9.3784073588401313e+01  3.5532545360812476e-02  2.2694778937446053e+01  1.0552552825447496e-01  3.1926723289450710e+01  3.1931885211948316e+01  3.1931885200346500e+01  4.7999999999999998e+00  9.8885293911001526e+01  2.2243987673123950e+01  1.2277813331127789e-01  2.2694778937446053e+01  1.0552552825447496e-01  nan  nan  1.0000000000000000e+00  8.4675846684720524e-01
4.1200000000000401e+01  9.3824300102067198e+01  3.2360552366963238e-02  2.2969516102971966e+01  1.0285945346375705e-01  3.1927610323495582e+01  3.1934548249609936e+01  3.1934548238308299e+01  4.7999999999999998e+00  9.8887813506808271e+01  2.2512628626433806e+01  1.2027145577032318e-01  2.2969516102971966e+01  1.0285945346375705e-01  nan  nan  1.0000000000000000e+00  8.4095180380613754e-01
4.1600000000000300e+01  9.4074394828221429e+01  4.4731149919656613e-02  2.3213155741364357e+01  1.0091554312540997e-01  3.1929973912882136e+01  3.1936715210915615e+01  3.1936715200036602e+01  4.7999999999999998e+00  9.9145947089817156e+01  2.2747240811976098e+01  1.1860102699522161e-01  2.3213155741364357e+01  1.0091554312540997e-01  nan  nan  1.0000000000000000e+00  8.3253727369671460e-01
4.2000000000000199e+01  9.4519458726903792e+01  4.3096266026508324e-02  2.3424186108044882e+01  9.9477163613981984e-02  3.1934102929120822e+01  3.1939235751350374e+01  3.1939235740825737e+01  4.7999999999999998e+00  9.9633531368726281e+01  2.2947545490259678e+01  1.1740716694531038e-01  2.3424186108044882e+01  9.9477163613981984e-02  nan  nan  1.0000000000000000e+00  8.2254155457747968e-01
4.2400000000000098e+01  9.5217611756157851e+01  4.0176393196812030e-02  2.3594535625262814e+01  9.9509571234674701e-02  3.1936563343128466e+01  3.1943629016119303e+01  3.1943629005695520e+01  4.7999999999999998e+00  1.0043157757364719e+02  2.3103343380551671e+01  1.1794256471021262e-01  2.3594535625262814e+01  9.9509571234674701e-02  nan  nan  1.0000000000000000e+00  8.1783423460893667e-01
4.2800000000000097e+01  9.6020486471255197e+01  3.8023932941958084e-02  2.3744575798637236e+01  1.0011640371377487e-01  3.1935624371722245e+01  3.1949892752408385e+01  3.1949892742004156e+01  4.7999999999999998e+00  1.0135666761820471e+02  2.3237684983198839e+01  1.1925739296956682e-01  2.3744575798637236e+01  1.0011640371377487e-01  nan  nan  1.0000000000000000e+00  8.1473716056739054e-01
4.3200000000000003e+01  9.6740895820765203e+01  3.0317443403351251e-02  2.3899415706439004e+01  9.9596338919692939e-02  3.1934210813043855e+01  3.1956773595331260e+01  3.1956773584873922e+01  4.7999999999999998e+00  1.0216943666001683e+02  2.3379918113983333e+01  1.1925478381025136e-01  2.3899415706439004e+01  9.9596338919692939e-02  nan  nan  1.0000000000000000e+00  8.1028303680047598e-01
4.3599999999999902e+01  9.7456002470100401e+01  3.7710445459583693e-02  2.4047411348028970e+01  9.9203840148338773e-02  3.1934934744611681e+01  3.1963427992262567e+01  3.1963427981544861e+01  4.7999999999999998e+00  1.0298282866023231e+02  2.3515040887094067e+01  1.1920517062709921e-01  2.4047411348028970e+01  9.9203840148338773e-02  nan  nan  1.0000000000000000e+00  8.0503802163110016e-01
4.3999999999999801e+01  9.8065438547499483e+01  3.0295370798109043e-02  2.4195728159764862e+01  9.7730411252414495e-02  3.1939426622298591e+01  3.1970076295021695e+01  3.1970076283974482e+01  4.7999999999999998e+00  1.0366369450079013e+02  2.3653191601466808e+01  1.1824257593991040e-01  2.4195728159764862e+01  9.7730411252414495e-02  nan  nan  1.0000000000000000e+00  8.0156515937226014e-01
4.4399999999999700e+01  9.8589865168018136e+01  2.8358859385920161e-02  2.4339158072209212e+01  9.5550345957121779e-02  3.1946727464922819e+01  3.1976918625850114e+01  3.1976918614387124e+01  4.7999999999999998e+00  1.0424004883369888e+02  2.3788546183175612e+01  1.1630856258951881e-01  2.4339158072209212e+01  9.5550345957121779e-02  nan  nan  1.0000000000000000e+00  7.9802272184057332e-01
4.4799999999999699e+01  9.9152642198677739e+01  2.7991002252543744e-02  2.4464769186780916e+01  9.3943521653888029e-02  3.1953068151498687e+01  3.1983936307387744e+01  3.1983936295464840e+01  4.7999999999999998e+00  1.0487846730092039e+02  2.3904330424016457e+01  1.1450824776941917e-01  2.4464769186780916e+01  9.3943521653888029e-02  nan  nan  1.0000000000000000e+00  7.9442022932038292e-01
4.5199999999999598e+01  9.9812572030193323e+01  2.8512055575615661e-02  2.4571134325373436e+01  9.3164193887457517e-02  3.1956958380473161e+01  3.1990449301484905e+01  3.1990449288966445e+01  4.7999999999999998e+00  1.0565256227319243e+02  2.3997897856273372e+01  1.1379484465425413e-01  2.4571134325373436e+01  9.3164193887457517e-02  nan  nan  1.0000000000000000e+00  7.9016251915680236e-01
4.5599999999999497e+01  1.0057980180864449e+02  2.8786321533008710e-02  2.4659579616383894e+01  9.3460712891525619e-02  3.1960935294642855e+01  3.1996678966752050e+01  3.1996678953470553e+01  4.7999999999999998e+00  1.0657374055789769e+02  2.4070554050355163e+01  1.1454471099450927e-01  2.4659579616383894e+01  9.3460712891525619e-02  nan  nan  1.0000000000000000e+00  7.8517100377078441e-01
4.5999999999999403e+01  1.0138430466415228e+02  3.3177142430088763e-02  2.4734003681195240e+01  9.4191126791092372e-02  3.1966803043058253e+01  3.2003804975626743e+01  3.2003804961547694e+01  4.7999999999999998e+00  1.0756058663938097e+02  2.4126980277515969e+01  1.1612883852791457e-01  2.4734003681195240e+01  9.4191126791092372e-02  nan  nan  1.0000000000000000e+00  7.7947796987755413e-01
4.6399999999999302e+01  1.0208138103960351e+02  3.4025783906743316e-02  2.4806930973727194e+01  9.4457418485582298e-02  3.1973544718470638e+01  3.2011740709408038e+01  3.2011740694616797e+01  4.7999999999999998e+00  1.0842557711622801e+02  2.4183211052661971e+01  1.1738152670397038e-01  2.4806930973727194e+01  9.4457418485582298e-02  nan  nan  1.0000000000000000e+00  7.7327388473852110e-01
4.6799999999999301e+01  1.0268034192420886e+02  3.2101871059346858e-02  2.4878870814068495e+01  9.4631020365126481e-02  3.1979422355332659e+01  3.2019304367980652e+01  3.2019304352398748e+01  4.7999999999999998e+00  1.0918028361848198e+02  2.4239510648641637e+01  1.1802930402155841e-01  2.4878870814068495e+01  9.4631020365126481e-02  nan  nan  1.0000000000000000e+00  7.6613349614665338e-01
4.7199999999999200e+01  1.0328044745528449e+02  3.4612223253233258e-02  2.4942923848901621e+01  9.5031944608513455e-02  3.1984271332111263e+01  3.2026721309846749e+01  3.2026721293180962e+01  4.7999999999999998e+00  1.0995745206952095e+02  2.4286157516168000e+01  1.1908426356345146e-01  2.4942923848901621e+01  9.5031944608513455e-02  nan  nan  1.0000000000000000e+00  7.5898138891569400e-01
4.7599999999999099e+01  1.0375404756578533e+02  2.6843374562145420e-02  2.5016180187369862e+01  9.4082820194553926e-02  3.1989080484575318e+01  3.2034393304461609e+01  3.2034393286528370e+01  4.7999999999999998e+00  1.1055998032608971e+02  2.4346537137915469e+01  1.1839005641502849e-01  2.5016180187369862e+01  9.4082820194553926e-02  nan  nan  1.0000000000000000e+00  7.5336105513622698e-01
4.7999999999998998e+01  1.0411754183764467e+02  2.3762763013878734e-02  2.5094017330748439e+01  9.2278796384014525e-02  3.1995746280628115e+01  3.2042875221514159e+01  3.2042875202175274e+01  4.7999999999999998e+00  1.1102616562701479e+02  2.4413723616066580e+01  1.1685738066216503e-01  2.5094017330748439e+01  9.2278796384014525e-02  nan  nan  1.0000000000000000e+00  7.4859077178686528e-01
4.8399999999998897e+01  1.0435761418764021e+02  2.3218935338287817e-02  2.5174220388861070e+01  9.0274800865386154e-02  3.2002645503551548e+01  3.2051665942503540e+01  3.2051665921690166e+01  4.7999999999999998e+00  1.1135782685174124e+02  2.4483697311797076e+01  1.1461174208817862e-01  2.5174220388861070e+01  9.0274800865386154e-02  nan  nan  1.0000000000000000e+00  7.4387292989031939e-01
4.8799999999998903e+01  1.0449070427194943e+02  2.2687707204985381e-02  2.5253691710678282e+01  8.8070834993055888e-02  3.2009644516308278e+01  3.2059623800798946e+01  3.2059623778431416e+01  4.7999999999999998e+00  1.1158277541727753e+02  2.4552259262206039e+01  1.1225255338928337e-01  2.5253691710678282e+01  8.8070834993055888e-02  nan  nan  1.0000000000000000e+00  7.3864784339326772e-01
4.9199999999998802e+01  1.0456970157095446e+02  2.2473829779997578e-02  2.5328881300884586e+01  8.6066432644650734e-02  3.2017106671853405e+01  3.2066864365159326e+01  3.2066864341256014e+01  4.7999999999999998e+00  1.1176844584070761e+02  2.4614710879553044e+01  1.1029749569422177e-01  2.5328881300884586e+01  8.6066432644650734e-02  nan  nan  1.0000000000000000e+00  7.3307153820606163e-01
4.9599999999998701e+01  1.0465118705930023e+02  2.2852386372220260e-02  2.5394635763501203e+01  8.4723654495901649e-02  3.2024149537125666e+01  3.2074817947619039e+01  3.2074817922372013e+01  4.7999999999999998e+00  1.1198781770831505e+02  2.4664657850921433e+01  1.0955905255145866e-01  2.5394635763501203e+01  8.4723654495901649e-02  nan  nan  1.0000000000000000e+00  7.2731757120287854e-01
4.9999999999998600e+01  1.0478174826401329e+02  2.2895354972640811e-02  2.5444199880160994e+01  8.4556363322653816e-02  3.2029369993740282e+01  3.2083998237881026e+01  3.2083998211395595e+01  4.7999999999999998e+00  1.1230453288610437e+02  2.4694054264365569e+01  1.0984162316600488e-01  2.5444199880160994e+01  8.4556363322653816e-02  nan  nan  1.0000000000000000e+00  7.2119559539764233e-01
5.0399999999998499e+01  1.0498831968676936e+02  2.2668369035541217e-02  2.5476466718036761e+01  8.5559294551011994e-02  3.2033058866843398e+01  3.2093541846977963e+01  3.2093541819276119e+01  4.7999999999999998e+00  1.1275420618396799e+02  2.4701168282370226e+01  1.1185984252740808e-01  2.5476466718036761e+01  8.5559294551011994e-02  nan  nan  1.0000000000000000e+00  7.1439459203822986e-01
5.0799999999998498e+01  1.0524272629520162e+02  2.2915270803597513e-02  2.5499447482929053e+01  8.7578188162101236e-02  3.2037565172908344e+01  3.2103017400601871e+01  3.2103017371735604e+01  4.7999999999999998e+00  1.1329464774532087e+02  2.4695178940861393e+01  1.1528175160972531e-01  2.5499447482929053e+01  8.7578188162101236e-02  nan  nan  1.0000000000000000e+00  7.0684800704704898e-01
5.1199999999998397e+01  1.0543595058185919e+02  2.3633866645158493e-02  2.5525125572482082e+01  8.9876972869013291e-02  3.2044806325045265e+01  3.2113102609408358e+01  3.2113102579637541e+01  4.7999999999999998e+00  1.1377563192769648e+02  2.4691272574105604e+01  1.1908972942059218e-01  2.5525125572482082e+01  8.9876972869013291e-02  nan  nan  1.0000000000000000e+00  6.9877183774353269e-01
5.1599999999998303e+01  1.0543525049508860e+02  2.4981600857643428e-02  2.5562596161213616e+01  9.1567819031451822e-02  3.2054338825069038e+01  3.2124401349470133e+01  3.2124401319057760e+01  4.7999999999999998e+00  1.1401981643845303e+02  2.4701762521721417e+01  1.2219696119579668e-01  2.5562596161213616e+01  9.1567819031451822e-02  nan  nan  1.0000000000000000e+00  6.9038096092791645e-01
5.1999999999998202e+01  1.0517655478915715e+02  2.5250358269864073e-02  2.5616445858424523e+01  9.2613027550573920e-02  3.2063463395655866e+01  3.2136443375026055e+01  3.2136443343903913e+01  4.7999999999999998e+00  1.1394145973329394e+02  2.4732577056106436e+01  1.2440485850237988e-01  2.5616445858424523e+01  9.2613027550573920e-02  nan  nan  1.0000000000000000e+00  6.8163463192550544e-01
5.2399999999998101e+01  1.0467284818988641e+02  2.4627541641399051e-02  2.5689217517931400e+01  9.2662101757277751e-02  3.2069890051474076e+01  3.2147815871287406e+01  3.2147815839064485e+01  4.7999999999999998e+00  1.1354519832261769e+02  2.4786983164407452e+01  1.2557642160088092e-01  2.5689217517931400e+01  9.2662101757277751e-02  nan  nan  1.0000000000000000e+00  6.7272007237732179e-01
5.2799999999998100e+01  1.0398200651461572e+02  2.5650682825175474e-02  2.5778844749165682e+01  9.2022607452217395e-02  3.2074294564234314e+01  3.2157710416609007e+01  3.2157710383049441e+01  4.7999999999999998e+00  1.1289118550694081e+02  2.4863217811202261e+01  1.2556481956442878e-01  2.5778844749165682e+01  9.2022607452217395e-02  nan  nan  1.0000000000000000e+00  6.6383255486363191e-01
5.3199999999997999e+01  1.0316913492718942e+02  2.4004581349896411e-02  2.5877009357297059e+01  9.1001006349769181e-02  3.2079079570844478e+01  3.2166731117416447e+01  3.2166731082647829e+01  4.7999999999999998e+00  1.1206422954747165e+02  2.4951815988721869e+01  1.2506105664403830e-01  2.5877009357297059e+01  9.1001006349769181e-02  nan  nan  1.0000000000000000e+00  6.5483276486742259e-01
5.3599999999997898e+01  1.0230894975728290e+02  2.1692466350725706e-02  2.5972349885025515e+01  8.9933290604657642e-02  3.2085934256026995e+01  3.2175696009138633e+01  3.2175695973419828e+01  4.7999999999999998e+00  1.1118859283769444e+02  2.5037189913600134e+01  1.2483421541934868e-01  2.5972349885025515e+01  8.9933290604657642e-02  nan  nan  1.0000000000000000e+00  6.4554851173237127e-01
5.3999999999997797e+01  1.0146076848668615e+02  2.1658022379072238e-02  2.6060343053879407e+01  9.0199933281363040e-02  3.2093765043477156e+01  3.2184807496496859e+01  3.2184807459956289e+01  4.7999999999999998e+00  1.1036698971154576e+02  2.5110666934157742e+01  1.2576609735515404e-01  2.6060343053879407e+01  9.0199933281363040e-02  nan  nan  1.0000000000000000e+00  6.3589025108696007e-01
5.4399999999997704e+01  1.0065127835527595e+02  2.1839128246561663e-02  2.6139516907330165e+01  9.1343025682972201e-02  3.2101276799594970e+01  3.2194595595281370e+01  3.2194595558034202e+01  4.7999999999999998e+00  1.0964696677949829e+02  2.5168587980098948e+01  1.2854104258091364e-01  2.6139516907330165e+01  9.1343025682972201e-02  nan  nan  1.0000000000000000e+00  6.2581822495188999e-01
5.4799999999997702e+01  9.9869389476992424e+01  2.2069683085891714e-02  2.6205547362710217e+01  9.3432486772925469e-02  3.2108480798401253e+01  3.2205791014623301e+01  3.2205790976872272e+01  4.7999999999999998e+00  1.0901932875458560e+02  2.5206320464065662e+01  1.3286293777627836e-01  2.6205547362710217e+01  9.3432486772925469e-02  nan  nan  1.0000000000000000e+00  6.1532556783667025e-01
5.5199999999997601e+01  9.9087632834465069e+01  2.2406922924839708e-02  2.6259395087468931e+01  9.6282857594920418e-02  3.2113608517708848e+01  3.2217726416047306e+01  3.2217726377912534e+01  4.7999999999999998e+00  1.0844167565526904e+02  2.5226106050792215e+01  1.3882274606541206e-01  2.6259395087468931e+01  9.6282857594920418e-02  nan  nan  1.0000000000000000e+00  6.0443428461074478e-01
5.5599999999997500e+01  9.8292583620656700e+01  2.4254140519758379e-02  2.6315202752255828e+01  9.9329686514093546e-02  3.2114240693234464e+01  3.2228522576839531e+01  3.2228522538446654e+01  4.7999999999999998e+00  1.0786507730760181e+02  2.5245285076856359e+01  1.4467497807512847e-01  2.6315202752255828e+01  9.9329686514093546e-02  nan  nan  1.0000000000000000e+00  5.9317297304106820e-01
5.5999999999997399e+01  9.7440142724506259e+01  2.6257461172628369e-02  2.6388354266418666e+01  1.0186404051582545e-01  3.2114619188837956e+01  3.2238972377054246e+01  3.2238972338513001e+01  4.7999999999999998e+00  1.0718972797855693e+02  2.5284420625607453e+01  1.4986068706270117e-01  2.6388354266418666e+01  1.0186404051582545e-01  nan  nan  1.0000000000000000e+00  5.8154976422439264e-01
5.6399999999997299e+01  9.6420840756928456e+01  2.6508967221564868e-02  2.6477399859247122e+01  1.0336467503626252e-01  3.2121286579664229e+01  3.2251584413097575e+01  3.2251584374077929e+01  4.7999999999999998e+00  1.0626396321634127e+02  2.5345846046275209e+01  1.5451361768467556e-01  2.6477399859247122e+01  1.0336467503626252e-01  nan  nan  1.0000000000000000e+00  5.6953955456630123e-01
5.6799999999997297e+01  9.5185055802233023e+01  2.5958675332790199e-02  2.6571333021087565e+01  1.0463068540554353e-01  3.2131162048943274e+01  3.2265023196639852e+01  3.2265023156903368e+01  4.7999999999999998e+00  1.0505664324027882e+02  2.5416356506468816e+01  1.5771235089059388e-01  2.6571333021087565e+01  1.0463068540554353e-01  nan  nan  1.0000000000000000e+00  5.5707499866372967e-01
5.7199999999997203e+01  9.3824282532047860e+01  2.6500832398128202e-02  2.6670426946676624e+01  1.0538467335564242e-01  3.2135204575805602e+01  3.2275204853827383e+01  3.2275204813893644e+01  4.7999999999999998e+00  1.0369778707848853e+02  2.5492739907826888e+01  1.6071869538726327e-01  2.6670426946676624e+01  1.0538467335564242e-01  nan  nan  1.0000000000000000e+00  5.4407959450941912e-01
5.7599999999997102e+01  9.2497719994941605e+01  2.7314933480870954e-02  2.6780193424317368e+01  1.0533708507375253e-01  3.2130948736115570e+01  3.2282280270511443e+01  3.2282280231105133e+01  4.7999999999999998e+00  1.0234508602381014e+02  2.5582562326655051e+01  1.6279529246003629e-01  2.6780193424317368e+01  1.0533708507375253e-01  nan  nan  1.0000000000000000e+00  5.3060522694297041e-01
5.7999999999997002e+01  9.1292552828004645e+01  2.6242762499617652e-02  2.6885870595181732e+01  1.0528653682235321e-01  3.2128023847635546e+01  3.2291601810995964e+01  3.2291601771948848e+01  4.7999999999999998e+00  1.0109600323519702e+02  2.5671867821909387e+01  1.6419151928313228e-01  2.6885870595181732e+01  1.0528653682235321e-01  nan  nan  1.0000000000000000e+00  5.1682600189953687e-01
5.8399999999997000e+01  9.0199632938375032e+01  2.5200354280394199e-02  2.6963922888631121e+01  1.0512637205813238e-01  3.2132318540209702e+01  3.2303235190044866e+01  3.2303235150539898e+01  4.7999999999999998e+00  1.0000156072113654e+02  2.5730630812996548e+01  1.6624576965313792e-01  2.6963922888631121e+01  1.0512637205813238e-01  nan  nan  1.0000000000000000e+00  5.0281781413322901e-01
5.8799999999996899e+01  8.9192486957021103e+01  2.5428235459569619e-02  2.7015524565707860e+01  1.0546403134631739e-01  3.2137876850110104e+01  3.2312123093455433e+01  3.2312123053072682e+01  4.7999999999999998e+00  9.9067670113480716e+01  2.5755308000766217e+01  1.6909715396006667e-01  2.7015524565707860e+01  1.0546403134631739e-01  nan  nan  1.0000000000000000e+00  4.8848070947305677e-01
5.9199999999996798e+01  8.8294236673872661e+01  2.5650911462362060e-02  2.7061122296693682e+01  1.0600264265659233e-01  3.2139453370904086e+01  3.2316750344189430e+01  3.2316750303497329e+01  4.7999999999999998e+00  9.8312555929561938e+01  2.5766123879195067e+01  1.7263962366203170e-01  2.7061122296693682e+01  1.0600264265659233e-01  nan  nan  1.0000000000000000e+00  4.7367310456043088e-01
5.9599999999996697e+01  8.7497077379023636e+01  2.6292856079651386e-02  2.7110237879820659e+01  1.0644845423705913e-01  3.2141640054468610e+01  3.2322343755669834e+01  3.2322343715092487e+01  4.7999999999999998e+00  9.7706636096956402e+01  2.5774762393488732e+01  1.7623018715384436e-01  2.7110237879820659e+01  1.0644845423705913e-01  nan  nan  1.0000000000000000e+00  4.5834812485848980e-01
5.9999999999996597e+01  8.6717593312995049e+01  2.8160528958203059e-02  2.7155926502591431e+01  1.0662820745835815e-01  3.2149026685294714e+01  3.2331590240165809e+01  3.2331590199546461e+01  4.7999999999999998e+00  9.7140461071551542e+01  2.5776764301142343e+01  1.7964404441684567e-01  2.7155926502591431e+01  1.0662820745835815e-01  nan  nan  1.0000000000000000e+00  4.4256135055901963e-01
6.0009999999996602e+01  8.6697548050369846e+01  2.8226318731718821e-02  2.7156954702432230e+01  1.0662274870084433e-01  3.2149261350000870e+01  3.2331855013541443e+01  3.2331854972918009e+01  4.7999999999999998e+00  9.7125780252334835e+01  2.5776683668886928e+01  1.7973007477343203e-01  2.7156954702432230e+01  1.0662274870084433e-01  nan  nan  1.0000000000000000e+00  4.4216148841529018e-01
