# time  chi_mean_R8  chi_min_R8  chi_max_R8  lapse_mean_R8  lapse_min_R8  lapse_max_R8  K_mean_R8  K_min_R8  K_max_R8  chi_mean_R16  chi_min_R16  chi_max_R16  lapse_mean_R16  lapse_min_R16  lapse_max_R16  K_mean_R16  K_min_R16  K_max_R16
0.0000000000000000e+00  9.8321351626847786e-01  9.8261084350179551e-01  9.8386262787080847e-01  9.8443760435881100e-01  9.7679488732503017e-01  9.8638332539182016e-01  2.1629361558626360e-02  2.2113751636788025e-03  7.9084029570633582e-02  9.8995439471401636e-01  9.8869678460306198e-01  9.9064979227791594e-01  9.9207916315086442e-01  9.9134228323063056e-01  9.9248668782832239e-01  2.1542327563807260e-05  2.0184761316690122e-06  1.6328113296715845e-04
4.0000000000000002e-01  9.8873891679398118e-01  9.8434530337292714e-01  1.0024702793533991e+00  9.6766676195434198e-01  9.1986330937324878e-01  9.8444514656505377e-01  2.1820880241774740e-02  2.6159351298256366e-03  7.7398462650344585e-02  9.8997015025328527e-01  9.8880019018537357e-01  9.9053433114106348e-01  9.9205805647899137e-01  9.9122197411705404e-01  9.9239316473645411e-01  4.5194598829458298e-05  -1.0342075475579844e-04  2.4667534757997632e-04
8.0000000000000004e-01  9.9416810669248923e-01  9.8530679409789979e-01  1.0208420453373015e+00  9.5132945312875750e-01  8.6440413930616855e-01  9.8212270314065298e-01  2.1950853382228019e-02  3.4341468627258919e-03  7.8960367673758816e-02  9.8998511523893584e-01  9.8886620770559808e-01  9.9051635173644415e-01  9.9201157625099001e-01  9.9098737158269568e-01  9.9237484545980670e-01  6.5827528392099137e-05  -2.0024717577396840e-06  3.0813346584355171e-04
1.2000000000000000e+00  9.9956510235084473e-01  9.8659484090346461e-01  1.0383308224482981e+00  9.3523144449485796e-01  8.1218798513402524e-01  9.7882041287595134e-01  2.2174445584613092e-02  5.0837946352783256e-03  7.5254678161182614e-02  9.9000963289203447e-01  9.8897577548048043e-01  9.9051841254452522e-01  9.9194197070869217e-01  9.9065750097126493e-01  9.9234600956123376e-01  1.0163931459022593e-04  2.6232393502621826e-05  4.9507813734613569e-04
1.6000000000000001e+00  1.0050209222785553e+00  9.8860515820834882e-01  1.0515642631515036e+00  9.1914007166029932e-01  7.6847536477323963e-01  9.7388709843386156e-01  2.2544972972914808e-02  7.6725220257973740e-03  6.1566771208292667e-02  9.9004813566695493e-01  9.8915845462309893e-01  9.9052959212870861e-01  9.9183994776160045e-01  9.9016919031452044e-01  9.9230405295179669e-01  1.4908303775379786e-04  4.4047734640708889e-05  7.4190530703330205e-04
2.0000000000000000e+00  1.0106015869063283e+00  9.9168193708370556e-01  1.0585708085036794e+00  9.0288178703681354e-01  7.3719189035252630e-01  9.6654809176797762e-01  2.2977985806429933e-02  1.1480104118539882e-02  4.2154761492100540e-02  9.9010557474332395e-01  9.8939307194658355e-01  9.9054799010111116e-01  9.9169399046128925e-01  9.8944001642019164e-01  9.9224860937685877e-01  2.1427060547306423e-04  6.5184005494775890e-05  1.1115428626279871e-03
2.3999999999999901e+00  1.0162444218805273e+00  9.9630256168977860e-01  1.0603100306081696e+00  8.8652615725365247e-01  7.1832754411948174e-01  9.5577727413782010e-01  2.3089041751764967e-02  1.6147934766088366e-02  3.6530526081725023e-02  9.9018960465822792e-01  9.8965993330672963e-01  9.9057445375106479e-01  9.9148671314207082e-01  9.8839310981034312e-01  9.9217581327266346e-01  3.0622708171415655e-04  9.2281618204871293e-05  1.6892742442394569e-03
2.7999999999999798e+00  1.0217080570596628e+00  1.0030071113860231e+00  1.0591181598968953e+00  8.7051006619841842e-01  7.0918220701845469e-01  9.4038996624002236e-01  2.2449237671316256e-02  8.5112058429743388e-03  3.6438038024659287e-02  9.9031196291109158e-01  9.8992892761736373e-01  9.9063044645646692e-01  9.9119193137261241e-01  9.8673811396107547e-01  9.9207932855184544e-01  4.3925338899471319e-04  1.2486823641587612e-04  2.5074653800012630e-03
3.1999999999999802e+00  1.0266904443769247e+00  1.0115660757399580e+00  1.0565528385429170e+00  8.5545469763732984e-01  7.0703661252594585e-01  9.2013566454122231e-01  2.0973998025916471e-02  -6.0307744035387038e-04  3.4231488675305739e-02  9.9049091455305960e-01  9.9017163583118317e-01  9.9170432074132797e-01  9.9076932785258021e-01  9.8429251009981034e-01  9.9195626873305298e-01  6.3501085848273909e-04  1.6847013330000826e-04  4.0793382592119324e-03
3.5999999999999699e+00  1.0309927089296620e+00  1.0188086190759553e+00  1.0529818804472462e+00  8.4185730777094103e-01  7.1025965470377650e-01  8.9874716734664373e-01  1.8916475785882292e-02  -9.0875964954790934e-03  3.2206218360725153e-02  9.9075286048606936e-01  9.9033712818024022e-01  9.9359264798598868e-01  9.9015982262629398e-01  9.8035030972182735e-01  9.9179984134978383e-01  9.1983628031113861e-04  2.1801481762675278e-04  6.7392194693060873e-03
3.9999999999999600e+00  1.0345667220071952e+00  1.0242495240080398e+00  1.0483182714170012e+00  8.2995874395387481e-01  7.1797842537118328e-01  8.8011167501010124e-01  1.6599457244165366e-02  -1.6808635103837431e-02  2.8329696678890844e-02  9.9113355544583581e-01  9.9050843509013520e-01  9.9652972726374345e-01  9.8928209694659452e-01  9.7384337551629896e-01  9.9160332935845730e-01  1.3266270667009754e-03  2.8229230264444267e-04  1.0381044508872592e-02
4.3999999999999497e+00  1.0374637570323872e+00  1.0280031280039235e+00  1.0467703075047015e+00  8.1978963586042530e-01  7.2960764805216249e-01  8.6327770264669068e-01  1.4263053465341782e-02  -2.3126323695149335e-02  2.4087922922832891e-02  9.9168091558904647e-01  9.9069178591484253e-01  1.0006255795078942e+00  9.8802626278025873e-01  9.6451112306446996e-01  9.9134380561182134e-01  1.8973976886678438e-03  3.7907506700394529e-04  1.3695105962472382e-02
4.7999999999999403e+00  1.0397822545369058e+00  1.0297767546513610e+00  1.0492892095654829e+00  8.1124654959052411e-01  7.4449758426908519e-01  8.4809970935042367e-01  1.2078294985418372e-02  -2.7153826751131156e-02  2.1115889033205625e-02  9.9245312283187070e-01  9.9091501150849104e-01  1.0051195535452522e+00  9.8625416108319075e-01  9.5348116617872913e-01  9.9098982543242131e-01  2.6619168316745897e-03  5.2434742347934717e-04  1.4904872523079283e-02
5.1999999999999300e+00  1.0416408590501098e+00  1.0280746513265719e+00  1.0516803211282917e+00  8.0413796145925698e-01  7.6186874706146079e-01  8.3517554645216940e-01  1.0169567352665745e-02  -3.0290902267940772e-02  1.8864560402151606e-02  9.9350429401901164e-01  9.9121755716041671e-01  1.0090582086677606e+00  9.8382318546532854e-01  9.4254967173864468e-01  9.9049450269571238e-01  3.6043444031250713e-03  7.3926080325038140e-04  1.4084448292909687e-02
5.5999999999999304e+00  1.0431280406681109e+00  1.0220800865654878e+00  1.0538550377774318e+00  7.9824943684781702e-01  7.7420267273626098e-01  8.2411537074817509e-01  8.4847355347941605e-03  -3.2440388201460661e-02  1.7135752138028076e-02  9.9486581113544237e-01  9.9157994484083634e-01  1.0119783385190952e+00  9.8062427839922472e-01  9.3297734219697592e-01  9.8979710751840422e-01  4.6612894884460795e-03  1.0377230058993272e-03  1.3428849574983923e-02
5.9999999999999201e+00  1.0441634912306679e+00  1.0145923557985497e+00  1.0551367699790770e+00  7.9354677764208170e-01  7.6941580205180282e-01  8.1428861070149394e-01  6.4943414446756442e-03  -3.3695401584629525e-02  1.5126554681827529e-02  9.9653924727672238e-01  9.9201449732824021e-01  1.0139802064416010e+00  9.7660458329564404e-01  9.2511128601103576e-01  9.8882474532008746e-01  5.7557644777444621e-03  1.4418213854404992e-03  1.2830924948842028e-02
6.3999999999999098e+00  1.0443874873433590e+00  1.0070170749523664e+00  1.0549112481003169e+00  7.9044605906318754e-01  7.6663352193334111e-01  8.2415081083598374e-01  3.3904527562945738e-03  -3.3828274439928918e-02  1.2168189118620824e-02  9.9850529374017039e-01  9.9261276184712499e-01  1.0154232685860856e+00  9.7176155809405851e-01  9.1870891040681446e-01  9.8747246862221072e-01  6.8335333154577503e-03  2.0170631845099376e-03  1.2270231331106003e-02
6.7999999999999003e+00  1.0433839716379589e+00  1.0000625580787290e+00  1.0535714468870288e+00  7.8968677693840816e-01  7.6671146240590871e-01  8.4580619428041659e-01  -8.8570972180871353e-04  -3.1615579306984859e-02  8.1983365470025982e-03  1.0007388815423537e+00  9.9345406705088246e-01  1.0165078453692331e+00  9.6612145715670883e-01  9.1345763130149760e-01  9.8557493128498475e-01  7.8705704721906550e-03  2.8476488907235998e-03  1.2176000959222793e-02
7.1999999999998900e+00  1.0411237751032394e+00  9.9501775246153745e-01  1.0511817632866669e+00  7.9169778884168907e-01  7.6958858268389962e-01  8.6535573316909309e-01  -5.2668606286785900e-03  -2.9149085301313101e-02  3.7071331548994323e-03  1.0032134245717192e+00  9.9463577236516265e-01  1.0172995958449247e+00  9.5973033502366389e-01  9.0921069075312633e-01  9.8290400503077180e-01  8.8382031678911309e-03  4.0153984628122875e-03  1.3004221482166477e-02
7.5999999999998797e+00  1.0380143476587314e+00  9.9273070890169979e-01  1.0484087091361181e+00  7.9622247487730258e-01  7.7364979379916676e-01  8.7948280656190059e-01  -8.7706235617671241e-03  -2.8520163225356408e-02  1.2057847357004484e-04  1.0058840349995557e+00  9.9629306101939064e-01  1.0177670400794303e+00  9.5267971716160504e-01  9.0602690706637190e-01  9.7915042594172585e-01  9.6550999969457433e-03  3.6964145018607147e-03  1.5618881059563822e-02
7.9999999999998703e+00  1.0344368145080478e+00  9.9041774481481715e-01  1.0455568528430148e+00  8.0272995795021740e-01  7.7977601859387780e-01  8.8732065037077079e-01  -1.1551801856161441e-02  -2.9220961140197611e-02  -2.6834036280114809e-03  1.0086640074932631e+00  9.9865376760893221e-01  1.0180891729088695e+00  9.4515024922469437e-01  9.0395214715533179e-01  9.7382924790205272e-01  1.0188749831883462e-02  2.1692993266118677e-03  1.7951451986320859e-02
8.3999999999998707e+00  1.0304122520215646e+00  9.9003471857210812e-01  1.0431504280328376e+00  8.1100847076601168e-01  7.8746686213903616e-01  8.9117110724396975e-01  -1.4317591325628735e-02  -3.1128313753683520e-02  -1.9456614222134656e-03  1.0114241257473537e+00  1.0019798340475152e+00  1.0180797650827829e+00  9.3742182588563427e-01  9.0298747522737444e-01  9.6633324652128905e-01  1.0323092026100678e-02  6.6586824635977255e-04  1.7816236074082968e-02
8.7999999999998604e+00  1.0257662544917012e+00  9.8981567330329456e-01  1.0400229377632599e+00  8.2120113422313779e-01  7.9542424306180493e-01  8.9450410280022841e-01  -1.7302194303444263e-02  -3.3773345708942845e-02  -3.6458462575386847e-04  1.0140246151208296e+00  1.0062700450528557e+00  1.0196166653357803e+00  9.2982255788923718e-01  9.0312239941000572e-01  9.5644964313717473e-01  1.0030645547981056e-02  -8.5632229040627787e-04  1.7087400774890796e-02
9.1999999999998501e+00  1.0204240920286503e+00  9.8934785826516802e-01  1.0359962942308805e+00  8.3346264687754101e-01  8.0499314884142037e-01  8.9715495610083407e-01  -2.0249057119369359e-02  -3.5859637823176749e-02  -4.7613258025912231e-04  1.0163571893687482e+00  1.0107995840570474e+00  1.0224272347457142e+00  9.2264769353661946e-01  9.0435579999125137e-01  9.4497793782546557e-01  9.3847657807309449e-03  -2.3618303533048542e-03  1.6060478372802015e-02
9.5999999999998398e+00  1.0144504679519852e+00  9.8847504770973849e-01  1.0310339445240690e+00  8.4780146545149826e-01  8.1607333600454579e-01  8.9993377933673868e-01  -2.2959744680563152e-02  -3.9859393504831801e-02  -1.2400692555512463e-03  1.0183673967713682e+00  1.0134565291187043e+00  1.0245368442845468e+00  9.1610250725892040e-01  9.0054492752607695e-01  9.3419092493917821e-01  8.5103531116964733e-03  -3.7500007272462765e-03  1.4937003690777819e-02
9.9999999999998295e+00  1.0079330689836852e+00  9.8715722917049498e-01  1.0251812205316135e+00  8.6417113252237443e-01  8.2858338810057541e-01  9.0451610704363095e-01  -2.5401557459724493e-02  -4.2653002388183162e-02  -2.1284028218527466e-03  1.0200474963929171e+00  1.0128003261331973e+00  1.0262398659393119e+00  9.1029504795917893e-01  8.9394164333345427e-01  9.2597007073529247e-01  7.5204318192887759e-03  -4.9401732226095028e-03  1.2652754303503162e-02
1.0399999999999800e+01  1.0009702127736138e+00  9.8509146833433181e-01  1.0181576164296751e+00  8.8247807353910646e-01  8.4407826276244446e-01  9.1531367724074553e-01  -2.7376358965901813e-02  -4.8330096145772383e-02  -3.2765706804143741e-03  1.0214150447126493e+00  1.0110328087426208e+00  1.0276236457832082e+00  9.0526255274994938e-01  8.8851011099855215e-01  9.1949818566676200e-01  6.4925692947978338e-03  -5.9069418419217690e-03  1.0986589053665763e-02
1.0799999999999800e+01  9.9378435425410427e-01  9.8246430368334936e-01  1.0096415936242995e+00  9.0237512064849201e-01  8.6342359765826082e-01  9.3354369091906475e-01  -2.8370560892628911e-02  -5.0792398016705369e-02  -4.7299559941470105e-03  1.0225026609008194e+00  1.0091392787984215e+00  1.0286950156055672e+00  9.0099122483701932e-01  8.8404714334680190e-01  9.1858913297189815e-01  5.5020600492424448e-03  -6.4645538768173579e-03  9.3247239650838098e-03
1.1199999999999800e+01  9.8679218294764770e-01  9.7277473319253305e-01  9.9909107465423064e-01  9.2304732717059268e-01  8.8872178988291639e-01  9.6127185617701649e-01  -2.7827408163249058e-02  -4.8946550437986514e-02  -6.3202161488057707e-03  1.0233652395323398e+00  1.0073418261562035e+00  1.0295150326029621e+00  8.9740789937320964e-01  8.8013942150335489e-01  9.2341910876394440e-01  4.6424643890176035e-03  -6.2321584907120506e-03  8.1698175123901592e-03
1.1599999999999801e+01  9.8051445633934109e-01  9.6760137910808008e-01  9.9334369165125525e-01  9.4323968604020436e-01  9.0949463318756951e-01  9.8383567166375752e-01  -2.5580690895052095e-02  -4.6859676622767084e-02  -7.9236197696538925e-03  1.0240635128755309e+00  1.0059483562359217e+00  1.0301828941011413e+00  8.9439916096654626e-01  8.7693062639801678e-01  9.2775728683254677e-01  3.9078895874119579e-03  -5.1129121531444379e-03  7.3948310641176723e-03
1.1999999999999799e+01  9.7535732577509626e-01  9.6585333255580041e-01  9.8955370053340796e-01  9.6163450721139432e-01  9.1733478765732579e-01  9.9733150415688965e-01  -2.2074855761805394e-02  -4.0483755581430005e-02  -9.4838678587707038e-03  1.0245781281778354e+00  1.0051006791013688e+00  1.0305852698201743e+00  8.9195192808698331e-01  8.7465476707183176e-01  9.3111526970071334e-01  3.0085085113669753e-03  -3.9398409697732331e-03  6.5063469858350712e-03
1.2399999999999800e+01  9.7145009327385146e-01  9.6326154765072391e-01  9.8463053962625435e-01  9.7734329427833244e-01  9.2655610807012956e-01  1.0052229721720285e+00  -1.8031308763585309e-02  -2.7651177336673903e-02  -7.1085667360621706e-03  1.0247288465383515e+00  1.0046264150343283e+00  1.0304546297179578e+00  8.9033601371006088e-01  8.7370517911582302e-01  9.3356541615569433e-01  1.5037824580466633e-03  -3.6084336574872720e-03  5.1585193412245715e-03
1.2799999999999800e+01  9.6871891408726107e-01  9.6161494244043810e-01  9.7863622549009155e-01  9.9000561797708708e-01  9.3778671976973760e-01  1.0103006517544122e+00  -1.3882511411987751e-02  -2.3053630803093545e-02  -4.8092020428660426e-03  1.0242668205142604e+00  1.0042600745605197e+00  1.0296914631116305e+00  8.9003507248359237e-01  8.7440704977180306e-01  9.3549546319003107e-01  -6.6977778028701781e-04  -6.1915752952945166e-03  3.1269794270465984e-03
1.3199999999999800e+01  9.6704590769699372e-01  9.5645411203646058e-01  9.7305328332800101e-01  9.9953682047485426e-01  9.5157321075092227e-01  1.0143015499208181e+00  -9.8202394767737192e-03  -2.1273131512177464e-02  -3.2131633382310627e-03  1.0231085510898383e+00  1.0039756779498323e+00  1.0288034554524059e+00  8.9136626068902758e-01  8.7689453121472660e-01  9.3703155237516556e-01  -2.9891631807184623e-03  -8.5063404568777642e-03  7.7336118949924244e-04
1.3599999999999801e+01  9.6625473735500900e-01  9.5173021604916130e-01  9.7199781203348656e-01  1.0060784328525219e+00  9.6717869343573271e-01  1.0180224500004242e+00  -6.2217363249832602e-03  -1.9416325356711197e-02  -1.8141380344499397e-03  1.0214104178556564e+00  1.0039025390904039e+00  1.0279042979696515e+00  8.9423330561259862e-01  8.8018460657979669e-01  9.3800067333736503e-01  -4.9246526090829783e-03  -1.0454705903256948e-02  -4.7121044506311587e-04
1.3999999999999700e+01  9.6602868441048428e-01  9.4906053351551856e-01  9.7244848375264614e-01  1.0101573075237673e+00  9.8225438773528750e-01  1.0207193327580759e+00  -3.5717053039933657e-03  -1.5301231006064181e-02  -7.8670957235183630e-04  1.0193613135285906e+00  1.0040196521689992e+00  1.0266826953775430e+00  8.9835364200964762e-01  8.8356559774548671e-01  9.3889739458705879e-01  -6.5185623839453264e-03  -1.2264028632517783e-02  4.4177944822834582e-04
1.4399999999999700e+01  9.6599910159644309e-01  9.4763659265803390e-01  9.7311675696397626e-01  1.0125918913118044e+00  9.9412948030963821e-01  1.0231324466645346e+00  -1.9797442926217058e-03  -9.8009365133565340e-03  -2.9911087934164605e-04  1.0169847347185148e+00  1.0042751936300307e+00  1.0250799325845303e+00  9.0362518942680858e-01  8.8720060650690602e-01  9.3913507323434886e-01  -8.1373670215715635e-03  -1.4738270513557843e-02  5.0526437887796194e-04
1.4799999999999701e+01  9.6594145423711231e-01  9.4758658235571902e-01  9.7364673388277834e-01  1.0140957499202250e+00  1.0014879657577289e+00  1.0247132101631493e+00  -1.0643244060373404e-03  -4.0259136030034578e-03  6.7508696502040558e-04  1.0141907285141392e+00  1.0039677397889102e+00  1.0229424384771388e+00  9.1015974650971954e-01  8.9158266606330927e-01  9.3936975126621791e-01  -9.9210873069300702e-03  -1.7850865833156558e-02  3.6410874155310411e-04
1.5199999999999701e+01  9.6582968176523321e-01  9.4816041728700440e-01  9.7390994583035706e-01  1.0150275813894867e+00  1.0041018755075342e+00  1.0253946572924091e+00  -4.0619392221766444e-04  -2.0221590104442426e-03  2.4062743103571015e-03  1.0109270069279224e+00  1.0022495336557584e+00  1.0201585454034003e+00  9.1807218591341533e-01  8.9767945396438042e-01  9.3944606782022699e-01  -1.1730111257053418e-02  -2.0353870397492996e-02  -1.4031140836363816e-04
1.5599999999999699e+01  9.6571010677431757e-01  9.4879368625778038e-01  9.7411004941466006e-01  1.0155261732879886e+00  1.0046926912535299e+00  1.0254170580653128e+00  9.7717284790203816e-05  -1.5259873030121105e-03  4.6522185858875716e-03  1.0072269905551625e+00  9.9889735858182993e-01  1.0167871929239125e+00  9.2735600339465463e-01  9.0543541531461080e-01  9.4294183556880606e-01  -1.3369796460088398e-02  -2.3959996746585416e-02  -1.1895919462618708e-03
1.5999999999999700e+01  9.6558934612847980e-01  9.4919716744653326e-01  9.7434619080077411e-01  1.0157418794813808e+00  1.0041363361002054e+00  1.0254373913284252e+00  3.6133365191052549e-04  -1.1465933575833546e-03  6.3413539949143758e-03  1.0031983803777254e+00  9.9447685267281560e-01  1.0127933500387585e+00  9.3785662015881832e-01  9.1500026839931103e-01  9.5391059941355272e-01  -1.4611045248419836e-02  -2.7368801520353883e-02  -2.4644037146544936e-03
1.6399999999999800e+01  9.6543277494614599e-01  9.4933229086348614e-01  9.7455404357640341e-01  1.0158822735088853e+00  1.0031342780801558e+00  1.0256380487036183e+00  3.6897795005086739e-04  -1.1257764433364676e-03  5.4630761710362007e-03  9.9904019705351110e-01  9.8811181979276563e-01  1.0077061516924786e+00  9.4920716983326181e-01  9.2719791464046797e-01  9.7099808712103863e-01  -1.5148609705278062e-02  -2.7294941458107499e-02  -3.7633946616114499e-03
1.6799999999999802e+01  9.6521427435326390e-01  9.4931704179778265e-01  9.7465662526624353e-01  1.0161061309167558e+00  1.0015297939889294e+00  1.0261647676118413e+00  2.5484093407427273e-04  -1.3560428826240611e-03  3.7170518865408744e-03  9.9503637757517516e-01  9.8386097054590027e-01  1.0036695279149255e+00  9.6079332032883125e-01  9.4324184546642154e-01  9.8590515870525230e-01  -1.4765052548024101e-02  -2.6752887218364520e-02  -4.9624588573190702e-03
1.7199999999999900e+01  9.6494612753653719e-01  9.4927141268295612e-01  9.7467481378217558e-01  1.0164399850101213e+00  1.0007792691438344e+00  1.0267555494930902e+00  1.8945712028268773e-04  -1.5255111313687958e-03  3.5634372032421228e-03  9.9146598710478284e-01  9.8262649577364825e-01  1.0019394053367616e+00  9.7188791804928609e-01  9.5092976824530240e-01  9.9539991919801962e-01  -1.3536809857330169e-02  -2.5953410451956437e-02  -6.0527889653303867e-03
1.7600000000000001e+01  9.6466977112372809e-01  9.4920947752092555e-01  9.7469464746081558e-01  1.0167999301027195e+00  1.0003449945621476e+00  1.0272451229709947e+00  2.6479706614915174e-04  -1.4739824623468669e-03  3.5277107392981248e-03  9.8849844482865723e-01  9.8212586235063459e-01  9.9995415802185306e-01  9.8189068521539924e-01  9.5588076789864584e-01  1.0005967416505797e+00  -1.1775736541787624e-02  -2.1166448611818555e-02  -4.4812108307088127e-03
1.8000000000000000e+01  9.6442929570597913e-01  9.4912743585455672e-01  9.7477403639141158e-01  1.0170671918317848e+00  9.9986809427362056e-01  1.0275764386756481e+00  4.7547183210187134e-04  -1.2862989316263374e-03  3.4379226454468417e-03  9.8618049646918915e-01  9.8138325919271052e-01  9.9769983469088808e-01  9.9045238929467783e-01  9.6169766806981438e-01  1.0041088073040505e+00  -9.7678529185044466e-03  -1.4912474890617233e-02  -3.1222215487070972e-03
1.8400000000000102e+01  9.6425041449700655e-01  9.4898882730581846e-01  9.7492534804911013e-01  1.0171539815196544e+00  9.9932795846964051e-01  1.0276424789705618e+00  7.5864574115554596e-04  -1.0526910707254946e-03  3.5657452675552756e-03  9.8450215740313229e-01  9.8032986160458646e-01  9.9499564465761425e-01  9.9741113968355222e-01  9.6861376203537319e-01  1.0069419548229213e+00  -7.6551898996439494e-03  -1.4055315917703915e-02  -2.2861695906574771e-03
1.8800000000000100e+01  9.6414111037540073e-01  9.4887421375584557e-01  9.7516202193604495e-01  1.0170228957213294e+00  9.9868030209927694e-01  1.0275566732094195e+00  1.0650306520508196e-03  -7.6545440624297854e-04  3.8609681558141257e-03  9.8343113194224974e-01  9.7983764143416263e-01  9.9170523913201880e-01  1.0027123423488193e+00  9.7684145841766812e-01  1.0086977765498835e+00  -5.5715114682715755e-03  -1.3570951784881366e-02  -1.4717351812156495e-03
1.9200000000000198e+01  9.6411045554152097e-01  9.4886027459803735e-01  9.7549903538076266e-01  1.0166574944394458e+00  9.9785998990138269e-01  1.0274350070082157e+00  1.3921243874388698e-03  -4.0849449287934066e-04  3.7753805006378290e-03  9.8287450153355582e-01  9.7974938406883993e-01  9.8827739885210497e-01  1.0064531123500835e+00  9.8611427437088273e-01  1.0101968551519167e+00  -3.7639763916365579e-03  -1.2902457940283345e-02  -1.2354315959986191e-03
1.9600000000000300e+01  9.6417099923913652e-01  9.4893492564545379e-01  9.7597285364799247e-01  1.0160420061540787e+00  9.9690956084993554e-01  1.0270256796921311e+00  1.7289321876039993e-03  -2.3847965683526098e-05  3.7819571493652631e-03  9.8265627953526524e-01  9.7969449985226831e-01  9.8509819142610910e-01  1.0089415369036978e+00  9.9547561475385493e-01  1.0113248404251662e+00  -2.4651545713659951e-03  -1.1485668741709445e-02  -1.1107858167765283e-03
2.0000000000000298e+01  9.6431221094883712e-01  9.4898704911560605e-01  9.7648608240387491e-01  1.0151917471120862e+00  9.9590304407623487e-01  1.0263142358702984e+00  2.0093891351429987e-03  1.4667935697433422e-04  3.6643464977773070e-03  9.8258699484827883e-01  9.7980750574158415e-01  9.8429936706579568e-01  1.0105972592093024e+00  1.0036211679958542e+00  1.0125669173158107e+00  -1.6768858714966491e-03  -8.9507955644232522e-03  -9.2673194227544168e-04
2.0400000000000400e+01  9.6448966372256151e-01  9.4890878559405645e-01  9.7698223569283293e-01  1.0141770168488300e+00  9.9509482317937226e-01  1.0253748160763381e+00  2.1802784251357616e-03  -5.0256495634876885e-05  3.5241495259182979e-03  9.8255936933829924e-01  9.8001287029917150e-01  9.8433936152315804e-01  1.0117522151926417e+00  1.0095165106446558e+00  1.0137434215196681e+00  -1.1918106274828812e-03  -5.7646772235426958e-03  -7.4981047940247318e-04
2.0800000000000502e+01  9.6466538060705354e-01  9.4871015157173721e-01  9.7739635547263515e-01  1.0130685125250993e+00  9.9453870096621300e-01  1.0245389914733829e+00  2.3000163830353628e-03  -2.1436540420591705e-04  3.7961435534159512e-03  9.8255477375794764e-01  9.8000118428834171e-01  9.8431840731537212e-01  1.0125715056166698e+00  1.0113411851385887e+00  1.0142680095099965e+00  -8.3805446101525762e-04  -2.6932306473324268e-03  -7.0012303446226893e-05
2.1200000000000500e+01  9.6485489805187630e-01  9.4851390189869189e-01  9.7770442205852370e-01  1.0118538425122017e+00  9.9404321254412720e-01  1.0239451492099418e+00  2.4944950121038863e-03  -2.3622541456784510e-04  4.1586859453578515e-03  9.8256942255961710e-01  9.8002299300762696e-01  9.8426424606107310e-01  1.0131495869649227e+00  1.0120264716749285e+00  1.0145595797898070e+00  -6.1083239214443765e-04  -9.4492718636425945e-04  5.9630441290152122e-04
2.1600000000000598e+01  9.6511163009308998e-01  9.4844248421651922e-01  9.7802688605264632e-01  1.0104455103963885e+00  9.9333915916131033e-01  1.0233192982237473e+00  2.8041780850416803e-03  -5.3645994150963766e-05  4.5592087604746116e-03  9.8257106310816500e-01  9.8001844529894211e-01  9.8421099442234938e-01  1.0136086102905222e+00  1.0125794379361255e+00  1.0148836920541526e+00  -5.5279556506717103e-04  -8.1242111023007465e-04  6.3722394312201920e-04
2.2000000000000600e+01  9.6546677966163119e-01  9.4852931452125189e-01  9.7849147157745786e-01  1.0087786337211657e+00  9.9228961662721615e-01  1.0224203601158446e+00  3.1442016562658317e-03  3.0447692400854598e-04  4.9891360011587128e-03  9.8252707676583462e-01  9.7995837379763551e-01  9.8415207416586503e-01  1.0140727154833424e+00  1.0122864042460400e+00  1.0153986099323293e+00  -6.1429470992018084e-04  -8.5212718064443273e-04  3.5892747828215687e-04
2.2400000000000698e+01  9.6590472397652816e-01  9.4872895732136919e-01  9.7909352761519519e-01  1.0068704323518765e+00  9.9093991356734068e-01  1.0211861855391449e+00  3.4228679629565882e-03  6.9883989162625095e-04  5.3953182169984978e-03  9.8243822182868912e-01  9.7984251515974230e-01  9.8407312539205738e-01  1.0145955505582593e+00  1.0124371073018879e+00  1.0159340977773157e+00  -6.8679751151877889e-04  -9.0343040860590431e-04  -6.9402319757037604e-05
2.2800000000000800e+01  9.6639998711346564e-01  9.4898999449335408e-01  9.7974320636399714e-01  1.0047708444359771e+00  9.8939472785412830e-01  1.0197256363355049e+00  3.6639358568040471e-03  1.0546568675376153e-03  5.7612833094416328e-03  9.8233079045619176e-01  9.7974177463954393e-01  9.8398481898302370e-01  1.0151557274607605e+00  1.0128904424531830e+00  1.0165298924529835e+00  -7.0680655992121490e-04  -9.5036278101711367e-04  -3.1429546705699461e-04
2.3200000000000799e+01  9.6696580341219263e-01  9.4929914677387361e-01  9.8040806362955424e-01  1.0024655714911481e+00  9.8743117335109654e-01  1.0181330107116202e+00  3.9814697219253490e-03  1.2473194248933755e-03  6.4050315205299241e-03  9.8223340706635121e-01  9.7968213928413694e-01  9.8388685026703826e-01  1.0157072181517566e+00  1.0132967743585386e+00  1.0171343986118437e+00  -6.7269558324906955e-04  -8.9629926701380108e-04  -3.4003302932573114e-04
2.3600000000000900e+01  9.6763266282750737e-01  9.4965891412429027e-01  9.8111710212652625e-01  9.9988495930528198e-01  9.8523695783679177e-01  1.0163961813282461e+00  4.3624076731083681e-03  1.4543179927722493e-03  7.0481019815310103e-03  9.8216807704940778e-01  9.7968749692403245e-01  9.8385714828637794e-01  1.0162114762155134e+00  1.0135541865039952e+00  1.0176279749579507e+00  -5.9754960005131978e-04  -8.4207090390428204e-04  -3.1696332033761084e-04
2.4000000000000998e+01  9.6836089762406119e-01  9.5006250286360650e-01  9.8189280173847615e-01  9.9706227662100066e-01  9.8298111209128114e-01  1.0144726074015604e+00  4.5814106986994266e-03  1.6339627493597709e-03  6.9792546540149349e-03  9.8214896070092350e-01  9.7976105357575927e-01  9.8388422050019797e-01  1.0166383847266167e+00  1.0138056006523455e+00  1.0179787146387280e+00  -4.8975676335755104e-04  -8.4652240120744915e-04  -1.5268016267029792e-04
2.4400000000001000e+01  9.6903372748532357e-01  9.5050486201824647e-01  9.8270860065388987e-01  9.9419478162615249e-01  9.8069853561896214e-01  1.0124278065860446e+00  4.5051246966402066e-03  1.6399907414075560e-03  6.5307216630929926e-03  9.8218074625833884e-01  9.7989833859962350e-01  9.8393277947574964e-01  1.0169653984494011e+00  1.0141641249893949e+00  1.0181862067918466e+00  -3.6086706293722077e-04  -8.4863697664630620e-04  4.7384467660786275e-05
2.4800000000001098e+01  9.6957276581864416e-01  9.5099032503221903e-01  9.8353109138217754e-01  9.9146144930521352e-01  9.7780762976548219e-01  1.0103967434836161e+00  4.2997875994057969e-03  1.7240764787893252e-03  6.3805431500327837e-03  9.8226152208076045e-01  9.8009743685328665e-01  9.8401665707072550e-01  1.0171807045585100e+00  1.0145865031781156e+00  1.0182620522692172e+00  -2.2420502389834400e-04  -8.8342142816727324e-04  2.1379942549323502e-04
2.5200000000001101e+01  9.7000299995064787e-01  9.5153099805436303e-01  9.8437277809681623e-01  9.8886862667051512e-01  9.7456767583819470e-01  1.0082608324787070e+00  4.1787074724962056e-03  1.9925208629394358e-03  6.2417870039857123e-03  9.8238729273308190e-01  9.8033811865167220e-01  9.8414709251393218e-01  1.0172831671458462e+00  1.0148475725956005e+00  1.0184033283003731e+00  -9.2959929817491599e-05  -9.7378771142426893e-04  3.3170355852242078e-04
2.5600000000001199e+01  9.7038649587396286e-01  9.5215408879105501e-01  9.8526431805720815e-01  9.8633237840306887e-01  9.7153592590403426e-01  1.0058984259237758e+00  4.1479779875359130e-03  2.4057114444550713e-03  6.4113600694823015e-03  9.8255040411938921e-01  9.8060534750498352e-01  9.8432928611345072e-01  1.0172839579645754e+00  1.0149238223387693e+00  1.0190495620637363e+00  1.5081175999610893e-05  -1.0388521848100876e-03  4.3519254714076443e-04
2.6000000000001300e+01  9.7074680983745343e-01  9.5290020501512385e-01  9.8619369091079612e-01  9.8382496194224767e-01  9.6901225037061212e-01  1.0031829333804034e+00  4.0854158478743300e-03  2.7177829493827271e-03  6.8393604766758672e-03  9.8273771643240482e-01  9.8086168223462078e-01  9.8460066153024073e-01  1.0172077069156857e+00  1.0149142634529240e+00  1.0197982111799497e+00  8.7867772746711825e-05  -1.0639654947602489e-03  4.7220647911685299e-04
2.6400000000001299e+01  9.7105658508924542e-01  9.5373428217024914e-01  9.8706497298022000e-01  9.8141576190246482e-01  9.6579134372917008e-01  1.0002047281776456e+00  3.8773017789188757e-03  1.9551313438579956e-03  7.0343386399106082e-03  9.8293855940069486e-01  9.8109909431365727e-01  9.8488442403238385e-01  1.0170791589187567e+00  1.0149629708699357e+00  1.0204558872879985e+00  1.4000172988456170e-04  -1.0699236597602909e-03  5.3253193868386733e-04
2.6800000000001400e+01  9.7125728858564897e-01  9.5439486669767937e-01  9.8772581593655695e-01  9.7923742255754265e-01  9.6276869683717448e-01  9.9737597216139373e-01  3.4910711861934891e-03  1.0581955918734693e-03  7.2098791167801860e-03  9.8315536016089877e-01  9.8112758607637174e-01  9.8516806728656636e-01  1.0169016546888929e+00  1.0149661137205090e+00  1.0209851009179973e+00  2.0526522993181008e-04  -1.0232906678023753e-03  6.5954020250526366e-04
2.7200000000001499e+01  9.7130821952360902e-01  9.5451158994682983e-01  9.8803166620957517e-01  9.7739367287048751e-01  9.6076695070234042e-01  9.9550880535103115e-01  3.0299051769449364e-03  3.2424763513766664e-04  6.0572529760516249e-03  9.8340064160581164e-01  9.8125786770887879e-01  9.8546985708471702e-01  1.0166561238226905e+00  1.0148735472386903e+00  1.0214408974625990e+00  2.9825616193112563e-04  -9.2598489409806298e-04  8.5818446225730503e-04
2.7600000000001501e+01  9.7120822052493261e-01  9.5402183624711845e-01  9.8796300141190618e-01  9.7590391997516779e-01  9.5971637485964312e-01  9.9467673053756256e-01  2.5704472585355766e-03  -1.3174763641086168e-04  4.5171766275910403e-03  9.8368120571227269e-01  9.8145730476220261e-01  9.8580448769080276e-01  1.0163273940660349e+00  1.0145207174754143e+00  1.0216625570305926e+00  3.9518336426226978e-04  -7.3709870917239675e-04  1.0673505621897241e-03
2.8000000000001599e+01  9.7095260025898300e-01  9.5337634341488786e-01  9.8789236348696829e-01  9.7477896082380466e-01  9.5899157259544898e-01  9.9395184987355667e-01  2.0762986678127459e-03  -9.7814293347390537e-05  3.5942706664805163e-03  9.8398836154562530e-01  9.8168070063610979e-01  9.8620528886518821e-01  1.0159270561061216e+00  1.0140724871696796e+00  1.0216232228432938e+00  4.6162339151782964e-04  -4.9144201252462622e-04  1.1792516291981819e-03
2.8400000000001601e+01  9.7054707718930944e-01  9.5320747507381631e-01  9.8801113338575697e-01  9.7401966965639586e-01  9.5779574643854637e-01  9.9295576420037168e-01  1.6513271685044376e-03  2.8462079851571066e-04  4.1934699929095081e-03  9.8430672417817655e-01  9.8201912944682423e-01  9.8667107489086869e-01  1.0154837497682507e+00  1.0135631583505149e+00  1.0213031104498433e+00  4.9617859754141457e-04  -2.9162673707746478e-04  1.2334743749149687e-03
2.8800000000001699e+01  9.7007239635336084e-01  9.5374221325443942e-01  9.8820578667753289e-01  9.7348344447504176e-01  9.5569422727443776e-01  9.9186914237954826e-01  1.5215481535319497e-03  1.4620971458873807e-04  6.4346321400806919e-03  9.8463281484649734e-01  9.8236781343839719e-01  9.8718780286817631e-01  1.0150093952021666e+00  1.0126748728937716e+00  1.0207174281986171e+00  5.3786034855103052e-04  -1.3855876207952841e-04  1.2697811293938810e-03
2.9200000000001801e+01  9.6961970774487782e-01  9.5439704702964290e-01  9.8836218599109948e-01  9.7295037293691733e-01  9.5310037055499919e-01  9.9089903791220135e-01  1.6081327254658701e-03  4.1095417190672605e-05  8.6531929527489428e-03  9.8498000161946453e-01  9.8276944012783274e-01  9.8773548909588305e-01  1.0144835871808588e+00  1.0117318748105599e+00  1.0199727068955169e+00  6.1608974585387140e-04  -3.9101066225913619e-05  1.4669985503506472e-03
2.9600000000001799e+01  9.6915572745326206e-01  9.5396872184923753e-01  9.8851598905708260e-01  9.7240122717612942e-01  9.5043202641960756e-01  9.9000430512195359e-01  1.5212410998752947e-03  6.5156749289544145e-05  7.4846845507378478e-03  9.8535829202705216e-01  9.8309297769311332e-01  9.8835796255346497e-01  1.0138852780659002e+00  1.0106907005335224e+00  1.0191227078671534e+00  6.9948736904749628e-04  4.6183841244839578e-05  1.4356960749370956e-03
3.0000000000001901e+01  9.6856242396626990e-01  9.5282751665808663e-01  9.8838004256217427e-01  9.7205511494561059e-01  9.4910058104990702e-01  9.8921823307265377e-01  1.1027564279507789e-03  -3.7400500103310747e-04  4.7402839659223097e-03  9.8575348060012091e-01  9.8336274708722982e-01  9.8895733861064594e-01  1.0132357348631313e+00  1.0095416031647610e+00  1.0182175919850638e+00  7.2704704736884884e-04  -3.2939883094476225e-05  1.4309943583861214e-03
3.0400000000001999e+01  9.6780597135099888e-01  9.5140380148248571e-01  9.8795535433340675e-01  9.7208222947925671e-01  9.4932276121217218e-01  9.8874944521834951e-01  6.1075478190327848e-04  -1.7060140116675324e-03  2.3598032291479798e-03  9.8613804543746753e-01  9.8372142977537891e-01  9.8942760397885698e-01  1.0125887016162243e+00  1.0085140910225141e+00  1.0173096331555467e+00  6.9025915588197544e-04  -2.1585708697999671e-04  1.3622168424969419e-03
3.0800000000002001e+01  9.6697258810826558e-01  9.4984656233840681e-01  9.8731614524128020e-01  9.7243029127006764e-01  9.5013312439539077e-01  9.8873862060055195e-01  3.0483632255068062e-04  -1.9527738290175177e-03  1.5669355586187246e-03  9.8650136579999259e-01  9.8419122975973061e-01  9.8983495533103005e-01  1.0119759913080231e+00  1.0075505965749465e+00  1.0163786452901333e+00  6.4513126069814034e-04  -3.1928964313562277e-04  1.3840522148123834e-03
3.1200000000002099e+01  9.6614666343615074e-01  9.4857427560840402e-01  9.8652766534115166e-01  9.7295801507085655e-01  9.5089302238398787e-01  9.8916257418387965e-01  1.6301534170202884e-04  -2.1373441673852344e-03  1.7524849935458774e-03  9.8685776691545102e-01  9.8467482889676450e-01  9.9016472935369593e-01  1.0113821895070805e+00  1.0068173613440188e+00  1.0152865354275420e+00  6.3876144432912954e-04  -3.6438613156420004e-04  1.6312186879348619e-03
3.1600000000002101e+01  9.6533771533498403e-01  9.4731665303714718e-01  9.8556991529342719e-01  9.7359380647103300e-01  9.5155454385838778e-01  9.8997374602493049e-01  7.1159786731987094e-05  -2.7299961068674950e-03  2.0632219276139961e-03  9.8722305609302119e-01  9.8495240023156883e-01  9.9044565043060984e-01  1.0107790403702599e+00  1.0061557047661713e+00  1.0139612412207615e+00  6.5183463915189711e-04  -4.0883194456420297e-04  1.8934912190349338e-03
3.2000000000002203e+01  9.6453740213779859e-01  9.4589904375904521e-01  9.8450007245318605e-01  9.7430398931813866e-01  9.5227132557617788e-01  9.9113702842608609e-01  5.0503592547655217e-05  -3.2242695946266427e-03  2.0351677612652063e-03  9.8758811707768723e-01  9.8514785025229934e-01  9.9072284781760789e-01  1.0101773740839386e+00  1.0056499358855298e+00  1.0129840757238062e+00  6.1490318580951326e-04  -7.6827429501453461e-04  2.2680525869925952e-03
3.2400000000002102e+01  9.6378009680585364e-01  9.4458630473609595e-01  9.8348254960256876e-01  9.7500171140986036e-01  9.5330318356737642e-01  9.9249576641564041e-01  1.8280591817095910e-04  -3.2073416034032929e-03  2.0294157047446742e-03  9.8791789421212028e-01  9.8511777568465542e-01  9.9096929986880500e-01  1.0096415470485842e+00  1.0048334564316797e+00  1.0133302146962024e+00  4.7762678832707933e-04  -1.1263367006535655e-03  2.3965102053359701e-03
3.2800000000002001e+01  9.6310417939837401e-01  9.4308634394594304e-01  9.8273084396239596e-01  9.7558067089980061e-01  9.5490149776557764e-01  9.9378368285930629e-01  4.1119381571615930e-04  -2.8529292348875297e-03  2.3709879308417142e-03  9.8817898194897136e-01  9.8512455788821518e-01  9.9113118716575399e-01  1.0092476620614133e+00  1.0028574531210332e+00  1.0136747981159768e+00  2.6437434875057952e-04  -1.4715290951017458e-03  2.1942162141609777e-03
3.3200000000001999e+01  9.6248313322781098e-01  9.4148845186397390e-01  9.8211487346084625e-01  9.7603036444006186e-01  9.5689396373843938e-01  9.9505581431407553e-01  5.6466050462635311e-04  -2.6081437134970707e-03  2.6666545990059053e-03  9.8836492253056663e-01  9.8514936822947552e-01  9.9119116771578109e-01  1.0090305544171025e+00  1.0015555936586467e+00  1.0138600759788761e+00  4.0108494038295817e-05  -1.7351388151136881e-03  1.4861265461817996e-03
3.3600000000001899e+01  9.6184971778987294e-01  9.4007646852629545e-01  9.8151640995276868e-01  9.7643434025380038e-01  9.5875136289203722e-01  9.9623334201475189e-01  5.9771064438900656e-04  -2.4727912291445989e-03  2.7340388996293223e-03  9.8848813545920744e-01  9.8507046040634305e-01  9.9112097036283275e-01  1.0089839083181649e+00  1.0011770278379124e+00  1.0138131879255441e+00  -1.6598824824180742e-04  -2.0717531846672858e-03  7.1215818303255803e-04
3.4000000000001798e+01  9.6118108651342893e-01  9.3889164845722894e-01  9.8088220005190574e-01  9.7683621223096628e-01  9.6012528020488930e-01  9.9738175208593027e-01  6.3791708288391414e-04  -2.1498935789112613e-03  2.7938631356678916e-03  9.8856148962566737e-01  9.8483741832202976e-01  9.9082506406450166e-01  1.0090907507752545e+00  1.0014751396282575e+00  1.0136735647950841e+00  -3.4538664740465944e-04  -2.4871756276944874e-03  4.9634763540389005e-04
3.4400000000001697e+01  9.6051089345775265e-01  9.3782286832972550e-01  9.8030988819814324e-01  9.7718835932500014e-01  9.6104711851324565e-01  9.9828771479321354e-01  7.5637852923077470e-04  -1.6861510918008504e-03  2.9707035137208370e-03  9.8860725494606561e-01  9.8444504832917612e-01  9.9086131792403709e-01  1.0093125971690857e+00  1.0016330385080203e+00  1.0144413173470079e+00  -4.4881646595471242e-04  -2.8414313378329623e-03  1.1035731006549768e-03
3.4800000000001603e+01  9.5985907025027539e-01  9.3678433112254800e-01  9.7989551504036077e-01  9.7746025676157222e-01  9.6123304798989329e-01  9.9878656111299047e-01  8.4594103504855023e-04  -1.3350073015886018e-03  3.1025384139031606e-03  9.8866583110299611e-01  9.8413647821470296e-01  9.9129644748971013e-01  1.0095687846904084e+00  1.0005893216668815e+00  1.0160387399128170e+00  -4.3903049595191081e-04  -2.9461386075393769e-03  1.9399544134021023e-03
3.5200000000001602e+01  9.5919791870257720e-01  9.3579300741000282e-01  9.7959311441780217e-01  9.7771999085395778e-01  9.6081542038472822e-01  9.9904763108797068e-01  7.9966293588348521e-04  -1.1694294864050469e-03  2.9735394003165749e-03  9.8876199591618974e-01  9.8400701353112918e-01  9.9189555762996207e-01  1.0097901246754970e+00  9.9891042505726491e-01  1.0172685930175160e+00  -3.9029921160687784e-04  -2.6635291523758966e-03  1.8460289908627588e-03
3.5600000000001501e+01  9.5850296353518827e-01  9.3494791565787005e-01  9.7927950942083841e-01  9.7805277265220480e-01  9.6054967366502897e-01  9.9927145802302231e-01  6.8643039105188686e-04  -1.1338909389063620e-03  2.6395024180075285e-03  9.8886856080976271e-01  9.8404111130872030e-01  9.9210309172695932e-01  1.0099983164147921e+00  9.9775297754306236e-01  1.0180344735438063e+00  -4.3133590869705134e-04  -2.1514102036198691e-03  1.4807252490486513e-03
3.6000000000001400e+01  9.5780041458574328e-01  9.3429836112707276e-01  9.7888073587896129e-01  9.7844903613625323e-01  9.6055982764164083e-01  9.9949366389222394e-01  6.5274314317570036e-04  -1.4284731984445511e-03  2.8460189442151957e-03  9.8893272082189809e-01  9.8411557490296575e-01  9.9203568701481037e-01  1.0102839630170690e+00  9.9782786504482990e-01  1.0187051178595614e+00  -5.8265986797783242e-04  -2.2053951072525863e-03  5.3565703200106709e-04
3.6400000000001299e+01  9.5714033675708299e-01  9.3375125510655754e-01  9.7839185397295603e-01  9.7882066676175938e-01  9.6082153658539005e-01  9.9984632124330086e-01  7.3788030233578261e-04  -1.5706770522670786e-03  3.1633058207639671e-03  9.8893854920308089e-01  9.8416626597514612e-01  9.9184431898363812e-01  1.0106960300913308e+00  9.9885590291033965e-01  1.0194624998434663e+00  -7.3220026812816975e-04  -2.6489968189473937e-03  7.5973863616476056e-04
3.6800000000001198e+01  9.5653789750700302e-01  9.3321847707101790e-01  9.7782700335166417e-01  9.7910582615432817e-01  9.6129791239683349e-01  1.0001274550193784e+00  8.4816550533611422e-04  -1.4735554235985741e-03  3.4315800775935111e-03  9.8892164815295802e-01  9.8411250991529498e-01  9.9184310326988601e-01  1.0111888338283128e+00  1.0001791244035994e+00  1.0202627692022932e+00  -7.8409997539266769e-04  -2.9320969153420725e-03  8.9662956416369094e-04
3.7200000000001197e+01  9.5596040490441081e-01  9.3271341262117080e-01  9.7721009052735464e-01  9.7932479878657053e-01  9.6142541501529122e-01  1.0004220608557928e+00  8.8903353912046378e-04  -1.5807047093976800e-03  3.8694987802577441e-03  9.8892179816601666e-01  9.8408746110256051e-01  9.9235461523116419e-01  1.0116864094541844e+00  1.0016775292363733e+00  1.0210893605929015e+00  -7.6344374443163888e-04  -3.1293278499508058e-03  8.8658900696501094e-04
3.7600000000001103e+01  9.5537043500586050e-01  9.3226519928503881e-01  9.7661188325508308e-01  9.7953149254321825e-01  9.6045600005567944e-01  1.0010797392322306e+00  8.7320974881934833e-04  -1.4612385028047337e-03  4.4168847523798176e-03  9.8894276902505385e-01  9.8412916225630165e-01  9.9273817008618026e-01  1.0121633412703284e+00  1.0027461277428866e+00  1.0218764760373642e+00  -7.5172869624492273e-04  -3.0830913637145342e-03  7.5281428125182237e-04
3.8000000000001002e+01  9.5476700853218044e-01  9.3181035839046567e-01  9.7615644766048737e-01  9.7973676630002327e-01  9.5917665937223717e-01  1.0015313505652004e+00  8.8474584117939246e-04  -1.0133353788062648e-03  4.7988208591336692e-03  9.8896467322143145e-01  9.8422184237011245e-01  9.9288808260466654e-01  1.0126433392663110e+00  1.0029880801543662e+00  1.0224669741067467e+00  -7.7808652818532739e-04  -3.0902940288651702e-03  7.8543758711851347e-04
3.8400000000000901e+01  9.5418090177587644e-01  9.3121579097679608e-01  9.7585963561566680e-01  9.7989503093719177e-01  9.5778213077585250e-01  1.0015927848603041e+00  9.7362279005948804e-04  -9.2717031844808599e-04  4.8824626304441081e-03  9.8897608081926591e-01  9.8447756082547089e-01  9.9288583166221234e-01  1.0131474918413261e+00  1.0032707138742225e+00  1.0226825366644703e+00  -8.1511657878582553e-04  -2.8531794499118313e-03  9.1225337945246036e-04
3.8800000000000800e+01  9.5364075894715039e-01  9.3047814495644243e-01  9.7574388696873804e-01  9.7995213215434829e-01  9.5647592700483430e-01  1.0012410233094027e+00  1.1148377346094020e-03  -7.3861192831328802e-04  4.9382931709161830e-03  9.8898051976421320e-01  9.8492175002466065e-01  9.9268161199567406e-01  1.0136737286304549e+00  1.0039077922426005e+00  1.0234495897591536e+00  -8.4099765311964150e-04  -2.8753957032073849e-03  1.0824944334946942e-03
3.9200000000000799e+01  9.5315242328946437e-01  9.2959860919979986e-01  9.7570898567492259e-01  9.7988752645747756e-01  9.5509512683779674e-01  1.0006015670066910e+00  1.2569274477346923e-03  -3.3920393842271616e-04  5.2865036703232289e-03  9.8898467188075689e-01  9.8524053056029171e-01  9.9267423010107214e-01  1.0142116212317780e+00  1.0049696183611891e+00  1.0241916021772770e+00  -8.5237072814643884e-04  -3.0532494689451215e-03  1.2774562105786829e-03
3.9600000000000698e+01  9.5270831142691048e-01  9.2862540930974902e-01  9.7565969150182197e-01  9.7970859863998072e-01  9.5354061556753111e-01  9.9985940929788919e-01  1.3851765265559029e-03  -3.3751797057409751e-04  5.7789363387708804e-03  9.8899732399058582e-01  9.8520731694302877e-01  9.9260712547712771e-01  1.0147447598895165e+00  1.0063581920611742e+00  1.0249842657076482e+00  -8.3381691955183444e-04  -2.9325749358991354e-03  1.6608738353171191e-03
4.0000000000000597e+01  9.5230941846122064e-01  9.2764018682924188e-01  9.7553938827794762e-01  9.7941420784540245e-01  9.5204009464953854e-01  9.9916736744275381e-01  1.5343080172266011e-03  -3.1769403954748766e-04  6.3711635060497559e-03  9.8903443627604426e-01  9.8524080207198950e-01  9.9262561565037977e-01  1.0152405163226441e+00  1.0074862197537284e+00  1.0254402668893581e+00  -7.6754899642835373e-04  -2.7029818815737525e-03  1.9096030698725378e-03
4.0400000000000503e+01  9.5197441171093811e-01  9.2674310567087981e-01  9.7536015087282335e-01  9.7897016929394476e-01  9.4986627738463447e-01  9.9856579265808321e-01  1.7493684814381748e-03  -4.2641525733936068e-04  6.7361998361924712e-03  9.8910876867221431e-01  9.8545958202753403e-01  9.9238231245013608e-01  1.0156658035901103e+00  1.0083362310121016e+00  1.0255227064875219e+00  -6.7596109324256622e-04  -2.9688022137936156e-03  2.5770811491262900e-03
4.0800000000000502e+01  9.5172742599993509e-01  9.2599535833538860e-01  9.7519252495294317e-01  9.7832069571804559e-01  9.4689942637337210e-01  9.9796059373907720e-01  2.0388645578181576e-03  -4.3448700028086989e-04  6.4219454277586012e-03  9.8921297224892224e-01  9.8588460074272843e-01  9.9191976122323589e-01  1.0160217898811834e+00  1.0096535076916662e+00  1.0253388742209806e+00  -6.1371590637091769e-04  -3.0738070703892127e-03  2.8952787402372485e-03
4.1200000000000401e+01  9.5157971079005044e-01  9.2535278670152576e-01  9.7510767881516780e-01  9.7742134529497871e-01  9.4452911737782175e-01  9.9720167439213125e-01  2.3688164421091376e-03  -2.3116721863822764e-04  5.9565692510277785e-03  9.8932431480205552e-01  9.8634518536684823e-01  9.9198371865661239e-01  1.0163456980568193e+00  1.0110069326451547e+00  1.0249640318734805e+00  -6.0377548975821659e-04  -2.9714688403766377e-03  2.8450036786981056e-03
4.1600000000000300e+01  9.5152638614486451e-01  9.2445675057982368e-01  9.7512715193579236e-01  9.7625725377478645e-01  9.4330261378345359e-01  9.9619842525009639e-01  2.7015847972325230e-03  2.7692641183586769e-04  6.0763957199282117e-03  9.8943030385299335e-01  9.8576887380394840e-01  9.9286740273802232e-01  1.0166675774171179e+00  1.0101460227006691e+00  1.0243585885862327e+00  -6.0657034340370615e-04  -2.7860748299687438e-03  2.8678746353463565e-03
4.2000000000000199e+01  9.5156051835228728e-01  9.2334277465852999e-01  9.7522523625411195e-01  9.7482966138444604e-01  9.4319482251931686e-01  9.9496601380605132e-01  3.0322726660953750e-03  6.4174559737043089e-04  5.9532890940154921e-03  9.8954319250651035e-01  9.8522513735595274e-01  9.9380431553149673e-01  1.0169743826440736e+00  1.0093230054070510e+00  1.0242469630937592e+00  -5.6748422734661890e-04  -2.8495744280240469e-03  2.6419278662427569e-03
4.2400000000000098e+01  9.5168545824246364e-01  9.2214586985612912e-01  9.7536299301544516e-01  9.7313209568238157e-01  9.4324764520572546e-01  9.9358249787847441e-01  3.3792695254021730e-03  7.9174810218143334e-04  5.8222376399543335e-03  9.8968572684284695e-01  9.8470938602200542e-01  9.9448924615987788e-01  1.0172247563695662e+00  1.0089389580534478e+00  1.0257623693801277e+00  -4.7847790149557160e-04  -2.6794419429923572e-03  2.7671700543168321e-03
4.2800000000000097e+01  9.5190876788982171e-01  9.2089076247436774e-01  9.7551568186014570e-01  9.7115025903739516e-01  9.4191898824833675e-01  9.9211809333213852e-01  3.7406415510897466e-03  1.0054270551816955e-03  6.0008398994291917e-03  9.8986755913700630e-01  9.8428360071041632e-01  9.9486744355412959e-01  1.0173917547606228e+00  1.0087446977230090e+00  1.0273756504761524e+00  -3.7785065338683947e-04  -2.3578166681796288e-03  2.9711328242003426e-03
4.3200000000000003e+01  9.5222430846997508e-01  9.1964703557604488e-01  9.7569307458541576e-01  9.6888976316622655e-01  9.4059466093433364e-01  9.9057503911251066e-01  4.0726584476713651e-03  1.2610735954659163e-03  6.2330228076378025e-03  9.9007984668049720e-01  9.8408424251076143e-01  9.9478207824776821e-01  1.0174816547126369e+00  1.0087623191005548e+00  1.0285048825821057e+00  -3.0032902700313297e-04  -1.9536106952049411e-03  3.1646702963484177e-03
4.3599999999999902e+01  9.5260407192984164e-01  9.1852368954253927e-01  9.7595440496852681e-01  9.6639935255567200e-01  9.3914018113904740e-01  9.8884842873840684e-01  4.3185097162867902e-03  1.5965831285918734e-03  6.4835502945942754e-03  9.9030978752322985e-01  9.8420292530319387e-01  9.9460961898900235e-01  1.0175147568387688e+00  1.0089225345450514e+00  1.0289506170506588e+00  -2.4375576686300421e-04  -1.8691352081469568e-03  3.2633909221156093e-03
4.3999999999999801e+01  9.5300906090175896e-01  9.1762677643519053e-01  9.7638805971955422e-01  9.6376231839338600e-01  9.3737419996208859e-01  9.8674995407748856e-01  4.4512038583930111e-03  2.1388539031992507e-03  6.9131627338057146e-03  9.9055546654691806e-01  9.8462044610819255e-01  9.9503118670886226e-01  1.0174976967295271e+00  1.0080748254242382e+00  1.0287939987656844e+00  -1.8122818042555473e-04  -1.5652914476432388e-03  3.2504678779422228e-03
4.4399999999999700e+01  9.5340744642081532e-01  9.1700226269934249e-01  9.7704925841648083e-01  9.6106463871835213e-01  9.3516258450925605e-01  9.8411542083459291e-01  4.4864660134526970e-03  2.4097656054444662e-03  7.6276749784412387e-03  9.9082677189984225e-01  9.8516627106265076e-01  9.9563127075004376e-01  1.0174158443433885e+00  1.0063076757644489e+00  1.0284923070869390e+00  -9.1801040557577205e-05  -1.3287873823273264e-03  3.0042304680943268e-03
4.4799999999999699e+01  9.5378477475197609e-01  9.1661295204024773e-01  9.7790205299655231e-01  9.5836677925841618e-01  9.3248871165029246e-01  9.8093447808209089e-01  4.4637421641688128e-03  2.5660304771936726e-03  8.2966218198552710e-03  9.9113585124988246e-01  9.8571672776015462e-01  9.9586420664667519e-01  1.0172457837736446e+00  1.0049338289325376e+00  1.0280777485151473e+00  2.4708579831005531e-05  -1.0121042098464269e-03  2.0532875824994042e-03
4.5199999999999598e+01  9.5414124826218427e-01  9.1636740907811554e-01  9.7881557432954147e-01  9.5569680130255863e-01  9.2944141172402772e-01  9.7740805848752987e-01  4.4156969311762309e-03  2.2716322885567961e-03  8.7561440845634227e-03  9.9148905576411606e-01  9.8617132555405018e-01  9.9605789983523729e-01  1.0169699643491767e+00  1.0038135425056289e+00  1.0275589544673267e+00  1.5627832126193945e-04  -1.1871212177696760e-03  1.6541497238705290e-03
4.5599999999999497e+01  9.5447984185835399e-01  9.1618041456021670e-01  9.7962600365086971e-01  9.5306595450960041e-01  9.2592749456955969e-01  9.7462730227450722e-01  4.3463256461390440e-03  1.4766546705250506e-03  9.0732603546805225e-03  9.9188718880553695e-01  9.8652395995198194e-01  9.9627680633535365e-01  1.0165798471735266e+00  1.0039440584372195e+00  1.0270360016871598e+00  2.9541171599291495e-04  -1.4667508841086797e-03  1.8059345105305479e-03
4.5999999999999403e+01  9.5479485161501554e-01  9.1601824312900426e-01  9.8022183338130975e-01  9.5049224030444390e-01  9.2218596359251348e-01  9.7250744016353019e-01  4.2354891100878991e-03  1.0704169115935409e-03  9.5492629331084735e-03  9.9233121186339024e-01  9.8691780923295569e-01  9.9641869167166286e-01  1.0160684380727929e+00  1.0050043916108262e+00  1.0263933360299733e+00  4.4629096521658793e-04  -1.9324361047789059e-03  2.2927536280150265e-03
4.6399999999999302e+01  9.5507135295741308e-01  9.1589061924635617e-01  9.8058162511084368e-01  9.4800988361112704e-01  9.1815852158030020e-01  9.7017968850774206e-01  4.0678696527086666e-03  1.2024475009585786e-03  9.9229059174115002e-03  9.9282609069950101e-01  9.8745011754269163e-01  9.9663556455523172e-01  1.0154229925707037e+00  1.0061155363609946e+00  1.0254578384412989e+00  6.1739823095706436e-04  -1.9283278971191889e-03  2.6365355627147842e-03
4.6799999999999301e+01  9.5529665097017735e-01  9.1581280063518178e-01  9.8074817126738634e-01  9.4565531592486962e-01  9.1383365307499254e-01  9.6735636666790381e-01  3.8602341542553027e-03  1.3054831662860115e-03  1.0300976691832515e-02  9.9337877963261523e-01  9.8811320134623004e-01  9.9727702513534178e-01  1.0146266257248211e+00  1.0064846089824311e+00  1.0242297173243404e+00  8.0901781825095959e-04  -1.2399736849080132e-03  2.8351066020864072e-03
4.7199999999999200e+01  9.5547740556398830e-01  9.1578430673483280e-01  9.8078769561330237e-01  9.4343694559614777e-01  9.0935224419498717e-01  9.6420834121524190e-01  3.6759231372169342e-03  1.0895648461911503e-03  1.0460034057801378e-02  9.9399264679755350e-01  9.8888624608227860e-01  9.9782413317358432e-01  1.0136676404371459e+00  1.0063613244033629e+00  1.0227131701494163e+00  1.0084069545010510e-03  -6.4824063546876790e-04  2.8874623919917359e-03
4.7599999999999099e+01  9.5565259316666840e-01  9.1578270781226445e-01  9.8076195906393648e-01  9.4130399289711453e-01  9.0492138067202132e-01  9.6232913105413564e-01  3.6066643821738454e-03  8.7775281906068677e-04  1.1172879258831545e-02  9.9466383533229263e-01  9.8984428852090278e-01  9.9823409515716877e-01  1.0125477680606942e+00  1.0057118239134324e+00  1.0208745699414190e+00  1.1971513082037158e-03  -4.4072060739020462e-04  3.1727954173298156e-03
4.7999999999998998e+01  9.5587933716875517e-01  9.1575038125201091e-01  9.8071911372844323e-01  9.3915423242443008e-01  9.0072345926002351e-01  9.6098249166652605e-01  3.6857183965453796e-03  7.6538645014327569e-04  1.1955105212916237e-02  9.9538301383291894e-01  9.9105326699879182e-01  9.9850306184566540e-01  1.0112816268724110e+00  1.0046449054062696e+00  1.0192220651083672e+00  1.3636838036620222e-03  -4.4723803683854841e-04  3.7062242433341963e-03
4.8399999999998897e+01  9.5618475368062139e-01  9.1559467231568370e-01  9.8071291322280885e-01  9.3690918804103429e-01  8.9690949261736852e-01  9.5970222929735272e-01  3.8135204726791124e-03  5.6328527069668519e-04  1.2608802708034175e-02  9.9614070326824511e-01  9.9253078389974647e-01  9.9879696505771576e-01  1.0098883159410377e+00  1.0030655508764765e+00  1.0169536514756479e+00  1.5083493439807443e-03  -5.4180960094924921e-04  4.5971183292316089e-03
4.8799999999998903e+01  9.5653314108611931e-01  9.1523439481722146e-01  9.8080413099211938e-01  9.3459079283674407e-01  8.9243597779306760e-01  9.5842483827917091e-01  3.8361072886783391e-03  4.6133475669612263e-04  1.2903426753801635e-02  9.9693057180574018e-01  9.9428222132825794e-01  9.9949472202961986e-01  1.0083843471382998e+00  1.0021164159172931e+00  1.0140085314487763e+00  1.6354060258665809e-03  -5.4737619646947385e-04  5.5706073319937962e-03
4.9199999999998802e+01  9.5685804416561160e-01  9.1465950412195607e-01  9.8100415520554085e-01  9.3229902673335152e-01  8.8835735568213348e-01  9.5730295219651362e-01  3.7079647075713728e-03  6.1289211161246057e-04  1.2490822665683226e-02  9.9774724387833480e-01  9.9540098825867807e-01  9.9996813831961029e-01  1.0067855255352041e+00  1.0015959215078030e+00  1.0104084171019923e+00  1.7414271298218167e-03  -3.4756336806621250e-04  5.9368931171542884e-03
4.9599999999998701e+01  9.5712557850074420e-01  9.1392919678442575e-01  9.8125009091049242e-01  9.3011152283156839e-01  8.8399788227022924e-01  9.5609427682561610e-01  3.5215934937392430e-03  6.9610822214586092e-04  1.1280974380738015e-02  9.9858186740166832e-01  9.9583689965127864e-01  1.0018775579131147e+00  1.0051140708615829e+00  9.9808262134167025e-01  1.0094114471980324e+00  1.8151132077048010e-03  -6.5019852046887996e-04  5.3431226485140450e-03
4.9999999999998600e+01  9.5735355019779922e-01  9.1310587018638889e-01  9.8149355128135518e-01  9.2802746467198360e-01  8.8054165195241252e-01  9.5479992774050282e-01  3.3765536821782679e-03  2.5147813006502572e-04  9.7270342128468433e-03  9.9942195997626815e-01  9.9636645788654499e-01  1.0033187667454433e+00  1.0033998636347023e+00  9.9384271196660057e-01  1.0088265027710317e+00  1.8500154435144404e-03  -4.1776122378579144e-04  4.5057357919588157e-03
5.0399999999998499e+01  9.5757508699603511e-01  9.1220836747367007e-01  9.8179851432287757e-01  9.2600574290519533e-01  8.7832121717340639e-01  9.5327612556271668e-01  3.2791706083506534e-03  1.7312043280258589e-04  9.1823159933535122e-03  1.0002568205583025e+00  9.9708143235602220e-01  1.0040470390892802e+00  1.0016717466740197e+00  9.9050676365593138e-01  1.0080451653708875e+00  1.8540807084976001e-03  -1.5236278209241401e-04  4.1597838077414590e-03
5.0799999999998498e+01  9.5780340173446610e-01  9.1123132238501436e-01  9.8230065445640824e-01  9.2402469643962992e-01  8.7677115778807035e-01  9.5141332481848651e-01  3.1797330205254886e-03  6.4559980438280956e-04  9.0014720462080269e-03  1.0010818711998990e+00  9.9788851319785776e-01  1.0041796798572804e+00  9.9994847226605632e-01  9.8834380163691227e-01  1.0069383402717915e+00  1.8411305862713052e-03  -6.3937674904072049e-05  4.2858915902878412e-03
5.1199999999998397e+01  9.5803308298853940e-01  9.1018973479397947e-01  9.8306409418066543e-01  9.2209395150742668e-01  8.7490058133830972e-01  9.4908676394294089e-01  3.0471068135078383e-03  8.4985366488826578e-04  8.6880066242657275e-03  1.0018950501501531e+00  9.9876502457773098e-01  1.0049242803468654e+00  9.9824223833793724e-01  9.8721485687520227e-01  1.0054923256198949e+00  1.8106056877094001e-03  -4.6656009502135784e-04  3.7230980378462654e-03
5.1599999999998303e+01  9.5825639061881496e-01  9.0913731247887009e-01  9.8399444158874794e-01  9.2023531045724294e-01  8.7328814917270170e-01  9.4654527224294105e-01  2.8770987899789935e-03  6.2822022642763941e-04  8.0785967146983269e-03  1.0026873250078230e+00  9.9926035656237155e-01  1.0058494361151169e+00  9.9657498057775584e-01  9.8665929792849072e-01  1.0039829116182666e+00  1.7389277407748901e-03  -3.1158194726255183e-04  3.7844073294534195e-03
5.1999999999998202e+01  9.5846859093072234e-01  9.0814428699153504e-01  9.8488128293629595e-01  9.1847239726752328e-01  8.7177029039778142e-01  9.4447749729901387e-01  2.6709998615870620e-03  5.7929683858636276e-04  8.4348569773175248e-03  1.0034375393250115e+00  9.9967462865787604e-01  1.0067364813061910e+00  9.9499139615046139e-01  9.8612548020356339e-01  1.0023922315834026e+00  1.5963638434323736e-03  -2.2809329427232578e-05  3.8271598422335643e-03
5.2399999999998101e+01  9.5866833963974507e-01  9.0725283747896579e-01  9.8551476256046877e-01  9.1682472694350015e-01  8.7020608862921589e-01  9.4183576585937967e-01  2.4462987610061435e-03  4.6146667890348947e-04  8.8634233102649826e-03  1.0041189276846527e+00  1.0000546506465786e+00  1.0075787872701920e+00  9.9355242215792716e-01  9.8459237277693523e-01  1.0005148012281486e+00  1.3754613767062128e-03  1.2202978607807412e-05  3.7102029575254922e-03
5.2799999999998100e+01  9.5886550338575705e-01  9.0645159847978518e-01  9.8586935882643700e-01  9.1528809762613395e-01  8.6855395932044777e-01  9.3932887095397477e-01  2.2562811860646582e-03  2.6322280778568363e-04  9.1957007131388824e-03  1.0047133877208714e+00  1.0004021569511148e+00  1.0080758860965722e+00  9.9231056443802856e-01  9.8290722106055062e-01  1.0002513953174674e+00  1.1052677480428005e-03  -2.3292564700983886e-04  3.7016409694525152e-03
5.3199999999997999e+01  9.5908943308442995e-01  9.0569858741922527e-01  9.8622413800630648e-01  9.1381374187795528e-01  8.6687180445062928e-01  9.3791080162801377e-01  2.1711302379901838e-03  -3.8263646842009307e-05  9.4253813148081379e-03  1.0052233909282169e+00  1.0008833945128039e+00  1.0087475984270058e+00  9.9128306792832277e-01  9.8176950711414768e-01  9.9982076287437294e-01  8.4324170758449761e-04  -7.8952092626118813e-04  3.8004037940432989e-03
5.3599999999997898e+01  9.5938380025366732e-01  9.0497237356741289e-01  9.8655586365575187e-01  9.1231300841869079e-01  8.6523355006909741e-01  9.3612988298064692e-01  2.2303586116843490e-03  -4.3504991102148163e-04  9.4546937457579833e-03  1.0056747402945856e+00  1.0013208073396926e+00  1.0100172219009738e+00  9.9043792638907613e-01  9.8051417382855321e-01  9.9932493383257104e-01  6.5177233517268226e-04  -1.1159900224809820e-03  3.5688977120588812e-03
5.3999999999997797e+01  9.5978785779426312e-01  9.0429930696937599e-01  9.8690369037561509e-01  9.1069137391456767e-01  8.6364181244768612e-01  9.3401135488494247e-01  2.4129798402102711e-03  -5.4211915868597265e-04  9.2211597033301698e-03  1.0061068786406415e+00  1.0018363698737021e+00  1.0108680338957252e+00  9.8970345925522918e-01  9.7919686326681910e-01  9.9903215444945437e-01  5.6252943436364735e-04  -1.6220627978233149e-03  2.5628922904732928e-03
5.4399999999997704e+01  9.6031752536110204e-01  9.0372949436064665e-01  9.8727062396934784e-01  9.0888869231060831e-01  8.6201988115363426e-01  9.3167196709593503e-01  2.6492571647603437e-03  -1.7265596811327007e-04  8.8499438741106769e-03  1.0065507043448607e+00  1.0019868643188559e+00  1.0111521176678921e+00  9.8900670459829820e-01  9.7835388371275012e-01  9.9872758836924758e-01  5.4437076150762765e-04  -1.8143117088718743e-03  2.5718963807811897e-03
5.4799999999997702e+01  9.6095925358063528e-01  9.0309183660014780e-01  9.8766583312586720e-01  9.0689990877612170e-01  8.6028068429567583e-01  9.3037164221549085e-01  2.8596489617042828e-03  -3.8242029930150623e-04  8.7246201787182266e-03  1.0070062078634179e+00  1.0018129213428935e+00  1.0109756023796141e+00  9.8832245604677027e-01  9.7782669376695674e-01  9.9822971145418626e-01  5.1479823046052188e-04  -1.5356278416313129e-03  2.8747719636479179e-03
5.5199999999997601e+01  9.6167896387900309e-01  9.0236647572720452e-01  9.8812654062282146e-01  9.0476785454799424e-01  8.5839108995122648e-01  9.2907507878935103e-01  2.9908184369728261e-03  -4.5677134132399481e-04  9.0120664970242126e-03  1.0074420425612591e+00  1.0020671970375197e+00  1.0112059691326898e+00  9.8769003661346944e-01  9.7742645189948218e-01  9.9829714925347590e-01  4.0559486634894127e-04  -1.6564847448135276e-03  2.9416362701621106e-03
5.5599999999997500e+01  9.6243793280370005e-01  9.0185846268236869e-01  9.8869511334701321e-01  9.0255882739874171e-01  8.5636895065096663e-01  9.2768037486752442e-01  3.0275072930807368e-03  -3.2706077091188186e-04  9.3674685678497693e-03  1.0078226567275039e+00  1.0027990652885992e+00  1.0117457914595769e+00  9.8717540252918956e-01  9.7701526941011640e-01  9.9762392354809670e-01  2.2196167385782383e-04  -1.6687964970817102e-03  2.4770721268795263e-03
5.5999999999997399e+01  9.6320498564686219e-01  9.0163398585191168e-01  9.8937967071530108e-01  9.0033897675948515e-01  8.5424170992921156e-01  9.2627898298180278e-01  2.9802148953672765e-03  -1.1527278094769000e-04  1.0099158039798131e-02  1.0081379568694824e+00  1.0037489876193821e+00  1.0121231597710878e+00  9.8681327205001534e-01  9.7678741854772344e-01  9.9663770446338618e-01  2.9100349346456408e-05  -2.0281032282961141e-03  2.3836627686262329e-03
5.6399999999997299e+01  9.6396001239899110e-01  9.0163392634133244e-01  9.9014495223462995e-01  8.9816301394080900e-01  8.5202855219835694e-01  9.2548833762772276e-01  2.8652036366113528e-03  1.2319761333250753e-05  1.0616473402128351e-02  1.0084066427740233e+00  1.0043665355662725e+00  1.0122719856780942e+00  9.8658552562514190e-01  9.7708462639624283e-01  9.9587457514191047e-01  -1.1559565302219919e-04  -2.2406757818503940e-03  3.0243691558117743e-03
5.6799999999997297e+01  9.6469142268359442e-01  9.0173785636195891e-01  9.9094441525282206e-01  8.9607442976865959e-01  8.4974390571686720e-01  9.2438281938158828e-01  2.6940771537111185e-03  -5.5623000484678455e-04  1.0742352958635789e-02  1.0086543460782165e+00  1.0047775604384621e+00  1.0122418034943279e+00  9.8644877843334311e-01  9.7735374010048204e-01  9.9547758096099626e-01  -2.0782684419431773e-04  -2.5637375651160681e-03  3.2144336300442425e-03
5.7199999999997203e+01  9.6539359406370762e-01  9.0187352773797280e-01  9.9175481510929253e-01  8.9410826721725067e-01  8.4738270556191142e-01  9.2299529810313397e-01  2.4780962517067270e-03  -3.8647275970126935e-04  1.0616939063270383e-02  1.0088921189720563e+00  1.0055415614309589e+00  1.0121377810680505e+00  9.8637425115109612e-01  9.7716567854909309e-01  9.9479652360544801e-01  -2.8312672981074984e-04  -3.0703398719867853e-03  2.6539350214586691e-03
5.7599999999997102e+01  9.6606794391005435e-01  9.0207782969017913e-01  9.9257061954309489e-01  8.9228871427637646e-01  8.4489696726298125e-01  9.2144945734317807e-01  2.2383813078159500e-03  9.6458742828758659e-05  1.0565186578382849e-02  1.0091127685373280e+00  1.0059400419875766e+00  1.0121630562543324e+00  9.8636402344402696e-01  9.7741375454415291e-01  9.9393395836704967e-01  -3.7830582118233448e-04  -3.0027724409394606e-03  2.4210908763999082e-03
5.7999999999997002e+01  9.6672566515479730e-01  9.0247236874003622e-01  9.9336730433816245e-01  8.9062221608269865e-01  8.4221064990987393e-01  9.1985111226984395e-01  2.0075669666948723e-03  -1.2212626547968319e-03  1.0854403245972744e-02  1.0093007097739983e+00  1.0056904630844110e+00  1.0121995690901551e+00  9.8644156251876169e-01  9.7780119964624379e-01  9.9468149538324013e-01  -5.0881131849363497e-04  -2.4503003057573616e-03  1.9062506307606928e-03
5.8399999999997000e+01  9.6738689679614920e-01  9.0317574371413667e-01  9.9408816813285283e-01  8.8909416815940800e-01  8.3927815162528796e-01  9.1818315059417444e-01  1.8170368343430679e-03  -1.9704103181852604e-03  1.1492923566997465e-02  1.0094434990045802e+00  1.0060597380640099e+00  1.0124071619115116e+00  9.8663287807097122e-01  9.7808513125123486e-01  9.9566083772879455e-01  -6.6613789903942117e-04  -2.9740733030822839e-03  1.3272878288089396e-03
5.8799999999996899e+01  9.6807412092163769e-01  9.0420210070118512e-01  9.9468660816918919e-01  8.8767560169069970e-01  8.3613410510665609e-01  9.1634899462784869e-01  1.6802613736765363e-03  -2.0975447063250044e-03  1.2178922693270445e-02  1.0095396838245427e+00  1.0065637895642039e+00  1.0126959421484565e+00  9.8694907015875832e-01  9.7848351846990289e-01  9.9607047129402737e-01  -8.2216090262591265e-04  -3.3916064316672902e-03  1.5156727473490898e-03
5.9199999999996798e+01  9.6880397277580244e-01  9.0541214736508424e-01  9.9518666208151640e-01  8.8633670522419350e-01  8.3288807261418152e-01  9.1436962496605678e-01  1.5888205181972745e-03  -1.3581043439378430e-03  1.2457366269512538e-02  1.0096021250418341e+00  1.0060740865322837e+00  1.0129571896921390e+00  9.8737431597055081e-01  9.7926008968614675e-01  9.9570102024421303e-01  -9.3887557898532999e-04  -3.6252651738117934e-03  1.8854146298871814e-03
5.9599999999996697e+01  9.6958389712033977e-01  9.0656969521502340e-01  9.9570350930861440e-01  8.8505688712098474e-01  8.2967768713072221e-01  9.1337140138399819e-01  1.5246529865470394e-03  -1.1212161766684658e-03  1.2028463592881672e-02  1.0096551088908710e+00  1.0063064865986213e+00  1.0129636623077560e+00  9.8786478242844522e-01  9.8044793172974243e-01  9.9661818512512634e-01  -9.8655006799783923e-04  -3.2229470434208649e-03  2.0966251601400631e-03
5.9999999999996597e+01  9.7041515813929546e-01  9.0749043744628677e-01  9.9651654822205771e-01  8.8382505381161991e-01  8.2663062179750535e-01  9.1271621585282547e-01  1.4744088240853503e-03  -1.0672461636517508e-03  1.1006412745660374e-02  1.0097250682976326e+00  1.0070823697841236e+00  1.0134357905330507e+00  9.8836240697443656e-01  9.7967978769473163e-01  9.9595667367766905e-01  -9.6096125390122999e-04  -4.3031330231767155e-03  2.0906686892233741e-03
6.0009999999996602e+01  9.7043659340533184e-01  9.0750993602481789e-01  9.9653180094185290e-01  8.8379481227990775e-01  8.2655752175854813e-01  9.1269782676851718e-01  1.4732660457728924e-03  -1.0665946583548259e-03  1.0976900583022083e-02  1.0097272169202316e+00  1.0070907211648341e+00  1.0134462866529768e+00  9.8837446364906079e-01  9.7967723812129814e-01  9.9593494322621856e-01  -9.5954230871320698e-04  -4.3276754255490418e-03  2.0771658660348967e-03
