# time  total_canon  bary_x_canon  bary_y_canon  bary_z_canon  rms_radius_canon  total_phantom  bary_x_phantom  bary_y_phantom  bary_z_phantom  rms_radius_phantom
0.0000000000000000e+00  1.5888958793146218e+01  3.6001717622519912e+01  3.1999827698626429e+01  3.1999827689732165e+01  5.0453401504421906e+00  2.1027490364938323e+01  2.8002238292282879e+01  3.2000190165513082e+01  3.2000190054080619e+01  5.4266840801728122e+00
4.0000000000000002e-01  1.5888105011484530e+01  3.6001806433931215e+01  3.1999815562473369e+01  3.1999815557905297e+01  5.0457195172295437e+00  2.1036597512396664e+01  2.8002401179207318e+01  3.2000202874660289e+01  3.2000202792892985e+01  5.4264173077540043e+00
8.0000000000000004e-01  1.5880390156122900e+01  3.6002049555524614e+01  3.1999783209279766e+01  3.1999783216441251e+01  5.0467366529446043e+00  2.1053131923702068e+01  2.8002831567537406e+01  3.2000236311270477e+01  3.2000236309042869e+01  5.4257953810581032e+00
1.2000000000000000e+00  1.5869719451720808e+01  3.6002365068211269e+01  3.1999735447694441e+01  3.1999735471954654e+01  5.0479925607129035e+00  2.1072101837217943e+01  2.8003390464144953e+01  3.2000283820595513e+01  3.2000283933743418e+01  5.4251723956405034e+00
1.6000000000000001e+00  1.5860530756556898e+01  3.6002658434730748e+01  3.1999676635594046e+01  3.1999676679773966e+01  5.0490583344367641e+00  2.1089332649495844e+01  2.8003939075886535e+01  3.2000340011996009e+01  3.2000340259945141e+01  5.4248067159330127e+00
2.0000000000000000e+00  1.5855338837892333e+01  3.6002861814698271e+01  3.1999608563213940e+01  3.1999608627566118e+01  5.0497696753261980e+00  2.1103154576759806e+01  2.8004398144208686e+01  3.2000403458562580e+01  3.2000403842050602e+01  5.4247165225571088e+00
2.3999999999999901e+00  1.5854055092981531e+01  3.6002943241310021e+01  3.1999530811017387e+01  3.1999530893994852e+01  5.0503177332791802e+00  2.1114104430547386e+01  2.8004757211782589e+01  3.2000476673154971e+01  3.2000477169050129e+01  5.4247111618253907e+00
2.7999999999999798e+00  1.5855372083427127e+01  3.6002892174375972e+01  3.1999444154735833e+01  3.1999444254683819e+01  5.0510890388320773e+00  2.1123325840022144e+01  2.8005039989400633e+01  3.2000562265026346e+01  3.2000562828548162e+01  5.4245457355111997e+00
3.1999999999999802e+00  1.5858562158019478e+01  3.6002709419127562e+01  3.1999352713485433e+01  3.1999352831023792e+01  5.0524103501901054e+00  2.1131166422066990e+01  2.8005261732186394e+01  3.2000658112350941e+01  3.2000658694885509e+01  5.4240717073489044e+00
3.5999999999999699e+00  1.5864040904794891e+01  3.6002418698145462e+01  3.1999261766242626e+01  3.1999261905798214e+01  5.0543838468307554e+00  2.1137197214322107e+01  2.8005425860022410e+01  3.2000757734832909e+01  3.2000758305524357e+01  5.4232847097363175e+00
3.9999999999999600e+00  1.5872312730911737e+01  3.6002091165975180e+01  3.1999172242080327e+01  3.1999172410315559e+01  5.0568933976712076e+00  2.1141473841821181e+01  2.8005568897243460e+01  3.2000857072283090e+01  3.2000857627932511e+01  5.4222791206339975e+00
4.3999999999999497e+00  1.5882332195521116e+01  3.6001856588346158e+01  3.1999076535860119e+01  3.1999076738593306e+01  5.0597280854180156e+00  2.1145767512373808e+01  2.8005811080296237e+01  3.2000961463476173e+01  3.2000962021636553e+01  5.4211975943811588e+00
4.7999999999999403e+00  1.5891001896624580e+01  3.6001878339184948e+01  3.1998960522556498e+01  3.1998960762978896e+01  5.0626785216046120e+00  2.1153532583211465e+01  2.8006360183836534e+01  3.2001086067117271e+01  3.2001086647617605e+01  5.4202378960244602e+00
5.1999999999999300e+00  1.5894565498323413e+01  3.6002296387922179e+01  3.1998811730707466e+01  3.1998812007543233e+01  5.0655255181616452e+00  2.1168456781256751e+01  2.8007449411222449e+01  3.2001248473784479e+01  3.2001249079743140e+01  5.4196946172855895e+00
5.5999999999999304e+00  1.5890861634786724e+01  3.6003167275909206e+01  3.1998628335058608e+01  3.1998628639403442e+01  5.0680001800795234e+00  2.1192567930187437e+01  2.8009239935483130e+01  3.2001458286900025e+01  3.2001458892896657e+01  5.4199617293152693e+00
5.9999999999999201e+00  1.5880795340120475e+01  3.6004430931241224e+01  3.1998422936503445e+01  3.1998423249873564e+01  5.0698286830114254e+00  2.1225219623794299e+01  2.8011750327675891e+01  3.2001710760307283e+01  3.2001711309751947e+01  5.4214444654308922e+00
6.3999999999999098e+00  1.5867984456342256e+01  3.6005920341871246e+01  3.1998218657424712e+01  3.1998218953906566e+01  5.0709019873843788e+00  2.1263555262222695e+01  2.8014858841277832e+01  3.2001988601547808e+01  3.2001989012922195e+01  5.4244156632558127e+00
6.7999999999999003e+00  1.5856930426403201e+01  3.6007414019564635e+01  3.1998040196925704e+01  3.1998040449696457e+01  5.0714697651530622e+00  2.1303922647761929e+01  2.8018375541292055e+01  3.2002270528848769e+01  3.2002270707308192e+01  5.4289250803663016e+00
7.1999999999998900e+00  1.5851073724065788e+01  3.6008713751753220e+01  3.1997905536196132e+01  3.1997905724998219e+01  5.0721883557254150e+00  2.1343318416226055e+01  2.8022147786320261e+01  3.2002541504072063e+01  3.2002541351849707e+01  5.4348466592045312e+00
7.5999999999998797e+00  1.5851894452550773e+01  3.6009718804157202e+01  3.1997821744423032e+01  3.1997821859612294e+01  5.0739347770601277e+00  2.1380212246421074e+01  2.8026156708467003e+01  3.2002799686603360e+01  3.2002799106752711e+01  5.4420734877930874e+00
7.9999999999998703e+00  1.5859124689007318e+01  3.6010467051337571e+01  3.1997783920539668e+01  3.1997783962311242e+01  5.0774603375881622e+00  2.1414617734351317e+01  2.8030523601979070e+01  3.2003057650048618e+01  3.2003056542511310e+01  5.4507297213030768e+00
8.3999999999998707e+00  1.5871351877143358e+01  3.6011118370730649e+01  3.1997776294109375e+01  3.1997776269186886e+01  5.0830689826249760e+00  2.1447478043250793e+01  2.8035293253174220e+01  3.2003335022478723e+01  3.2003333279164167e+01  5.4611066380055950e+00
8.7999999999998604e+00  1.5886486288535226e+01  3.6011879153242916e+01  3.1997777085383550e+01  3.1997777003790986e+01  5.0905426173588353e+00  2.1480140654076777e+01  2.8040302035034529e+01  3.2003642588056010e+01  3.2003640098817939e+01  5.4734294824075658e+00
9.1999999999998501e+00  1.5902053233908539e+01  3.6012913749391480e+01  3.1997766546456262e+01  3.1997766418829485e+01  5.0993815570507639e+00  2.1514352857619645e+01  2.8045427158761761e+01  3.2003974332854540e+01  3.2003971008325820e+01  5.4878181912217219e+00
9.5999999999998398e+00  1.5915626060262667e+01  3.6014302736267815e+01  3.1997734036015594e+01  3.1997733872347176e+01  5.1091535320635906e+00  2.1551832382101338e+01  2.8050732246387689e+01  3.2004323452787858e+01  3.2004319231692747e+01  5.5042571413346142e+00
9.9999999999998295e+00  1.5925576598859156e+01  3.6016064576355895e+01  3.1997678754145873e+01  3.1997678563411082e+01  5.1196916400258692e+00  2.1593430683943645e+01  2.8056336207338170e+01  3.2004694929178527e+01  3.2004689760129857e+01  5.5226061471817998e+00
1.0399999999999800e+01  1.5931813882587871e+01  3.6018179654518498e+01  3.1997604385279114e+01  3.1997604174917743e+01  5.1310685648365286e+00  2.1638303960433795e+01  2.8062224804900236e+01  3.2005089611464832e+01  3.2005083456703062e+01  5.5425819348114889e+00
1.0799999999999800e+01  1.5936047210442240e+01  3.6020544459955737e+01  3.1997517340878193e+01  3.1997517117012766e+01  5.1435067060640032e+00  2.1683724552662348e+01  2.8068231050209221e+01  3.2005493018082284e+01  3.2005485874884535e+01  5.5636371894146359e+00
1.1199999999999800e+01  1.5941451655191326e+01  3.6022849926894700e+01  3.1997437048156854e+01  3.1997436818757471e+01  5.1574783741208154e+00  2.1726020323086153e+01  2.8074162195020218e+01  3.2005885371269351e+01  3.2005877277219184e+01  5.5849394686914735e+00
1.1599999999999801e+01  1.5952349086959883e+01  3.6024266516110735e+01  3.1997420054649361e+01  3.1997419841247339e+01  5.1743401782048357e+00  2.1762191741214046e+01  2.8079912635507963e+01  3.2006254479462619e+01  3.2006245496682368e+01  5.6055968571649863e+00
1.1999999999999799e+01  1.5973486220894614e+01  3.6024000212844015e+01  3.1997620842515900e+01  3.1997620676338276e+01  5.1969055185039856e+00  2.1791114858508386e+01  2.8085491022239285e+01  3.2006599745419422e+01  3.2006589937141371e+01  5.6249880320950423e+00
1.2399999999999800e+01  1.6006268103080235e+01  3.6023864402518662e+01  3.1998004307530298e+01  3.1998004169643899e+01  5.2275004083662466e+00  2.1813667521703032e+01  2.8091005810960439e+01  3.2006930725850694e+01  3.2006920140496106e+01  5.6429646190668876e+00
1.2799999999999800e+01  1.6043314872775415e+01  3.6025092517519099e+01  3.1998169575256163e+01  3.1998169430820525e+01  5.2633226588984714e+00  2.1832039487629736e+01  2.8096630413235935e+01  3.2007262880820555e+01  3.2007251544800958e+01  5.6598542630138526e+00
1.3199999999999800e+01  1.6077183930869992e+01  3.6027346661688938e+01  3.1998202750649192e+01  3.1998202571054023e+01  5.3007440687248923e+00  2.1848873080769771e+01  2.8102558839179615e+01  3.2007612499929586e+01  3.2007600416148371e+01  5.6762921653594374e+00
1.3599999999999801e+01  1.6104469973297508e+01  3.6030474635742486e+01  3.1998144608532492e+01  3.1998144373772050e+01  5.3379500239673847e+00  2.1866671919581133e+01  2.8108980796036310e+01  3.2007993789056080e+01  3.2007980940728331e+01  5.6929713749322159e+00
1.3999999999999700e+01  1.6124290804858717e+01  3.6034304817476873e+01  3.1998021564833579e+01  3.1998021266831209e+01  5.3742629376296405e+00  2.1887477495279818e+01  2.8116085081707961e+01  3.2008419504391824e+01  3.2008405863919982e+01  5.7104428087080539e+00
1.4399999999999700e+01  1.6137423300567079e+01  3.6038613955581866e+01  3.1997859955657116e+01  3.1997859597966620e+01  5.4099676040305820e+00  2.1912552500725038e+01  2.8124050412328454e+01  3.2008901646822423e+01  3.2008887185359271e+01  5.7290338208468903e+00
1.4799999999999701e+01  1.6145594032551664e+01  3.6043203264471849e+01  3.1997682727993947e+01  3.1997682321301024e+01  5.4460144178219752e+00  2.1941928174571146e+01  2.8132960545965421e+01  3.2009445575386209e+01  3.2009430268348609e+01  5.7488166122478441e+00
1.5199999999999701e+01  1.6150811477758875e+01  3.6047985468593332e+01  3.1997502585794738e+01  3.1997502141899119e+01  5.4834638250127385e+00  2.1974146184670001e+01  2.8142691935310761e+01  3.2010039514151217e+01  3.2010023341966914e+01  5.7695608203125888e+00
1.5599999999999699e+01  1.6154755284117407e+01  3.6052983269262192e+01  3.1997323531734928e+01  3.1997323058822825e+01  5.5229054543153033e+00  2.2006806144414170e+01  2.8152953081170494e+01  3.2010655212926061e+01  3.2010638157987223e+01  5.7908052960676004e+00
1.5999999999999700e+01  1.6158335474959067e+01  3.6058267844204970e+01  3.1997148368698269e+01  3.1997147869342744e+01  5.5642376364327220e+00  2.2037766362089926e+01  2.8163454488570924e+01  3.2011262024713375e+01  3.2011244069600792e+01  5.8120877827441086e+00
1.6399999999999800e+01  1.6161417191225524e+01  3.6063926190461139e+01  3.1996980491688578e+01  3.1996979963293878e+01  5.6068598593036132e+00  2.2066186392492547e+01  2.8174037150641301e+01  3.2011839921624315e+01  3.2011821047721590e+01  5.8331718103450196e+00
1.6799999999999802e+01  1.6162801047506914e+01  3.6070041020783925e+01  3.1996821937534030e+01  3.1996821374051532e+01  5.6500193795359195e+00  2.2092996986866055e+01  2.8184736222420813e+01  3.2012386763219581e+01  3.2012366948072533e+01  5.8542291975233383e+00
1.7199999999999900e+01  1.6160667954349069e+01  3.6076662400864429e+01  3.1996673684612063e+01  3.1996673078764729e+01  5.6931077600550548e+00  2.2120993023727973e+01  2.8195868270911063e+01  3.2012928629789641e+01  3.2012907847379125e+01  5.8760958098938492e+00
1.7600000000000001e+01  1.6153390971054847e+01  3.6083794710665046e+01  3.1996536807520940e+01  3.1996536152687266e+01  5.7358342799040871e+00  2.2154477739281006e+01  2.8208003686417182e+01  3.2013524130054094e+01  3.2013502357344294e+01  5.9004295124806925e+00
1.8000000000000000e+01  1.6140264572610544e+01  3.6091408289195314e+01  3.1996412379096206e+01  3.1996411670402068e+01  5.7782699603341445e+00  2.2197013656045762e+01  2.8221308590088153e+01  3.2014187122512126e+01  3.2014164296303186e+01  5.9286841734466016e+00
1.8400000000000102e+01  1.6121741278666736e+01  3.6099468055682152e+01  3.1996300473496927e+01  3.1996299708112232e+01  5.8207849677074179e+00  2.2250448757907204e+01  2.8235651274308502e+01  3.2014885459494593e+01  3.2014861439212915e+01  5.9614854734585947e+00
1.8800000000000100e+01  1.6099141942106375e+01  3.6107960633981605e+01  3.1996200017061533e+01  3.1996199193732590e+01  5.8639240245779245e+00  2.2315707624995554e+01  2.8250981200653893e+01  3.2015593354786780e+01  3.2015567972487375e+01  5.9991024953639531e+00
1.9200000000000198e+01  1.6074159626280260e+01  3.6116905712291036e+01  3.1996110491202760e+01  3.1996109609443621e+01  5.9082572313251172e+00  2.2391177896164969e+01  2.8266752906404417e+01  3.2016257908171390e+01  3.2016231067445105e+01  6.0408714022809438e+00
1.9600000000000300e+01  1.6048507335054069e+01  3.6126343584312302e+01  3.1996033220887359e+01  3.1996032280357461e+01  5.9542211472118112e+00  2.2472391098615972e+01  2.8282418900503430e+01  3.2016837230603983e+01  3.2016808883592603e+01  6.0850580989004097e+00
2.0000000000000298e+01  1.6023827057991085e+01  3.6136325310757044e+01  3.1995971640607607e+01  3.1995970640848387e+01  6.0020570445556061e+00  2.2555056804256196e+01  2.8298004034604780e+01  3.2017348579916138e+01  3.2017318679114197e+01  6.1301964447635688e+00
2.0400000000000400e+01  1.6001668456869552e+01  3.6146925878245241e+01  3.1995929861017643e+01  3.1995928801249054e+01  6.0518523603530783e+00  2.2636509412278201e+01  2.8313749355005307e+01  3.2017823871956118e+01  3.2017792376508083e+01  6.1757329416769373e+00
2.0800000000000502e+01  1.5983274557933235e+01  3.6158256494593608e+01  3.1995909535131375e+01  3.1995908413711305e+01  6.1036089993575864e+00  2.2715432583053509e+01  2.8329899400237927e+01  3.2018292187898851e+01  3.2018259065071007e+01  6.2218175288669348e+00
2.1200000000000500e+01  1.5969169288616527e+01  3.6170452642939487e+01  3.1995905567067840e+01  3.1995904380830432e+01  6.1572994765758295e+00  2.2791310158879590e+01  2.8346670164384591e+01  3.2018777989009891e+01  3.2018743209379437e+01  6.2688587190347356e+00
2.1600000000000598e+01  1.5958907659528425e+01  3.6183625255430272e+01  3.1995906035363358e+01  3.1995904779902414e+01  6.2129277910127874e+00  2.2863955030776911e+01  2.8364244988992230e+01  3.2019295109187503e+01  3.2019258643272678e+01  6.3171121203299005e+00
2.2000000000000600e+01  1.5951428856925880e+01  3.6197794700962362e+01  3.1995899897582131e+01  3.1995898569620344e+01  6.2706112631383295e+00  2.2933268014476923e+01  2.8382753744443093e+01  3.2019845237169193e+01  3.2019807051486012e+01  6.3665201671521725e+00
2.2400000000000698e+01  1.5946211961567695e+01  3.6212791504343130e+01  3.1995888191586861e+01  3.1995886794463587e+01  6.3308401662957730e+00  2.2999281677107120e+01  2.8402210341284938e+01  3.2020422657154121e+01  3.2020382712551488e+01  6.4167937417578456e+00
2.2800000000000800e+01  1.5944828822335012e+01  3.6228165130326033e+01  3.1995897679925012e+01  3.1995896233221799e+01  6.3949990996331847e+00  2.3062211465598267e+01  2.8422542863487262e+01  3.2021018168010741e+01  3.2020976430904227e+01  6.4674994301043984e+00
2.3200000000000799e+01  1.5948343212183177e+01  3.6243949732005085e+01  3.1995905519689671e+01  3.1995904029838478e+01  6.4640511600686317e+00  2.3122464313968692e+01  2.8443645644014886e+01  3.2021621807744921e+01  3.2021578259072577e+01  6.5182244872448214e+00
2.3600000000000900e+01  1.5953849521299519e+01  3.6260445700503276e+01  3.1995859803129612e+01  3.1995858268523051e+01  6.5367106420176029e+00  2.3180534396385973e+01  2.8465409659579091e+01  3.2022225893554548e+01  3.2022180520556674e+01  6.5686869380143786e+00
2.4000000000000998e+01  1.5959323980478912e+01  3.6277705247461974e+01  3.1995781689388920e+01  3.1995780108775520e+01  6.6116980626078137e+00  2.3236752608478561e+01  2.8487792042340750e+01  3.2022828871645409e+01  3.2022781663294431e+01  6.6187467914186016e+00
2.4400000000001000e+01  1.5964160713955192e+01  3.6295698743598770e+01  3.1995679074895111e+01  3.1995677446832218e+01  6.6881471394616145e+00  2.3291034315959394e+01  2.8510884921526575e+01  3.2023435759000812e+01  3.2023386726115064e+01  6.6684305577430401e+00
2.4800000000001098e+01  1.5968548202724882e+01  3.6314366192760716e+01  3.1995555960317155e+01  3.1995554286792999e+01  6.7655713758391167e+00  2.3342820149326663e+01  2.8534854659569973e+01  3.2024057346369318e+01  3.2024006502562422e+01  6.7179562543605140e+00
2.5200000000001101e+01  1.5973174648591222e+01  3.6333622973843653e+01  3.1995419933564659e+01  3.1995418221081401e+01  6.8439636072787087e+00  2.3391290662272063e+01  2.8559847905232523e+01  3.2024708865756395e+01  3.2024656210945892e+01  6.7677238201745071e+00
2.5600000000001199e+01  1.5978845838406031e+01  3.6353326740544489e+01  3.1995282568464610e+01  3.1995280823686379e+01  6.9235853535982983e+00  2.3435674866889354e+01  2.8586030089228611e+01  3.2025401962979231e+01  3.2025347512257618e+01  6.8181683169558065e+00
2.6000000000001300e+01  1.5986023757653250e+01  3.6373289424902552e+01  3.1995153001322826e+01  3.1995151229897740e+01  7.0045929311036845e+00  2.3475489757113515e+01  2.8613630117639598e+01  3.2026142812002391e+01  3.2026086585968166e+01  6.8694649393921674e+00
2.6400000000001299e+01  1.5994587119229982e+01  3.6393374875260214e+01  3.1995035138113856e+01  3.1995033347597612e+01  7.0871272940743895e+00  2.3510779106051487e+01  2.8642767754794310e+01  3.2026932574588521e+01  3.2026874547498160e+01  6.9215689641591105e+00
2.6800000000001400e+01  1.6003844857720289e+01  3.6413575276167023e+01  3.1994931934904780e+01  3.1994930132097764e+01  7.1715361931204953e+00  2.3542140796458042e+01  2.8673351912881596e+01  3.2027763620933790e+01  3.2027703752516928e+01  6.9744899394419173e+00
2.7200000000001499e+01  1.6012594971844024e+01  3.6434004817231369e+01  3.1994848238440280e+01  3.1994846421912388e+01  7.2580982349815626e+00  2.3570464292441180e+01  2.8705179480862775e+01  3.2028615168191827e+01  3.2028553469278016e+01  7.0282576654067732e+00
2.7600000000001501e+01  1.6019187506018177e+01  3.6454828446095050e+01  3.1994784620994064e+01  3.1994782782143147e+01  7.3464568782933233e+00  2.3596528078088419e+01  2.8738124690516855e+01  3.2029457337059398e+01  3.2029393799812567e+01  7.0824478436227301e+00
2.8000000000001599e+01  1.6021900001443484e+01  3.6476174899080291e+01  3.1994735754695466e+01  3.1994733887134778e+01  7.4358196759148001e+00  2.3620980527137935e+01  2.8772134025166309e+01  3.2030270138043498e+01  3.2030204691206997e+01  7.1364314686681585e+00
2.8400000000001601e+01  1.6019511142929801e+01  3.6498122453782628e+01  3.1994698611675261e+01  3.1994696711598934e+01  7.5256490000170322e+00  2.3644551572379637e+01  2.8807113384633997e+01  3.2031050695528656e+01  3.2030983281005575e+01  7.1901079649945521e+00
2.8800000000001699e+01  1.6011593407282692e+01  3.6520770633631528e+01  3.1994676751615810e+01  3.1994674811487751e+01  7.6158343707878604e+00  2.3667991366002717e+01  2.8842966000948493e+01  3.2031807022142445e+01  3.2031737673995096e+01  7.2439646886319746e+00
2.9200000000001801e+01  1.5998373425349186e+01  3.6544215086390764e+01  3.1994671961755056e+01  3.1994669973568296e+01  7.7062066510426295e+00  2.3691703081517531e+01  2.8879837063797154e+01  3.2032556969491800e+01  3.2032485710434379e+01  7.2982510253606847e+00
2.9600000000001799e+01  1.5980513390659622e+01  3.6568345708694515e+01  3.1994682625565062e+01  3.1994680591096795e+01  7.7964905732684846e+00  2.3715841639202772e+01  2.8918243420397982e+01  3.2033331955576244e+01  3.2033258757967879e+01  7.3530638821885930e+00
3.0000000000001901e+01  1.5958990805418333e+01  3.6592812030742216e+01  3.1994711598896636e+01  3.1994709527037291e+01  7.8867893365350188e+00  2.3740931444655530e+01  2.8959015180611555e+01  3.2034156734334893e+01  3.2034081595737632e+01  7.4091525748172105e+00
3.0400000000001999e+01  1.5934925002655227e+01  3.6617371347047921e+01  3.1994765132381104e+01  3.1994763024870601e+01  7.9777435145202622e+00  2.3766796350270106e+01  2.9002449320877883e+01  3.2035018307898817e+01  3.2034941175735312e+01  7.4672945598001990e+00
3.0800000000002001e+01  1.5909165114831847e+01  3.6642208179461235e+01  3.1994835875594365e+01  3.1994833724606380e+01  8.0698735706048090e+00  2.3791734204418212e+01  2.9047923983315908e+01  3.2035871760515832e+01  3.2035792531355824e+01  7.5267611526619529e+00
3.1200000000002099e+01  1.5881857505758912e+01  3.6667710567611323e+01  3.1994898164885885e+01  3.1994895965667169e+01  8.1630044474900334e+00  2.3814983381716281e+01  2.9095131455633563e+01  3.2036691738079732e+01  3.2036610223592703e+01  7.5861023418503990e+00
3.1600000000002101e+01  1.5852379349682170e+01  3.6693961556353322e+01  3.1994933593387120e+01  3.1994931345666721e+01  8.2565136191428401e+00  2.3837091025482465e+01  2.9143874226098568e+01  3.2037478057527338e+01  3.2037394084668072e+01  7.6446080081878174e+00
3.2000000000002203e+01  1.5819777084205798e+01  3.6720755489002094e+01  3.1994949520796112e+01  3.1994947220741551e+01  8.3500427195178837e+00  2.3859839706515316e+01  2.9193834842502977e+01  3.2038234449148838e+01  3.2038148001903231e+01  7.7029248554816583e+00
3.2400000000002102e+01  1.5783292026340625e+01  3.6748065108848643e+01  3.1994960777601186e+01  3.1994958415275693e+01  8.4436433030655795e+00  2.3885143383781976e+01  2.9244675990479315e+01  3.2038937825744810e+01  3.2038848963937824e+01  7.7614699757834229e+00
3.2800000000002001e+01  1.5742552371703468e+01  3.6776186931773516e+01  3.1994957937399022e+01  3.1994955505627054e+01  8.5371337613704537e+00  2.3914173261289612e+01  2.9296276153922040e+01  3.2039555352368843e+01  3.2039464003973201e+01  7.8194035403846769e+00
3.3200000000001999e+01  1.5697546296667541e+01  3.6805268977148735e+01  3.1994921048570657e+01  3.1994918549812017e+01  8.6297323786847713e+00  2.3947727873275355e+01  2.9348742684559536e+01  3.2040078019066300e+01  3.2039983992482533e+01  7.8762980874220325e+00
3.3600000000001899e+01  1.5648891961785271e+01  3.6835002292989792e+01  3.1994858953848048e+01  3.1994856395470382e+01  8.7209054893459665e+00  2.3985818446044814e+01  2.9402525627302822e+01  3.2040559567230076e+01  3.2040462687228192e+01  7.9332928937613509e+00
3.4000000000001798e+01  1.5598188510856506e+01  3.6864998317989617e+01  3.1994808410252350e+01  3.1994805798409374e+01  8.8113924643550607e+00  2.4027233931438950e+01  2.9458128493884097e+01  3.2041089592839569e+01  3.2040989900075040e+01  7.9918372478480535e+00
3.4400000000001697e+01  1.5547610907545437e+01  3.6895111377990467e+01  3.1994781139177356e+01  3.1994778480544145e+01  8.9025598670429549e+00  2.4068759410780480e+01  2.9515920991045864e+01  3.2041695856750955e+01  3.2041593414194061e+01  8.0511186058471651e+00
3.4800000000001603e+01  1.5498899196278579e+01  3.6925395010885339e+01  3.1994736710313159e+01  3.1994734016744836e+01  8.9945535146659701e+00  2.4106610833798300e+01  2.9576109667161685e+01  3.2042326206195568e+01  3.2042220899717478e+01  8.1089568216655206e+00
3.5200000000001602e+01  1.5452870444691293e+01  3.6955959055223481e+01  3.1994634193967634e+01  3.1994631475040066e+01  9.0860559095479996e+00  2.4138879491755709e+01  2.9638718532130365e+01  3.2042982438125058e+01  3.2042874228857855e+01  8.1646928056492900e+00
3.5600000000001501e+01  1.5409965296594002e+01  3.6987026599881368e+01  3.1994478619415123e+01  3.1994475873599178e+01  9.1760734690341010e+00  2.4165969527275426e+01  2.9703427689106075e+01  3.2043691559411137e+01  3.2043580618268301e+01  8.2197469342637408e+00
3.6000000000001400e+01  1.5371004536142792e+01  3.7019082623767503e+01  3.1994294716423525e+01  3.1994291936221394e+01  9.2654513457042409e+00  2.4188878731985120e+01  2.9769608999987440e+01  3.2044440500917268e+01  3.2044326925596671e+01  8.2747864789703414e+00
3.6400000000001299e+01  1.5336521866326635e+01  3.7052743395750959e+01  3.1994075236412193e+01  3.1994072415292699e+01  9.3555290245221574e+00  2.4207851904149337e+01  2.9836792925004513e+01  3.2045180779835711e+01  3.2045064408825368e+01  8.3281374073639824e+00
3.6800000000001198e+01  1.5304236964839584e+01  3.7087806762162543e+01  3.1993794700870172e+01  3.1993791838208431e+01  9.4452804883349248e+00  2.4222943812184347e+01  2.9905023891524834e+01  3.2045878509535278e+01  3.2045759214044040e+01  8.3780615044628295e+00
3.7200000000001197e+01  1.5270880270688847e+01  3.7123685412132801e+01  3.1993423654475372e+01  3.1993420747947152e+01  9.5319839723333555e+00  2.4234761322072529e+01  2.9974680724264559e+01  3.2046527980523663e+01  3.2046405953116505e+01  8.4250030739504744e+00
3.7600000000001103e+01  1.5234856315422681e+01  3.7160189017002438e+01  3.1993005388240054e+01  3.1993002429444896e+01  9.6141897025485665e+00  2.4243858458903421e+01  3.0045961145125489e+01  3.2047151419418689e+01  3.2047026919755993e+01  8.4706774831769174e+00
3.8000000000001002e+01  1.5196669750069281e+01  3.7197335418954133e+01  3.1992615458223465e+01  3.1992612445097343e+01  9.6934924160865688e+00  2.4249322323490833e+01  3.0118836339028210e+01  3.2047761041295146e+01  3.2047633953885892e+01  8.5152587904181232e+00
3.8400000000000901e+01  1.5157820985010009e+01  3.7234865728727691e+01  3.1992283015326890e+01  3.1992279969080780e+01  9.7726164427188742e+00  2.4249317387946085e+01  3.0193501636464553e+01  3.2048345687933264e+01  3.2048215795245689e+01  8.5578935575847268e+00
3.8800000000000800e+01  1.5119267427720876e+01  3.7272243748251320e+01  3.1991984947657336e+01  3.1991981901491801e+01  9.8519882480876610e+00  2.4242413502596690e+01  3.0270639609981117e+01  3.2048909671454936e+01  3.2048777039412194e+01  8.5985107939300711e+00
3.9200000000000799e+01  1.5081229215343988e+01  3.7309315134723747e+01  3.1991685796785816e+01  3.1991682753339507e+01  9.9296061489692420e+00  2.4227788079115442e+01  3.0350875987515579e+01  3.2049474899638717e+01  3.2049339828043273e+01  8.6378307812764010e+00
3.9600000000000698e+01  1.5043830919696461e+01  3.7346602571420050e+01  3.1991370284327928e+01  3.1991367207467306e+01  1.0003657806330674e+01  2.4204538105266856e+01  3.0433921756718053e+01  3.2050045733042602e+01  3.2049908347119093e+01  8.6760999710650193e+00
4.0000000000000597e+01  1.5007385021529252e+01  3.7384707837473201e+01  3.1991048517222563e+01  3.1991045374338761e+01  1.0074571898419519e+01  2.4171838679978428e+01  3.0518937356414273e+01  3.2050630968330303e+01  3.2050491004302764e+01  8.7125225887054967e+00
4.0400000000000503e+01  1.4971972483880783e+01  3.7423595473974196e+01  3.1990716323360143e+01  3.1990713123754471e+01  1.0144085179413416e+01  2.4129754221289424e+01  3.0605420769618380e+01  3.2051233779326843e+01  3.2051090925352504e+01  8.7464794926192724e+00
4.0800000000000502e+01  1.4936854714015151e+01  3.7462977198203831e+01  3.1990352975489923e+01  3.1990349748978549e+01  1.0212676166020124e+01  2.4079406717654614e+01  3.0693508282004984e+01  3.2051823130104523e+01  3.2051677429054010e+01  8.7786057058208193e+00
4.1200000000000401e+01  1.4900477614958689e+01  3.7503235815081965e+01  3.1989934102048601e+01  3.1989930859596633e+01  1.0278728223867416e+01  2.4022028939623198e+01  3.0783444090580453e+01  3.2052355930392615e+01  3.2052207624248638e+01  8.8097338218815668e+00
4.1600000000000300e+01  1.4861103512337083e+01  3.7545076074103726e+01  3.1989432919940803e+01  3.1989429647357653e+01  1.0340129449620871e+01  2.3957969250508818e+01  3.0875121404033596e+01  3.2052828504004466e+01  3.2052677605548141e+01  8.8392105659458942e+00
4.2000000000000199e+01  1.4817574090225254e+01  3.7588462128996120e+01  3.1988848341894069e+01  3.1988845019833683e+01  1.0396338363859449e+01  2.3887080237854111e+01  3.0968480075526063e+01  3.2053260237261227e+01  3.2053106655021246e+01  8.8658236155293633e+00
4.2400000000000098e+01  1.4769677872949714e+01  3.7632456747034702e+01  3.1988235561687397e+01  3.1988232194093403e+01  1.0448900201023326e+01  2.3809614055954093e+01  3.1064066080566825e+01  3.2053689724967192e+01  3.2053533475873166e+01  8.8898666145597307e+00
4.2800000000000097e+01  1.4717856772349169e+01  3.7676246159285789e+01  3.1987674530236362e+01  3.1987671146481617e+01  1.0499793514199915e+01  2.3726045372721163e+01  3.1162839627059956e+01  3.2054142567971482e+01  3.2053983722004446e+01  8.9131464960668296e+00
4.3200000000000003e+01  1.4662795588519892e+01  3.7719879377226889e+01  3.1987185985385043e+01  3.1987182612317955e+01  1.0550087556657555e+01  2.3636260449386214e+01  3.1265338574289338e+01  3.2054598450279300e+01  3.2054437042711093e+01  8.9369442740690221e+00
4.3599999999999902e+01  1.4605055754693151e+01  3.7763830208693598e+01  3.1986713973536990e+01  3.1986710616916124e+01  1.0599735809677828e+01  2.3539110355675909e+01  3.1371169676068263e+01  3.2055028776283272e+01  3.2054864799337096e+01  8.9605409462896777e+00
4.3999999999999801e+01  1.4544848109742713e+01  3.7808295777693722e+01  3.1986197125452794e+01  3.1986193772940368e+01  1.0647659251138030e+01  2.3433211786451707e+01  3.1479510361818772e+01  3.2055414216259116e+01  3.2055247606555483e+01  8.9821348593924331e+00
4.4399999999999700e+01  1.4482285098495094e+01  3.7853017401504317e+01  3.1985616818234153e+01  3.1985613455256537e+01  1.0692868706042695e+01  2.3318301743887847e+01  3.1589825079385193e+01  3.2055746686835178e+01  3.2055577342264201e+01  9.0011618312729684e+00
4.4799999999999699e+01  1.4417747935319785e+01  3.7897841147741644e+01  3.1984990911755922e+01  3.1984987542526948e+01  1.0735650347336170e+01  2.3195759584109588e+01  3.1702160263820673e+01  3.2056058962535261e+01  3.2055886774330148e+01  9.0191609390235925e+00
4.5199999999999598e+01  1.4351743159900673e+01  3.7943098013699050e+01  3.1984337402332795e+01  3.1984334055402449e+01  1.0777044584266084e+01  2.3067173371991533e+01  3.1816875480740219e+01  3.2056396485090822e+01  3.2056221334202206e+01  9.0373640687064825e+00
4.5599999999999497e+01  1.4284307870261461e+01  3.7989122265565612e+01  3.1983649942993992e+01  3.1983646662701844e+01  1.0817294112058871e+01  2.2933070518846108e+01  3.1934190049410475e+01  3.2056744519454945e+01  3.2056566338381622e+01  9.0549736483177838e+00
4.5999999999999403e+01  1.4214788409941495e+01  3.8035812505094015e+01  3.1982902347684529e+01  3.1982899172111743e+01  1.0855211300652291e+01  2.2793447467657440e+01  3.2054007944682660e+01  3.2057061912621414e+01  3.2056880692074962e+01  9.0711408636284663e+00
4.6399999999999302e+01  1.4142414150009740e+01  3.8082930709099045e+01  3.1982093492154306e+01  3.1982090433482188e+01  1.0889593469355313e+01  2.2648133566639881e+01  3.2175961008099705e+01  3.2057369222760904e+01  3.2057184997040736e+01  9.0864250821939976e+00
4.6799999999999301e+01  1.4066974777393712e+01  3.8130436156220114e+01  3.1981268997083237e+01  3.1981266050531936e+01  1.0920950046224860e+01  2.2496469582159015e+01  3.2300184498765681e+01  3.2057673765100560e+01  3.2057486516662841e+01  9.1009513803218205e+00
4.7199999999999200e+01  1.3978920152502402e+01  3.8178620802901520e+01  3.1980456062634389e+01  3.1980453235519672e+01  1.0954573882060522e+01  2.2337172451922402e+01  3.2426875087562237e+01  3.2057963996684698e+01  3.2057773734201959e+01  9.1136072104427335e+00
4.7599999999999099e+01  1.3899313313539158e+01  3.8225614294117946e+01  3.1979718973187801e+01  3.1979716301042792e+01  1.0983541660691062e+01  2.2170251134085120e+01  3.2557538659502633e+01  3.2058239036441719e+01  3.2058045832478221e+01  9.1246614281779639e+00
4.7999999999998998e+01  1.3813226389622562e+01  3.8269103391378181e+01  3.1979052604808828e+01  3.1979050115246093e+01  1.1012776298052547e+01  2.1995729362645676e+01  3.2691052020165223e+01  3.2058498380098499e+01  3.2058302285906713e+01  9.1355811491199646e+00
4.8399999999998897e+01  1.3732547810600330e+01  3.8314225267522758e+01  3.1978438720698033e+01  3.1978436430308051e+01  1.1038355919085580e+01  2.1806193802656132e+01  3.2825761225085458e+01  3.2058798230524324e+01  3.2058599069132875e+01  9.1492215119508487e+00
4.8799999999998903e+01  1.3650626412514180e+01  3.8359879170871125e+01  3.1977836662560378e+01  3.1977834590564211e+01  1.1064009505588439e+01  2.1615048557465570e+01  3.2962969060454370e+01  3.2059037881626679e+01  3.2058835822788488e+01  9.1619090616554395e+00
4.9199999999998802e+01  1.3569255007373084e+01  3.8406503510817736e+01  3.1977215231860704e+01  3.1977213394079822e+01  1.1089748100189018e+01  2.1415192809119709e+01  3.3102637090240172e+01  3.2059232274776612e+01  3.2059027394155251e+01  9.1732640844274176e+00
4.9599999999998701e+01  1.3488117554527966e+01  3.8452594386306018e+01  3.1976576368265388e+01  3.1976574765294771e+01  1.1113905807596783e+01  2.1205817702092602e+01  3.3244820044354782e+01  3.2059385928896283e+01  3.2059178277393237e+01  9.1824822560086758e+00
4.9999999999998600e+01  1.3406549863370687e+01  3.8497314006654904e+01  3.1975933240684672e+01  3.1975931861342119e+01  1.1133791676184027e+01  2.0986698050046286e+01  3.3388891247005596e+01  3.2059577996307119e+01  3.2059367517562748e+01  9.1913752455197510e+00
5.0399999999998499e+01  1.3324595481787398e+01  3.8541781472264972e+01  3.1975335011758769e+01  3.1975333867814907e+01  1.1150107658092207e+01  2.0757960804099881e+01  3.3534742145902072e+01  3.2059825114772792e+01  3.2059611871219545e+01  9.2020814251629659e+00
5.0799999999998498e+01  1.3242436302904148e+01  3.8587045358754509e+01  3.1974821384880947e+01  3.1974820516776390e+01  1.1166123364584442e+01  2.0519526697034106e+01  3.3682962781351847e+01  3.2060050046935281e+01  3.2059834207704434e+01  9.2148027051155310e+00
5.1199999999998397e+01  1.3159406817883356e+01  3.8632228874059308e+01  3.1974332147615574e+01  3.1974331580037727e+01  1.1182742040587875e+01  2.0271078569576687e+01  3.3833939413029775e+01  3.2060200278658606e+01  3.2059981938484000e+01  9.2283081834974450e+00
5.1599999999998303e+01  1.3074359331044024e+01  3.8676071772970083e+01  3.1973787754229985e+01  3.1973787467721898e+01  1.1197662520120456e+01  2.0012162653360036e+01  3.3987150866807575e+01  3.2060293106436390e+01  3.2060072226039900e+01  9.2419485485106545e+00
5.1999999999998202e+01  1.2986329987294100e+01  3.8718698934084522e+01  3.1973181559460752e+01  3.1973181495917377e+01  1.1208260749212350e+01  1.9742210370484148e+01  3.4141804352335754e+01  3.2060383878103501e+01  3.2060160564162700e+01  9.2568343283531984e+00
5.2399999999998101e+01  1.2898520222906173e+01  3.8761645308159117e+01  3.1972237639175059e+01  3.1972464407865967e+01  1.1214201421832776e+01  1.9462676534467320e+01  3.4298347877601849e+01  3.2060564927842748e+01  3.2060124026545189e+01  9.2733187965181916e+00
5.2799999999998100e+01  1.2806145793776899e+01  3.8804702066514153e+01  3.1972182700574194e+01  3.1972150487559183e+01  1.1222054287273792e+01  1.9169714832143725e+01  3.4457767531040119e+01  3.2060533959481617e+01  3.2060290994186580e+01  9.2922367198821991e+00
5.3199999999997999e+01  1.2710209443920462e+01  3.8846047047804014e+01  3.1971759503927487e+01  3.1971753141000868e+01  1.1233812710476727e+01  1.8863025532787294e+01  3.4620443476574991e+01  3.2060578351832355e+01  3.2060333769664560e+01  9.3135706662766236e+00
5.3599999999997898e+01  1.2607530509775259e+01  3.8885021086209655e+01  3.1971399506213437e+01  3.1971392684801440e+01  1.1246538470483076e+01  1.8542776564311431e+01  3.4784694657047019e+01  3.2060596493584420e+01  3.2060346888327182e+01  9.3375416186785873e+00
5.3999999999997797e+01  1.2501408903912806e+01  3.8923941780430638e+01  3.1971064924200984e+01  3.1971004113776747e+01  1.1254433310687594e+01  1.8211679705913291e+01  3.4949228591523536e+01  3.2060640392177483e+01  3.2060425150331817e+01  9.3633399894173568e+00
5.4399999999997704e+01  1.2391543552446432e+01  3.8963569060233510e+01  3.1970818463398626e+01  3.1970812387862562e+01  1.1260730507045617e+01  1.7867183299341932e+01  3.5114630780853282e+01  3.2060485221526129e+01  3.2060263738198486e+01  9.3919485657666044e+00
5.4799999999997702e+01  1.2278791360486483e+01  3.9001351544970355e+01  3.1970548935277005e+01  3.1970544955981222e+01  1.1272209607981075e+01  1.7509772161152242e+01  3.5282294184000044e+01  3.2060374718404624e+01  3.2060154321496334e+01  9.4242214028568707e+00
5.5199999999997601e+01  1.2163217405125582e+01  3.9035338306623707e+01  3.1970288286293229e+01  3.1970286448254612e+01  1.1288250044443267e+01  1.7141838359183634e+01  3.5452179763804921e+01  3.2060258095085786e+01  3.2060040305325742e+01  9.4602180441039732e+00
5.5599999999997500e+01  1.2043871880078235e+01  3.9067562653402135e+01  3.1970055529467167e+01  3.1970056694215476e+01  1.1302280002559320e+01  1.6764135188486442e+01  3.5623452951861040e+01  3.2060141535678376e+01  3.2059926043605238e+01  9.4996201856454032e+00
5.5999999999997399e+01  1.1920484162962403e+01  3.9101065695361825e+01  3.1969848100641091e+01  3.1969853895233761e+01  1.1311818974731334e+01  1.6377005358108796e+01  3.5795736823226406e+01  3.2059972400644511e+01  3.2059758514954595e+01  9.5427696111104776e+00
5.6399999999997299e+01  1.1793724512051583e+01  3.9135129227453668e+01  3.1969610482294044e+01  3.1969618421937266e+01  1.1322435375661534e+01  1.5980875046370791e+01  3.5969879369687305e+01  3.2059703705861850e+01  3.2059491827986719e+01  9.5909982691688729e+00
5.6799999999997297e+01  1.1663959930952474e+01  3.9166522884517811e+01  3.1969323296770106e+01  3.1969330521064499e+01  1.1339281901988411e+01  1.5575929343908554e+01  3.6147067047984422e+01  3.2059344147050325e+01  3.2059137069308747e+01  9.6436846918412353e+00
5.7199999999997203e+01  1.1530170867367632e+01  3.9194941381625974e+01  3.1969071084666943e+01  3.1969079359662814e+01  1.1358364479892629e+01  1.5162452341230169e+01  3.6326280634865746e+01  3.2058900233800308e+01  3.2058698975205459e+01  9.6999922688563114e+00
5.7599999999997102e+01  1.1391262500942938e+01  3.9222351701471048e+01  3.1968945345752999e+01  3.1968957050261498e+01  1.1374939537807567e+01  1.4741495849192070e+01  3.6504915908906810e+01  3.2058375543238604e+01  3.2058171967908862e+01  9.7628554275826307e+00
5.7999999999997002e+01  1.1246937398568088e+01  3.9249884076620212e+01  3.1968886169481522e+01  3.1968907634473556e+01  1.1391016697101998e+01  1.4314140345163182e+01  3.6682034386917906e+01  3.2057758108577353e+01  3.2057543259907540e+01  9.8341097523502050e+00
5.8399999999997000e+01  1.1097692707782235e+01  3.9275956072248825e+01  3.1968806132487057e+01  3.1968840306621157e+01  1.1413511853012682e+01  1.3880985338105413e+01  3.6859251349694951e+01  3.2057019463522018e+01  3.2056789099025224e+01  9.9109578424161402e+00
5.8799999999996899e+01  1.0943109081587940e+01  3.9298956935108073e+01  3.1968683847377140e+01  3.1968730837843907e+01  1.1442092377741822e+01  1.3442668747478304e+01  3.7037449211233557e+01  3.2056153352039317e+01  3.2055912427662591e+01  9.9923153096014516e+00
5.9199999999996798e+01  1.0781980723659702e+01  3.9318608374317577e+01  3.1968505745836271e+01  3.1968567344675346e+01  1.1471140870335553e+01  1.3000702582872790e+01  3.7215032903431833e+01  3.2055246720840252e+01  3.2055012268707749e+01  1.0084005689853081e+01
5.9599999999996697e+01  1.0614255107294351e+01  3.9335282056129088e+01  3.1968263991209398e+01  3.1968345277422273e+01  1.1501479149933189e+01  1.2556245177185588e+01  3.7390517447499334e+01  3.2054355519205679e+01  3.2054140129295668e+01  1.0187066386836781e+01
5.9999999999996597e+01  1.0440848210611739e+01  3.9349737600016908e+01  3.1967948610601667e+01  3.1968065284820575e+01  1.1538532911771950e+01  1.2110365911689440e+01  3.7563695533175505e+01  3.2053410898592460e+01  3.2053211801949118e+01  1.0297571104594768e+01
6.0009999999996602e+01  1.0436446478162074e+01  3.9350072383950632e+01  3.1967939990826370e+01  3.1968057800145605e+01  1.1539568832252414e+01  1.2099212094650253e+01  3.7567999189204443e+01  3.2053385319836551e+01  3.2053186504172650e+01  1.0300408544529109e+01
