# time  total_activity  peak_activity  rms_radius  confined_frac  bary_x  bary_y  bary_z  r_conf  total_activity_proper  rms_radius_proper  confined_frac_proper  rms_radius_canon  confined_frac_canon  rms_radius_phantom  confined_frac_phantom  canon_mass_frac  min_chi
0.0000000000000000e+00  5.6716675773133005e+01  5.6234617134499752e-02  6.7447209122180416e+00  2.8378097377213413e-01  3.2000657202088142e+01  3.2000498687164779e+01  3.2000498687164779e+01  4.7999999999999998e+00  5.3453170390036291e+01  6.7728559442341094e+00  2.7980533845813876e-01  nan  nan  nan  nan  nan  1.0000000050154152e+00
4.0000000000000002e-01  5.9769874391155859e+01  1.1699976748344931e-01  6.6155842449346700e+00  3.1334164243009832e-01  3.2000634428930063e+01  3.2000465698706002e+01  3.2000465698704701e+01  4.7999999999999998e+00  5.6247361817787692e+01  6.6473587650710240e+00  3.0855177713455212e-01  nan  nan  nan  nan  nan  1.0002688939744777e+00
8.0000000000000004e-01  6.0043616213750695e+01  8.2720850298900542e-02  6.6637184015281781e+00  3.0059583526193751e-01  3.2000676961555264e+01  3.2000472067456506e+01  3.2000472067447284e+01  4.7999999999999998e+00  5.6542506696024205e+01  6.6932253428584501e+00  2.9631386328410902e-01  nan  nan  nan  nan  nan  1.0011313104567361e+00
1.2000000000000000e+00  6.1376469707227486e+01  9.8635149556586713e-02  6.6557540195756157e+00  3.0049559030540696e-01  3.2000751233807144e+01  3.2000431363537665e+01  3.2000431363559358e+01  4.7999999999999998e+00  5.7828732516448824e+01  6.6829489680893746e+00  2.9679426388682612e-01  nan  nan  nan  nan  nan  1.0012070516568017e+00
1.6000000000000001e+00  6.2215615831779871e+01  7.0117355705736850e-02  6.6540952483356115e+00  2.9967612077337563e-01  3.2000854921605239e+01  3.2000430361177635e+01  3.2000430361226620e+01  4.7999999999999998e+00  5.8660824276516358e+01  6.6783404512463518e+00  2.9672477253840723e-01  nan  nan  nan  nan  nan  1.0010791575857980e+00
2.0000000000000000e+00  6.2283855600744374e+01  5.9902508973729528e-02  6.6659963540856735e+00  2.9249893689557793e-01  3.2000938443865323e+01  3.2000406794216993e+01  3.2000406794322274e+01  4.7999999999999998e+00  5.8776024469778832e+01  6.6871160898606981e+00  2.9036105348262026e-01  nan  nan  nan  nan  nan  1.0009882928577349e+00
2.3999999999999901e+00  6.2226904897435872e+01  5.4756193881702470e-02  6.6794422960365942e+00  2.7569194152743876e-01  3.2000931848136830e+01  3.2000330645910196e+01  3.2000330646092074e+01  4.7999999999999998e+00  5.8774881547119065e+01  6.6978849980265176e+00  2.7410156322424017e-01  nan  nan  nan  nan  nan  1.0009273005229822e+00
2.7999999999999798e+00  6.2139931622829458e+01  4.8745301138591393e-02  6.7234392435846990e+00  2.4463340405546569e-01  3.2000838340509233e+01  3.2000208267678218e+01  3.2000208267922808e+01  4.7999999999999998e+00  5.8753640800118852e+01  6.7396313331466740e+00  2.4313775093472206e-01  nan  nan  nan  nan  nan  1.0008956540970644e+00
3.1999999999999802e+00  6.2282177985993101e+01  4.3307949024828610e-02  6.8058985646094570e+00  2.0581364378235031e-01  3.2000787121249274e+01  3.2000130764513301e+01  3.2000130764815808e+01  4.7999999999999998e+00  5.8958916762479618e+01  6.8203712500646914e+00  2.0417269494704707e-01  nan  nan  nan  nan  nan  1.0008981763339995e+00
3.5999999999999699e+00  6.2616326017669650e+01  4.2643958388574738e-02  6.9159453092787899e+00  1.6620557881861792e-01  3.2000920907276573e+01  3.2000188913540882e+01  3.2000188913972913e+01  4.7999999999999998e+00  5.9355354716722069e+01  6.9292487031206011e+00  1.6433768301143084e-01  nan  nan  nan  nan  nan  1.0009374039031802e+00
3.9999999999999600e+00  6.2945462427359104e+01  4.2325285353433079e-02  7.0337095863953678e+00  1.3112286499155223e-01  3.2001223580186355e+01  3.2000349189920257e+01  3.2000349190562417e+01  4.7999999999999998e+00  5.9752360097166289e+01  7.0464668377360464e+00  1.2893174351160935e-01  nan  nan  nan  nan  nan  1.0009846795033694e+00
4.3999999999999497e+00  6.3343211733848570e+01  4.1787214912354924e-02  7.1414270169512974e+00  1.0491516358011958e-01  3.2001556319578363e+01  3.2000513180313270e+01  3.2000513181191252e+01  4.7999999999999998e+00  6.0209596824704192e+01  7.1545170354690644e+00  1.0243864679263531e-01  nan  nan  nan  nan  nan  1.0009684489661554e+00
4.7999999999999403e+00  6.4082539241353714e+01  4.1307891685707115e-02  7.2346216396450602e+00  9.3393604983678144e-02  3.2001745182403944e+01  3.2000602881588158e+01  3.2000602882613236e+01  4.7999999999999998e+00  6.0975992879492502e+01  7.2490180015164425e+00  9.0806881050940327e-02  nan  nan  nan  nan  nan  1.0009870237738343e+00
5.1999999999999300e+00  6.5330749986012208e+01  4.1033841004393348e-02  7.3269074796053140e+00  9.1166619237561669e-02  3.2001734361543924e+01  3.2000662981711493e+01  3.2000662982831805e+01  4.7999999999999998e+00  6.2206555063305572e+01  7.3432919372976189e+00  8.8622301598072356e-02  nan  nan  nan  nan  nan  1.0009676660727735e+00
5.5999999999999304e+00  6.7521679345732508e+01  4.1134826970496835e-02  7.4234086253902412e+00  9.0460753026542329e-02  3.2001499845883821e+01  3.2000654279844703e+01  3.2000654280887517e+01  4.7999999999999998e+00  6.4307236730653571e+01  7.4423075505877776e+00  8.8048218200836775e-02  nan  nan  nan  nan  nan  1.0009872965177562e+00
5.9999999999999201e+00  7.0980657558982642e+01  4.6864176222274109e-02  7.5219328077540295e+00  9.1981109033887509e-02  3.2001227535126759e+01  3.2000734420961315e+01  3.2000734421712977e+01  4.7999999999999998e+00  6.7582804326592054e+01  7.5437395873854136e+00  8.9704410521621814e-02  nan  nan  nan  nan  nan  1.0010383143568116e+00
6.3999999999999098e+00  7.5341889974267900e+01  3.9959074633793612e-02  7.6267482267706557e+00  9.7055311532968550e-02  3.2001173664012619e+01  3.2001037473335359e+01  3.2001037473619789e+01  4.7999999999999998e+00  7.1692343378516824e+01  7.6514191270957266e+00  9.4853387723229113e-02  nan  nan  nan  nan  nan  1.0011081964899573e+00
6.7999999999999003e+00  7.9987377239831247e+01  4.5218681725472928e-02  7.7426293670611051e+00  1.0347678723012785e-01  3.2001273389323991e+01  3.2001574038971938e+01  3.2001574038648947e+01  4.7999999999999998e+00  7.6056178058539800e+01  7.7698447774803547e+00  1.0131874873264424e-01  nan  nan  nan  nan  nan  1.0011832707475257e+00
7.1999999999998900e+00  8.4522848791575910e+01  3.7990196811720001e-02  7.8691853081030869e+00  1.0978578069394808e-01  3.2001331526836964e+01  3.2002329842088258e+01  3.2002329841160098e+01  4.7999999999999998e+00  8.0306352429883788e+01  7.8985595256832877e+00  1.0766606888725652e-01  nan  nan  nan  nan  nan  1.0012528707239003e+00
7.5999999999998797e+00  8.8719731998923223e+01  3.7451041876277451e-02  8.0127883120944166e+00  1.1397884178514370e-01  3.2001196563436217e+01  3.2003163226770184e+01  3.2003163225433340e+01  4.7999999999999998e+00  8.4235453766056821e+01  8.0438892959970794e+00  1.1191422313813656e-01  nan  nan  nan  nan  nan  1.0013114757112507e+00
7.9999999999998703e+00  9.2728479478536187e+01  3.6180763344231495e-02  8.1738996805153619e+00  1.1563025772052393e-01  3.2000799023627835e+01  3.2003813000114356e+01  3.2003812998699154e+01  4.7999999999999998e+00  8.7993604372939828e+01  8.2064088421329675e+00  1.1363178613107698e-01  nan  nan  nan  nan  nan  1.0013582768831526e+00
8.3999999999998707e+00  9.7110682896585431e+01  3.4831670605098293e-02  8.3466910177355818e+00  1.1505635644837346e-01  3.2000090381655689e+01  3.2003932328036846e+01  3.2003932327083049e+01  4.7999999999999998e+00  9.2111863531639045e+01  8.3805074683467780e+00  1.1310853026260012e-01  nan  nan  nan  nan  nan  1.0013951710696685e+00
8.7999999999998604e+00  1.0210889914941687e+02  3.3344701097253501e-02  8.5338112513441082e+00  1.1132790698431046e-01  3.1999404293494386e+01  3.2003898725523023e+01  3.2003898725414530e+01  4.7999999999999998e+00  9.6822359601107109e+01  8.5688344961381286e+00  1.0942223824304791e-01  nan  nan  nan  nan  nan  1.0014246421263877e+00
9.1999999999998501e+00  1.0755890644986297e+02  3.1293930890790612e-02  8.7346461934353758e+00  1.0475547899106438e-01  3.1998847592401908e+01  3.2004224830973051e+01  3.2004224831615957e+01  4.7999999999999998e+00  1.0197168058053759e+02  8.7708547238842396e+00  1.0292003616697523e-01  nan  nan  nan  nan  nan  1.0014485091317626e+00
9.5999999999998398e+00  1.1338331702183967e+02  2.9664156885029679e-02  8.9340731736077732e+00  9.8190844874317521e-02  3.1998679881865137e+01  3.2004807763216725e+01  3.2004807764460757e+01  4.7999999999999998e+00  1.0747805837916140e+02  8.9716607287710968e+00  9.6450902839067501e-02  nan  nan  nan  nan  nan  1.0014677278711424e+00
9.9999999999998295e+00  1.1959608497263258e+02  3.0942023230599962e-02  9.1173370096102371e+00  9.3571560565029549e-02  3.1998766811727375e+01  3.2005567119568902e+01  3.2005567121342843e+01  4.7999999999999998e+00  1.1334286619576365e+02  9.1566699630930035e+00  9.1923780776243330e-02  nan  nan  nan  nan  nan  1.0014828492100520e+00
1.0399999999999800e+01  1.2593730016778719e+02  3.1768839762538491e-02  9.2813405822217270e+00  9.1704052564842833e-02  3.1999121636249090e+01  3.2006586834423089e+01  3.2006586836595368e+01  4.7999999999999998e+00  1.1931371852200735e+02  9.3228756804063497e+00  9.0116268014839254e-02  nan  nan  nan  nan  nan  1.0014945637763022e+00
1.0799999999999800e+01  1.3198613546398948e+02  3.4216982614958882e-02  9.4299022050303272e+00  9.2175951308154577e-02  3.1999816929222231e+01  3.2007650536375571e+01  3.2007650538940311e+01  4.7999999999999998e+00  1.2499335104511886e+02  9.4740218059034227e+00  9.0622328856706305e-02  nan  nan  nan  nan  nan  1.0015039334787483e+00
1.1199999999999800e+01  1.3698248566005122e+02  3.1274993747033145e-02  9.5806220509367837e+00  9.1776708156070530e-02  3.2000788998517720e+01  3.2008758575869031e+01  3.2008758578810081e+01  4.7999999999999998e+00  1.2967429339560090e+02  9.6274447590230583e+00  9.0279078173221269e-02  nan  nan  nan  nan  nan  1.0015122330538144e+00
1.1599999999999801e+01  1.4058388868393482e+02  2.9445791498529890e-02  9.7382967669349814e+00  9.0823860729914621e-02  3.2001946426306283e+01  3.2009915116580657e+01  3.2009915119872794e+01  4.7999999999999998e+00  1.3303999822852671e+02  9.7878849494633684e+00  8.9577978222493845e-02  nan  nan  nan  nan  nan  1.0015205897077506e+00
1.1999999999999799e+01  1.4267888486138207e+02  2.9620903655776243e-02  9.9055618788913211e+00  8.9847206842228008e-02  3.2003213108468472e+01  3.2010871683992079e+01  3.2010871687784970e+01  4.7999999999999998e+00  1.3499070558693231e+02  9.9579806139371190e+00  8.8755130536545768e-02  nan  nan  nan  nan  nan  1.0015296870450032e+00
1.2399999999999800e+01  1.4338502517507186e+02  3.0232742011957591e-02  1.0085567118980459e+01  8.9026277618516503e-02  3.2004501392318737e+01  3.2011406288731578e+01  3.2011406293170396e+01  4.7999999999999998e+00  1.3564328394620139e+02  1.0140840735412725e+01  8.7882649194024248e-02  nan  nan  nan  nan  nan  1.0015396959385943e+00
1.2799999999999800e+01  1.4304580141618754e+02  3.0579129122296982e-02  1.0277201746513246e+01  8.8902506439443252e-02  3.2005668738075691e+01  3.2011497012751228e+01  3.2011497017724388e+01  4.7999999999999998e+00  1.3532372383562114e+02  1.0335410836419973e+01  8.7774527761378618e-02  nan  nan  nan  nan  nan  1.0015504215185191e+00
1.3199999999999800e+01  1.4213871028212290e+02  3.0255572465156987e-02  1.0478071143658539e+01  8.9388573336246752e-02  3.2006529611109556e+01  3.2011095284780851e+01  3.2011095289965546e+01  4.7999999999999998e+00  1.3448237084260828e+02  1.0539342004898554e+01  8.8288064168933200e-02  nan  nan  nan  nan  nan  1.0015615374062874e+00
1.3599999999999801e+01  1.4115113965010016e+02  2.9206626532366171e-02  1.0687232948297355e+01  8.9555173289857723e-02  3.2006922753072331e+01  3.2010263378211043e+01  3.2010263383310111e+01  4.7999999999999998e+00  1.3357888346515986e+02  1.0751670382076405e+01  8.8370867918550589e-02  nan  nan  nan  nan  nan  1.0015727704476287e+00
1.3999999999999700e+01  1.4040569250621849e+02  2.8741528942836048e-02  1.0902595752322581e+01  8.8657358466171121e-02  3.2007098397038533e+01  3.2009371513204641e+01  3.2009371518165999e+01  4.7999999999999998e+00  1.3291654454643754e+02  1.0970288710907120e+01  8.7520201802894923e-02  nan  nan  nan  nan  nan  1.0015839707171335e+00
1.4399999999999700e+01  1.4008776687554928e+02  2.8895869488563659e-02  1.1117515296936658e+01  8.7370666626564356e-02  3.2007235542693167e+01  3.2008561139221818e+01  3.2008561144008688e+01  4.7999999999999998e+00  1.3266676261948754e+02  1.1188594194479661e+01  8.6047132134893123e-02  nan  nan  nan  nan  nan  1.0015950838683094e+00
1.4799999999999701e+01  1.4028857503309499e+02  2.9481221660716317e-02  1.1326618036315358e+01  8.6569958130418470e-02  3.2007217058570234e+01  3.2007928853631967e+01  3.2007928858198767e+01  4.7999999999999998e+00  1.3291313871885444e+02  1.1401224353454682e+01  8.5048477002855838e-02  nan  nan  nan  nan  nan  1.0016060859191216e+00
1.5199999999999701e+01  1.4101687384331674e+02  2.9578399854875412e-02  1.1531807313773914e+01  8.6760282324409257e-02  3.2006707126584466e+01  3.2007525629333600e+01  3.2007525633774051e+01  4.7999999999999998e+00  1.3366448289569124e+02  1.1609967421522361e+01  8.5165677424070121e-02  nan  nan  nan  nan  nan  1.0016169356302400e+00
1.5599999999999699e+01  1.4220999752082159e+02  2.9271970253594456e-02  1.1739331281736476e+01  8.7986109132412504e-02  3.2005703471050488e+01  3.2007338044535054e+01  3.2007338048860241e+01  4.7999999999999998e+00  1.3486298694257380e+02  1.1820885514170598e+01  8.6294463689326764e-02  nan  nan  nan  nan  nan  1.0016275674972615e+00
1.5999999999999700e+01  1.4395015455565800e+02  2.9408345049813912e-02  1.1951154505577437e+01  8.9383961586772531e-02  3.2004448037386680e+01  3.2007211349034023e+01  3.2007211353278755e+01  4.7999999999999998e+00  1.3658525318542962e+02  1.2035751238843812e+01  8.7579441506343517e-02  nan  nan  nan  nan  nan  1.0016379158303954e+00
1.6399999999999800e+01  1.4586871288448066e+02  2.9955389435164056e-02  1.2173879229564930e+01  8.9977757972981048e-02  3.2004003276089954e+01  3.2007303505092480e+01  3.2007303509628727e+01  4.7999999999999998e+00  1.3848550615393651e+02  1.2261125797980981e+01  8.8064020625852793e-02  nan  nan  nan  nan  nan  1.0016479444842536e+00
1.6799999999999802e+01  1.4743820524949214e+02  3.2856394489212189e-02  1.2414870838387454e+01  8.9214350730871028e-02  3.2004000222113362e+01  3.2007366094958108e+01  3.2007366100000390e+01  4.7999999999999998e+00  1.4006835445239693e+02  1.2504432317381273e+01  8.7213601197323909e-02  nan  nan  nan  nan  nan  1.0016576605306031e+00
1.7199999999999900e+01  1.4853705825917572e+02  3.6157522765913525e-02  1.2676135121275442e+01  8.7061121600852318e-02  3.2003850986641631e+01  3.2007307243819191e+01  3.2007307249428429e+01  4.7999999999999998e+00  1.4121888539958587e+02  1.2767619278328334e+01  8.5006519434450617e-02  nan  nan  nan  nan  nan  1.0016671056313049e+00
1.7600000000000001e+01  1.4937020575241058e+02  4.0092496863299493e-02  1.2950866524990211e+01  8.4104901466014473e-02  3.2003751852875936e+01  3.2007161695270760e+01  3.2007161701213278e+01  4.7999999999999998e+00  1.4212820354842017e+02  1.3043863223714059e+01  8.2026433278196947e-02  nan  nan  nan  nan  nan  1.0016763339092660e+00
1.8000000000000000e+01  1.5037017517684285e+02  4.4094902229160002e-02  1.3222963610952917e+01  8.1299147630534613e-02  3.2003636636089489e+01  3.2006847916307876e+01  3.2006847922275611e+01  4.7999999999999998e+00  1.4319979902520441e+02  1.3317232348940854e+01  7.9215914264828269e-02  nan  nan  nan  nan  nan  1.0016853908905652e+00
1.8400000000000102e+01  1.5205836970573998e+02  4.6658644178833406e-02  1.3475399141793327e+01  8.0092393566571135e-02  3.2003484372878546e+01  3.2006441799487909e+01  3.2006441805072889e+01  4.7999999999999998e+00  1.4491988712520990e+02  1.3570941437713762e+01  7.7988762347069404e-02  nan  nan  nan  nan  nan  1.0016943037232193e+00
1.8800000000000100e+01  1.5448725025350413e+02  4.9129253797566483e-02  1.3706250329673885e+01  8.0855845073945665e-02  3.2003445114076911e+01  3.2006326581864705e+01  3.2006326587148692e+01  4.7999999999999998e+00  1.4733559673573654e+02  1.3803216988518225e+01  7.8704215393950547e-02  nan  nan  nan  nan  nan  1.0017030838149843e+00
1.9200000000000198e+01  1.5717254723228618e+02  5.0326879320116757e-02  1.3933839669889402e+01  8.2551028543043484e-02  3.2003415273556620e+01  3.2006381544023839e+01  3.2006381549279475e+01  4.7999999999999998e+00  1.5000166026936097e+02  1.4031921107673572e+01  8.0349406657820838e-02  nan  nan  nan  nan  nan  1.0017117357660683e+00
1.9600000000000300e+01  1.5914207437426478e+02  5.4910235232612348e-02  1.4191251869335828e+01  8.4313270955056585e-02  3.2003749787576403e+01  3.2006498092146145e+01  3.2006498097517060e+01  4.7999999999999998e+00  1.5201705565929359e+02  1.4289485579514906e+01  8.2076971653142594e-02  nan  nan  nan  nan  nan  1.0017202649355057e+00
2.0000000000000298e+01  1.6060690190702746e+02  6.3292339027886280e-02  1.4471174426745977e+01  8.5574457711980106e-02  3.2003209375868167e+01  3.2006534160242872e+01  3.2006534165921309e+01  4.7999999999999998e+00  1.5356513947248209e+02  1.4569106379738981e+01  8.3342890564375202e-02  nan  nan  nan  nan  nan  1.0017286798737879e+00
2.0400000000000400e+01  1.6183803964365649e+02  6.9693931063917247e-02  1.4763612361521780e+01  8.6275652039066023e-02  3.2002828491303994e+01  3.2006426983194316e+01  3.2006426989049721e+01  4.7999999999999998e+00  1.5489109881863902e+02  1.4861168102484728e+01  8.4081805522902314e-02  nan  nan  nan  nan  nan  1.0017369907615017e+00
2.0800000000000502e+01  1.6333107545730195e+02  6.3988634869338423e-02  1.5052127281108490e+01  8.6464009113392457e-02  3.2002102713582261e+01  3.2006102538835123e+01  3.2006102544423385e+01  4.7999999999999998e+00  1.5645816655813408e+02  1.5149409150560766e+01  8.4316200350901871e-02  nan  nan  nan  nan  nan  1.0017452067077559e+00
2.1200000000000500e+01  1.6563663059745318e+02  5.6993023291423778e-02  1.5315552015388151e+01  8.6525472897396108e-02  3.2001397367086739e+01  3.2005867715461868e+01  3.2005867720767853e+01  4.7999999999999998e+00  1.5878312970463884e+02  1.5412996521425487e+01  8.4411705196324571e-02  nan  nan  nan  nan  nan  1.0017533336960671e+00
2.1600000000000598e+01  1.6857902797500054e+02  5.2844099856801420e-02  1.5559656258029877e+01  8.6897330396872530e-02  3.2001058492454099e+01  3.2005732817018675e+01  3.2005732822129374e+01  4.7999999999999998e+00  1.6170964309890255e+02  1.5657450295119729e+01  8.4788430818012961e-02  nan  nan  nan  nan  nan  1.0017613739314422e+00
2.2000000000000600e+01  1.7183631733509054e+02  4.9795388924984529e-02  1.5796779452266314e+01  8.7285599888587445e-02  3.2000695500136167e+01  3.2005751302429296e+01  3.2005751307501939e+01  4.7999999999999998e+00  1.6493936914761244e+02  1.5894849316834732e+01  8.5177336557274663e-02  nan  nan  nan  nan  nan  1.0017693269442667e+00
2.2400000000000698e+01  1.7516526791564303e+02  5.1675640537716949e-02  1.6034564820205770e+01  8.6971750701920383e-02  3.2000840124025103e+01  3.2005794197599656e+01  3.2005794202879841e+01  4.7999999999999998e+00  1.6823914952922456e+02  1.6132964409198280e+01  8.4889546763941698e-02  nan  nan  nan  nan  nan  1.0017771919828082e+00
2.2800000000000800e+01  1.7842666331968809e+02  5.2369647879117284e-02  1.6276421690127240e+01  8.5997499021546034e-02  3.2001144292095447e+01  3.2005766179355547e+01  3.2005766184904999e+01  4.7999999999999998e+00  1.7147469218395088e+02  1.6375305462200224e+01  8.3940491572701489e-02  nan  nan  nan  nan  nan  1.0017849702214892e+00
2.3200000000000799e+01  1.8174681769046046e+02  5.1992111345106617e-02  1.6516511551264159e+01  8.4768868564411126e-02  3.2001364820107504e+01  3.2005651569779346e+01  3.2005651575560059e+01  4.7999999999999998e+00  1.7476007170842826e+02  1.6616257999919945e+01  8.2708826924539972e-02  nan  nan  nan  nan  nan  1.0017926653757043e+00
2.3600000000000900e+01  1.8525039281135815e+02  5.0460914558196526e-02  1.6749060888996461e+01  8.3548213420392439e-02  3.2001539752095951e+01  3.2005628268039018e+01  3.2005628274012444e+01  4.7999999999999998e+00  1.7821191138784195e+02  1.6850122305437612e+01  8.1452154264348153e-02  nan  nan  nan  nan  nan  1.0018002825804009e+00
2.4000000000000998e+01  1.8901561704974665e+02  5.1825635179673896e-02  1.6971434166613097e+01  8.2287443224677875e-02  3.2001599731466101e+01  3.2005637134246946e+01  3.2005637140403920e+01  4.7999999999999998e+00  1.8190868422780613e+02  1.7074111239339672e+01  8.0125672537706957e-02  nan  nan  nan  nan  nan  1.0018078266616237e+00
2.4400000000001000e+01  1.9289069466958077e+02  5.3372736747478874e-02  1.7190856949909922e+01  8.0573791452490037e-02  3.2001691057002958e+01  3.2005816578602037e+01  3.2005816585048976e+01  4.7999999999999998e+00  1.8571216626751260e+02  1.7295174130543309e+01  7.8324677932359879e-02  nan  nan  nan  nan  nan  1.0018153011112005e+00
2.4800000000001098e+01  1.9656425304853349e+02  4.8310090068932235e-02  1.7420922263491040e+01  7.7840995053306231e-02  3.2001787336882813e+01  3.2005934523779764e+01  3.2005934530619662e+01  4.7999999999999998e+00  1.8933352490465754e+02  1.7526604084985877e+01  7.5492489777968963e-02  nan  nan  nan  nan  nan  1.0018227082029729e+00
2.5200000000001101e+01  2.0005337902179053e+02  4.3258586736338936e-02  1.7662729431944516e+01  7.4250540971716100e-02  3.2001468129074645e+01  3.2005886673982715e+01  3.2005886681262261e+01  4.7999999999999998e+00  1.9278728784572823e+02  1.7769540602771137e+01  7.1793915238156689e-02  nan  nan  nan  nan  nan  1.0018181411614668e+00
2.5600000000001199e+01  2.0379830702519351e+02  4.2585639503423756e-02  1.7901315646095089e+01  7.0638138235184611e-02  3.2001104857632129e+01  3.2005741164023348e+01  3.2005741171640118e+01  4.7999999999999998e+00  1.9648250781224164e+02  1.8009447914086376e+01  6.8059261617407801e-02  nan  nan  nan  nan  nan  1.0017703898544870e+00
2.6000000000001300e+01  2.0810166655934802e+02  4.0016689433918486e-02  1.8123060758492187e+01  6.7924494237407387e-02  3.2001214398542544e+01  3.2005662339108447e+01  3.2005662347051910e+01  4.7999999999999998e+00  2.0069650508508448e+02  1.8233247530487454e+01  6.5197339848396221e-02  nan  nan  nan  nan  nan  1.0017227555588248e+00
2.6400000000001299e+01  2.1291879177691578e+02  3.8469057768895878e-02  1.8326666633296917e+01  6.6003632261744452e-02  3.2001704075406458e+01  3.2005734507195797e+01  3.2005734515483873e+01  4.7999999999999998e+00  2.0538308640929284e+02  1.8439788434983921e+01  6.3118393039563028e-02  nan  nan  nan  nan  nan  1.0016693215600867e+00
2.6800000000001400e+01  2.1812123687051422e+02  3.8314631187647608e-02  1.8516482852681463e+01  6.3911109869070323e-02  3.2002269634026540e+01  3.2006037076375890e+01  3.2006037084727140e+01  4.7999999999999998e+00  2.1042406974337504e+02  1.8633181994598186e+01  6.0900645470642639e-02  nan  nan  nan  nan  nan  1.0015976596908494e+00
2.7200000000001499e+01  2.2325775957186846e+02  3.6604480806791656e-02  1.8708803682356898e+01  6.0989686814537099e-02  3.2003032247845105e+01  3.2006563225086822e+01  3.2006563233452646e+01  4.7999999999999998e+00  2.1540477959393377e+02  1.8829016373686837e+01  5.7913691834602571e-02  nan  nan  nan  nan  nan  1.0015083879519837e+00
2.7600000000001501e+01  2.2788847800111839e+02  3.4362828674919077e-02  1.8918858373698729e+01  5.7503471424371122e-02  3.2003697585714960e+01  3.2007163142856804e+01  3.2007163151363052e+01  4.7999999999999998e+00  2.1992117512714830e+02  1.9041894243411306e+01  5.4409740508034266e-02  nan  nan  nan  nan  nan  1.0014237584048162e+00
2.8000000000001599e+01  2.3196915273361145e+02  3.4074088623309066e-02  1.9148591059386991e+01  5.3991832532790482e-02  3.2003993571690998e+01  3.2007700957013185e+01  3.2007700965743112e+01  4.7999999999999998e+00  2.2393225961756863e+02  1.9273759973634508e+01  5.0905852630349871e-02  nan  nan  nan  nan  nan  1.0013705545782183e+00
2.8400000000001601e+01  2.3578368950642061e+02  3.3387257604069395e-02  1.9388218416638466e+01  5.0877341896768048e-02  3.2003763877621566e+01  3.2008184932482614e+01  3.2008184941468308e+01  4.7999999999999998e+00  2.2769791403648728e+02  1.9515309121748988e+01  4.7805314129649903e-02  nan  nan  nan  nan  nan  1.0012879655327396e+00
2.8800000000001699e+01  2.3977102271193945e+02  3.2281468290484748e-02  1.9621249674350466e+01  4.8640913655641556e-02  3.2003344396868627e+01  3.2008538576150855e+01  3.2008538585239627e+01  4.7999999999999998e+00  2.3161992448079437e+02  1.9750757173280455e+01  4.5560047212357138e-02  nan  nan  nan  nan  nan  1.0012192259353565e+00
2.9200000000001801e+01  2.4429932019757990e+02  3.0936395736148696e-02  1.9834295660724329e+01  4.7600719654979841e-02  3.2002960640063435e+01  3.2008829830991729e+01  3.2008829840032412e+01  4.7999999999999998e+00  2.3603735417493988e+02  1.9967228203363579e+01  4.4463612367435526e-02  nan  nan  nan  nan  nan  1.0011752883986333e+00
2.9600000000001799e+01  2.4941656312827109e+02  2.9498042981449646e-02  2.0027726297553290e+01  4.7339293764802615e-02  3.2002945820835905e+01  3.2009104170612041e+01  3.2009104179638435e+01  4.7999999999999998e+00  2.4100033348246771e+02  2.0164926448863305e+01  4.4116452793006015e-02  nan  nan  nan  nan  nan  1.0011309567849884e+00
3.0000000000001901e+01  2.5486958324230329e+02  2.9036918874237372e-02  2.0210628003128154e+01  4.7381367769125750e-02  3.2003179228173970e+01  3.2009496942968632e+01  3.2009496952204934e+01  4.7999999999999998e+00  2.4627815165603892e+02  2.0352443505870969e+01  4.4064916757639426e-02  nan  nan  nan  nan  nan  1.0010903067656309e+00
3.0400000000001999e+01  2.6041111828961584e+02  2.9958607809565881e-02  2.0389018739087497e+01  4.7551239009478122e-02  3.2003429258399720e+01  3.2009897082997007e+01  3.2009897092774345e+01  4.7999999999999998e+00  2.5164243175598523e+02  2.0535388426404865e+01  4.4137790234584126e-02  nan  nan  nan  nan  nan  1.0010532541675770e+00
3.0800000000002001e+01  2.6585537270195630e+02  3.0154005495387361e-02  2.0567737554401155e+01  4.7617862701126203e-02  3.2003509988898635e+01  3.2010187632332055e+01  3.2010187643087797e+01  4.7999999999999998e+00  2.5692554154676657e+02  2.0718152587073156e+01  4.4115572843577956e-02  nan  nan  nan  nan  nan  1.0010124239483966e+00
3.1200000000002099e+01  2.7095651130898523e+02  3.0614403877107975e-02  2.0757851177963033e+01  4.7293713883728342e-02  3.2003625658743232e+01  3.2010722261991177e+01  3.2010722274060839e+01  4.7999999999999998e+00  2.6190894477769291e+02  2.0911201419496777e+01  4.3728967022138437e-02  nan  nan  nan  nan  nan  1.0009783965576746e+00
3.1600000000002101e+01  2.7525436262954395e+02  3.0524050417555969e-02  2.0977166447396971e+01  4.6383463937747081e-02  3.2003643105956250e+01  3.2011421382401906e+01  3.2011421395814565e+01  4.7999999999999998e+00  2.6616610392982261e+02  2.1131911840976070e+01  4.2795282534007315e-02  nan  nan  nan  nan  nan  1.0009307467266337e+00
3.2000000000002203e+01  2.7861374471016524e+02  3.1631095576582231e-02  2.1227103232268043e+01  4.4983826505979541e-02  3.2003529024848824e+01  3.2012155912758921e+01  3.2012155927330397e+01  4.7999999999999998e+00  2.6956127964931716e+02  2.1381920939000647e+01  4.1405236449857517e-02  nan  nan  nan  nan  nan  1.0008894768094987e+00
3.2400000000002102e+01  2.8119809559437010e+02  3.2157727632009553e-02  2.1495497583072964e+01  4.3434006448082194e-02  3.2003353345659463e+01  3.2012791416061148e+01  3.2012791431394511e+01  4.7999999999999998e+00  2.7222774453010049e+02  2.1649835306328875e+01  3.9874985415560033e-02  nan  nan  nan  nan  nan  1.0008438736138781e+00
3.2800000000002001e+01  2.8350549712127298e+02  3.1981099823678291e-02  2.1762984520267540e+01  4.2393242942768583e-02  3.2003127903376992e+01  3.2013180855083661e+01  3.2013180870610512e+01  4.7999999999999998e+00  2.7461235789726925e+02  2.1917392516812747e+01  3.8816219114194458e-02  nan  nan  nan  nan  nan  1.0007829299061408e+00
3.3200000000001999e+01  2.8622821705404340e+02  3.1334020058126230e-02  2.2009538587892418e+01  4.2256600870299039e-02  3.2002861420842898e+01  3.2013250975346772e+01  3.2013250990676340e+01  4.7999999999999998e+00  2.7734989303262432e+02  2.2165724787574181e+01  3.8592940226954996e-02  nan  nan  nan  nan  nan  1.0007104594913510e+00
3.3600000000001899e+01  2.8952931202278558e+02  3.1875644198666800e-02  2.2232486919439260e+01  4.2703865217627195e-02  3.2002658227918502e+01  3.2013350921517542e+01  3.2013350936939929e+01  4.7999999999999998e+00  2.8060086550965082e+02  2.2392021840441004e+01  3.8909119669420664e-02  nan  nan  nan  nan  nan  1.0006623799473158e+00
3.4000000000001798e+01  2.9277593894412507e+02  3.3064046721386534e-02  2.2448003421007108e+01  4.2977972536629508e-02  3.2002560525171532e+01  3.2013747929544465e+01  3.2013747945725484e+01  4.7999999999999998e+00  2.8378958165129711e+02  2.2611149393475923e+01  3.9067464884974347e-02  nan  nan  nan  nan  nan  1.0006361668646981e+00
3.4400000000001697e+01  2.9533534567589948e+02  3.2702824449453508e-02  2.2672021042717088e+01  4.2729030188059944e-02  3.2002417192189803e+01  3.2014302115779536e+01  3.2014302133297107e+01  4.7999999999999998e+00  2.8633396426871548e+02  2.2838000567891612e+01  3.8746639821154019e-02  nan  nan  nan  nan  nan  1.0005820053656196e+00
3.4800000000001603e+01  2.9717543381634005e+02  3.0146429121046536e-02  2.2910776414945484e+01  4.1814456423697070e-02  3.2001983037439587e+01  3.2014401995942968e+01  3.2014402014933161e+01  4.7999999999999998e+00  2.8821355210268212e+02  2.3078455923415646e+01  3.7820717403945520e-02  nan  nan  nan  nan  nan  1.0007539292540941e+00
3.5200000000001602e+01  2.9881364235094236e+02  2.9781098463619406e-02  2.3157851293251074e+01  4.0200394436497915e-02  3.2001384802254925e+01  3.2014000833142362e+01  3.2014000853093926e+01  4.7999999999999998e+00  2.8992308769609667e+02  2.3326259396990675e+01  3.6267027303724012e-02  nan  nan  nan  nan  nan  1.0011076640250476e+00
3.5600000000001501e+01  3.0080069546598895e+02  2.9310722159358621e-02  2.3394492928686802e+01  3.8412700963860291e-02  3.2001063166599785e+01  3.2013391377490954e+01  3.2013391397644057e+01  4.7999999999999998e+00  2.9196478456897165e+02  2.3563721824507805e+01  3.4567496415217114e-02  nan  nan  nan  nan  nan  1.0012735580690868e+00
3.6000000000001400e+01  3.0348671458955130e+02  3.0730639189281365e-02  2.3596599508350199e+01  3.7478135851688764e-02  3.2001276703219382e+01  3.2013114847930261e+01  3.2013114867823298e+01  4.7999999999999998e+00  2.9463355112105529e+02  2.3768325144019894e+01  3.3650443261117227e-02  nan  nan  nan  nan  nan  1.0013147563880687e+00
3.6400000000001299e+01  3.0680771261669702e+02  3.2724056225014106e-02  2.3758611474341684e+01  3.7821654441246404e-02  3.2001756371344960e+01  3.2013674794561716e+01  3.2013674814758993e+01  4.7999999999999998e+00  2.9784131498129437e+02  2.3935493727196722e+01  3.3880455694956922e-02  nan  nan  nan  nan  nan  1.0013367378002409e+00
3.6800000000001198e+01  3.1008909462330723e+02  3.2675309675672698e-02  2.3909830707718484e+01  3.8782484658966491e-02  3.2002033588145430e+01  3.2014885693713396e+01  3.2014885715352413e+01  4.7999999999999998e+00  3.0097102540094659e+02  2.4093303051818552e+01  3.4703535431349214e-02  nan  nan  nan  nan  nan  1.0013062261744174e+00
3.7200000000001197e+01  3.1263085263682967e+02  3.1777981276425962e-02  2.4083780545043329e+01  3.9561178073664903e-02  3.2001893481742364e+01  3.2016149923180691e+01  3.2016149946463656e+01  4.7999999999999998e+00  3.0340465597876636e+02  2.4273215777827271e+01  3.5329354231056209e-02  nan  nan  nan  nan  nan  1.0013152223251498e+00
3.7600000000001103e+01  3.1407229297562026e+02  3.1759981388226104e-02  2.4290635251888069e+01  3.9690966046499139e-02  3.2001433468203260e+01  3.2017294495155902e+01  3.2017294519933856e+01  4.7999999999999998e+00  3.0482535274283185e+02  2.4484232254753678e+01  3.5409221847306452e-02  nan  nan  nan  nan  nan  1.0013622021896869e+00
3.8000000000001002e+01  3.1442981472198483e+02  3.7106692756619888e-02  2.4519633718198225e+01  3.9056549331918412e-02  3.2000808651933831e+01  3.2018141887901635e+01  3.2018141913448133e+01  4.7999999999999998e+00  3.0524415633921649e+02  2.4715623979010626e+01  3.4777443110316927e-02  nan  nan  nan  nan  nan  1.0014046397273162e+00
3.8400000000000901e+01  3.1406361245629404e+02  3.8282860770967680e-02  2.4754831533815139e+01  3.7789463155215655e-02  3.1999791930605141e+01  3.2018451548693967e+01  3.2018451573920409e+01  4.7999999999999998e+00  3.0499661310533094e+02  2.4951736855732843e+01  3.3613858571908975e-02  nan  nan  nan  nan  nan  1.0014056803242100e+00
3.8800000000000800e+01  3.1393123992439649e+02  3.5079230984952928e-02  2.4971254854818476e+01  3.6321271447495869e-02  3.1998255959162954e+01  3.2018257194032536e+01  3.2018257218323896e+01  4.7999999999999998e+00  3.0497325091550545e+02  2.5168796302761841e+01  3.2276833013831566e-02  nan  nan  nan  nan  nan  1.0013985813847983e+00
3.9200000000000799e+01  3.1483531241548417e+02  3.1340896241368904e-02  2.5149702969078913e+01  3.5223088140954199e-02  3.1996703868976301e+01  3.2018312626008274e+01  3.2018312649511493e+01  4.7999999999999998e+00  3.0590058689520947e+02  2.5349540981014350e+01  3.1231461019244931e-02  nan  nan  nan  nan  nan  1.0014142239909309e+00
3.9600000000000698e+01  3.1681964641252716e+02  2.9348513493741752e-02  2.5286645716221098e+01  3.5114790903994261e-02  3.1996183530527258e+01  3.2019066686721416e+01  3.2019066710469581e+01  4.7999999999999998e+00  3.0779164778792904e+02  2.5491696453522305e+01  3.1102123165652237e-02  nan  nan  nan  nan  nan  1.0014385355627533e+00
4.0000000000000597e+01  3.1918295436620406e+02  3.0508717595071701e-02  2.5398166701041056e+01  3.6026270339409541e-02  3.1996571160231891e+01  3.2020377470818509e+01  3.2020377495773161e+01  4.7999999999999998e+00  3.0998459534367191e+02  2.5610778497592349e+01  3.1851239953162365e-02  nan  nan  nan  nan  nan  1.0014290721951224e+00
4.0400000000000503e+01  3.2114934974970288e+02  3.1965881518768495e-02  2.5505923932278062e+01  3.7718324628732258e-02  3.1997200235870555e+01  3.2021783801430857e+01  3.2021783827910781e+01  4.7999999999999998e+00  3.1176732867285659e+02  2.5726994091121409e+01  3.3270900104935469e-02  nan  nan  nan  nan  nan  1.0014865294346729e+00
4.0800000000000502e+01  3.2243261852647151e+02  3.2420228859039960e-02  2.5624235939679959e+01  3.9572166999856065e-02  3.1997085043861887e+01  3.2023132138358513e+01  3.2023132166305253e+01  4.7999999999999998e+00  3.1289951212973529e+02  2.5853280732897151e+01  3.4846283440655518e-02  nan  nan  nan  nan  nan  1.0016378884157116e+00
4.1200000000000401e+01  3.2297524065774371e+02  3.1796964204524790e-02  2.5764972428531326e+01  4.0743136142878736e-02  3.1996082071706116e+01  3.2024316937480840e+01  3.2024316966562836e+01  4.7999999999999998e+00  3.1336023546569123e+02  2.6000214615535207e+01  3.5805736855919652e-02  nan  nan  nan  nan  nan  1.0018424880959769e+00
4.1600000000000300e+01  3.2302576600878598e+02  3.2182604585993355e-02  2.5922680304198625e+01  4.0674421298814462e-02  3.1994600322032419e+01  3.2025158493292835e+01  3.2025158522644290e+01  4.7999999999999998e+00  3.1339180558583234e+02  2.6162191992202949e+01  3.5675309997678206e-02  nan  nan  nan  nan  nan  1.0020506936192914e+00
4.2000000000000199e+01  3.2298082682175527e+02  3.1319832443977041e-02  2.6077247570058290e+01  3.9490072366165717e-02  3.1992965958157921e+01  3.2025709180149285e+01  3.2025709209442333e+01  4.7999999999999998e+00  3.1334516177082480e+02  2.6320188010333958e+01  3.4566922727306375e-02  nan  nan  nan  nan  nan  1.0022306534858600e+00
4.2400000000000098e+01  3.2318512819541900e+02  3.0962734422270669e-02  2.6207980469481807e+01  3.8358090330777500e-02  3.1991210448328001e+01  3.2026465532052718e+01  3.2026465561042293e+01  4.7999999999999998e+00  3.1350494055917704e+02  2.6455352457221014e+01  3.3535827275870449e-02  nan  nan  nan  nan  nan  1.0023839996691049e+00
4.2800000000000097e+01  3.2384308938271602e+02  3.1252029202254741e-02  2.6306061661061978e+01  3.8751206070175334e-02  3.1989128484281892e+01  3.2027834640649552e+01  3.2027834669924552e+01  4.7999999999999998e+00  3.1402953175714049e+02  2.6560502354950270e+01  3.3845778102063323e-02  nan  nan  nan  nan  nan  1.0025332571915953e+00
4.3200000000000003e+01  3.2468916303603066e+02  3.4476437654101522e-02  2.6390205388895517e+01  4.0442114232676608e-02  3.1986694168895529e+01  3.2029675626499760e+01  3.2029675656866949e+01  4.7999999999999998e+00  3.1469551388430250e+02  2.6653151280716614e+01  3.5304623298399618e-02  nan  nan  nan  nan  nan  1.0026911341643763e+00
4.3599999999999902e+01  3.2513876312766411e+02  3.7766840671459072e-02  2.6488056606078455e+01  4.2166887293838884e-02  3.1984552567818167e+01  3.2031499035585490e+01  3.2031499067610660e+01  4.7999999999999998e+00  3.1500843596503910e+02  2.6758242949296498e+01  3.6785876632131578e-02  nan  nan  nan  nan  nan  1.0028425048041731e+00
4.3999999999999801e+01  3.2481399815156828e+02  3.9448626611517060e-02  2.6609861453511641e+01  4.2982330611887040e-02  3.1983570429043468e+01  3.2032797513830118e+01  3.2032797547458813e+01  4.7999999999999998e+00  3.1463803686263736e+02  2.6884637594040765e+01  3.7451799297102531e-02  nan  nan  nan  nan  nan  1.0029033472921656e+00
4.4399999999999700e+01  3.2374835164070191e+02  4.0485022390667980e-02  2.6748827851723060e+01  4.2594381456043523e-02  3.1983665742613230e+01  3.2033444131144513e+01  3.2033444165573009e+01  4.7999999999999998e+00  3.1361107029718477e+02  2.7025642305051626e+01  3.7056984855186992e-02  nan  nan  nan  nan  nan  1.0023618877119052e+00
4.4799999999999699e+01  3.2243827773437476e+02  3.9754419499047629e-02  2.6885692867166050e+01  4.1666226649796627e-02  3.1983730626259156e+01  3.2033539496782701e+01  3.2033539532234364e+01  4.7999999999999998e+00  3.1235838757786485e+02  2.7163849752626216e+01  3.6191096694883143e-02  nan  nan  nan  nan  nan  1.0019260589385119e+00
4.5199999999999598e+01  3.2145786060159355e+02  3.8441505549956352e-02  2.6998710893936980e+01  4.1550100288468186e-02  3.1982774742816947e+01  3.2033481439221035e+01  3.2033481476113081e+01  4.7999999999999998e+00  3.1136614334105178e+02  2.7280287335723653e+01  3.6060069784099424e-02  nan  nan  nan  nan  nan  1.0016472721865739e+00
4.5599999999999497e+01  3.2078897530490974e+02  3.6976179434332776e-02  2.7088847819633070e+01  4.2689101185793422e-02  3.1981029661632295e+01  3.2033704783867613e+01  3.2033704822880232e+01  4.7999999999999998e+00  3.1060844264988742e+02  2.7376384788855113e+01  3.7002968893354048e-02  nan  nan  nan  nan  nan  1.0013645044584261e+00
4.5999999999999403e+01  3.2000621376096751e+02  3.5623859889439585e-02  2.7179253496582405e+01  4.4124856562053692e-02  3.1979163139330389e+01  3.2034669292695000e+01  3.2034669333689287e+01  4.7999999999999998e+00  3.0974192438736986e+02  2.7472651349275729e+01  3.8202400265507551e-02  nan  nan  nan  nan  nan  1.0007410056375079e+00
4.6399999999999302e+01  3.1871480610011770e+02  3.4870553254002387e-02  2.7285764092129330e+01  4.5034529418553779e-02  3.1978228751152617e+01  3.2035715712795721e+01  3.2035715755470839e+01  4.7999999999999998e+00  3.0844129665445581e+02  2.7582658554141254e+01  3.8871298148723671e-02  nan  nan  nan  nan  nan  1.0001886480066391e+00
4.6799999999999301e+01  3.1676685001153737e+02  3.4885999492329622e-02  2.7410436416848974e+01  4.5145302907916712e-02  3.1977842639064047e+01  3.2035864280249136e+01  3.2035864323021613e+01  4.7999999999999998e+00  3.0657595576270387e+02  2.7707942544996591e+01  3.8926666943025032e-02  nan  nan  nan  nan  nan  9.9976746015777362e-01
4.7199999999999200e+01  3.1440385687912533e+02  3.7580509749304457e-02  2.7539671379539548e+01  4.4910439160585895e-02  3.1976878483148329e+01  3.2035649704610861e+01  3.2035649747697050e+01  4.7999999999999998e+00  3.0434042859295380e+02  2.7836374587548907e+01  3.8679523120749751e-02  nan  nan  nan  nan  nan  9.9938075096188894e-01
4.7599999999999099e+01  3.1224709517591339e+02  4.1028485340731391e-02  2.7650466404854708e+01  4.5174826467898013e-02  3.1975141197891517e+01  3.2035826006383303e+01  3.2035826050060578e+01  4.7999999999999998e+00  3.0226697555814928e+02  2.7947707119157759e+01  3.8846678710861303e-02  nan  nan  nan  nan  nan  9.9897557815407212e-01
4.7999999999998998e+01  3.1071735656310068e+02  4.4416799900377196e-02  2.7734425633118331e+01  4.6136823337136632e-02  3.1973672066458946e+01  3.2036595947854295e+01  3.2036595992956570e+01  4.7999999999999998e+00  3.0073738446779464e+02  2.8034657065187908e+01  3.9648248250343833e-02  nan  nan  nan  nan  nan  9.9852305561531562e-01
4.8399999999998897e+01  3.0953047677616439e+02  4.5391117496479005e-02  2.7803041831985034e+01  4.7199857143996216e-02  3.1974127824755726e+01  3.2037577437170349e+01  3.2037577484086277e+01  4.7999999999999998e+00  2.9951126346575381e+02  2.8107334610536640e+01  4.0517627858836808e-02  nan  nan  nan  nan  nan  9.9801628998130876e-01
4.8799999999998903e+01  3.0807272293349774e+02  4.4722590568113646e-02  2.7871931983712976e+01  4.7886131360435728e-02  3.1975634640323726e+01  3.2038553728589939e+01  3.2038553777389509e+01  4.7999999999999998e+00  2.9803919331181839e+02  2.8179537259352617e+01  4.1059727004595703e-02  nan  nan  nan  nan  nan  9.9758047008671669e-01
4.9199999999998802e+01  3.0597968328823163e+02  4.3056080572020580e-02  2.7950752079280193e+01  4.8056042457987211e-02  3.1976353134740702e+01  3.2039215847492983e+01  3.2039215898405601e+01  4.7999999999999998e+00  2.9599543296737136e+02  2.8259821695300399e+01  4.1154106220992942e-02  nan  nan  nan  nan  nan  9.9730344429248985e-01
4.9599999999998701e+01  3.0357571858834132e+02  4.1599904356172036e-02  2.8034087968042126e+01  4.7970160459790662e-02  3.1975688999450991e+01  3.2039619162244051e+01  3.2039619214649839e+01  4.7999999999999998e+00  2.9367931839148366e+02  2.8343356305023704e+01  4.1027233417452055e-02  nan  nan  nan  nan  nan  9.9712151054970366e-01
4.9999999999998600e+01  3.0151063715354172e+02  4.0517069603725114e-02  2.8107907395802791e+01  4.7984872361828412e-02  3.1975043949702361e+01  3.2040057890323020e+01  3.2040057943281660e+01  4.7999999999999998e+00  2.9167164310561623e+02  2.8418139472598774e+01  4.0969685677848720e-02  nan  nan  nan  nan  nan  9.9679495573490395e-01
5.0399999999998499e+01  3.0006473686307658e+02  3.9788708311451162e-02  2.8158618760242973e+01  4.8152867753587188e-02  3.1974818978440787e+01  3.2040839361460968e+01  3.2040839415363386e+01  4.7999999999999998e+00  2.9020864852456265e+02  2.8472101957610406e+01  4.1084880823783053e-02  nan  nan  nan  nan  nan  9.9642650275812295e-01
5.0799999999998498e+01  2.9917011893878583e+02  3.9192985444807607e-02  2.8180653441149950e+01  4.8370490014348046e-02  3.1976289625664375e+01  3.2042169526650675e+01  3.2042169582161520e+01  4.7999999999999998e+00  2.8923148333667928e+02  2.8499294447265068e+01  4.1209595395395177e-02  nan  nan  nan  nan  nan  9.9614315903725148e-01
5.1199999999998397e+01  2.9867369189663771e+02  3.7580775746848469e-02  2.8185927478707601e+01  4.8256852488191379e-02  3.1979055495393823e+01  3.2043639709161134e+01  3.2043639766310804e+01  4.7999999999999998e+00  2.8863027253714608e+02  2.8509942046466506e+01  4.1058454165553204e-02  nan  nan  nan  nan  nan  9.9583393488250094e-01
5.1599999999998303e+01  2.9831821038993598e+02  3.9539281578698390e-02  2.8197005058266907e+01  4.7527405481432160e-02  3.1983735919071020e+01  3.2044898543243178e+01  3.2044898601107697e+01  4.7999999999999998e+00  2.8819687053821656e+02  2.8524999138353365e+01  4.0398907632037628e-02  nan  nan  nan  nan  nan  9.9548990605996490e-01
5.1999999999998202e+01  2.9766711402772717e+02  4.1556241422675708e-02  2.8217773737606755e+01  4.6504758361731346e-02  3.1987958487689522e+01  3.2046443751576561e+01  3.2046443810087354e+01  4.7999999999999998e+00  2.8751110363133637e+02  2.8548336413536322e+01  3.9432815428940879e-02  nan  nan  nan  nan  nan  9.9508591662218127e-01
5.2399999999998101e+01  2.9654254632598526e+02  4.2655282189057633e-02  2.8233400907101302e+01  4.5553481042760142e-02  3.1991302646502881e+01  3.2047871860582219e+01  3.2047871920044670e+01  4.7999999999999998e+00  2.8636045865016831e+02  2.8566894012253520e+01  3.8587266974690816e-02  nan  nan  nan  nan  nan  9.9449317675619453e-01
5.2799999999998100e+01  2.9545299257124731e+02  4.2340786159719139e-02  2.8230266688400793e+01  4.5254284676052990e-02  3.1994764151986146e+01  3.2049079530698357e+01  3.2049079592118034e+01  4.7999999999999998e+00  2.8518766180171281e+02  2.8569300777936952e+01  3.8306849883250421e-02  nan  nan  nan  nan  nan  9.9403899634015735e-01
5.3199999999997999e+01  2.9502647206462655e+02  4.1066923046045846e-02  2.8209554363187110e+01  4.5509965449404388e-02  3.1999460705321503e+01  3.2050253278241357e+01  3.2050253342444186e+01  4.7999999999999998e+00  2.8459809025111912e+02  2.8556794952079471e+01  3.8435902247417941e-02  nan  nan  nan  nan  nan  9.9364693291845363e-01
5.3599999999997898e+01  2.9509904637001330e+02  3.9594395168250231e-02  2.8174343932336001e+01  4.5595417348785638e-02  3.2000842464735847e+01  3.2051853913311696e+01  3.2051853980772236e+01  4.7999999999999998e+00  2.8447087640581776e+02  2.8530515877386367e+01  3.8423201931037494e-02  nan  nan  nan  nan  nan  9.9332689701351051e-01
5.3999999999997797e+01  2.9508949949284045e+02  3.9058132733973489e-02  2.8136790681909940e+01  4.4998268125652205e-02  3.2000166124027047e+01  3.2053738992257820e+01  3.2053739062306676e+01  4.7999999999999998e+00  2.8429614571963941e+02  2.8500272518428357e+01  3.7906643624991257e-02  nan  nan  nan  nan  nan  9.9309856353218551e-01
5.4399999999997704e+01  2.9445675446536075e+02  3.9208971368372633e-02  2.8116516912526723e+01  4.3596330471336396e-02  3.1999857248598936e+01  3.2056064124391526e+01  3.2056064196895271e+01  4.7999999999999998e+00  2.8358989957187509e+02  2.8484267312184105e+01  3.6667689348924178e-02  nan  nan  nan  nan  nan  9.9306843745425366e-01
5.4799999999997702e+01  2.9319864060822522e+02  3.9182535495805859e-02  2.8121633291920546e+01  4.1744382018545433e-02  3.2002821279628684e+01  3.2058232710801889e+01  3.2058232785396726e+01  4.7999999999999998e+00  2.8234798573597277e+02  2.8490945704551276e+01  3.5102255690649981e-02  nan  nan  nan  nan  nan  9.9301544113912732e-01
5.5199999999997601e+01  2.9189700405252518e+02  3.9196110890398365e-02  2.8129484513126787e+01  4.0656513736695751e-02  3.2007208413176322e+01  3.2059533606876840e+01  3.2059533684002368e+01  4.7999999999999998e+00  2.8106378017262904e+02  2.8500666462652443e+01  3.4052513733360795e-02  nan  nan  nan  nan  nan  9.9275878200128809e-01
5.5599999999997500e+01  2.9123625959492927e+02  3.8213250040817819e-02  2.8105708820234202e+01  4.0953621933469513e-02  3.2012669171647651e+01  3.2060639145746997e+01  3.2060639225352617e+01  4.7999999999999998e+00  2.8030975992703873e+02  2.8482828951055538e+01  3.4247945445228287e-02  nan  nan  nan  nan  nan  9.9256020613878015e-01
5.5999999999997399e+01  2.9140667477320591e+02  3.9936718891294617e-02  2.8047934569140764e+01  4.2180574692757787e-02  3.2017908869179223e+01  3.2062716818037615e+01  3.2062716901466437e+01  4.7999999999999998e+00  2.8026120104457431e+02  2.8435305678803243e+01  3.5250064782111713e-02  nan  nan  nan  nan  nan  9.9239391882714667e-01
5.6399999999997299e+01  2.9198393078566528e+02  4.0225041995185860e-02  2.7984412292094422e+01  4.3248025895246719e-02  3.2022356073913492e+01  3.2065794203578221e+01  3.2065794291005020e+01  4.7999999999999998e+00  2.8057460537689764e+02  2.8383368362275274e+01  3.6147942803490513e-02  nan  nan  nan  nan  nan  9.9193198681497341e-01
5.6799999999997297e+01  2.9215120580743337e+02  3.9969709360410360e-02  2.7939406208984536e+01  4.3670693432675670e-02  3.2025605244588185e+01  3.2069201100085358e+01  3.2069201192152917e+01  4.7999999999999998e+00  2.8053525509854711e+02  2.8348116596423679e+01  3.6492628460451308e-02  nan  nan  nan  nan  nan  9.9189234386596226e-01
5.7199999999997203e+01  2.9120664274864129e+02  3.9067546244529940e-02  2.7929001368153109e+01  4.3352453319158643e-02  3.2032051781948361e+01  3.2072712293816423e+01  3.2072712390550649e+01  4.7999999999999998e+00  2.7951646084386186e+02  2.8343648526371066e+01  3.6206215713575539e-02  nan  nan  nan  nan  nan  9.9170544600271238e-01
5.7599999999997102e+01  2.8924769192400663e+02  3.8191037280138340e-02  2.7959496034585865e+01  4.2476227234189701e-02  3.2040031017554625e+01  3.2075616234825603e+01  3.2075616335726174e+01  4.7999999999999998e+00  2.7763914710501365e+02  2.8375151582793645e+01  3.5376784039328812e-02  nan  nan  nan  nan  nan  9.9168745087327947e-01
5.7999999999997002e+01  2.8678335942458801e+02  3.8311440766800028e-02  2.8023555992270712e+01  4.1397229246668811e-02  3.2045558286362997e+01  3.2077043715217791e+01  3.2077043818513722e+01  4.7999999999999998e+00  2.7537551284180262e+02  2.8436098389927491e+01  3.4418283419297251e-02  nan  nan  nan  nan  nan  9.9138102759963298e-01
5.8399999999997000e+01  2.8426952277419525e+02  3.8374787317947315e-02  2.8098051704732836e+01  4.0771618343819815e-02  3.2045580119625136e+01  3.2077927936263144e+01  3.2077928040295426e+01  4.7999999999999998e+00  2.7307823473714120e+02  2.8507228621961101e+01  3.3840756901908166e-02  nan  nan  nan  nan  nan  9.9110149901391176e-01
5.8799999999996899e+01  2.8229103990942065e+02  3.8138661734284755e-02  2.8146137810437725e+01  4.1086410787679752e-02  3.2042900433894744e+01  3.2079293704895278e+01  3.2079293809309284e+01  4.7999999999999998e+00  2.7119836266435732e+02  2.8556539450327197e+01  3.4088727064175463e-02  nan  nan  nan  nan  nan  9.9096228152004606e-01
5.9199999999996798e+01  2.8118381692965204e+02  3.7258651849591658e-02  2.8150123329133883e+01  4.2143267080877747e-02  3.2039801707861223e+01  3.2081500319208111e+01  3.2081500425474616e+01  4.7999999999999998e+00  2.7003101373653726e+02  2.8567275922831282e+01  3.4988332042826309e-02  nan  nan  nan  nan  nan  9.9059621594445291e-01
5.9599999999996697e+01  2.8062293838038443e+02  3.8164515029673780e-02  2.8130748309198697e+01  4.3306765582862075e-02  3.2038473472752038e+01  3.2083974354388275e+01  3.2083974463000196e+01  4.7999999999999998e+00  2.6934326240413412e+02  2.8556389512298392e+01  3.5871112909853065e-02  nan  nan  nan  nan  nan  9.9038187129645372e-01
5.9999999999996597e+01  2.7971974985636638e+02  3.8436862315455164e-02  2.8119741728852375e+01  4.4027623716063703e-02  3.2038411254919055e+01  3.2086797155700374e+01  3.2086797266138440e+01  4.7999999999999998e+00  2.6837675893345443e+02  2.8551488686075800e+01  3.6441961676602547e-02  nan  nan  nan  nan  nan  9.9012983086232242e-01
6.0009999999996602e+01  2.7968541927322406e+02  3.8408931787530493e-02  2.8119878923839671e+01  4.4039752038802796e-02  3.2038425035685194e+01  3.2086874322478124e+01  3.2086874432988481e+01  4.7999999999999998e+00  2.6834251524834758e+02  2.8551726849485775e+01  3.6451062322050011e-02  nan  nan  nan  nan  nan  9.9012005758706001e-01
