# time  total_activity  peak_activity  rms_radius  confined_frac  bary_x  bary_y  bary_z  r_conf  total_activity_proper  rms_radius_proper  confined_frac_proper  rms_radius_canon  confined_frac_canon  rms_radius_phantom  confined_frac_phantom  canon_mass_frac  min_chi
0.0000000000000000e+00  3.6914226918942518e+01  2.2572130191828372e-02  9.5132374493359571e+00  7.7033895141789058e-02  3.0894765002038504e+01  3.2000044711618699e+01  3.2000044523569265e+01  4.7999999999999998e+00  3.6691753649929737e+01  9.5318466529106587e+00  7.2969611554069863e-02  5.0451502948500888e+00  5.5929577357815763e-01  5.4268733672611180e+00  4.5500413912732290e-01  4.3088374942404206e-01  9.7692540883722256e-01
4.0000000000000002e-01  3.6922035805946528e+01  2.2573273701447603e-02  9.5131176179275254e+00  7.7089150510347274e-02  3.0893763004704510e+01  3.2000048122853386e+01  3.2000047975364360e+01  4.7999999999999998e+00  3.6699118929766470e+01  9.5317878680995740e+00  7.2979815705794995e-02  5.0453455122319824e+00  5.5912446006390215e-01  5.4267516898240249e+00  4.5503594790780899e-01  4.3081963633493114e-01  9.7688410767794276e-01
8.0000000000000004e-01  3.6929805259965775e+01  2.2569497617104951e-02  9.5128275694821856e+00  7.7121684518793601e-02  3.0891133998847689e+01  3.2000056849879378e+01  3.2000056805286768e+01  4.7999999999999998e+00  3.6705737955198217e+01  9.5316565975170011e+00  7.3002857017226974e-02  5.0458874985770432e+00  5.5893524169554731e-01  5.4264876414336403e+00  4.5505545074735176e-01  4.3065143755987723e-01  9.7675938518542704e-01
1.2000000000000000e+00  3.6936988294559619e+01  2.2565438711107000e-02  9.5124888138334907e+00  7.6888674269678214e-02  3.0887826154401104e+01  3.2000067889645607e+01  3.2000067994387848e+01  4.7999999999999998e+00  3.6711232256013318e+01  9.5315481252035745e+00  7.3030806149742847e-02  5.0465818550100678e+00  5.5878034427585344e-01  5.4262487299306326e+00  4.5502591710879070e-01  4.3043983743722791e-01  9.7655282133650534e-01
1.6000000000000001e+00  3.6944211537821872e+01  2.2563285962687574e-02  9.5121884864732316e+00  7.6929156353929967e-02  3.0884777125470574e+01  3.2000078822240781e+01  3.2000079111985407e+01  4.7999999999999998e+00  3.6716393667405306e+01  9.5315264064998946e+00  7.3050778158321700e-02  5.0471949210487077e+00  5.5869710178988430e-01  5.4261290024894633e+00  4.5493417574889572e-01  4.3024478003876387e-01  9.7626715124255470e-01
2.0000000000000000e+00  3.6952309337809993e+01  2.2559470163903552e-02  9.5119520675734872e+00  7.6963781699241660e-02  3.0882466789572575e+01  3.2000089139095969e+01  3.2000089644238329e+01  4.7999999999999998e+00  3.6722166588542365e+01  9.5316009634327958e+00  7.3070606243521963e-02  5.0476248743129659e+00  5.5869003267771389e-01  5.4261066351941745e+00  4.5479166128777648e-01  4.3009685938353087e-01  9.7592611113831607e-01
2.3999999999999901e+00  3.6961393330971958e+01  2.2578364506062990e-02  9.5117643066366639e+00  7.6992668586178564e-02  3.0880854280298337e+01  3.2000100209000202e+01  3.2000100950217998e+01  4.7999999999999998e+00  3.6728714137037692e+01  9.5317501238342235e+00  7.3078805116368564e-02  5.0479684850616087e+00  5.5873070570153982e-01  5.4260852736068736e+00  4.5462736810171095e-01  4.2999340465178099e-01  9.7556365833141323e-01
2.7999999999999798e+00  3.6970890609843252e+01  2.2598247547939040e-02  9.5116128781468667e+00  7.7019455046876767e-02  3.0879687909437280e+01  3.2000113924383811e+01  3.2000114898577245e+01  4.7999999999999998e+00  3.6735495913404819e+01  9.5319587353739443e+00  7.3084203263602154e-02  5.0484403397018012e+00  5.5876973233741045e-01  5.4259688063146392e+00  4.5447401003926657e-01  4.2991841061060782e-01  9.7485335794555339e-01
3.1999999999999802e+00  3.6980284698560581e+01  2.2634726679906084e-02  9.5115129432665650e+00  7.7047715215513929e-02  3.0878852608911348e+01  3.2000130738263451e+01  3.2000131916642914e+01  4.7999999999999998e+00  3.6742045273769051e+01  9.5322344818940259e+00  7.3099137260662930e-02  5.0492233572662437e+00  5.5876049394983152e-01  5.4257100898843369e+00  4.5434998849316488e-01  4.2986477744228607e-01  9.7408770119998378e-01
3.5999999999999699e+00  3.6989806154530754e+01  2.2672959594893436e-02  9.5114923122188593e+00  7.7078153623847331e-02  3.0878447743269756e+01  3.2000149260257494e+01  3.2000150606413790e+01  4.7999999999999998e+00  3.6748666901671967e+01  9.5325907454658640e+00  7.2042602325635363e-02  5.0503661049535014e+00  5.5868521263051574e-01  5.4253125413196015e+00  4.5424994538511471e-01  4.2983904877773865e-01  9.7325511125952335e-01
3.9999999999999600e+00  3.7000409569488760e+01  2.2653120212033702e-02  9.5115545681228451e+00  7.7109048692600241e-02  3.0878561385660351e+01  3.2000168124816177e+01  3.2000169616944078e+01  4.7999999999999998e+00  3.6756387907192888e+01  9.5330157477613806e+00  7.2052800289454044e-02  5.0517877670776610e+00  5.5856396313434542e-01  5.4248097700827813e+00  4.5415159271153394e-01  4.2984650389753576e-01  9.7235587223192088e-01
4.3999999999999497e+00  3.7013048280525787e+01  2.2589523610916824e-02  9.5116561064041214e+00  7.7139538031050447e-02  3.0878960972357657e+01  3.2000188299822334e+01  3.2000189938350928e+01  4.7999999999999998e+00  3.6766194851831770e+01  9.5334586956414018e+00  7.2063688051291180e-02  5.0533615084145547e+00  5.5843857122714224e-01  5.4242619709865494e+00  4.5402947618663814e-01  4.2987100812110562e-01  9.7216354058242960e-01
4.7999999999999403e+00  3.7027932411210507e+01  2.2597618455839668e-02  9.5117198912133478e+00  7.7172145462077749e-02  3.0879015916445326e+01  3.2000213792795144e+01  3.2000215590713204e+01  4.7999999999999998e+00  3.6778281150836726e+01  9.5338467429659222e+00  7.2537295414665179e-02  5.0549826981955261e+00  5.5834726532182111e-01  5.4237776563260161e+00  4.5386271594296129e-01  4.2987012761169946e-01  9.7258322008484432e-01
5.1999999999999300e+00  3.7044489203095097e+01  2.2605919081297009e-02  9.5116757893928607e+00  7.7211416698250879e-02  3.0877969973142829e+01  3.2000250228361729e+01  3.2000252196902814e+01  4.7999999999999998e+00  3.6792043907775877e+01  9.5341184835427377e+00  7.2559109567748442e-02  5.0565599004289616e+00  5.5831144807312838e-01  5.4235291640873600e+00  4.5363518350430942e-01  4.2979312237524303e-01  9.7311408105849906e-01
5.5999999999999304e+00  3.7061978372417919e+01  2.2610252261046071e-02  9.5115002013145542e+00  7.7858346332499398e-02  3.0875366618958157e+01  3.2000302281844661e+01  3.2000304421113341e+01  4.7999999999999998e+00  3.6806753309479248e+01  9.5342521985140305e+00  7.2591194458418218e-02  5.0579696875407256e+00  5.5833760812708266e-01  5.4237300134002551e+00  4.5333434196795158e-01  4.2960903759518410e-01  9.7363451441835835e-01
5.9999999999999201e+00  3.7080210739396421e+01  2.2658461107735239e-02  9.5112317239382662e+00  7.7912268194503392e-02  3.0871323406180281e+01  3.2000371609727132e+01  3.2000373904604707e+01  4.7999999999999998e+00  3.6822299902944806e+01  9.5342746813725068e+00  7.2631654813651358e-02  5.0590518353994733e+00  5.5842420771259871e-01  5.4245714380061019e+00  4.5295418146881622e-01  4.2932502503257824e-01  9.7403471655957885e-01
6.3999999999999098e+00  3.7099708570702006e+01  2.2665512694874716e-02  9.5109601155215131e+00  7.7954234089541247e-02  3.0866463362005888e+01  3.2000456502184704e+01  3.2000458922534968e+01  4.7999999999999998e+00  3.6839346001099941e+01  9.5342538380729351e+00  7.2214965062091241e-02  5.0596926807381974e+00  5.5856101912839640e-01  5.4261532210729451e+00  4.5250099680161193e-01  4.2898223916297579e-01  9.7429316499707463e-01
6.7999999999999003e+00  3.7121167280101766e+01  2.2639167628067842e-02  9.5108033363543516e+00  7.8273403090890981e-02  3.0861585432272260e+01  3.2000553479828604e+01  3.2000555985878506e+01  4.7999999999999998e+00  3.6858753336801300e+01  9.5342875812468986e+00  7.2252647694290614e-02  5.0599488919762505e+00  5.5872211748524137e-01  5.4284602384017973e+00  4.5199461107946637e-01  4.2863435381650999e-01  9.7444396652682386e-01
7.1999999999998900e+00  3.7144808705160827e+01  2.2601623801242941e-02  9.5108842415897588e+00  7.8300850217313034e-02  3.0857313505463395e+01  3.2000660100865645e+01  3.2000662652779361e+01  4.7999999999999998e+00  3.6880884437097762e+01  9.5344922536750953e+00  7.2674807419955426e-02  5.0601077188741863e+00  5.5886539902630161e-01  5.4314002231019307e+00  4.5146128203197733e-01  4.2832411922127073e-01  9.7451877133525588e-01
7.5999999999998797e+00  3.7170250424137322e+01  2.2563814118288204e-02  9.5113143794856931e+00  7.8314691946377232e-02  3.0853925632505419e+01  3.2000777353350699e+01  3.2000779920543764e+01  4.7999999999999998e+00  3.6905415150123154e+01  9.5349898171651510e+00  7.3350544700554743e-02  5.0606200220295552e+00  5.5894712138264957e-01  5.4348862061696526e+00  4.5092108366270228e-01  4.2807121417362981e-01  9.7456430213475465e-01
7.9999999999998703e+00  3.7196990889209452e+01  2.2529531750853538e-02  9.5121824864312963e+00  7.8397355017317316e-02  3.0851377930655694e+01  3.2000910155542108e+01  3.2000912721571737e+01  4.7999999999999998e+00  3.6931790524892421e+01  9.5358905074472347e+00  7.3359145729365569e-02  5.0619315847621040e+00  5.5894479553790222e-01  5.4389263220740585e+00  4.5037957102049769e-01  4.2787276500388965e-01  9.7459182672511846e-01
8.3999999999998707e+00  3.7224990552017161e+01  2.2500323131460945e-02  9.5135412197085714e+00  7.8412166505502423e-02  3.0849392203553204e+01  3.2001066214291271e+01  3.2001068775614669e+01  4.7999999999999998e+00  3.6959826315318765e+01  9.5372711092882732e+00  7.3359577089072717e-02  5.0642944459524637e+00  5.5887144056088700e-01  5.4436895175873525e+00  4.4982945386051193e-01  4.2770853172620921e-01  9.7454610374654072e-01
8.7999999999998604e+00  3.7254797746136632e+01  2.2484711491652359e-02  9.5153988117439887e+00  7.8431020439405350e-02  3.0847511539525939e+01  3.2001254017394061e+01  3.2001256572493915e+01  4.7999999999999998e+00  3.6989883987341123e+01  9.5391620678895208e+00  7.3353332964761347e-02  5.0676592736991850e+00  5.5877000239192909e-01  5.4495173678081237e+00  4.4925753962509507e-01  4.2754520218236258e-01  9.7447774524944908e-01
9.1999999999998501e+00  3.7287035927999924e+01  2.2491657037447481e-02  9.5177331615154870e+00  7.8471325774928172e-02  3.0845145724425414e+01  3.2001477764066912e+01  3.2001480289917353e+01  4.7999999999999998e+00  3.7022399247185362e+01  9.5415615357806107e+00  7.3367952414367901e-02  5.0717380454367014e+00  5.5869063019611342e-01  5.4568298195984726e+00  4.4865055843345819e-01  4.2734195295377531e-01  9.7436914759060511e-01
9.5999999999998398e+00  3.7321673931765559e+01  2.2520978823594495e-02  9.5205121804193524e+00  7.8295987146624765e-02  3.0841699451759784e+01  3.2001732628918056e+01  3.2001735067576796e+01  4.7999999999999998e+00  3.7057180964616826e+01  9.5444553981702871e+00  7.3378484894931262e-02  5.0761883016217224e+00  5.5866645773633161e-01  5.4659357384832834e+00  4.4925475773614315e-01  4.2706131457978175e-01  9.7419971325739230e-01
9.9999999999998295e+00  3.7357881662597478e+01  2.2558106635293840e-02  9.5237070162677142e+00  7.8344960504535488e-02  3.0836805246390011e+01  3.2002010784063351e+01  3.2002013059089478e+01  4.7999999999999998e+00  3.7093294504359719e+01  9.5478264541037152e+00  7.3360773264343759e-02  5.0807940216323759e+00  5.5870144450029446e-01  5.4769264721307023e+00  4.4980469043172638e-01  4.2668286402925359e-01  9.7398917343760583e-01
1.0399999999999800e+01  3.7394583413253855e+01  2.2591369269802226e-02  9.5273229455999360e+00  7.8333104409288201e-02  3.0830505824209368e+01  3.2002308567800306e+01  3.2002310608275380e+01  4.7999999999999998e+00  3.7129631933478464e+01  9.5516809675367913e+00  7.3369581938136974e-02  5.0855542314290627e+00  5.5877390263232141e-01  5.4897099604423527e+00  4.4925469266133161e-01  4.2621299104885046e-01  9.7374171846020086e-01
1.0799999999999800e+01  3.7431059159056026e+01  2.2620195827850895e-02  9.5314187557403631e+00  7.8544599347094290e-02  3.0823246106601282e+01  3.2002617365766405e+01  3.2002619133972068e+01  4.7999999999999998e+00  3.7165503342068135e+01  9.5560681503018809e+00  7.3370980232723676e-02  5.0906583604120224e+00  5.5885304971446925e-01  5.5040266306467709e+00  4.4928274384165173e-01  4.2568531187532138e-01  9.7345874776021835e-01
1.1199999999999800e+01  3.7467048867812331e+01  2.2643795514891141e-02  9.5360408206016647e+00  7.9053005251805086e-02  3.0815714444382710e+01  3.2002916756637134e+01  3.2002918260769874e+01  4.7999999999999998e+00  3.7200709577164162e+01  9.5610185346812369e+00  7.3291081352731144e-02  5.0963965446114425e+00  5.5891793195435180e-01  5.5193643264875671e+00  4.4907893813161726e-01  4.2515010339292675e-01  9.7313368312726345e-01
1.1599999999999801e+01  3.7502476456218126e+01  2.2660602745162500e-02  9.5411224709512403e+00  7.9134933836827598e-02  3.0808619241524088e+01  3.2003195612728135e+01  3.2003196894087722e+01  4.7999999999999998e+00  3.7235231394102783e+01  9.5664492397755598e+00  7.3079553572738196e-02  5.1031015213917463e+00  5.5896204150484741e-01  5.5349388673299567e+00  4.4868586179401743e-01  4.2465626266614698e-01  9.7276133968689504e-01
1.1999999999999799e+01  3.7537456260035633e+01  2.2658318036090634e-02  9.5465495773694506e+00  7.9276964983124990e-02  3.0802441653845893e+01  3.2003472865944211e+01  3.2003473972784434e+01  4.7999999999999998e+00  3.7269212554610860e+01  9.5722353596061804e+00  7.2918891108324571e-02  5.1112507732686412e+00  5.5897720535017492e-01  5.5500011254187820e+00  4.4793229915555127e-01  4.2423477934225345e-01  9.7234316168439694e-01
1.2399999999999800e+01  3.7572991864009026e+01  2.2631848424485450e-02  9.5523984848450265e+00  7.9672134743506554e-02  3.0797421620275596e+01  3.2003828152461338e+01  3.2003829137196341e+01  4.7999999999999998e+00  3.7303656347550607e+01  9.5784483689036808e+00  7.2842346077075862e-02  5.1220419639773835e+00  5.5891931868085953e-01  5.5641840572299301e+00  4.4724368948870763e-01  4.2390269896829813e-01  9.7188191750602682e-01
1.2799999999999800e+01  3.7611043976813839e+01  2.2591502949961328e-02  9.5591335628316596e+00  7.9656088533562569e-02  3.0793778261583736e+01  3.2004323199371868e+01  3.2004324103508480e+01  4.7999999999999998e+00  3.7340513224848138e+01  9.5855488850027566e+00  7.2822478009444788e-02  5.1375975770506894e+00  5.5871361442750767e-01  5.5775442452766839e+00  4.4680879882660868e-01  4.2367127601544757e-01  9.7137780320549216e-01
1.3199999999999800e+01  3.7649563753987209e+01  2.2566059388538947e-02  9.5666681872983741e+00  7.9638282485574335e-02  3.0790790103631426e+01  3.2004749029398617e+01  3.2004749833329249e+01  4.7999999999999998e+00  3.7377725688467457e+01  9.5934650650027304e+00  7.2794209065046009e-02  5.1568521201232915e+00  5.5844828535294333e-01  5.5904130638436520e+00  4.4639123168494343e-01  4.2347910024800384e-01  9.7083073834089884e-01
1.3599999999999801e+01  3.7685688785184652e+01  2.2555600500003204e-02  9.5743945237633579e+00  7.9376981130246244e-02  3.0787282329431250e+01  3.2005097330716261e+01  3.2005098001678178e+01  4.7999999999999998e+00  3.7412420082644061e+01  9.6016132121005722e+00  7.2767976937409995e-02  5.1772480826251970e+00  5.5826323512277531e-01  5.6031970758694998e+00  4.4597022236546580e-01  4.2324930774889907e-01  9.7024207288353936e-01
1.3999999999999700e+01  3.7718673984989962e+01  2.2562357751226014e-02  9.5819928045537015e+00  7.9188596998243821e-02  3.0782657431321006e+01  3.2005414619666936e+01  3.2005415123705149e+01  4.7999999999999998e+00  3.7443847474652372e+01  9.6096872403354947e+00  7.2810081983614633e-02  5.1973881761959104e+00  5.5821932492159532e-01  5.6162042340058562e+00  4.4574852158332451e-01  4.2294413251696189e-01  9.6961296933033414e-01
1.4399999999999700e+01  3.7748705872383013e+01  2.2581318421484101e-02  9.5893753041517815e+00  7.9576605048397614e-02  3.0776802834894035e+01  3.2005732712375895e+01  3.2005733022284915e+01  4.7999999999999998e+00  3.7472193826003817e+01  9.6176040116539401e+00  7.2887481967633214e-02  5.2168724688860788e+00  5.5830809490666311e-01  5.6295535418676028e+00  4.4532118039426344e-01  4.2255717124456149e-01  9.6894327497012900e-01
1.4799999999999701e+01  3.7776120306672908e+01  2.2609321803803401e-02  9.5966195588153997e+00  7.9816941216605805e-02  3.0769969527734276e+01  3.2006076664971559e+01  3.2006076769096921e+01  4.7999999999999998e+00  3.7497802447623485e+01  9.6254377515219378e+00  7.2967324285023172e-02  5.2360497999226796e+00  5.5847623449640293e-01  5.6432017159585168e+00  4.4470346302734898e-01  4.2210599724133224e-01  9.6820474606439766e-01
1.5199999999999701e+01  3.7801295029852781e+01  2.2647491215678692e-02  9.6039189134865719e+00  8.0209086261160134e-02  3.0762653183912548e+01  3.2006459547438666e+01  3.2006459452447366e+01  4.7999999999999998e+00  3.7521073978348603e+01  9.6333717404707606e+00  7.2942906783393671e-02  5.2557315672506428e+00  5.5865906440916058e-01  5.6570124585685218e+00  4.4390534972053047e-01  4.2162420648435533e-01  9.6741087017814553e-01
1.5599999999999699e+01  3.7824691762764139e+01  2.2685452450318108e-02  9.6114720287089721e+00  8.0226016068642922e-02  3.0755393729150281e+01  3.2006873536674206e+01  3.2006873256757480e+01  4.7999999999999998e+00  3.7542507117253770e+01  9.6415916730698985e+00  7.2916676150394849e-02  5.2767105248752015e+00  5.5881463087754768e-01  5.6707992507292149e+00  4.4334721980246122e-01  4.2114765855761815e-01  9.6654694232762373e-01
1.5999999999999700e+01  3.7846749057769117e+01  2.2712880237040468e-02  9.6193588421994765e+00  8.0270428559962220e-02  3.0748519396032250e+01  3.2007296614991006e+01  3.2007296154782139e+01  4.7999999999999998e+00  3.7562579054571273e+01  9.6501680781592292e+00  7.3030346765836515e-02  5.2992525683783498e+00  5.5894091368900500e-01  5.6843941630447219e+00  4.4302901325239047e-01  4.2069863298940330e-01  9.6558328019619155e-01
1.6399999999999800e+01  3.7867758193686974e+01  2.2731566900921991e-02  9.6275194024481525e+00  8.0479618069590128e-02  3.0742025098274134e+01  3.2007709389814039e+01  3.2007708735244613e+01  4.7999999999999998e+00  3.7581605977391590e+01  9.6590393617026855e+00  7.2998412501835266e-02  5.3230319423728369e+00  5.5906515134066403e-01  5.6977272829248449e+00  4.4243086856094027e-01  4.2027822413316562e-01  9.6451117191050151e-01
1.6799999999999802e+01  3.7887768503102912e+01  2.2732523690554469e-02  9.6358261915586318e+00  8.0483617533944493e-02  3.0735637673402852e+01  3.2008103153198874e+01  3.2008102270583741e+01  4.7999999999999998e+00  3.7599640053187464e+01  9.6680837404906654e+00  7.2968754492391458e-02  5.3474608756095634e+00  5.5985691282833927e-01  5.7108646375733647e+00  4.4195243210408869e-01  4.1986865420253311e-01  9.6338397071922643e-01
1.7199999999999900e+01  3.7906684543486882e+01  2.2718508270319036e-02  9.6441798634456877e+00  8.0482986066931175e-02  3.0728928275831201e+01  3.2008483191945032e+01  3.2008482032717829e+01  4.7999999999999998e+00  3.7616568850522135e+01  9.6772126398277827e+00  7.3077255291507992e-02  5.3719793601588588e+00  5.6071079932547585e-01  5.7240801700150916e+00  4.4126088216235443e-01  4.1944009348889527e-01  9.6221596218903882e-01
1.7600000000000001e+01  3.7924762106368220e+01  2.2697716433621763e-02  9.6525749078871801e+00  8.0709992778136397e-02  3.0721431288353571e+01  3.2008876953475500e+01  3.2008875467581419e+01  4.7999999999999998e+00  3.7632620543746100e+01  9.6864330293133438e+00  7.3038027550200016e-02  5.3961822953461906e+00  5.6185786992164610e-01  5.7379567646125285e+00  4.4022151048652952e-01  4.1895852281588619e-01  9.6101069949507723e-01
1.8000000000000000e+01  3.7943194931356899e+01  2.2678991063174406e-02  9.6611448550998507e+00  8.1031812620480481e-02  3.0712787692180363e+01  3.2009342062750378e+01  3.2009340226570664e+01  4.7999999999999998e+00  3.7648960410829673e+01  9.6958883756646692e+00  7.3133420921444647e-02  5.4199242215408034e+00  5.6267306613624035e-01  5.7534122307124447e+00  4.3962169182659705e-01  4.1839334021077784e-01  9.5976752066537718e-01
1.8400000000000102e+01  3.7963490618077188e+01  2.2668608277114189e-02  9.6701343154543604e+00  8.1826229581213134e-02  3.0702808650183790e+01  3.2009895565280601e+01  3.2009893323704695e+01  4.7999999999999998e+00  3.7667072411788254e+01  9.7058295468543001e+00  7.3334550524076239e-02  5.4433653751626698e+00  5.6336537996526703e-01  5.7711639270813642e+00  4.3934088341013783e-01  4.1773063369850305e-01  9.5847334740988366e-01
1.8800000000000100e+01  3.7986372298214960e+01  2.2669514287091186e-02  9.6797027574510697e+00  8.1906318442495102e-02  3.0691543799327555e+01  3.2010481407334964e+01  3.2010478632472314e+01  4.7999999999999998e+00  3.7687668588224334e+01  9.7164164857359872e+00  7.3544489152407910e-02  5.4668559709252937e+00  5.6453613955587068e-01  5.7911475558194576e+00  4.3877716660070842e-01  4.1698053485857678e-01  9.5714107735518350e-01
1.9200000000000198e+01  3.8012019502262405e+01  2.2684965431218569e-02  9.6898840874774503e+00  8.2287220256807431e-02  3.0679253135258119e+01  3.2011064752213343e+01  3.2011061321320490e+01  4.7999999999999998e+00  3.7710935013502841e+01  9.7276767376434936e+00  7.3590554433746805e-02  5.4907719710375860e+00  5.6573400186126688e-01  5.8129679832684511e+00  4.3815805313224720e-01  4.1616480616371193e-01  9.5576542810811027e-01
1.9600000000000300e+01  3.8040305250076756e+01  2.2708756775954103e-02  9.7007030600320903e+00  8.2473398332494910e-02  3.0666293816719318e+01  3.2011632184902574e+01  3.2011628004147049e+01  4.7999999999999998e+00  3.7736769586500024e+01  9.7396243233403705e+00  7.3433003774539443e-02  5.5154836323061778e+00  5.6671389720318521e-01  5.8362642349087999e+00  4.3729394371608432e-01  4.1530796189209285e-01  9.5434128526000772e-01
2.0000000000000298e+01  3.8070913311381020e+01  2.2728617851676999e-02  9.7122455492393520e+00  8.3073880081537446e-02  3.0653022010104245e+01  3.2012175314290580e+01  3.2012170333725301e+01  4.7999999999999998e+00  3.7764897604869901e+01  9.7523330363262737e+00  7.3171522672299275e-02  5.5413148853506371e+00  5.6744961536155214e-01  5.8608013887436199e+00  4.3619213995556705e-01  4.1443413970535681e-01  9.5286637498868121e-01
2.0400000000000400e+01  3.8103496810312912e+01  2.2740322023897908e-02  9.7245635284258487e+00  8.3203176437867454e-02  3.0639762571584122e+01  3.2012699216657225e+01  3.2012693429765527e+01  4.7999999999999998e+00  3.7795024974114625e+01  9.7658425543204874e+00  7.2662613375311436e-02  5.5684140611676876e+00  5.6813400361992117e-01  5.8864093593467111e+00  4.3546896482388026e-01  4.1356467674114750e-01  9.5134178451689577e-01
2.0800000000000502e+01  3.8138037044097402e+01  2.2742321410038280e-02  9.7376059473138170e+00  8.3421372874012009e-02  3.0626761140500893e+01  3.2013222742858787e+01  3.2013216150831802e+01  4.7999999999999998e+00  3.7827185443326826e+01  9.7800910508132262e+00  7.2560034574034052e-02  5.5966988454612423e+00  5.6856244640328713e-01  5.9130166903389867e+00  4.3462033135360434e-01  4.1271277279121232e-01  9.4977074226440916e-01
2.1200000000000500e+01  3.8174953204303783e+01  2.2737098946077804e-02  9.7513499174320941e+00  8.3535099938185517e-02  3.0614111493560536e+01  3.2013762104183819e+01  3.2013754699905412e+01  4.7999999999999998e+00  3.7861836192347781e+01  9.7950496755283023e+00  7.2506172608882216e-02  5.6260595821769019e+00  5.6915870227688459e-01  5.9407674473135783e+00  4.3364599235842727e-01  4.1188058684229834e-01  9.4815707975768071e-01
2.1600000000000598e+01  3.8214507635209941e+01  2.2725686591776088e-02  9.7658823180660583e+00  8.3986151777786192e-02  3.0601759721427065e+01  3.2014316827120815e+01  3.2014308569263875e+01  4.7999999999999998e+00  3.7899252691791133e+01  9.8108054714034303e+00  7.2698940993579403e-02  5.6565387364902451e+00  5.6972445075714917e-01  5.9699117851010133e+00  4.3243862989650889e-01  4.1106306024106321e-01  9.4650415739476879e-01
2.2000000000000600e+01  3.8256150931728520e+01  2.2711461766545669e-02  9.7812761468028544e+00  8.4316565080536185e-02  3.0589579401424565e+01  3.2014882762297226e+01  3.2014873599185933e+01  4.7999999999999998e+00  3.7938870249443049e+01  9.8274360519174966e+00  7.2823457296206318e-02  5.6882824655560835e+00  5.7047109270369245e-01  6.0004890815193264e+00  4.3160868248320011e-01  4.1025306577393222e-01  9.4481425169879563e-01
2.2400000000000698e+01  3.8298648091149346e+01  2.2698191783340763e-02  9.7974076084742698e+00  8.4254383217968812e-02  3.0577444852816576e+01  3.2015456778625897e+01  3.2015446662636819e+01  4.7999999999999998e+00  3.7979414237994931e+01  9.8448238128882739e+00  7.3096670052387264e-02  5.7213849531582985e+00  5.7099693860689993e-01  6.0321154838143167e+00  4.3096637090450424e-01  4.0944308977386257e-01  9.4308822063186559e-01
2.2800000000000800e+01  3.8340971193065720e+01  2.2693366766383130e-02  9.8140177782029010e+00  8.4206550426256147e-02  3.0565273034229563e+01  3.2016039614596586e+01  3.2016028508708402e+01  4.7999999999999998e+00  3.8019803894387984e+01  9.8627149677354495e+00  7.3512900269098846e-02  5.7559100758932882e+00  5.7098599541175432e-01  6.0641554260615189e+00  4.2972385514273526e-01  4.0862777874626344e-01  9.4132535501182002e-01
2.3200000000000799e+01  3.8383520971066041e+01  2.2700558263787775e-02  9.8310533838882215e+00  8.4418580971853896e-02  3.0553171484810687e+01  3.2016646343992250e+01  3.2016634228539694e+01  4.7999999999999998e+00  3.8060388138163098e+01  9.8810531995652102e+00  7.3605667520326837e-02  5.7923971059057866e+00  5.7093445179300928e-01  6.0961109579453634e+00  4.2849591902975315e-01  4.0781524179021456e-01  9.3952339327093004e-01
2.3600000000000900e+01  3.8428553376573532e+01  2.2719094691667028e-02  9.8488582869333019e+00  8.4881757704981936e-02  3.0541492834911438e+01  3.2017270058633045e+01  3.2017256940220534e+01  4.7999999999999998e+00  3.8103388526304684e+01  9.9001669435414801e+00  7.3798633644901482e-02  5.8324353853086306e+00  5.7129415841333331e-01  6.1277884536130278e+00  4.2749008504422836e-01  4.0703532987487534e-01  9.3767879634286566e-01
2.4000000000000998e+01  3.8474848256845789e+01  2.2748821948243975e-02  9.8672853607251287e+00  8.5334903839687087e-02  3.0529880533850676e+01  3.2017856235462872e+01  3.2017842102401431e+01  4.7999999999999998e+00  3.8147597219375662e+01  9.9199231417084341e+00  7.3834535343953830e-02  5.8754346643753150e+00  5.7116378625917941e-01  6.1591370079993846e+00  4.2630058957408395e-01  4.0626570696941672e-01  9.3577422464229132e-01
2.4400000000001000e+01  3.8520344518521512e+01  2.2778565028403874e-02  9.8859771480950567e+00  8.5467727941967650e-02  3.0517986042518256e+01  3.2018433108587217e+01  3.2018417954517624e+01  4.7999999999999998e+00  3.8190996312113242e+01  9.9399792546705008e+00  7.3894470244293423e-02  5.9200692467135978e+00  5.7106400381573341e-01  6.1901485630968232e+00  4.2521740342032371e-01  4.0547783723839109e-01  9.3381785605782208e-01
2.4800000000001098e+01  3.8564049668374309e+01  2.2800682120239092e-02  9.9046816999499399e+00  8.5524540842240995e-02  3.0505728730026394e+01  3.2019018540703698e+01  3.2019002371155509e+01  4.7999999999999998e+00  3.8232651957668963e+01  9.9600860361713597e+00  7.4167103782752167e-02  5.9655014795934678e+00  5.7130702509516351e-01  6.2209320196687319e+00  4.2423805358349909e-01  4.0466360439041021e-01  9.3180960133806545e-01
2.5200000000001101e+01  3.8605621377398236e+01  2.2810960036219963e-02  9.9233440494287795e+00  8.5936738619948716e-02  3.0493091384739841e+01  3.2019624430701441e+01  3.2019607242159601e+01  4.7999999999999998e+00  3.8272285694931639e+01  9.9801880046745186e+00  7.4155169837675464e-02  6.0113011649881045e+00  5.7131138615079602e-01  6.2517394704111915e+00  4.2325180418258079e-01  4.0382364652900060e-01  9.2975056927247401e-01
2.5600000000001199e+01  3.8645244031755944e+01  2.2808904349694060e-02  9.9421704246869389e+00  8.6961958178044765e-02  3.0480146052568390e+01  3.2020261518535087e+01  3.2020243303535594e+01  4.7999999999999998e+00  3.8310142615254321e+01  1.0000487070587541e+01  7.4182558737988652e-02  6.0575190493994553e+00  5.7199864187941463e-01  6.2829394932043652e+00  4.2205469861833406e-01  4.0296408648253723e-01  9.2764369233143673e-01
2.6000000000001300e+01  3.8683155006437914e+01  2.2797938470192670e-02  9.9613616221975043e+00  8.7672037863934141e-02  3.0467094998330950e+01  3.2020935463319852e+01  3.2020916223871815e+01  4.7999999999999998e+00  3.8346510446502691e+01  1.0021173924301083e+01  7.3984722204348985e-02  6.1043482386279733e+00  5.7254457567878525e-01  6.3147464843737362e+00  4.2105398812420536e-01  4.0209364575447776e-01  9.2549261454188458e-01
2.6400000000001299e+01  3.8719247108026615e+01  2.2780760788479067e-02  9.9808705248199345e+00  8.7720634284145199e-02  3.0454091861418682e+01  3.2021648166567928e+01  3.2021627882644133e+01  4.7999999999999998e+00  3.8381311882513714e+01  1.0042193098177929e+01  7.3806637268858111e-02  6.1518470582779061e+00  5.7293923318603490e-01  6.3470061238090718e+00  4.2017172191974722e-01  4.0121837850882863e-01  9.2330058315623376e-01
2.6800000000001400e+01  3.8753176185234054e+01  2.2763834676097695e-02  1.0000545423534810e+01  8.7922723407584266e-02  3.0441046777413440e+01  3.2022401384152097e+01  3.2022380019522750e+01  4.7999999999999998e+00  3.8414202719617037e+01  1.0063395863305402e+01  7.3878327883544426e-02  6.1999555781391749e+00  5.7340209224750638e-01  6.3795202815423577e+00  4.1910827101892695e-01  4.0033672519600405e-01  9.2106960649898362e-01
2.7200000000001499e+01  3.8784606053446929e+01  2.2751765274617811e-02  1.0020323554022452e+01  8.8531143381160582e-02  3.0427718205093360e+01  3.2023192442922181e+01  3.2023169991801943e+01  4.7999999999999998e+00  3.8444817681912255e+01  1.0084731021251342e+01  7.3774973858719589e-02  6.2485508910194660e+00  5.7350226465737819e-01  6.4123130399061488e+00  4.1816503138821726e-01  3.9944015165812891e-01  9.1879989399138884e-01
2.7600000000001501e+01  3.8813214425428612e+01  2.2750156603309056e-02  1.0040153718100346e+01  8.9030702410390308e-02  3.0413932563763197e+01  3.2024007536599797e+01  3.2023984006045737e+01  4.7999999999999998e+00  3.8472792051533553e+01  1.0106157573519688e+01  7.3798889303480220e-02  6.2974675260075648e+00  5.7460456514363967e-01  6.4453128005377813e+00  4.1705014871968971e-01  3.9851865098375810e-01  9.1648963571787279e-01
2.8000000000001599e+01  3.8838679612156255e+01  2.2760392719935654e-02  1.0059950364139810e+01  8.9211085369788307e-02  3.0399670516327802e+01  3.2024834640146622e+01  3.2024809986688659e+01  4.7999999999999998e+00  3.8497773167141077e+01  1.0127593507659558e+01  7.3756900806925846e-02  6.3467694544474069e+00  5.7556660589880815e-01  6.4781371890514405e+00  4.1676855514186278e-01  3.9756581249024237e-01  9.1413526235007558e-01
2.8400000000001601e+01  3.8860777300773066e+01  2.2784798337904755e-02  1.0079705545313830e+01  8.9507508390044108e-02  3.0384930166351058e+01  3.2025674111942948e+01  3.2025648281276176e+01  4.7999999999999998e+00  3.8519537905547153e+01  1.0149032819444729e+01  7.3716616915921865e-02  6.3966801681183734e+00  5.7628726587188772e-01  6.5105797418090186e+00  4.1612857107710605e-01  3.9657808558782015e-01  9.1173219473662104e-01
2.8800000000001699e+01  3.8879392294543166e+01  2.2819939789424846e-02  1.0099481168027067e+01  8.9956245685595695e-02  3.0369636296034404e+01  3.2026532226267683e+01  3.2026505222228735e+01  4.7999999999999998e+00  3.8538009843783954e+01  1.0170541820927179e+01  7.3734017329799589e-02  6.4471243964186673e+00  5.7717658457283649e-01  6.5428861469340021e+00  4.1503008201450736e-01  3.9555287974090753e-01  9.0927584953999507e-01
2.9200000000001801e+01  3.8894502396936353e+01  2.2858879553822063e-02  1.0119224056271156e+01  9.0318025374320432e-02  3.0353724696350444e+01  3.2027409645106587e+01  3.2027381468506974e+01  4.7999999999999998e+00  3.8553230854326472e+01  1.0192070629389368e+01  7.3846705602568383e-02  6.4975975845964919e+00  5.7825453831684870e-01  6.5752754573819470e+00  4.1405141804398221e-01  3.9448945074584640e-01  9.0676257913354996e-01
2.9600000000001799e+01  3.8906799575290677e+01  2.2893864477612050e-02  1.0139010231604406e+01  9.0446599748189305e-02  3.0337142954613729e+01  3.2028327975239620e+01  3.2028298571986269e+01  4.7999999999999998e+00  3.8565959556498356e+01  1.0213697594943568e+01  7.4044368430579321e-02  6.5477728820442795e+00  5.7900833060789003e-01  6.6081284082482563e+00  4.1326893050791097e-01  3.9338639084359983e-01  9.0419032865895521e-01
3.0000000000001901e+01  3.8916929109916737e+01  2.2919122541055454e-02  1.0159040560294518e+01  9.1002673464774350e-02  3.0320177972807091e+01  3.2029300790139608e+01  3.2029270116387011e+01  4.7999999999999998e+00  3.8576897648464097e+01  1.0235607664193408e+01  7.3997592398912140e-02  6.5979456973882638e+00  5.8003657600807690e-01  6.6418872158286515e+00  4.1247966651168355e-01  3.9225113806251832e-01  9.0155889619359431e-01
3.0400000000001999e+01  3.8924733784433663e+01  2.2932308899989842e-02  1.0179449962001000e+01  9.1758902339926715e-02  3.0303253831027881e+01  3.2030316945915878e+01  3.2030284961448160e+01  4.7999999999999998e+00  3.8585928235363475e+01  1.0257912246244331e+01  7.4078786056374482e-02  6.6486025485656679e+00  5.8111743044851183e-01  6.6765312200593154e+00  4.1138835857722111e-01  3.9110309333591475e-01  8.9886969711465359e-01
3.0800000000002001e+01  3.8930048827567219e+01  2.2934475379240600e-02  1.0200059528266404e+01  9.2178258191279089e-02  3.0286572902039097e+01  3.2031354522006474e+01  3.2031321201828312e+01  4.7999999999999998e+00  3.8592907110118844e+01  1.0280420194165840e+01  7.4017509902241846e-02  6.6996870836005762e+00  5.8233020944207803e-01  6.7114600481365470e+00  4.1061347472280252e-01  3.8995818188893028e-01  8.9612500752702928e-01
3.1200000000002099e+01  3.8932800356494383e+01  2.2929034621630762e-02  1.0220388143969480e+01  9.2747173473607197e-02  3.0270192494523446e+01  3.2032390101859349e+01  3.2032355350159612e+01  4.7999999999999998e+00  3.8597762178478085e+01  1.0302646047385361e+01  7.4111860390148762e-02  6.7506844670328752e+00  5.8285801570451901e-01  6.7457147498339438e+00  4.1028294174719804e-01  3.8882450987062461e-01  8.9332688944570948e-01
3.1600000000002101e+01  3.8933293364276743e+01  2.2920788637971135e-02  1.0240193213513637e+01  9.3163963732582275e-02  3.0254028073448421e+01  3.2033422726636701e+01  3.2033386417752830e+01  4.7999999999999998e+00  3.8600779710171409e+01  1.0324351015093649e+01  7.4183905802566910e-02  6.8012623446779727e+00  5.8361949876834596e-01  6.7789612589026502e+00  4.0977728424852627e-01  3.8769981365601691e-01  8.9047620791484261e-01
3.2000000000002203e+01  3.8932328516310299e+01  2.2914826159239159e-02  1.0259715418692986e+01  9.3709801609746304e-02  3.0237861705004494e+01  3.2034470346498452e+01  3.2034432439102616e+01  4.7999999999999998e+00  3.8602723803091266e+01  1.0345787468121481e+01  7.4160767354478782e-02  6.8516433435949686e+00  5.8439906160038790e-01  6.8117586339078935e+00  4.0929874137075339e-01  3.8657231280762983e-01  8.8757210091788863e-01
3.2400000000002102e+01  3.8930708221187984e+01  2.2915460896249656e-02  1.0279211705084137e+01  9.4419223766031582e-02  3.0221427387858238e+01  3.2035530551848055e+01  3.2035491065035714e+01  4.7999999999999998e+00  3.8604358507741388e+01  1.0367227938846604e+01  7.4097540675745158e-02  6.9022435875989192e+00  5.8476636915477009e-01  6.8444944098693332e+00  4.0845934553748625e-01  3.8542671895566494e-01  8.8461198605030977e-01
3.2800000000002001e+01  3.8928670006042154e+01  2.2925525899538866e-02  1.0298488313419167e+01  9.4825144965763553e-02  3.0204513761532205e+01  3.2036572583486432e+01  3.2036531432392799e+01  4.7999999999999998e+00  3.8605906809455007e+01  1.0388492807042708e+01  7.4183869817233003e-02  6.9529561827051802e+00  5.8664406646194134e-01  6.8767411004638772e+00  4.0800971510680362e-01  3.8424941819648473e-01  8.8159195444292238e-01
3.3200000000001999e+01  3.8925931463151102e+01  2.2945888721447687e-02  1.0317254186357339e+01  9.5881488144544141e-02  3.0187048845135486e+01  3.2037591045154457e+01  3.2037548043729643e+01  4.7999999999999998e+00  3.8607114896745230e+01  1.0409297103834248e+01  7.4226678819649741e-02  7.0031340764955825e+00  5.8795985285306984e-01  6.9082546802631635e+00  4.0744494054303293e-01  3.8303158328293130e-01  8.7850738313134069e-01
3.3600000000001899e+01  3.8922428458654153e+01  2.2975145762690635e-02  1.0335773292878827e+01  9.6260371786447307e-02  3.0169026947231757e+01  3.2038600630970478e+01  3.2038555639633984e+01  4.7999999999999998e+00  3.8607987238710898e+01  1.0429904492814805e+01  7.4377478289211429e-02  7.0525036271691155e+00  5.8921927283212416e-01  6.9398786897043783e+00  4.0677476018541237e-01  3.8177125500690540e-01  8.7535366829457417e-01
3.4000000000001798e+01  3.8918628887273606e+01  2.3009598584937240e-02  1.0354709428091164e+01  9.6904570725529729e-02  3.0150497468267098e+01  3.2039568453750540e+01  3.2039521435511062e+01  4.7999999999999998e+00  3.8609076512305464e+01  1.0450972343882292e+01  7.4424287413587240e-02  7.1018482210629150e+00  5.9120297573869163e-01  6.9726335873960972e+00  4.0586716659526995e-01  3.8047676739044584e-01  8.7212694489257514e-01
3.4400000000001697e+01  3.8914331158545721e+01  2.3043883410168046e-02  1.0374028263810715e+01  9.7894092566439467e-02  3.0131891007230223e+01  3.2040475459825757e+01  3.2040426333919278e+01  4.7999999999999998e+00  3.8610256036946822e+01  1.0472436234998796e+01  7.4498006398224792e-02  7.1521834194663167e+00  5.9249320875764544e-01  7.0058325768902057e+00  4.0516197523295022e-01  3.7917245087638785e-01  8.6882455386752988e-01
3.4800000000001603e+01  3.8909041216738785e+01  2.3072679516773623e-02  1.0393037097398633e+01  9.8078019650279832e-02  3.0113659680728304e+01  3.2041325149275430e+01  3.2041273707721523e+01  4.7999999999999998e+00  3.8611076802162138e+01  1.0493573512360358e+01  7.4463296958816955e-02  7.2032393692256846e+00  5.9374921792157398e-01  7.0380007055872831e+00  4.0436554785591655e-01  3.7788291002459135e-01  8.6544506066475779e-01
3.5200000000001602e+01  3.8902968617366462e+01  2.3092556464323656e-02  1.0411228263362061e+01  9.8490500446186791e-02  3.0096011317420047e+01  3.2042154579743276e+01  3.2042100748837363e+01  4.7999999999999998e+00  3.8611761673818158e+01  1.0513861236192575e+01  7.4432319461495450e-02  7.2536257430934041e+00  5.9506619160746144e-01  7.0687239801008577e+00  4.0358254664375726e-01  3.7661978085304737e-01  8.6198786134546868e-01
3.5600000000001501e+01  3.8897406028651950e+01  2.3103005873623315e-02  1.0428884436976984e+01  9.9177457334248070e-02  3.0078940267742087e+01  3.2043019685867392e+01  3.2042963597187445e+01  4.7999999999999998e+00  3.8613595522566783e+01  1.0533576756770946e+01  7.4415968381753586e-02  7.3028213021265724e+00  5.9563142672549030e-01  7.0988934260855663e+00  4.0269363684314774e-01  3.7538302235826848e-01  8.5845262254208621e-01
3.6000000000001400e+01  3.8894005710794680e+01  2.3106173649839024e-02  1.0446606003704977e+01  9.9785267950777384e-02  3.0062395822173489e+01  3.2043933525746731e+01  3.2043875248212842e+01  4.7999999999999998e+00  3.8618205283430925e+01  1.0553316722279277e+01  7.4390204065684501e-02  7.3521806852967204e+00  5.9680660237797578e-01  7.1290252288521705e+00  4.0306717007377990e-01  3.7417150286283779e-01  8.5483881005742124e-01
3.6400000000001299e+01  3.8893914481481040e+01  2.3105586943968037e-02  1.0464421769639054e+01  1.0025659391527869e-01  3.0046324497891518e+01  3.2044842196592917e+01  3.2044781585784150e+01  4.7999999999999998e+00  3.8626701651658990e+01  1.0573109614951955e+01  7.4487487629108520e-02  7.4031347528156477e+00  5.9773242900017232e-01  7.1583505929744611e+00  4.0179337768394091e-01  3.7298574673768314e-01  8.5114541536149446e-01
3.6800000000001198e+01  3.8897226604804075e+01  2.3105185784669711e-02  1.0481823095625627e+01  1.0109273379811455e-01  3.0030540231817533e+01  3.2045682162146775e+01  3.2045619134305966e+01  4.7999999999999998e+00  3.8639154381816184e+01  1.0592459731597181e+01  7.4592018986112119e-02  7.4549350781493446e+00  5.9891472174888083e-01  7.1861472090191310e+00  4.0070601335793837e-01  3.7181298512188626e-01  8.4737082592131707e-01
3.7200000000001197e+01  3.8902246397028406e+01  2.3108687703853461e-02  1.0498351247165743e+01  1.0156025755227567e-01  3.0014477717719974e+01  3.2046506254646395e+01  3.2046440974521445e+01  4.7999999999999998e+00  3.8653858928522340e+01  1.0610956666327866e+01  7.4566386522476671e-02  7.5052372143175488e+00  5.9985865991652521e-01  7.2129257180547457e+00  3.9997851100023391e-01  3.7061281255738882e-01  8.4351268581424033e-01
3.7600000000001103e+01  3.8906946528247836e+01  2.3118945433253275e-02  1.0514048800117523e+01  1.0215534246039715e-01  2.9997661000156743e+01  3.2047368151483106e+01  3.2047300694165138e+01  4.7999999999999998e+00  3.8668796275890891e+01  1.0628686372031869e+01  7.4534377411338920e-02  7.5532474622078380e+00  6.0135399168230819e-01  7.2395671657765517e+00  3.9863101515506216e-01  3.6935564696317491e-01  8.3956763535624945e-01
3.8000000000001002e+01  3.8909773564999810e+01  2.3137423278052710e-02  1.0529234205816662e+01  1.0293196027952947e-01  2.9980112419622394e+01  3.2048294537253824e+01  3.2048224709773265e+01  4.7999999999999998e+00  3.8682444977519339e+01  1.0645969330829978e+01  7.4520740807803978e-02  7.6006336257130851e+00  6.0251831825722679e-01  7.2658652561401125e+00  3.9833465674248697e-01  3.6804533267594619e-01  8.3553105820866302e-01
3.8400000000000901e+01  3.8909500797043989e+01  2.3163786415987684e-02  1.0544055700703478e+01  1.0367293023020294e-01  2.9962055430734555e+01  3.2049280534298269e+01  3.2049208104328443e+01  4.7999999999999998e+00  3.8693633912667295e+01  1.0662938153937871e+01  7.4410606996209383e-02  7.6491012993318792e+00  6.0347977553164944e-01  7.2909611870880564e+00  3.9783979717739271e-01  3.6669938580047756e-01  8.3139723293427226e-01
3.8800000000000800e+01  3.8905162489261812e+01  2.3195782014842917e-02  1.0558261859574932e+01  1.0462608762613254e-01  2.9943621903125692e+01  3.2050291692261169e+01  3.2050216675510462e+01  4.7999999999999998e+00  3.8701465826114671e+01  1.0679334000973272e+01  7.4342589632713937e-02  7.6981514394262485e+00  6.0498119192536770e-01  7.3144449294651324e+00  3.9775413292678363e-01  3.6532789597173981e-01  8.2716020212400887e-01
3.9200000000000799e+01  3.8896358851287459e+01  2.3229744421962711e-02  1.0571443953128036e+01  1.0522709784510792e-01  2.9924872998075525e+01  3.2051291542540895e+01  3.2051214181767136e+01  4.7999999999999998e+00  3.8705607677838145e+01  1.0694747031208244e+01  7.4317581112673906e-02  7.7459825798295405e+00  6.0555132145145363e-01  7.3365408060269068e+00  3.9700137320689521e-01  3.6393233660553664e-01  8.2281509189332414e-01
3.9600000000000698e+01  3.8883430862391052e+01  2.3261528828317914e-02  1.0583351800684852e+01  1.0585437650608923e-01  2.9905896242737619e+01  3.2052270086450882e+01  3.2052190437650133e+01  4.7999999999999998e+00  3.8706453175450434e+01  1.0708922322948226e+01  7.4272616438191968e-02  7.7915937736430596e+00  6.0609114937130337e-01  7.3574231066878077e+00  3.9561200738417707e-01  3.6251428049542928e-01  8.1835899597076434e-01
4.0000000000000597e+01  3.8867302847555919e+01  2.3287594453647809e-02  1.0593996362441866e+01  1.0676760945023421e-01  2.9886753247659644e+01  3.2053246957470741e+01  3.2053164763225894e+01  4.7999999999999998e+00  3.8704958421204566e+01  1.0721865920582450e+01  7.4514929258255591e-02  7.8354376984736929e+00  6.0824348596098810e-01  7.3768175777663600e+00  3.9469691275804297e-01  3.6107719953709322e-01  8.1379059891023731e-01
4.0400000000000503e+01  3.8849244022518590e+01  2.3306029348942801e-02  1.0603724477612376e+01  1.0733503516025880e-01  2.9867393131058151e+01  3.2054241097285093e+01  3.2054156182968711e+01  4.7999999999999998e+00  3.8702403414392869e+01  1.0733926284332261e+01  7.4726331806944060e-02  7.8783817010514774e+00  6.0937178498832867e-01  7.3948605450860683e+00  3.9352534494502178e-01  3.5961838330678569e-01  8.0910861683494151e-01
4.0800000000000502e+01  3.8830339668371657e+01  2.3317137364416009e-02  1.0613004889364214e+01  1.0845388832202800e-01  2.9847639083294553e+01  3.2055243211458134e+01  3.2055155717060956e+01  4.7999999999999998e+00  3.8699870337766711e+01  1.0745584180890196e+01  7.4695190364403155e-02  7.9205270513966974e+00  6.1118865986815740e-01  7.4125376195406609e+00  3.9349788419478943e-01  3.5812470245483397e-01  8.0431015055350596e-01
4.1200000000000401e+01  3.8810847095134470e+01  2.3323269335227791e-02  1.0621938830101776e+01  1.0952323398783446e-01  2.9827289744972312e+01  3.2056242512812275e+01  3.2056152488271998e+01  4.7999999999999998e+00  3.8697612169876322e+01  1.0756960668208334e+01  7.4824536943205511e-02  7.9614145899142565e+00  6.1320208623895422e-01  7.4304866447950451e+00  3.9309377623506542e-01  3.5658065830666957e-01  7.9939018256900829e-01
4.1600000000000300e+01  3.8789913610529851e+01  2.3328039130877654e-02  1.0630037194794379e+01  1.1042559887514657e-01  2.9806161117319636e+01  3.2057231803564555e+01  3.2057139102807788e+01  4.7999999999999998e+00  3.8694782598436085e+01  1.0767594122972467e+01  7.4751511703168183e-02  8.0005459169184583e+00  6.1502478619836509e-01  7.4480167223587053e+00  3.9266922001809562e-01  3.5497678526579018e-01  7.9434248473125557e-01
4.2000000000000199e+01  3.8765884420916564e+01  2.3335491754832002e-02  1.0636745800226828e+01  1.1139785865441590e-01  2.9784140945219026e+01  3.2058226478484073e+01  3.2058130933061754e+01  4.7999999999999998e+00  3.8689749116784007e+01  1.0776954579650923e+01  7.4865561211722914e-02  8.0374749925481517e+00  6.1670108485958308e-01  7.4642093354457151e+00  3.9178942442610865e-01  3.5331074540241875e-01  7.8916100303146663e-01
4.2400000000000098e+01  3.8737101139729070e+01  2.3349407393655344e-02  1.0642269774223442e+01  1.1198011702360092e-01  2.9761236233617204e+01  3.2059262365452874e+01  3.2059163903813186e+01  4.7999999999999998e+00  3.8680887470973033e+01  1.0785251478664218e+01  7.4998026814053168e-02  8.0724242535801931e+00  6.1895523977369793e-01  7.4793974104974437e+00  3.9109495368418901e-01  3.5158595214502447e-01  7.8384047484987507e-01
4.2800000000000097e+01  3.8702540304465174e+01  2.3372669805019192e-02  1.0647320656991111e+01  1.1312031620850617e-01  2.9737621955624359e+01  3.2060381952326722e+01  3.2060280574416367e+01  4.7999999999999998e+00  3.8667211783666851e+01  1.0793175931763473e+01  7.5204112121701569e-02  8.1065539684225065e+00  6.2133747361689839e-01  7.4945282321267914e+00  3.9016446569791224e-01  3.4980943448499868e-01  7.7837585330531678e-01
4.3200000000000003e+01  3.8661554589831795e+01  2.3406727000543710e-02  1.0652067998147503e+01  1.1438769030697604e-01  2.9713585552258877e+01  3.2061580764720112e+01  3.2061476478404586e+01  4.7999999999999998e+00  3.8648108080861135e+01  1.0800870900983316e+01  7.5315596192713843e-02  8.1413358387475370e+00  6.2322205358202376e-01  7.5091701688715080e+00  3.8935974381376587e-01  3.4799354854307352e-01  7.7276121211057269e-01
4.3599999999999902e+01  3.8613795465556755e+01  2.3450999453460013e-02  1.0655984251440087e+01  1.1568044806694890e-01  2.9689138608055995e+01  3.2062804320101392e+01  3.2062697100197155e+01  4.7999999999999998e+00  3.8623256943503691e+01  1.0807818163605722e+01  7.5368373393510074e-02  8.1769153102748113e+00  6.2536040042624630e-01  7.5219556730259622e+00  3.8849704912110444e-01  3.4614828396812425e-01  7.6698916523181171e-01
4.3999999999999801e+01  3.8559540806160371e+01  2.3502944500507394e-02  1.0658482794663122e+01  1.1673861978654324e-01  2.9664025325611437e+01  3.2063992331266405e+01  3.2063882143192281e+01  4.7999999999999998e+00  3.8592968345765016e+01  1.0813469027487432e+01  7.5466904480543620e-02  8.2114072019347564e+00  6.2764288567153770e-01  7.5325160165297316e+00  3.8834556852440621e-01  3.4427230809737031e-01  7.6105126690296054e-01
4.4399999999999700e+01  3.8500072459841626e+01  2.3558957186413175e-02  1.0659614600554857e+01  1.1787060491448750e-01  2.9638194771222299e+01  3.2065137669800286e+01  3.2065024440017105e+01  4.7999999999999998e+00  3.8558566850004482e+01  1.0817882207497611e+01  7.5704150625102981e-02  8.2431437417591145e+00  6.3024664079368686e-01  7.5419261711877015e+00  3.8787159949611472e-01  3.4235737270473865e-01  7.5493902384422207e-01
4.4799999999999699e+01  3.8437490784126908e+01  2.3615154364461054e-02  1.0660141645563229e+01  1.1925316452490310e-01  2.9612035280520772e+01  3.2066287925721291e+01  3.2066171519050023e+01  4.7999999999999998e+00  3.8522206571032051e+01  1.0821767610072978e+01  7.5727918985138892e-02  8.2732723767995253e+00  6.3334749168884519e-01  7.5513145757225271e+00  3.8767692449506741e-01  3.4039960636432542e-01  7.4864478937661982e-01
4.5199999999999598e+01  3.8373445827956431e+01  2.3668090247252284e-02  1.0660737018075798e+01  1.2037519610910924e-01  2.9585791034927031e+01  3.2067501875659623e+01  3.2067382129067767e+01  4.7999999999999998e+00  3.8485596541333948e+01  1.0825759148319305e+01  7.6001758343158268e-02  8.3044006230725245e+00  6.3621548765566516e-01  7.5605992451471904e+00  3.8686454659351066e-01  3.3840165202260669e-01  7.4216205912691202e-01
4.5599999999999497e+01  3.8307698739597654e+01  2.3715428326085888e-02  1.0660900838679714e+01  1.2142667690111246e-01  2.9559051199156297e+01  3.2068784480130091e+01  3.2068661274297192e+01  4.7999999999999998e+00  3.8448556371975492e+01  1.0829412057172192e+01  7.6024177287303471e-02  8.3362811543830784e+00  6.3890325710039908e-01  7.5688282122515940e+00  3.8657304645748003e-01  3.3636236536636616e-01  7.3548514114761088e-01
4.5999999999999403e+01  3.8238992601920422e+01  2.3756401970456493e-02  1.0659787305954818e+01  1.2295777819465717e-01  2.9531356089527787e+01  3.2070097920529243e+01  3.2069971143310546e+01  4.7999999999999998e+00  3.8409885562473967e+01  1.0831955767164963e+01  7.6048026617342640e-02  8.3665421488571177e+00  6.4182043506921771e-01  7.5757109203575368e+00  3.8569642280516453e-01  3.3427472164027283e-01  7.2860841254791220e-01
4.6399999999999302e+01  3.8166418492918424e+01  2.3791987961674387e-02  1.0657407857837367e+01  1.2417197665514811e-01  2.9502971982629294e+01  3.2071444716467845e+01  3.2071314273790847e+01  4.7999999999999998e+00  3.8368728478761653e+01  1.0833382700728666e+01  7.6257021082097504e-02  8.3946096402164905e+00  6.4480610040013298e-01  7.5818246606769382e+00  3.8512627370218400e-01  3.3213658744255975e-01  7.2152538005691191e-01
4.6799999999999301e+01  3.8089562285235480e+01  2.3824772093340139e-02  1.0654554865818406e+01  1.2576417548654650e-01  2.9474461815592392e+01  3.2072854197284087e+01  3.2072720027692704e+01  4.7999999999999998e+00  3.8324714222269321e+01  1.0834410261968697e+01  7.6392431251069232e-02  8.4225751535790945e+00  6.4791072926572546e-01  7.5876263700118898e+00  3.8448704504408859e-01  3.2995572344691937e-01  7.1422778799617714e-01
4.7199999999999200e+01  3.8007680747815726e+01  2.3858464691848130e-02  1.0651286938051850e+01  1.2761932868257411e-01  2.9445749905327883e+01  3.2074317450301983e+01  3.2074179508422709e+01  4.7999999999999998e+00  3.8277124558671801e+01  1.0835106708332347e+01  7.6380919700186040e-02  8.4518835212356667e+00  6.5037175141583259e-01  7.5922608257050994e+00  3.8472714640109229e-01  3.2774210712502849e-01  7.0670515286552060e-01
4.7599999999999099e+01  3.7920033562397805e+01  2.3897126062314596e-02  1.0646621465076734e+01  1.2909373525350626e-01  2.9416222512099537e+01  3.2075803080708916e+01  3.2075661221305502e+01  4.7999999999999998e+00  3.8225216151122687e+01  1.0834591247422816e+01  7.6550102667883910e-02  8.4814024941309327e+00  6.5353120207501203e-01  7.5943185396208923e+00  3.8523778101489420e-01  3.2549912566961148e-01  6.9894509745210209e-01
4.7999999999998998e+01  3.7827128890820191e+01  2.3944309376486894e-02  1.0640051905672419e+01  1.3045199379060021e-01  2.9385615649275159e+01  3.2077285119727307e+01  3.2077139221548109e+01  4.7999999999999998e+00  3.8169480831927629e+01  1.0832412420907902e+01  7.6952277083090742e-02  8.5096289364164495e+00  6.5681793903878771e-01  7.5937086585338367e+00  3.8412020209259884e-01  3.2322232565446185e-01  6.9093447227035332e-01
4.8399999999998897e+01  3.7731180699532175e+01  2.4002361527520669e-02  1.0632797286376016e+01  1.3206462532476013e-01  2.9354497734827977e+01  3.2078786123296950e+01  3.2078636158503862e+01  4.7999999999999998e+00  3.8112112344274919e+01  1.0829694401018068e+01  7.7267200445962317e-02  8.5378675612760979e+00  6.6008885211229329e-01  7.5922233548287617e+00  3.8410947609307711e-01  3.2090666512056526e-01  6.8266068830957138e-01
4.8799999999998903e+01  3.7634186025503070e+01  2.4072047955772054e-02  1.0626248871470629e+01  1.3401976920841227e-01  2.9323287966403427e+01  3.2080357099905278e+01  3.2080203056356247e+01  4.7999999999999998e+00  3.8055091645887401e+01  1.0827738311205160e+01  7.7542348618719947e-02  8.5686089246723629e+00  6.6327894895416062e-01  7.5914297982167449e+00  3.8393109320027363e-01  3.1854114396362326e-01  6.7411244502743273e-01
4.9199999999998802e+01  3.7535992605387307e+01  2.4153129559091890e-02  1.0619656576077768e+01  1.3579671716210859e-01  2.9291357231209005e+01  3.2081982610610133e+01  3.2081824357610003e+01  4.7999999999999998e+00  3.7998274238227033e+01  1.0825899783030890e+01  7.7796641870643432e-02  8.6010860013397270e+00  6.6662636036069967e-01  7.5904656612689854e+00  3.8420523701671405e-01  3.1610330020372679e-01  6.6527936846463609e-01
4.9599999999998701e+01  3.7435509677072147e+01  2.4244038614735060e-02  1.0611331316066329e+01  1.3744597970881209e-01  2.9257915216615878e+01  3.2083659497761644e+01  3.2083496874165725e+01  4.7999999999999998e+00  3.7940615559695921e+01  1.0822659328522615e+01  7.8100827171487502e-02  8.6330285229296422e+00  6.6969588338935127e-01  7.5872031800344431e+00  3.8423713075911625e-01  3.1357637785247228e-01  6.5615072915230610e-01
4.9999999999998600e+01  3.7332327632016614e+01  2.4341244435460423e-02  1.0600965995618871e+01  1.3965103996101275e-01  2.9222855541375800e+01  3.2085438257639538e+01  3.2085271091866133e+01  4.7999999999999998e+00  3.7881793966388059e+01  1.0817755119757496e+01  7.8296775882344627e-02  8.6630951330898949e+00  6.7308960919059191e-01  7.5818217249989805e+00  3.8404188928914174e-01  3.1095235078803957e-01  6.4671397103692807e-01
5.0399999999998499e+01  3.7226808335391624e+01  2.4441550600620934e-02  1.0589845615660401e+01  1.4131257510596049e-01  2.9186659379098408e+01  3.2087354411984911e+01  3.2087182632056077e+01  4.7999999999999998e+00  3.7822294650547228e+01  1.0812379026631330e+01  7.8559785135945900e-02  8.6919893764918701e+00  6.7670827862086880e-01  7.5767941846696489e+00  3.8389216577433966e-01  3.0822996082456167e-01  6.3695398953366689e-01
5.0799999999998498e+01  3.7118782227069850e+01  2.4542087303351404e-02  1.0578717978389355e+01  1.4343909830915846e-01  2.9149725320422785e+01  3.2089384027753326e+01  3.2089207781938732e+01  4.7999999999999998e+00  3.7762089848169822e+01  1.0807204505394250e+01  7.8954477287693350e-02  8.7216105454733004e+00  6.8015929212344428e-01  7.5728579180986104e+00  3.8337308026696898e-01  3.0541653856663509e-01  6.2685380730436924e-01
5.1199999999998397e+01  3.7007038183983326e+01  2.4640867628449577e-02  1.0566888899163724e+01  1.4571214924227854e-01  2.9111793682599799e+01  3.2091477680298624e+01  3.2091296987196884e+01  4.7999999999999998e+00  3.7700105701100419e+01  1.0801606529604438e+01  7.9369931600870594e-02  8.7526993514899019e+00  6.8381760360789468e-01  7.5682223810052696e+00  3.8303311773486509e-01  3.0252013470739331e-01  6.1639648227145594e-01
5.1599999999998303e+01  3.6890475361773696e+01  2.4737184442012786e-02  1.0553634403617497e+01  1.4777324793635532e-01  2.9072407970610431e+01  3.2093586575635072e+01  3.2093401247639051e+01  4.7999999999999998e+00  3.7635350306473242e+01  1.0794968576948500e+01  7.9728700237477884e-02  8.7842291882043249e+00  6.8767685511251098e-01  7.5619167110760497e+00  3.8275330533063623e-01  2.9953941211669449e-01  6.0554641766628692e-01
5.1999999999998202e+01  3.6768789129535378e+01  2.4831781355901899e-02  1.0538827022655807e+01  1.4977092673123571e-01  2.9031408665719390e+01  3.2095715206565110e+01  3.2095525088606557e+01  4.7999999999999998e+00  3.7567583155414432e+01  1.0787212510788869e+01  8.0205782801363770e-02  8.8144170481597008e+00  6.9163955966578206e-01  7.5546479284209003e+00  3.8162081115777774e-01  2.9646389583441235e-01  5.9416871277275918e-01
5.2399999999998101e+01  3.6642430103270200e+01  2.4926758924821015e-02  1.0522675434078497e+01  1.5296404238021824e-01  2.8988871816431846e+01  3.2097898752810821e+01  3.2097703851067436e+01  4.7999999999999998e+00  3.7497271109092353e+01  1.0778550409857695e+01  8.0500827364289068e-02  8.8435164292339632e+00  6.9548083622889056e-01  7.5468327513590685e+00  3.8145025304271762e-01  2.9328262522810628e-01  5.8237388631503750e-01
5.2799999999998100e+01  3.6512127725069490e+01  2.5025228392786227e-02  1.0505451202987169e+01  1.5493885192343113e-01  2.8944757359525582e+01  3.2100169000650070e+01  3.2099969366207489e+01  4.7999999999999998e+00  3.7425123529997151e+01  1.0769271602118227e+01  8.0764715682438551e-02  8.8743155383409711e+00  6.9951839692444584e-01  7.5379621448992813e+00  3.8094824257952953e-01  2.8998709972182274e-01  5.7014664420859085e-01
5.3199999999997999e+01  3.6378384822321131e+01  2.5130787366518026e-02  1.0487389771609292e+01  1.5774017646897787e-01  2.8898814683163931e+01  3.2102526256182806e+01  3.2102321777763883e+01  4.7999999999999998e+00  3.7351607378471627e+01  1.0759663666177138e+01  8.1294201049712356e-02  8.9084684367759888e+00  7.0363771823087906e-01  7.5281870417889314e+00  3.8000277079325023e-01  2.8656182861728374e-01  5.5746892516261182e-01
5.3599999999997898e+01  3.6241103272494058e+01  2.5246938670219380e-02  1.0468161494240844e+01  1.6102905344625956e-01  2.8850744084512183e+01  3.2104963271652537e+01  3.2104753810894572e+01  4.7999999999999998e+00  3.7276597823644849e+01  1.0749489899109506e+01  8.1949498861519726e-02  8.9439608627425997e+00  7.0787264051299137e-01  7.5183043394991298e+00  3.7912503586373586e-01  2.8298293902028476e-01  5.4432121968559699e-01
5.3999999999997797e+01  3.6100034312313021e+01  2.5376583889787412e-02  1.0447746825547346e+01  1.6387102259501482e-01  2.8800325889262531e+01  3.2107482837395722e+01  3.2107268276297432e+01  4.7999999999999998e+00  3.7199851063548465e+01  1.0738800319348988e+01  8.2834609129116304e-02  8.9793096777320294e+00  7.1237173894839301e-01  7.5091635896249729e+00  3.7927060050892614e-01  2.7923416711318577e-01  5.3068479580309436e-01
5.4399999999997704e+01  3.5954551120629588e+01  2.5521690142113633e-02  1.0426467179606425e+01  1.6674604710182261e-01  2.8747512856490836e+01  3.2110086257561107e+01  3.2109866388138613e+01  4.7999999999999998e+00  3.7120792986021179e+01  1.0727941387119031e+01  8.3371008747379544e-02  9.0166540142869174e+00  7.1674383310635548e-01  7.5003837504040130e+00  3.7862986228896695e-01  2.7531663817392404e-01  5.1654320213984717e-01
5.4799999999997702e+01  3.5803342204173561e+01  2.5683169672606213e-02  1.0404042603803214e+01  1.6976517805454941e-01  2.8692502208649476e+01  3.2112754113361945e+01  3.2112528676758430e+01  4.7999999999999998e+00  3.7038216988254462e+01  1.0716654662110360e+01  8.3688950753688693e-02  9.0586398954451433e+00  7.2128581811098136e-01  7.4903968048275216e+00  3.7852290304977393e-01  2.7123834351614301e-01  5.0188251513116255e-01
5.5199999999997601e+01  3.5644663503713417e+01  2.5860960116445422e-02  1.0379457029223282e+01  1.7265289677598111e-01  2.8635373916005751e+01  3.2115504987479625e+01  3.2115273803851899e+01  4.7999999999999998e+00  3.6950522314415089e+01  1.0704016594849664e+01  8.4374303986536725e-02  9.1032388316879160e+00  7.2601643772455460e-01  7.4787564601333028e+00  3.7815881745996915e-01  2.6699440550785836e-01  4.8669107965962083e-01
5.5599999999997500e+01  3.5477704067833564e+01  2.6054263357856079e-02  1.0352717389204287e+01  1.7646820783894457e-01  2.8575842201997435e+01  3.2118363570506993e+01  3.2118126568102781e+01  4.7999999999999998e+00  3.6857052103645486e+01  1.0690129707398297e+01  8.5131880907334104e-02  9.1478935490445572e+00  7.3089304978257352e-01  7.4671651429654631e+00  3.7779128349065350e-01  2.6257415203509116e-01  4.7095968940680555e-01
5.5999999999997399e+01  3.5302787905665717e+01  2.6261881590487292e-02  1.0324762377927827e+01  1.8032798298564887e-01  2.8513560413462645e+01  3.2121303758537756e+01  3.2121060967520663e+01  4.7999999999999998e+00  3.6758265808205131e+01  1.0675975495722815e+01  8.6003019738621331e-02  9.1939016862460932e+00  7.3611244845060597e-01  7.4569908618984675e+00  3.7708655960114329e-01  2.5797661206109118e-01  4.5468237300778658e-01
5.6799999999997297e+01  3.4931225421522804e+01  2.6715376515212084e-02  1.0266119772406308e+01  1.8825709569287633e-01  2.8382258378519435e+01  3.2127459886386596e+01  3.2127204876069349e+01  4.7999999999999998e+00  3.6547202785529890e+01  1.0647622125036765e+01  8.7934752067418409e-02  9.3053781615917135e+00  7.4603084833613842e-01  7.4357409393458109e+00  3.7616158473142575e-01  2.4828723708411315e-01  4.2048823775595112e-01
5.7599999999997102e+01  3.4532016255621201e+01  2.7215839793893463e-02  1.0202554747798356e+01  1.9737974065311309e-01  2.8241429312126577e+01  3.2134119540693597e+01  3.2133850989359956e+01  4.7999999999999998e+00  3.6319470072406745e+01  1.0618461806092689e+01  8.9746420198646176e-02  9.4397764041420533e+00  7.5592855083518506e-01  7.4149871525265443e+00  3.7609260021685514e-01  2.3787010582082319e-01  3.8416713324889928e-01
5.7999999999997002e+01  3.4321348125792220e+01  2.7484028363113856e-02  1.0167233722522674e+01  2.0134517797186738e-01  2.8165446256914056e+01  3.2137639326531357e+01  3.2137363855684889e+01  4.7999999999999998e+00  3.6198504205519022e+01  1.0602585402214974e+01  9.1196510577583628e-02  9.5154161772359451e+00  7.6069690927078981e-01  7.4042134485423698e+00  3.7572586724531420e-01  2.3234372572825185e-01  3.6526325255773201e-01
5.8399999999997000e+01  3.4102666594595107e+01  2.7765042133855607e-02  1.0129233495168839e+01  2.0609362370671341e-01  2.8086342641755110e+01  3.2141251668045875e+01  3.2140969242951023e+01  4.7999999999999998e+00  3.6072054518841007e+01  1.0585567106394041e+01  9.2594706292231682e-02  9.5992906843363244e+00  7.6561482523086144e-01  7.3918248283854044e+00  3.7631311281141849e-01  2.2658632412777022e-01  3.4591429674920715e-01
5.8799999999996899e+01  3.3875719476807781e+01  2.8059409557586640e-02  1.0089693552565238e+01  2.1215874966780279e-01  2.8004735010171725e+01  3.2144985916589498e+01  3.2144696296229966e+01  4.7999999999999998e+00  3.5939773167600549e+01  1.0568403907933464e+01  9.3807789934244976e-02  9.6919512633227090e+00  7.7030725470876993e-01  7.3799373589356536e+00  3.7605712380016587e-01  2.2058226102494602e-01  3.2617348625623260e-01
5.9199999999996798e+01  3.3639860857591692e+01  2.8367054026545935e-02  1.0048742275589040e+01  2.1727523211102234e-01  2.7919803718461552e+01  3.2148891772370419e+01  3.2148594588811598e+01  4.7999999999999998e+00  3.5800896754580137e+01  1.0551464321338759e+01  9.5542187795980837e-02  9.7932000004032798e+00  7.7493221688543323e-01  7.3703073546957372e+00  3.7608215012769936e-01  2.1431627666201980e-01  3.0610816799228990e-01
5.9599999999996697e+01  3.3394246835900063e+01  2.8686837527429756e-02  1.0005629970061156e+01  2.2262871079147395e-01  2.7830237168521212e+01  3.2152975933740187e+01  3.2152670795601487e+01  4.7999999999999998e+00  3.5654423199837076e+01  1.0534461538286143e+01  9.6648969076448710e-02  9.9066801476853623e+00  7.7835208931889888e-01  7.3615050318791280e+00  3.7647347493571176e-01  2.0778515209132545e-01  2.8580234261718263e-01
5.9999999999996597e+01  3.3138194648464385e+01  2.9016128162704234e-02  9.9596258529590891e+00  2.2895842968098143e-01  2.7736102760925853e+01  3.2157215989508124e+01  3.2156902538898159e+01  4.7999999999999998e+00  3.5499442521183369e+01  1.0516867884444494e+01  9.8524216138038356e-02  1.0036095215435443e+01  7.8234819321270610e-01  7.3510396474008006e+00  3.7704336617573142e-01  2.0098754450896261e-01  2.6535924680694312e-01
6.0009999999996602e+01  3.3131656676600819e+01  2.9024447636590827e-02  9.9584337396047200e+00  2.2897521184074368e-01  2.7733699253655754e+01  3.2157323769853413e+01  3.2157010108932681e+01  4.7999999999999998e+00  3.5495453500200853e+01  1.0516415528795404e+01  9.8540664317937454e-02  1.0039537160071793e+01  7.8245374243953214e-01  7.3507465897051745e+00  3.7703863330857262e-01  2.0081412581276911e-01  2.6484743874766348e-01
