# time  R_areal_min  r_at_R_areal_min
0.0000000000000000e+00  2.4865063645796148e-01  2.5000000000000000e-01
8.0000000000000004e-01  2.4865047865919504e-01  2.5000000000000000e-01
1.6000000000000001e+00  2.4864890845777182e-01  2.5000000000000000e-01
2.3999999999999901e+00  2.4864801892014976e-01  2.5000000000000000e-01
3.1999999999999802e+00  2.4864654975738495e-01  2.5000000000000000e-01
3.9999999999999600e+00  2.4864562984926536e-01  2.5000000000000000e-01
4.7999999999999403e+00  2.4864443337360317e-01  2.5000000000000000e-01
5.5999999999999304e+00  2.4864234610337493e-01  2.5000000000000000e-01
6.3999999999999098e+00  2.4863954708771660e-01  2.5000000000000000e-01
7.1999999999998900e+00  2.4863955840150057e-01  2.5000000000000000e-01
7.9999999999998703e+00  2.4863827753043857e-01  2.5000000000000000e-01
8.7999999999998604e+00  2.4863580477650163e-01  2.5000000000000000e-01
9.5999999999998398e+00  2.4863360974550799e-01  2.5000000000000000e-01
1.0399999999999800e+01  2.4863088094320523e-01  2.5000000000000000e-01
1.1199999999999800e+01  2.4862724852453696e-01  2.5000000000000000e-01
1.1999999999999799e+01  2.4862311770340137e-01  2.5000000000000000e-01
1.2799999999999800e+01  2.4861913433232949e-01  2.5000000000000000e-01
1.3599999999999801e+01  2.4861530325073153e-01  2.5000000000000000e-01
1.4399999999999700e+01  2.4861075980266187e-01  2.5000000000000000e-01
1.5199999999999701e+01  2.4860495775692926e-01  2.5000000000000000e-01
1.5999999999999700e+01  2.4859855356337296e-01  2.5000000000000000e-01
1.6799999999999802e+01  2.4859232191247929e-01  2.5000000000000000e-01
1.7600000000000001e+01  2.4858558555590757e-01  2.5000000000000000e-01
1.8400000000000102e+01  2.4857691770352447e-01  2.5000000000000000e-01
1.9200000000000198e+01  2.4856635248943418e-01  2.5000000000000000e-01
2.0000000000000298e+01  2.4855541960341687e-01  2.5000000000000000e-01
2.0800000000000502e+01  2.4854397388874969e-01  2.5000000000000000e-01
2.1600000000000598e+01  2.4852970848714584e-01  2.5000000000000000e-01
2.2400000000000698e+01  2.4851256454664986e-01  2.5000000000000000e-01
2.3200000000000799e+01  2.4849417043026906e-01  2.5000000000000000e-01
2.4000000000000998e+01  2.4847413662422654e-01  2.5000000000000000e-01
2.4800000000001098e+01  2.4845072517815567e-01  2.5000000000000000e-01
2.5600000000001199e+01  2.4842264633653482e-01  2.5000000000000000e-01
2.6400000000001299e+01  2.4839059073686365e-01  2.5000000000000000e-01
2.7200000000001499e+01  2.4835614050147720e-01  2.5000000000000000e-01
2.8000000000001599e+01  2.4831867260324431e-01  2.5000000000000000e-01
2.8800000000001699e+01  2.4827683302494194e-01  2.5000000000000000e-01
2.9600000000001799e+01  2.4823263192324777e-01  2.5000000000000000e-01
3.0400000000001999e+01  2.4818653018678224e-01  2.5000000000000000e-01
3.1200000000002099e+01  2.4813288817364296e-01  2.5000000000000000e-01
3.2000000000002203e+01  2.4807376086376037e-01  2.5000000000000000e-01
3.2800000000002001e+01  2.4801438911122239e-01  2.5000000000000000e-01
3.3600000000001899e+01  2.4795920499573507e-01  2.5000000000000000e-01
3.4400000000001697e+01  2.4790961386617763e-01  2.5000000000000000e-01
3.5200000000001602e+01  2.4785785652371323e-01  2.5000000000000000e-01
3.6000000000001400e+01  2.4779279888089953e-01  2.5000000000000000e-01
3.6800000000001198e+01  2.4770798283803167e-01  2.5000000000000000e-01
3.7600000000001103e+01  2.4761335349282723e-01  2.5000000000000000e-01
3.8400000000000901e+01  2.4753894595102932e-01  2.5000000000000000e-01
3.9200000000000799e+01  2.4749092813853293e-01  2.5000000000000000e-01
4.0000000000000597e+01  2.4748578495903378e-01  2.5000000000000000e-01
4.0800000000000502e+01  2.4754214947244912e-01  2.5000000000000000e-01
4.1600000000000300e+01  2.4762687260546387e-01  2.5000000000000000e-01
4.2400000000000098e+01  2.4770321415609425e-01  2.5000000000000000e-01
4.3200000000000003e+01  2.4775721984139334e-01  2.5000000000000000e-01
4.3999999999999801e+01  2.4778869161914141e-01  2.5000000000000000e-01
4.4799999999999699e+01  2.4780577790120184e-01  2.5000000000000000e-01
4.5599999999999497e+01  2.4782483870395719e-01  2.5000000000000000e-01
4.6399999999999302e+01  2.4784575831459579e-01  2.5000000000000000e-01
4.7199999999999200e+01  2.4780556196884462e-01  2.5000000000000000e-01
4.7999999999998998e+01  2.4766555100767615e-01  2.5000000000000000e-01
4.8799999999998903e+01  2.4754719116473878e-01  2.5000000000000000e-01
4.9599999999998701e+01  2.4754019989984502e-01  2.5000000000000000e-01
5.0399999999998499e+01  2.4760631743870404e-01  2.5000000000000000e-01
5.1199999999998397e+01  2.4767900960814757e-01  2.5000000000000000e-01
5.1999999999998202e+01  2.4771664482672368e-01  2.5000000000000000e-01
5.2799999999998100e+01  2.4771673215411194e-01  2.5000000000000000e-01
5.3599999999997898e+01  2.4770819429149726e-01  2.5000000000000000e-01
5.4399999999997704e+01  2.4772880016603524e-01  2.5000000000000000e-01
5.5199999999997601e+01  2.4779213628339350e-01  2.5000000000000000e-01
5.5999999999997399e+01  2.4784048685655055e-01  2.5000000000000000e-01
5.6799999999997297e+01  2.4774975086234094e-01  2.5000000000000000e-01
5.7599999999997102e+01  2.4759730157887677e-01  2.5000000000000000e-01
5.8399999999997000e+01  2.4757616786027775e-01  2.5000000000000000e-01
5.9199999999996798e+01  2.4765331241565200e-01  2.5000000000000000e-01
5.9999999999996597e+01  2.4771132966472498e-01  2.5000000000000000e-01
6.0799999999996501e+01  2.4771104824642723e-01  2.5000000000000000e-01
6.1599999999996299e+01  2.4769822178288253e-01  2.5000000000000000e-01
6.2399999999996197e+01  2.4771299696280571e-01  2.5000000000000000e-01
6.3199999999996002e+01  2.4775974527713934e-01  2.5000000000000000e-01
6.3999999999995801e+01  2.4782274049089831e-01  2.5000000000000000e-01
6.4799999999996203e+01  2.4785220471081718e-01  2.5000000000000000e-01
6.5599999999996697e+01  2.4778234276518826e-01  2.5000000000000000e-01
6.6399999999997107e+01  2.4767545828445786e-01  2.5000000000000000e-01
6.7199999999997502e+01  2.4765982797330710e-01  2.5000000000000000e-01
6.7999999999997897e+01  2.4771486790085645e-01  2.5000000000000000e-01
6.8799999999998306e+01  2.4773961915118678e-01  2.5000000000000000e-01
6.9599999999998701e+01  2.4770873880374344e-01  2.5000000000000000e-01
7.0399999999999096e+01  2.4769244538598395e-01  2.5000000000000000e-01
7.1199999999999505e+01  2.4772702102045246e-01  2.5000000000000000e-01
7.1999999999999901e+01  2.4778331110274782e-01  2.5000000000000000e-01
7.2800000000000296e+01  2.4782269509857735e-01  2.5000000000000000e-01
7.3600000000000705e+01  2.4782396545074969e-01  2.5000000000000000e-01
7.4400000000001199e+01  2.4779349397858719e-01  2.5000000000000000e-01
7.5200000000001594e+01  2.4775250971853516e-01  2.5000000000000000e-01
7.6000000000002004e+01  2.4773477086166523e-01  2.5000000000000000e-01
7.6800000000002399e+01  2.4774854827002213e-01  2.5000000000000000e-01
7.7600000000002794e+01  2.4773949072352244e-01  2.5000000000000000e-01
7.8400000000003203e+01  2.4768449978975604e-01  2.5000000000000000e-01
7.9200000000003598e+01  2.4765580931185674e-01  2.5000000000000000e-01
8.0000000000003993e+01  2.4769502171311125e-01  2.5000000000000000e-01
8.0800000000004403e+01  2.4776209895905416e-01  2.5000000000000000e-01
8.1600000000004798e+01  2.4780595795779137e-01  2.5000000000000000e-01
8.2400000000005207e+01  2.4780743759475912e-01  2.5000000000000000e-01
8.3200000000005701e+01  2.4778870513260123e-01  2.5000000000000000e-01
8.4000000000006096e+01  2.4778383004996726e-01  2.5000000000000000e-01
8.4800000000006506e+01  2.4780309434349976e-01  2.5000000000000000e-01
8.5600000000006901e+01  2.4782094429319337e-01  2.5000000000000000e-01
8.6400000000007296e+01  2.4779000460508699e-01  2.5000000000000000e-01
8.7200000000007705e+01  2.4771508459482347e-01  2.5000000000000000e-01
8.8000000000008100e+01  2.4767488697124490e-01  2.5000000000000000e-01
8.8800000000008495e+01  2.4770416482198362e-01  2.5000000000000000e-01
8.9600000000008905e+01  2.4775992804916094e-01  2.5000000000000000e-01
9.0400000000009300e+01  2.4778846035971636e-01  2.5000000000000000e-01
9.1200000000009794e+01  2.4777849555796044e-01  2.5000000000000000e-01
9.2000000000010203e+01  2.4776777115071116e-01  2.5000000000000000e-01
9.2800000000010598e+01  2.4778767633341428e-01  2.5000000000000000e-01
9.3600000000010994e+01  2.4783129858137487e-01  2.5000000000000000e-01
9.4400000000011403e+01  2.4786231819482860e-01  2.5000000000000000e-01
9.5200000000011798e+01  2.4783630230493989e-01  2.5000000000000000e-01
9.6000000000012193e+01  2.4776442706254442e-01  2.5000000000000000e-01
9.6800000000012602e+01  2.4772161641799215e-01  2.5000000000000000e-01
9.7600000000012997e+01  2.4773988361681046e-01  2.5000000000000000e-01
9.8400000000013407e+01  2.4777433816079586e-01  2.5000000000000000e-01
9.9200000000013802e+01  2.4777286607011093e-01  2.5000000000000000e-01
1.0000000000001400e+02  2.4774183690747681e-01  2.5000000000000000e-01
1.0080000000001500e+02  2.4773066321618062e-01  2.5000000000000000e-01
1.0160000000001500e+02  2.4776029209308009e-01  2.5000000000000000e-01
1.0240000000001500e+02  2.4781036433133988e-01  2.5000000000000000e-01
1.0320000000001600e+02  2.4784414601191412e-01  2.5000000000000000e-01
1.0400000000001600e+02  2.4782976958058536e-01  2.5000000000000000e-01
1.0480000000001699e+02  2.4778128950535180e-01  2.5000000000000000e-01
1.0560000000001700e+02  2.4775467227895329e-01  2.5000000000000000e-01
1.0640000000001800e+02  2.4777154991534120e-01  2.5000000000000000e-01
1.0720000000001799e+02  2.4779325985482542e-01  2.5000000000000000e-01
1.0800000000001801e+02  2.4777631232836037e-01  2.5000000000000000e-01
1.0880000000001900e+02  2.4773565995952773e-01  2.5000000000000000e-01
1.0960000000001899e+02  2.4772188825442820e-01  2.5000000000000000e-01
1.1040000000002000e+02  2.4775219682070782e-01  2.5000000000000000e-01
1.1120000000002000e+02  2.4780036278032017e-01  2.5000000000000000e-01
1.1200000000001999e+02  2.4782666194223896e-01  2.5000000000000000e-01
1.1280000000002100e+02  2.4781607451253823e-01  2.5000000000000000e-01
1.1360000000002100e+02  2.4779353637794971e-01  2.5000000000000000e-01
1.1440000000002200e+02  2.4779255364426522e-01  2.5000000000000000e-01
1.1520000000002200e+02  2.4781811906053156e-01  2.5000000000000000e-01
1.1600000000002200e+02  2.4783610056748212e-01  2.5000000000000000e-01
1.1680000000002300e+02  2.4780459286936515e-01  2.5000000000000000e-01
1.1760000000002300e+02  2.4774437634062699e-01  2.5000000000000000e-01
1.1840000000002399e+02  2.4772003883208291e-01  2.5000000000000000e-01
1.1920000000002400e+02  2.4774529823839125e-01  2.5000000000000000e-01
1.2000000000002400e+02  2.4778130270977969e-01  2.5000000000000000e-01
1.2080000000002499e+02  2.4779225855348608e-01  2.5000000000000000e-01
1.2160000000002501e+02  2.4777821070116818e-01  2.5000000000000000e-01
1.2240000000002600e+02  2.4776914862420635e-01  2.5000000000000000e-01
1.2320000000002599e+02  2.4779012791365537e-01  2.5000000000000000e-01
1.2400000000002700e+02  2.4783220066989914e-01  2.5000000000000000e-01
1.2480000000002700e+02  2.4785292343234180e-01  2.5000000000000000e-01
1.2560000000002699e+02  2.4781773054540723e-01  2.5000000000000000e-01
1.2640000000002800e+02  2.4775674044090407e-01  2.5000000000000000e-01
1.2720000000002800e+02  2.4773317128230798e-01  2.5000000000000000e-01
1.2800000000002899e+02  2.4775597738778793e-01  2.5000000000000000e-01
1.2880000000002801e+02  2.4778132572566153e-01  2.5000000000000000e-01
1.2960000000002699e+02  2.4777462262548353e-01  2.5000000000000000e-01
1.3040000000002601e+02  2.4775132562203700e-01  2.5000000000000000e-01
1.3120000000002599e+02  2.4774950367474849e-01  2.5000000000000000e-01
1.3200000000002501e+02  2.4778002694954984e-01  2.5000000000000000e-01
1.3280000000002400e+02  2.4782290094245357e-01  2.5000000000000000e-01
1.3360000000002299e+02  2.4784494466157342e-01  2.5000000000000000e-01
1.3440000000002300e+02  2.4782501805412371e-01  2.5000000000000000e-01
1.3520000000002199e+02  2.4778439313864059e-01  2.5000000000000000e-01
1.3600000000002100e+02  2.4776962434112648e-01  2.5000000000000000e-01
1.3680000000002099e+02  2.4779018661599614e-01  2.5000000000000000e-01
1.3760000000002000e+02  2.4780496387149553e-01  2.5000000000000000e-01
1.3840000000001899e+02  2.4777956401012499e-01  2.5000000000000000e-01
1.3920000000001801e+02  2.4774078798991900e-01  2.5000000000000000e-01
1.4000000000001799e+02  2.4773776316172202e-01  2.5000000000000000e-01
1.4080000000001701e+02  2.4777324003315979e-01  2.5000000000000000e-01
1.4160000000001600e+02  2.4781415884652500e-01  2.5000000000000000e-01
1.4240000000001501e+02  2.4782956414693302e-01  2.5000000000000000e-01
1.4320000000001500e+02  2.4781118166648808e-01  2.5000000000000000e-01
1.4400000000001401e+02  2.4778295687810958e-01  2.5000000000000000e-01
1.4480000000001300e+02  2.4777802400206786e-01  2.5000000000000000e-01
1.4560000000001301e+02  2.4779747104827837e-01  2.5000000000000000e-01
1.4640000000001200e+02  2.4780419549641178e-01  2.5000000000000000e-01
1.4720000000001099e+02  2.4776913378431945e-01  2.5000000000000000e-01
1.4800000000001000e+02  2.4772443763487434e-01  2.5000000000000000e-01
1.4880000000000999e+02  2.4772287085888595e-01  2.5000000000000000e-01
1.4960000000000900e+02  2.4776277742309222e-01  2.5000000000000000e-01
1.5040000000000799e+02  2.4780324794202166e-01  2.5000000000000000e-01
1.5120000000000701e+02  2.4781454950781107e-01  2.5000000000000000e-01
1.5200000000000699e+02  2.4780159780721780e-01  2.5000000000000000e-01
1.5280000000000601e+02  2.4779226197541696e-01  2.5000000000000000e-01
1.5360000000000500e+02  2.4780455466039078e-01  2.5000000000000000e-01
1.5440000000000501e+02  2.4782979026959304e-01  2.5000000000000000e-01
1.5520000000000400e+02  2.4783859692982566e-01  2.5000000000000000e-01
1.5600000000000301e+02  2.4780698484850208e-01  2.5000000000000000e-01
1.5680000000000200e+02  2.4775616321549476e-01  2.5000000000000000e-01
1.5760000000000201e+02  2.4773548275999713e-01  2.5000000000000000e-01
1.5840000000000100e+02  2.4775456033064350e-01  2.5000000000000000e-01
1.5919999999999999e+02  2.4777728792411913e-01  2.5000000000000000e-01
1.5999999999999901e+02  2.4777237799061363e-01  2.5000000000000000e-01
1.6079999999999899e+02  2.4775140336909401e-01  2.5000000000000000e-01
1.6159999999999800e+02  2.4774925842044623e-01  2.5000000000000000e-01
1.6239999999999699e+02  2.4777702164866494e-01  2.5000000000000000e-01
1.6319999999999700e+02  2.4781426972311538e-01  2.5000000000000000e-01
1.6399999999999599e+02  2.4783125301115064e-01  2.5000000000000000e-01
1.6479999999999501e+02  2.4781337719749047e-01  2.5000000000000000e-01
1.6559999999999400e+02  2.4778056788470892e-01  2.5000000000000000e-01
1.6639999999999401e+02  2.4776816236304139e-01  2.5000000000000000e-01
1.6719999999999300e+02  2.4778219835022980e-01  2.5000000000000000e-01
1.6799999999999201e+02  2.4779469497747805e-01  2.5000000000000000e-01
1.6879999999999100e+02  2.4777929723382047e-01  2.5000000000000000e-01
1.6959999999999101e+02  2.4774738693478623e-01  2.5000000000000000e-01
1.7039999999999000e+02  2.4773537730636380e-01  2.5000000000000000e-01
1.7119999999998899e+02  2.4775699891938599e-01  2.5000000000000000e-01
1.7199999999998900e+02  2.4779132016911129e-01  2.5000000000000000e-01
1.7279999999998799e+02  2.4780670766061350e-01  2.5000000000000000e-01
1.7359999999998701e+02  2.4779318291080221e-01  2.5000000000000000e-01
1.7439999999998599e+02  2.4777444556631872e-01  2.5000000000000000e-01
1.7519999999998601e+02  2.4777765773798277e-01  2.5000000000000000e-01
1.7599999999998499e+02  2.4780119684535454e-01  2.5000000000000000e-01
1.7679999999998401e+02  2.4781746836457588e-01  2.5000000000000000e-01
1.7759999999998300e+02  2.4780134447387300e-01  2.5000000000000000e-01
1.7839999999998301e+02  2.4776347811239163e-01  2.5000000000000000e-01
1.7919999999998200e+02  2.4774159301161236e-01  2.5000000000000000e-01
1.7999999999998099e+02  2.4775220080199548e-01  2.5000000000000000e-01
1.8079999999998100e+02  2.4777684612692460e-01  2.5000000000000000e-01
1.8159999999998001e+02  2.4778618379940284e-01  2.5000000000000000e-01
1.8239999999997900e+02  2.4777139232067302e-01  2.5000000000000000e-01
1.8319999999997799e+02  2.4775506041425513e-01  2.5000000000000000e-01
1.8399999999997800e+02  2.4776189154967773e-01  2.5000000000000000e-01
1.8479999999997699e+02  2.4778987533556227e-01  2.5000000000000000e-01
1.8559999999997601e+02  2.4781177742490507e-01  2.5000000000000000e-01
1.8639999999997499e+02  2.4780128238078650e-01  2.5000000000000000e-01
1.8719999999997501e+02  2.4776854083719663e-01  2.5000000000000000e-01
1.8799999999997399e+02  2.4775035299957623e-01  2.5000000000000000e-01
1.8879999999997301e+02  2.4775997813774653e-01  2.5000000000000000e-01
1.8959999999997299e+02  2.4777728372136418e-01  2.5000000000000000e-01
1.9039999999997201e+02  2.4777709819060009e-01  2.5000000000000000e-01
1.9119999999997100e+02  2.4775737492872704e-01  2.5000000000000000e-01
1.9199999999996999e+02  2.4774248904769305e-01  2.5000000000000000e-01
1.9279999999997000e+02  2.4775181875441293e-01  2.5000000000000000e-01
1.9359999999996899e+02  2.4777998104423843e-01  2.5000000000000000e-01
1.9439999999996800e+02  2.4780606060224644e-01  2.5000000000000000e-01
1.9519999999996699e+02  2.4780916354052021e-01  2.5000000000000000e-01
1.9599999999996700e+02  2.4778920570505039e-01  2.5000000000000000e-01
1.9679999999996599e+02  2.4777250777769058e-01  2.5000000000000000e-01
1.9759999999996501e+02  2.4777882009164504e-01  2.5000000000000000e-01
1.9839999999996499e+02  2.4779423048342727e-01  2.5000000000000000e-01
1.9919999999996401e+02  2.4778766181425263e-01  2.5000000000000000e-01
1.9999999999996299e+02  2.4775318048104478e-01  2.5000000000000000e-01
2.0000999999996299e+02  2.4775269314536841e-01  2.5000000000000000e-01
