# time  Re(R=8)  Im(R=8)  Re(R=16)  Im(R=16)
0.0000000000000000e+00  -3.3590309600188214e-04  -7.8374120200529011e-18  -2.1735357248137046e-05  1.1063979925802011e-17
8.0000000000000004e-01  -3.3482776272186619e-04  -9.5442766940638970e-17  -2.1738592907543352e-05  2.2511132245215123e-17
1.6000000000000001e+00  -3.3421470647090532e-04  4.6939788160938795e-17  -2.1745368111562848e-05  -1.4286531249291716e-16
2.3999999999999901e+00  -3.3257317803538604e-04  2.4091164700687783e-17  -2.1765839685316046e-05  -3.9724075059715822e-17
3.1999999999999802e+00  -3.2920575203062940e-04  3.4173408444257924e-17  -2.1744097798764896e-05  -2.9811272383518448e-16
3.9999999999999600e+00  -3.1805970770049368e-04  -1.0250009403141091e-16  -2.1950972142977058e-05  -1.2788198158368558e-15
4.7999999999999403e+00  -2.9909952808165777e-04  1.1292507070431172e-16  -2.1436648409079409e-05  5.8590023141849088e-14
5.5999999999999304e+00  -2.7130841165587329e-04  2.0158936285804257e-16  -2.1914004569204926e-05  -2.3910846975015012e-13
6.3999999999999098e+00  -2.4689902130865034e-04  -7.3882615598085005e-17  -2.1971856684211380e-05  3.6459886735193212e-13
7.1999999999998900e+00  -2.4466204652470443e-04  -5.3878146930688490e-17  -2.1794296668015178e-05  -7.9082160554256305e-13
7.9999999999998703e+00  -2.5997650190839465e-04  3.2993513934308010e-16  -2.1873825168187569e-05  4.9164316088001572e-12
8.7999999999998604e+00  -2.8441524098504615e-04  -4.7331153466256553e-15  -2.2339846677984529e-05  -2.2828873952381819e-11
9.5999999999998398e+00  -2.9571589664078213e-04  2.9023539674781659e-14  -2.0437330054810388e-05  4.5180087572418701e-11
1.0399999999999800e+01  -2.9099033969789815e-04  -1.3155603658273186e-13  -1.8893140861255606e-05  -3.2864144553691377e-11
1.1199999999999800e+01  -2.7752516019873669e-04  5.0322413162278675e-13  -1.4921195013809210e-05  -4.0229113244849983e-13
1.1999999999999799e+01  -2.6572567497320815e-04  -1.6879718845749217e-12  -5.5395750661977299e-06  1.9069248039685952e-11
1.2799999999999800e+01  -2.5943638112449084e-04  4.6580960867987494e-12  1.2147019071304256e-05  -9.4135250825636869e-11
1.3599999999999801e+01  -2.5715316499878924e-04  -8.7482840537250838e-12  3.5252689422579186e-05  1.5317388908216779e-10
1.4399999999999700e+01  -2.5289342627237316e-04  3.4838252089929737e-12  4.9069677776508753e-05  -1.8496815966116212e-11
1.5199999999999701e+01  -2.4832406749875416e-04  3.0826748593448202e-11  4.2774497926403865e-05  -1.5378201453891613e-10
1.5999999999999700e+01  -2.4339973391631161e-04  -5.9373728990731336e-11  1.7287079764825474e-05  6.7127620816998537e-11
1.6799999999999802e+01  -2.3700973043285693e-04  3.3396903089888087e-11  -1.1712325731693333e-05  8.4963884050563667e-11
1.7600000000000001e+01  -2.3000781745247681e-04  2.5277930525893280e-12  -2.7926685640407527e-05  -1.0233867631100669e-11
1.8400000000000102e+01  -2.2117917363580379e-04  -8.7052208560566298e-12  -2.5597145990342955e-05  1.6778205074195397e-11
1.9200000000000198e+01  -2.1002300944861918e-04  3.0343499484625326e-11  -1.5814029854753558e-05  3.6722795068960285e-11
2.0000000000000298e+01  -1.9753244643195766e-04  -6.7333635709799134e-11  -8.6130993535676656e-06  7.2667382021175533e-11
2.0800000000000502e+01  -1.8414296924416267e-04  -6.2933645888710559e-11  -8.5641430465692726e-06  1.0271472734143513e-10
2.1600000000000598e+01  -1.6973220829055621e-04  -1.9591775562569525e-10  -1.1659552657591795e-05  5.2847601534508688e-11
2.2400000000000698e+01  -1.5351166417143565e-04  -4.9133949972024868e-10  -1.3247133418610751e-05  5.5909891550380478e-11
2.3200000000000799e+01  -1.3508797553887290e-04  -4.1491447932322416e-10  -1.4075423634411364e-05  -8.8058259357994839e-11
2.4000000000000998e+01  -1.1539017127845479e-04  -2.2163854917189537e-10  -1.4556260755492940e-05  -1.3466848192221323e-10
2.4800000000001098e+01  -9.5154126930305829e-05  -2.7598913842579789e-10  -1.3974275458643019e-05  -8.0616294516648398e-11
2.5600000000001199e+01  -7.3606792808880746e-05  8.7333417973551224e-10  -1.2646622632159298e-05  -1.1444279459522125e-10
2.6400000000001299e+01  -4.9600144512148673e-05  2.9197522084882567e-10  -9.8137619906088104e-06  2.3558168560424271e-11
2.7200000000001499e+01  -2.3458024910710222e-05  -1.0177327391071420e-09  -5.1253106434343115e-06  9.7862494180709719e-11
2.8000000000001599e+01  3.6979688413988102e-06  9.9507252486526627e-10  3.6346774513308792e-07  -1.3827726061506861e-10
2.8800000000001699e+01  3.2500743057251719e-05  1.2815953757884553e-09  5.9595167119565861e-06  7.4993700130596420e-12
2.9600000000001799e+01  6.5500615897988120e-05  5.3739310329034343e-11  1.1858854733654999e-05  8.8911622976769117e-11
3.0400000000001999e+01  1.0436262858935344e-04  3.1680553486784190e-10  1.8748809576353554e-05  -1.0049300590922946e-10
3.1200000000002099e+01  1.4884537884556499e-04  2.2416659118773290e-10  2.6685201391797894e-05  9.2810637207202103e-10
3.2000000000002203e+01  1.9973907353091787e-04  3.8252515479213525e-10  3.4616150074375008e-05  8.8405560877122902e-10
3.2800000000002001e+01  2.6077275801450180e-04  1.1237199194475507e-09  4.1819814578441701e-05  2.4896845950155915e-10
3.3600000000001899e+01  3.3540256334063840e-04  8.2054621324234999e-10  4.9048024473033784e-05  1.6899651189609212e-09
3.4400000000001697e+01  4.2193535105043494e-04  1.6554843178330829e-11  5.7234805634263201e-05  1.3103048009763289e-09
3.5200000000001602e+01  5.0106344380329484e-04  2.2138547105826481e-09  6.5770725545957504e-05  -1.3405393269455067e-10
3.6000000000001400e+01  4.3400348996110215e-04  6.7103201225612442e-09  7.3506126871761615e-05  1.6676304633026501e-10
3.6800000000001198e+01  9.0451066417755673e-05  4.0039615304860194e-09  8.1188085992259208e-05  3.8084898088436236e-10
3.7600000000001103e+01  -2.8018101223507694e-04  -1.0880959901156176e-08  9.1146599923858608e-05  1.3878818576177628e-09
3.8400000000000901e+01  -5.4120182383861717e-04  -2.2927446650758315e-08  1.0443138851004562e-04  4.0049997573808177e-09
3.9200000000000799e+01  -8.6014351482263966e-04  -1.6639830979811341e-08  1.2036007866049171e-04  5.3512715408307053e-09
4.0000000000000597e+01  -1.1710530023272402e-03  1.9714833035974599e-09  1.3927838075813420e-04  3.8635502790997743e-09
4.0800000000000502e+01  -1.2992489237598510e-03  2.2264925429080250e-08  1.6489340936784431e-04  2.2793865881225443e-09
4.1600000000000300e+01  -1.2647755953783171e-03  4.3853945320363533e-08  1.9620430312833109e-04  2.9525471617006125e-09
4.2400000000000098e+01  -1.1146209572316071e-03  5.3528362732660170e-08  2.4272440208751933e-04  4.9861396054202306e-09
4.3200000000000003e+01  -7.5653916424200853e-04  3.4374655932297025e-08  2.6590638419234731e-04  7.4556311770039677e-09
4.3999999999999801e+01  -1.9586783108409151e-04  2.4891062547539575e-09  1.1589771250683801e-04  9.4757561697547050e-09
4.4799999999999699e+01  3.4188665814587895e-04  -1.3881276080973538e-08  -2.4684085702751923e-04  5.2026526912335767e-09
4.5599999999999497e+01  6.9275728549493347e-04  -1.6562843408231427e-08  -6.0020263874332709e-04  -7.3795870844621431e-09
4.6399999999999302e+01  8.7248406284037698e-04  -2.3261716961688702e-08  -8.3854854318103546e-04  -1.6525202421549970e-08
4.7199999999999200e+01  9.7411511042344557e-04  -2.8677602588771942e-08  -1.0742931218320339e-03  -8.8233316252649336e-09
4.7999999999998998e+01  1.0689600888140558e-03  -1.1520291709231053e-08  -1.2520444970071571e-03  1.2296986698543515e-08
4.8799999999998903e+01  1.1220204600314544e-03  2.2701775676428162e-08  -1.2336339421487202e-03  3.5724606931102804e-08
4.9599999999998701e+01  1.0864301123515439e-03  2.6480774973485412e-08  -1.0467997355573986e-03  5.1490642021346917e-08
5.0399999999998499e+01  9.8779497061944415e-04  -1.8838044632417841e-08  -7.3712809606826758e-04  4.5505267323674184e-08
5.1199999999998397e+01  8.4856619021275639e-04  -1.8914543607470454e-08  -2.5079543154129201e-04  1.8631569530683852e-08
5.1999999999998202e+01  6.6492055558183710e-04  1.0251225328776255e-07  3.6732007561356096e-04  -4.2844627357571128e-09
5.2799999999998100e+01  2.4265065891147840e-04  1.7753228643701279e-07  9.0299564177098463e-04  -1.1032799864522221e-08
5.3599999999997898e+01  -3.5720579809887917e-04  -1.2765694061666803e-08  1.2043868941032502e-03  -1.9606172728195534e-08
5.4399999999997704e+01  -6.0852054230655078e-04  -3.0455762807585846e-07  1.3003119482704057e-03  -3.7749437651032064e-08
5.5199999999997601e+01  -4.5824349287075039e-04  -3.1746448366863965e-07  1.3043266019496921e-03  -3.9084667280848536e-08
5.5999999999997399e+01  -4.6562554577890124e-04  -4.2630536820964493e-08  1.2839596684004907e-03  -3.3878366280222730e-09
5.6799999999997297e+01  -7.2117206708818501e-04  1.6416698200141704e-07  1.2077899021615923e-03  3.8515771057873594e-08
5.7599999999997102e+01  -7.8190868831348054e-04  1.3198389737113815e-07  1.0440112489029975e-03  2.4568758841556756e-08
5.8399999999997000e+01  -6.4551783798799342e-04  3.2952339793852872e-08  8.1012235110374388e-04  -3.8604262402517419e-08
5.9199999999996798e+01  -6.6120040289936927e-04  2.1554639337408187e-08  5.6611917282824143e-04  -2.7137764784945901e-08
5.9999999999996597e+01  -8.6086797460677882e-04  3.0379678497701070e-08  2.6060369798765692e-04  1.1054069426348116e-07
6.0799999999996501e+01  -9.8324619615547241e-04  -3.0004169735873266e-08  -2.6277577881361086e-04  1.6731590944113060e-07
6.1599999999996299e+01  -8.5032356053233609e-04  -7.9308978260215654e-08  -8.3767718692868260e-04  -4.8869991243585997e-08
6.2399999999996197e+01  -3.9552888867934097e-04  2.1553509902300895e-08  -1.0115559745918939e-03  -3.2454795180607166e-07
6.3199999999996002e+01  2.0590676082524179e-04  2.4744375421515490e-07  -8.4244091256438806e-04  -2.9148364271397184e-07
6.3999999999995801e+01  5.2285717575118146e-04  3.8641910642804003e-07  -8.1924232126970222e-04  1.0756454280769955e-08
6.4799999999996203e+01  4.7650848682482784e-04  2.6137112019960570e-07  -9.8043658093039526e-04  2.1139805128621714e-07
6.5599999999996697e+01  4.4207260562202785e-04  -6.6137926825181789e-08  -9.5409769054831525e-04  1.6175734839045927e-07
6.6399999999997107e+01  5.4584152336087919e-04  -3.5657257441697425e-07  -7.5429028653107319e-04  5.2331447479192248e-08
6.7199999999997502e+01  6.5430694374616944e-04  -4.2737358298252663e-07  -6.8921561240114278e-04  3.5810368663432599e-08
6.7999999999997897e+01  7.4100714365376934e-04  -2.8421104113647204e-07  -7.8104506183579122e-04  4.0203499848124498e-08
6.8799999999998306e+01  8.2833630021740556e-04  -6.7019820655338773e-08  -7.9690846465538929e-04  -2.0209480312054521e-08
6.9599999999998701e+01  8.7763599060919719e-04  8.7900217391695133e-08  -5.3762477628573166e-04  -6.0912608792235651e-08
7.0399999999999096e+01  7.8114650142268401e-04  1.5851486537992001e-07  2.2957055144553217e-05  4.9367673389422743e-08
7.1199999999999505e+01  4.1950123536733540e-04  2.1007956692841439e-07  6.3757416429700072e-04  2.6699792032406000e-07
7.1999999999999901e+01  -6.2050422300158022e-05  2.4890947770687327e-07  9.1176571855164476e-04  3.7061485065573275e-07
7.2800000000000296e+01  -2.9349646465836525e-04  1.8348391063406988e-07  8.2971068759074432e-04  1.9869515649867445e-07
7.3600000000000705e+01  -2.1901161068804310e-04  -1.5788350330269609e-08  7.4250521679317181e-04  -1.5385600858862638e-07
7.4400000000001199e+01  -1.6635328940141738e-04  -2.1307034235974155e-07  7.8921750716506953e-04  -4.2538136988228016e-07
7.5200000000001594e+01  -2.7403570741158379e-04  -2.5112357105837335e-07  8.3926820689809263e-04  -4.4341707241580059e-07
7.6000000000002004e+01  -3.7806932936462810e-04  -1.3737458826033980e-07  8.4487690319470310e-04  -2.4759540869916041e-07
7.6800000000002399e+01  -4.7049144416344302e-04  -4.2286524109712797e-09  8.3726770101892601e-04  -5.6771645962740490e-09
7.7600000000002794e+01  -6.3450735837000530e-04  6.7250196339992745e-08  7.8353450912587656e-04  1.4551618659485915e-07
7.8400000000003203e+01  -7.5265667577298963e-04  9.7165066210459058e-08  5.6367841077970817e-04  2.0019815166005526e-07
7.9200000000003598e+01  -6.8837502850770886e-04  1.1312485992806881e-07  1.0325343578227300e-04  2.3083129315262045e-07
8.0000000000003993e+01  -5.3570765391692924e-04  9.5597846048038683e-08  -3.9683411472080267e-04  2.4120250884747151e-07
8.0800000000004403e+01  -4.2886509706383533e-04  2.6655430625792836e-08  -6.0373245378966258e-04  1.4689495122888988e-07
8.1600000000004798e+01  -3.1773525654961552e-04  -5.5007852650327668e-08  -5.2019410197562421e-04  -6.4326059226885708e-08
8.2400000000005207e+01  -1.7024086005981796e-04  -8.0335829031740416e-08  -4.5882409290721722e-04  -2.4878572301818759e-07
8.3200000000005701e+01  -3.0833866850975828e-05  -3.2874701219831667e-08  -5.3057563011263322e-04  -2.5971803493284767e-07
8.4000000000006096e+01  1.3068923488209231e-04  1.9057659082809513e-08  -6.0563310861410139e-04  -1.2154107330596560e-07
8.4800000000006506e+01  3.2923757779802873e-04  2.4710103487576006e-09  -6.6690922463195934e-04  2.3289477532382284e-08
8.5600000000006901e+01  5.1416531297879893e-04  -6.1551909847878374e-08  -7.6145458669444721e-04  9.2945842291735974e-08
8.6400000000007296e+01  6.4921273078689728e-04  -8.4160720424363743e-08  -7.8203303296763948e-04  1.1250785382108432e-07
8.7200000000007705e+01  6.9789249495521297e-04  -3.2801024449717173e-08  -6.3071106314195255e-04  1.1422515324836171e-07
8.8000000000008100e+01  6.4186659066673563e-04  2.7319353084853552e-08  -4.0781107870099028e-04  8.0839731357957743e-08
8.8800000000008495e+01  5.3983904779763528e-04  3.7273520661659310e-08  -2.2760060710669261e-04  6.2582252214515341e-10
8.9600000000008905e+01  4.6189446352352676e-04  3.1457692168145057e-08  -6.2717716383584265e-05  -7.8272153004233762e-08
9.0400000000009300e+01  4.0262028866371328e-04  6.4886738848964533e-08  1.1508178245901997e-04  -8.9195887760638525e-08
9.1200000000009794e+01  3.0531824523433897e-04  9.6811730027103896e-08  2.8064688334038349e-04  -3.3018180046834122e-08
9.2000000000010203e+01  1.3922477006473794e-04  3.8667551035322569e-08  4.4771257518721504e-04  1.3276192400047971e-08
9.2800000000010598e+01  -4.8093312479551717e-05  -8.8746843047963194e-08  6.2485004516782037e-04  -9.6971279985081353e-09
9.3600000000010994e+01  -1.7522006218704855e-04  -1.5170917966290581e-07  7.7007447636966023e-04  -6.6165507157669621e-08
9.4400000000011403e+01  -2.4352366601044167e-04  -8.0962951602763736e-08  8.4082616287727713e-04  -7.3822081471996894e-08
9.5200000000011798e+01  -3.1432078971811424e-04  4.5720432914639948e-08  8.0712831269218427e-04  -1.6456459872843361e-08
9.6000000000012193e+01  -3.8444967343991373e-04  1.2401863165460530e-07  6.6973266934950457e-04  3.9659114731101097e-08
9.6800000000012602e+01  -4.0545562965680395e-04  1.3059474354270341e-07  4.9460356906791858e-04  4.8001363929069359e-08
9.7600000000012997e+01  -4.1513040531734489e-04  8.3320974720987450e-08  3.5242080925305605e-04  4.4304255375662496e-08
9.8400000000013407e+01  -5.0055736759161838e-04  -1.4371427198982481e-08  2.3483541116886542e-04  7.0244158916245036e-08
9.9200000000013802e+01  -6.2097525861037179e-04  -1.3986221270799189e-07  8.4225289835485393e-05  8.3793967210698918e-08
1.0000000000001400e+02  -6.2046680213436118e-04  -2.1523119836669420e-07  -1.2027058059148942e-04  1.5811477212763643e-08
1.0080000000001500e+02  -4.4238014310790251e-04  -1.6153877867829373e-07  -3.1910527656410964e-04  -1.0177400048594391e-07
1.0160000000001500e+02  -2.0375379974217151e-04  7.9185262620210602e-09  -4.3930939621083999e-04  -1.4827905171489906e-07
1.0240000000001500e+02  -3.2985688698409401e-05  1.7515541100670031e-07  -4.9253100690971904e-04  -6.8362877700355208e-08
1.0320000000001600e+02  5.9312698963809917e-05  2.1932605825761966e-07  -5.3641761967061817e-04  6.0761012358366764e-08
1.0400000000001600e+02  1.4151714639278469e-04  1.2141831514344999e-07  -5.6425930697539942e-04  1.3432222424396134e-07
1.0480000000001699e+02  2.5200257892210180e-04  -3.8707006495162702e-08  -5.3873323542615991e-04  1.2319572928439259e-07
1.0560000000001700e+02  3.6240298413898813e-04  -1.5169597649954502e-07  -5.0512700111972765e-04  5.3435818941368837e-08
1.0640000000001800e+02  4.5365279783627694e-04  -1.3774971987840126e-07  -5.3792134860416226e-04  -4.9520445440939341e-08
1.0720000000001799e+02  5.4623128016247525e-04  -9.0002423647369190e-09  -5.8477344709600477e-04  -1.5511491339566576e-07
1.0800000000001801e+02  6.2684928514674049e-04  1.0620135033896803e-07  -5.0201789752877006e-04  -2.0238449129639202e-07
1.0880000000001900e+02  6.1965279763723127e-04  9.1270967853307936e-08  -2.5500549356966137e-04  -1.3272413580427894e-07
1.0960000000001899e+02  4.7424958489199795e-04  2.8016875830055682e-09  2.9768019054387195e-05  3.6074716609363164e-08
1.1040000000002000e+02  2.5761519843092555e-04  -1.8673039989205198e-08  2.2320092190438378e-04  1.9336878232219888e-07
1.1120000000002000e+02  1.0311934694346158e-04  1.7232987699607404e-08  3.2142986403620383e-04  2.2455590116142150e-07
1.1200000000001999e+02  5.8792441184515708e-05  -1.5946639477579180e-08  3.9918464630901099e-04  1.1208020633137818e-07
1.1280000000002100e+02  3.5646857033601670e-05  -1.1011825884295553e-07  4.9204658153179711e-04  -5.9545227345597229e-08
1.1360000000002100e+02  -5.4402173952411298e-05  -1.1049344357103804e-07  5.7145898590818187e-04  -1.6965937149107349e-07
1.1440000000002200e+02  -1.7485540618170266e-04  3.0181674604991847e-08  6.1990124757052242e-04  -1.3556953138919304e-07
1.1520000000002200e+02  -2.6429460058967114e-04  1.5946833576826514e-07  6.5622251572245056e-04  1.1250107721070363e-08
1.1600000000002200e+02  -3.4381272387797013e-04  1.2590273092135724e-07  6.6587721099392334e-04  1.2097292792501097e-07
1.1680000000002300e+02  -4.3622802092391590e-04  -3.4301027640152293e-08  5.7797994849380905e-04  8.6460739342475619e-08
1.1760000000002300e+02  -4.8797220543779463e-04  -1.4338862781886488e-07  3.5811520560106666e-04  -8.0708187203974137e-09
1.1840000000002399e+02  -4.5335883503906378e-04  -7.7489397422722431e-08  9.0306167793218433e-05  -1.9833698359621821e-08
1.1920000000002400e+02  -3.8691426996140016e-04  9.2224329423411556e-08  -9.0214510274016807e-05  1.9419992554270616e-08
1.2000000000002400e+02  -3.6775295813671347e-04  1.6764376458295701e-07  -1.5032531786985227e-04  -2.2279419201431497e-08
1.2080000000002499e+02  -3.8135190894185173e-04  5.1101623318354824e-08  -1.8849883622418842e-04  -1.1771816401028397e-07
1.2160000000002501e+02  -3.3697912948139419e-04  -1.3377447735879244e-07  -2.8381138438829688e-04  -1.0258844842775705e-07
1.2240000000002600e+02  -1.8437449769494836e-04  -1.8322064519366734e-07  -3.9678929328189013e-04  5.3281458849243829e-08
1.2320000000002599e+02  1.4125371749135694e-05  -4.5252941194733628e-08  -4.6891871588954407e-04  1.7724884603261341e-07
1.2400000000002700e+02  1.6813472904545019e-04  1.2409151108926753e-07  -5.1636187762855513e-04  1.2180496037957962e-07
1.2480000000002700e+02  2.7745094070558130e-04  1.4414974864518168e-07  -5.5938300360373590e-04  -5.2292619917410650e-08
1.2560000000002699e+02  3.8397082366125229e-04  2.4666867802561262e-08  -5.5247193605926213e-04  -1.5200795848213729e-07
1.2640000000002800e+02  4.5440204068973740e-04  -7.0370975299361564e-08  -4.6292226536356808e-04  -6.7210072782159356e-08
1.2720000000002800e+02  4.3753373932211816e-04  -6.0089856670187368e-08  -3.4737349390486806e-04  1.0567424160487655e-07
1.2800000000002899e+02  3.9197139331791797e-04  -1.2869785123247736e-08  -2.7849674710022742e-04  1.6445388491527673e-07
1.2880000000002801e+02  4.1349041956941553e-04  1.5322605468578032e-08  -2.3943253758354819e-04  3.1739634612013056e-08
1.2960000000002699e+02  4.6823081139948729e-04  2.8875152948268050e-08  -1.4373550281618884e-04  -1.5085874944314652e-07
1.3040000000002601e+02  4.1939087623585011e-04  6.3116188012636472e-09  4.5421080420261139e-05  -1.8173443782713929e-07
1.3120000000002599e+02  2.2916044305461666e-04  -4.8017866954017514e-08  2.5772469343200206e-04  -2.5815312773133965e-08
1.3200000000002501e+02  3.5456906036101119e-05  -4.0720713374551149e-08  4.0799191857319409e-04  1.4421295571167570e-07
1.3280000000002400e+02  -4.0535186573993103e-05  5.5011882553370144e-08  5.0153194398573782e-04  1.4765892146808885e-07
1.3360000000002299e+02  -5.7103161304758388e-05  1.1250987902072360e-07  5.7566869425178810e-04  1.2660744826051949e-08
1.3440000000002300e+02  -1.2665339846687211e-04  5.1209797916849385e-08  5.9560622740036648e-04  -8.3094477114636274e-08
1.3520000000002199e+02  -2.2837145505024537e-04  -4.3122959475478933e-08  5.2248901322260151e-04  -6.3777548100764434e-08
1.3600000000002100e+02  -2.7680408391695657e-04  -7.8476612654928314e-08  4.2774912892034792e-04  -7.1993696989652343e-09
1.3680000000002099e+02  -3.0117377997261613e-04  -6.2183429987834734e-08  4.0463273485007915e-04  2.5800971863486709e-08
1.3760000000002000e+02  -3.8029153244893460e-04  -1.6078490471867567e-08  4.0543782170750616e-04  3.5267999366667373e-08
1.3840000000001899e+02  -4.7807950256287463e-04  4.8462870373733522e-08  2.9252524918429095e-04  3.7269557287557941e-09
1.3920000000001801e+02  -4.9194320892344983e-04  7.1933787389840081e-08  5.1191214066874027e-05  -5.0128828659480149e-08
1.4000000000001799e+02  -3.9825171955007216e-04  4.2921003572728608e-09  -1.6549037574201152e-04  -3.1545443445581683e-08
1.4080000000001701e+02  -2.6811586678850618e-04  -8.6749250647487958e-08  -2.4668474512987344e-04  6.8267590421950847e-08
1.4160000000001600e+02  -1.8071943453128240e-04  -7.7570231741256469e-08  -2.6352616758667911e-04  1.1315077687792071e-07
1.4240000000001501e+02  -1.4715252120767671e-04  3.6200155716404379e-08  -3.2588200731900759e-04  3.6313628983733865e-08
1.4320000000001500e+02  -9.3397624821083219e-05  1.1636138461136163e-07  -4.0828645745682465e-04  -6.0058740563949975e-08
1.4400000000001401e+02  4.3300342858864864e-05  6.5462463208918552e-08  -4.3367519734587744e-04  -8.4706325476318011e-08
1.4480000000001300e+02  2.0759880706374209e-04  -3.9502719931954425e-08  -4.3085149875452433e-04  -5.6799799639193877e-08
1.4560000000001301e+02  3.1025467638698493e-04  -6.1024692183096031e-08  -4.6695203364635049e-04  -6.2488160382727994e-09
1.4640000000001200e+02  3.6171435312960928e-04  4.5449579624057340e-09  -5.0636848490868210e-04  5.4732897946735662e-08
1.4720000000001099e+02  4.1825229549792488e-04  3.8352739295322198e-08  -4.5901820301766383e-04  6.9367418607755135e-08
1.4800000000001000e+02  4.6018468558623073e-04  -1.5010125760474098e-08  -3.1166157385344455e-04  -4.7304326721917584e-09
1.4880000000000999e+02  4.2492234599556932e-04  -7.2464155365050566e-08  -1.3901350681677204e-04  -9.0094996630923819e-08
1.4960000000000900e+02  3.2685746117011935e-04  -4.5086525397466752e-08  -2.0248634453726996e-05  -6.6251639732290996e-08
1.5040000000000799e+02  2.5290841892482748e-04  3.5200298416701346e-08  3.9517190426705330e-05  5.2883426218829024e-08
1.5120000000000701e+02  2.3494932181342506e-04  7.3315711184976832e-08  1.1675226808644428e-04  1.2039048788071505e-07
1.5200000000000699e+02  1.9689706236750219e-04  4.5749052712568510e-08  2.6314221295284325e-04  5.4237582960575389e-08
1.5280000000000601e+02  7.4022693535774630e-05  1.0934649421693370e-08  4.1668371564661087e-04  -5.1257925255034143e-08
1.5360000000000500e+02  -7.1085432289211807e-05  1.6412598717269358e-09  4.9296258572685244e-04  -6.2763234166034438e-08
1.5440000000000501e+02  -1.4452844082753338e-04  -1.6071743396741320e-08  5.0857461893087283e-04  7.4601366242987308e-09
1.5520000000000400e+02  -1.6836343450441936e-04  -5.6691531171751562e-08  5.2126508984990370e-04  3.6245662857520761e-08
1.5600000000000301e+02  -2.1791960727536954e-04  -6.5819486726697271e-08  5.1079872573618450e-04  -2.0910004932248546e-08
1.5680000000000200e+02  -2.8337878343271598e-04  -8.2987937257256537e-09  4.1903225497193816e-04  -7.1633958219272211e-08
1.5760000000000201e+02  -3.1271921943493164e-04  5.8052430149640818e-08  2.7062538132082228e-04  -3.2845356639821525e-08
1.5840000000000100e+02  -3.2631617854752941e-04  5.9164165552741629e-08  1.5840088043083333e-04  4.9384036143434957e-08
1.5919999999999999e+02  -3.6688313844001941e-04  7.6178515814539967e-09  1.0768756795560898e-04  7.6682276237689906e-08
1.5999999999999901e+02  -4.0465502459143096e-04  -2.7211296180067925e-08  3.5421032938926684e-05  3.8192975662336082e-08
1.6079999999999899e+02  -3.7988365602966605e-04  -1.7872584611321701e-08  -1.1303981904820172e-04  2.5971632941698929e-09
1.6159999999999800e+02  -2.8062000931466816e-04  7.6863728437130608e-10  -2.6385281450365145e-04  -2.8907809826708926e-09
1.6239999999999699e+02  -1.4608217366117129e-04  -2.9026211821585492e-09  -3.2897252320973343e-04  -2.0729710622337428e-08
1.6319999999999700e+02  -2.9577051446150676e-05  -1.2119758996703240e-08  -3.3913109557516340e-04  -6.1755213960292096e-08
1.6399999999999599e+02  4.3509600709880066e-05  1.2868261409047920e-09  -3.6796092951929321e-04  -6.4495292062234075e-08
1.6479999999999501e+02  1.0002969241372999e-04  2.3701259743926136e-08  -4.0369168096270611e-04  1.7821789187297528e-09
1.6559999999999400e+02  1.7705860565892520e-04  2.2209828103128858e-08  -4.0040306840813432e-04  6.8526294010804827e-08
1.6639999999999401e+02  2.6624041273253061e-04  2.0802846832249120e-09  -3.7858557414777459e-04  6.0313809857349003e-08
1.6719999999999300e+02  3.4022910278688024e-04  -4.6250190763502854e-09  -3.7444539752193296e-04  3.0140472926781942e-10
1.6799999999999201e+02  3.9175059164664119e-04  4.6395096747604511e-09  -3.6048412993391768e-04  -3.3401513345631480e-08
1.6879999999999100e+02  4.1749419027051215e-04  3.3554253060565610e-09  -2.8543330162326410e-04  -1.7776293632133043e-08
1.6959999999999101e+02  3.9852940235863518e-04  -1.5151651343212370e-08  -1.4347899241349377e-04  2.8459940749156595e-09
1.7039999999999000e+02  3.2306974255416870e-04  -2.8209085649042991e-08  2.2129888185696043e-05  -2.6703852902980239e-09
1.7119999999998899e+02  2.1766570335533307e-04  -2.2141511084219474e-08  1.5564010781117293e-04  -1.0872383935488670e-08
1.7199999999998900e+02  1.3228759238738359e-04  -8.7910571581578272e-09  2.3427632117838061e-04  4.8589771160150190e-09
1.7279999999998799e+02  8.6661514811685675e-05  3.8027086997858404e-09  2.8766653020001563e-04  2.4627671862366042e-08
1.7359999999998701e+02  4.4462811451085330e-05  2.5109660015357510e-08  3.5122302839171894e-04  1.8288779963152805e-08
1.7439999999998599e+02  -3.2995474679463452e-05  4.6319876282012136e-08  4.1726201783390076e-04  -1.3520687012241196e-09
1.7519999999998601e+02  -1.2458123448562367e-04  3.2956013774105688e-08  4.5913371423994618e-04  -4.0601102366751932e-09
1.7599999999998499e+02  -1.9231680061454817e-04  -1.3351604286513294e-08  4.6960139354474057e-04  4.7125053422653427e-09
1.7679999999998401e+02  -2.4611804185868658e-04  -3.8383904092877722e-08  4.4700509063592123e-04  -1.2884138912274941e-09
1.7759999999998300e+02  -3.0531373256524206e-04  -1.6898155626952383e-08  3.7534938897799226e-04  -2.0519802523997713e-08
1.7839999999998301e+02  -3.4458828615619634e-04  1.0290672766599080e-08  2.4903989131619956e-04  -2.8021695374321928e-08
1.7919999999998200e+02  -3.3557830961832979e-04  9.9290220669200840e-09  1.0429610783148279e-04  -1.6901898856839751e-08
1.7999999999998099e+02  -3.0630008922718409e-04  -7.8472251845859092e-10  -4.5318766567813758e-06  -3.0315877395925165e-09
1.8079999999998100e+02  -2.9918057422981964e-04  -5.9339437734785909e-09  -6.5770486652753511e-05  9.0534773379284248e-09
1.8159999999998001e+02  -2.9909939468618206e-04  -1.4968333761409340e-08  -1.2349923650035251e-04  3.0075053639707118e-08
1.8239999999997900e+02  -2.5258357779814463e-04  -1.9444978956690044e-08  -2.0959900577457809e-04  4.7302456701768844e-08
1.8319999999997799e+02  -1.4344219237232678e-04  5.5548451133269362e-09  -2.9597853886807225e-04  2.7684259249583801e-08
1.8399999999997800e+02  -1.4763998346689128e-05  4.3402546866559124e-08  -3.4837483091392483e-04  -1.9850635700858919e-08
1.8479999999997699e+02  8.8534548257270817e-05  4.2031035454630180e-08  -3.7916727166838193e-04  -4.0542595594780826e-08
1.8559999999997601e+02  1.6623157540846000e-04  -8.5170988097954855e-09  -4.0519855729012155e-04  -1.6304678716201108e-08
1.8639999999997499e+02  2.3380449287789637e-04  -5.2624311509446793e-08  -4.0355294096954789e-04  9.6302625747243468e-09
1.8719999999997501e+02  2.8007560335867641e-04  -3.6582975040372720e-08  -3.5515921022071634e-04  8.4488293730913981e-09
1.8799999999997399e+02  2.9258076316132154e-04  2.3340822541902910e-08  -2.8947503274043859e-04  -1.0564287638083574e-09
1.8879999999997301e+02  2.9933665447968131e-04  5.2872377851327632e-08  -2.4192087086458562e-04  -5.6948192173673991e-09
1.8959999999997299e+02  3.2987606161183033e-04  8.6295145644398687e-09  -1.9755755426069773e-04  -1.4681801604050004e-08
1.9039999999997201e+02  3.5562261121665768e-04  -5.3206235750269365e-08  -1.1257265217375691e-04  -1.7010209936065237e-08
1.9119999999997100e+02  3.2215822615721873e-04  -4.0568337616847325e-08  2.1603708007876481e-05  1.0113294671511813e-08
1.9199999999996999e+02  2.2604785746262418e-04  3.6214368943308718e-08  1.6285740794428158e-04  4.5321570970999279e-08
1.9279999999997000e+02  1.1849052014255531e-04  6.6251309966960489e-08  2.6965190100650984e-04  3.7603296060304455e-08
1.9359999999996899e+02  3.8576030527638365e-05  7.3998684277695478e-09  3.4071360921210099e-04  -1.6020182498223912e-08
1.9439999999996800e+02  -1.7395853309165246e-05  -4.8834765149877221e-08  3.8792801294661438e-04  -5.5714442285036732e-08
1.9519999999996699e+02  -6.5357115293265811e-05  -3.2062355012055936e-08  4.0223374719641059e-04  -3.2531931644842693e-08
1.9599999999996700e+02  -1.1102741913801324e-04  6.1282890885220417e-09  3.8003177967786152e-04  2.8552954546252947e-08
1.9679999999996599e+02  -1.5641980610237087e-04  7.4124110187497145e-09  3.5375874936067185e-04  5.2074653459744159e-08
1.9759999999996501e+02  -2.1036261928262612e-04  -2.4925006971338217e-10  3.4869814012366163e-04  3.3954536184544233e-09
1.9839999999996499e+02  -2.7544750270187455e-04  1.5566974116752776e-08  3.3173795304008091e-04  -5.4374546759205480e-08
1.9919999999996401e+02  -3.3206348812514302e-04  2.8559185955226888e-08  2.5074000782404637e-04  -3.4843643775675126e-08
1.9999999999996299e+02  -3.5221075823639136e-04  1.4774360790644072e-08  1.1223152726766105e-04  4.1202990306403262e-08
2.0000999999996299e+02  -3.5216146019710734e-04  1.4479880569081671e-08  1.1038596377764212e-04  4.2035577248327754e-08
