# time  P_total  P_z_beam  beam_ratio  beaming_gain  wavezone_std
0.0000000000000000e+00  2.2181424377388539e-07  1.6516109640249432e-07  7.4591100757707229e-01  3.9836440303082892e+00  7.6976718878956329e-01
8.0000000000000004e-01  2.2095991258798387e-07  1.6466735465502203e-07  7.4623214287221251e-01  3.9849285714888500e+00  7.6934359245024653e-01
1.6000000000000001e+00  2.1981942725892170e-07  1.6373188850063463e-07  7.4600950200313565e-01  3.9840380080125426e+00  7.6877105573208770e-01
2.3999999999999901e+00  2.1774194112137386e-07  1.6220122502697737e-07  7.4588717434747698e-01  3.9835486973899079e+00  7.6773187206831728e-01
3.1999999999999802e+00  2.1282810167463705e-07  1.5840212126643721e-07  7.4577878311178725e-01  3.9831151324471490e+00  7.6539530328132099e-01
3.9999999999999600e+00  1.9865764666645136e-07  1.4783440793966732e-07  7.4542654441341050e-01  3.9817061776536420e+00  7.5635772553338532e-01
4.7999999999999403e+00  1.7598053430225195e-07  1.3101931937592414e-07  7.4635422497354242e-01  3.9854168998941697e+00  7.4764636250186511e-01
5.5999999999999304e+00  1.4486935256056196e-07  1.0782399853423745e-07  7.4580045713929199e-01  3.9832018285571680e+00  7.2040052374893582e-01
6.3999999999999098e+00  1.2009137296595009e-07  8.9369354071552961e-08  7.4531107766798066e-01  3.9812443106719226e+00  6.9666090959256555e-01
7.1999999999998900e+00  1.1742521369245045e-07  8.7256930394336132e-08  7.4547703109106533e-01  3.9819081243642613e+00  6.9510896713566883e-01
7.9999999999998703e+00  1.3305741934096780e-07  9.9023286313240571e-08  7.4554256992344081e-01  3.9821702796937632e+00  7.1062080242873160e-01
8.7999999999998604e+00  1.5903238668830365e-07  1.1833582989675549e-07  7.4559006899865632e-01  3.9823602759946253e+00  7.2707638181427903e-01
9.5999999999998398e+00  1.7209988036339122e-07  1.2816612454866404e-07  7.4569432972016214e-01  3.9827773188806486e+00  7.5630046832203657e-01
1.0399999999999800e+01  1.6671848963345319e-07  1.2420138667410412e-07  7.4765803759003935e-01  3.9906321503601574e+00  7.6795268283771656e-01
1.1199999999999800e+01  1.5139970940683855e-07  1.1277739647363131e-07  7.4657662546015180e-01  3.9863065018406072e+00  8.0465033872768621e-01
1.1999999999999799e+01  1.3843664426211473e-07  1.0311541582890806e-07  7.4762029906955607e-01  3.9904811962782243e+00  9.1910400327141539e-01
1.2799999999999800e+01  1.3213487499981644e-07  9.8406720032283078e-08  7.4306248227296046e-01  3.9722499290918418e+00  8.2978097290892017e-01
1.3599999999999801e+01  1.3205112112125987e-07  9.8365152505151395e-08  7.4489381465504956e-01  3.9795752586201982e+00  5.6965605889474269e-01
1.4399999999999700e+01  1.3027691872766760e-07  9.7094789297436849e-08  7.4711433877897204e-01  3.9884573551158882e+00  4.3772459826646809e-01
1.5199999999999701e+01  1.2468527736808683e-07  9.2937392375902237e-08  7.4852742016632312e-01  3.9941096806652925e+00  4.8244578884622769e-01
1.5999999999999700e+01  1.1687735764741093e-07  8.7105618116505084e-08  7.5129190931886258e-01  4.0051676372754503e+00  7.4586679424190638e-01
1.6799999999999802e+01  1.1052599184940138e-07  8.2370038465268456e-08  7.4129871068521225e-01  3.9651948427408490e+00  8.2261223578340237e-01
1.7600000000000001e+01  1.0541315126351387e-07  7.8570890104708394e-08  7.4636115227532662e-01  3.9854446091013065e+00  6.0795192475713766e-01
1.8400000000000102e+01  9.7387041923876002e-08  7.2598850778558009e-08  7.4755935419322905e-01  3.9902374167729162e+00  6.2148368838246870e-01
1.9200000000000198e+01  8.7142184114796396e-08  6.4961886451426057e-08  7.4795823575440612e-01  3.9918329430176245e+00  7.3595511482532572e-01
2.0000000000000298e+01  7.6793502033958622e-08  5.7246503230565737e-08  7.4609397563345392e-01  3.9843759025338157e+00  8.3920726865276818e-01
2.0800000000000502e+01  6.6770667587049226e-08  4.9779358570671700e-08  7.4487021088003957e-01  3.9794808435201583e+00  8.3020269215318787e-01
2.1600000000000598e+01  5.6894203556889992e-08  4.2421447595085684e-08  7.4644338410019007e-01  3.9857735364007603e+00  7.5772010273707824e-01
2.2400000000000698e+01  4.6665267448150214e-08  3.4794380362073460e-08  7.4649933057637230e-01  3.9859973223054892e+00  7.0474226918124028e-01
2.3200000000000799e+01  3.6259097369385048e-08  2.7035473666990802e-08  7.4628109688661426e-01  3.9851243875464570e+00  6.5433682648858926e-01
2.4000000000000998e+01  2.6585776514299521e-08  1.9822246657440632e-08  7.4655291090666287e-01  3.9862116436266515e+00  5.9581330391811960e-01
2.4800000000001098e+01  1.8175011698277348e-08  1.3550113298132905e-08  7.4633382251891911e-01  3.9853352900756764e+00  5.4478005416506403e-01
2.5600000000001199e+01  1.0959299445293365e-08  8.1702782173413327e-09  7.4680418869917498e-01  3.9872167547966999e+00  4.8644716374540181e-01
2.6400000000001299e+01  5.0194274766017926e-09  3.7411392767848204e-09  7.4774101617784461e-01  3.9909640647113784e+00  4.2875216529153731e-01
2.7200000000001499e+01  1.1269340975472891e-09  8.3863512203606867e-10  7.4828902591178537e-01  3.9931561036471415e+00  3.8416256206432614e-01
2.8000000000001599e+01  2.8929922081972498e-11  2.2015539488759891e-11  7.1025765185628953e-01  3.8410306074251581e+00  7.1795204547603830e-01
2.8800000000001699e+01  2.1646549830295364e-09  1.6187434077396283e-09  7.4531588560544515e-01  3.9812635424217806e+00  4.6743859556632833e-01
2.9600000000001799e+01  8.7595842189250472e-09  6.5440965214608411e-09  7.4617267724661818e-01  3.9846907089864727e+00  4.6980753854248786e-01
3.0400000000001999e+01  2.2217129671763564e-08  1.6595574882990249e-08  7.4674086685560970e-01  3.9869634674224388e+00  4.7172323455840426e-01
3.1200000000002099e+01  4.5179761903585232e-08  3.3746199593391622e-08  7.4714574597110150e-01  3.9885829838844060e+00  4.7179386366576026e-01
3.2000000000002203e+01  8.1162838967195680e-08  6.0615777530811080e-08  7.4728481759770227e-01  3.9891392703908091e+00  4.8449493488929585e-01
3.2800000000002001e+01  1.3772731691637562e-07  1.0285152697877282e-07  7.4728339544877798e-01  3.9891335817951119e+00  5.1352881165477449e-01
3.3600000000001899e+01  2.2688980008588189e-07  1.6943930010905532e-07  7.4728842338203472e-01  3.9891536935281389e+00  5.4670250783684515e-01
3.4400000000001697e+01  3.5802982858996199e-07  2.6737687805168802e-07  7.4732242177406127e-01  3.9892896870962451e+00  5.7247760881496501e-01
3.5200000000001602e+01  5.0498879425605959e-07  3.7729315080349186e-07  7.4752824676003227e-01  3.9901129870401291e+00  5.8359234672759019e-01
3.6000000000001400e+01  3.8586155885565350e-07  2.8898011503137101e-07  7.4849576170263266e-01  3.9939830468105306e+00  4.9462569317129240e-01
3.6800000000001198e+01  3.0282608351190661e-08  2.2896136905763445e-08  7.5512636969143343e-01  4.0205054787657337e+00  2.7123017063557131e-01
3.7600000000001103e+01  1.7041288675844978e-07  1.2700821033023442e-07  7.4651169580653454e-01  3.9860467832261381e+00  2.0882231548839669e-01
3.8400000000000901e+01  5.9938332878544117e-07  4.4748004537014724e-07  7.4721875490512402e-01  3.9888750196204961e+00  4.4196461284979094e-01
3.9200000000000799e+01  1.4839454291295652e-06  1.1067767655511358e-06  7.4682513856806099e-01  3.9873005542722439e+00  5.6127781237972962e-01
4.0000000000000597e+01  2.7439651407507999e-06  2.0485799954027478e-06  7.4717521678857446e-01  3.9887008671542978e+00  6.1492407216308409e-01
4.0800000000000502e+01  3.3968647484608423e-06  2.5392426318888903e-06  7.4767596905439349e-01  3.9907038762175739e+00  5.9491556786599831e-01
4.1600000000000300e+01  3.2509334927659160e-06  2.4318541131714325e-06  7.4784522122060682e-01  3.9913808848824273e+00  5.2672056456404459e-01
4.2400000000000098e+01  2.5852651634491426e-06  1.9346153047596620e-06  7.4803637199576101e-01  3.9921454879830440e+00  3.9374598672633704e-01
4.3200000000000003e+01  1.2816490924497234e-06  9.6011852674942235e-07  7.4917991153260544e-01  3.9967196461304217e+00  1.7430069247593416e-01
4.3999999999999801e+01  1.0589382626071393e-07  7.9995121058255099e-08  7.5668840124373427e-01  4.0267536049749371e+00  8.9441246095907187e-02
4.4799999999999699e+01  3.4643068495158784e-07  2.5752200813927643e-07  7.4286265370993920e-01  3.9714506148397568e+00  1.7875478760358660e-01
4.5599999999999497e+01  1.6571933065455092e-06  1.2371140233273237e-06  7.4656263736966511e-01  3.9862505494786604e+00  2.6880944033120241e-01
4.6399999999999302e+01  2.8962772432220601e-06  2.1640788312767326e-06  7.4720799146123962e-01  3.9888319658449585e+00  3.1627321723149865e-01
4.7199999999999200e+01  4.1607203483321508e-06  3.1092148257113634e-06  7.4728333235675581e-01  3.9891333294270233e+00  3.7601376896316924e-01
4.7999999999998998e+01  5.3764962369300011e-06  4.0213484513449961e-06  7.4796087536774225e-01  3.9918435014709690e+00  4.0153394159985684e-01
4.8799999999998903e+01  5.5384237244590252e-06  4.1480304644139648e-06  7.4894429060750878e-01  3.9957771624300351e+00  3.7498859105614440e-01
4.9599999999998701e+01  4.5447742295330646e-06  3.4067115552978092e-06  7.4960717985008851e-01  3.9984287194003540e+00  3.1766150943137844e-01
5.0399999999998499e+01  3.0314520404928383e-06  2.2718994418188202e-06  7.4992142749647539e-01  3.9996857099859016e+00  2.0088499078678526e-01
5.1199999999998397e+01  1.5563817564960125e-06  1.1648959420317783e-06  7.5349515599835648e-01  4.0139806239934259e+00  2.4549742793424231e-01
5.1999999999998202e+01  1.1338334501330916e-06  8.4530920064972223e-07  7.4396586517727359e-01  3.9758634607090944e+00  4.4165360062278280e-02
5.2799999999998100e+01  1.7308906530480322e-06  1.2937500127400206e-06  7.5154058994171113e-01  4.0061623597668445e+00  7.5908176605700173e-01
5.3599999999997898e+01  3.1298933949481232e-06  2.3408205308926485e-06  7.4501779891509545e-01  3.9800711956603818e+00  7.4470860874730815e-01
5.4399999999997704e+01  4.1045698583181204e-06  3.0740141347552751e-06  7.4834248212028709e-01  3.9933699284811484e+00  6.2186247716313570e-01
5.5199999999997601e+01  3.8113968065634943e-06  2.8557680958757959e-06  7.4842885169810036e-01  3.9937154067924014e+00  7.0225312553145702e-01
5.5999999999997399e+01  3.7148432580211758e-06  2.7821606302474407e-06  7.4721727498561286e-01  3.9888690999424514e+00  6.9529024463903955e-01
5.6799999999997297e+01  3.9354217276687386e-06  2.9459946202452243e-06  7.4786680834880614e-01  3.9914672333952246e+00  5.4227737567411993e-01
5.7599999999997102e+01  3.3847898523310732e-06  2.5341160519810500e-06  7.4858659525292681e-01  3.9943463810117072e+00  4.5560947331036394e-01
5.8399999999997000e+01  2.1324660729776819e-06  1.5959683133623281e-06  7.4848378116937231e-01  3.9939351246774892e+00  4.2969210677086239e-01
5.9199999999996798e+01  1.5005137880562122e-06  1.1216742186570380e-06  7.4753609069394567e-01  3.9901443627757827e+00  2.6275730177116130e-01
5.9999999999996597e+01  1.6003260512746472e-06  1.1958204705835203e-06  7.4945222168039949e-01  3.9978088867215980e+00  2.4073940331490123e-01
6.0799999999996501e+01  2.0410312819220241e-06  1.5231163906627578e-06  7.4064972224655490e-01  3.9625988889862196e+00  3.1454077175547418e-01
6.1599999999996299e+01  2.8097571499381661e-06  2.0973774572814092e-06  7.4642364842286946e-01  3.9856945936914778e+00  3.2355575833411143e-01
6.2399999999996197e+01  2.3477087618464471e-06  1.7578627779775303e-06  7.5012731145524136e-01  4.0005092458209655e+00  6.7087465222617404e-01
6.3199999999996002e+01  1.4941341374417449e-06  1.1180808302473849e-06  7.4404966884260526e-01  3.9761986753704210e+00  7.8580036965994071e-01
6.3999999999995801e+01  1.8699874944830811e-06  1.3977159594076032e-06  7.4748967981893277e-01  3.9899587192757311e+00  5.1602493975749619e-01
6.4799999999996203e+01  2.3605073112889310e-06  1.7663465758050387e-06  7.4839710654614333e-01  3.9935884261845733e+00  6.0878430492541757e-01
6.5599999999996697e+01  2.2067966810781514e-06  1.6539303375991424e-06  7.4864749892511417e-01  3.9945899957004567e+00  6.2534882529841984e-01
6.6399999999997107e+01  1.7299969165348973e-06  1.2965476598820539e-06  7.4908165130126303e-01  3.9963266052050521e+00  4.7042753709411889e-01
6.7199999999997502e+01  1.7966321242900784e-06  1.3450632011558882e-06  7.4863868400246569e-01  3.9945547360098628e+00  3.5686226242925989e-01
6.7999999999997897e+01  2.3021596264366095e-06  1.7225968475362137e-06  7.4823287140988048e-01  3.9929314856395219e+00  3.5714394554866469e-01
6.8799999999998306e+01  2.6289837623497178e-06  1.9683797076344580e-06  7.4875642479944815e-01  3.9950256991977926e+00  3.1776917826754264e-01
6.9599999999998701e+01  2.1115019493755683e-06  1.5818564474318777e-06  7.5028695545501223e-01  4.0011478218200489e+00  1.0618444913307291e-01
7.0399999999999096e+01  1.2123441713831308e-06  9.0698303211808881e-07  6.5517376760140955e-01  3.6206950704056382e+00  9.1460289217359569e-01
7.1199999999999505e+01  1.1534011453866352e-06  8.6215884147595402e-07  7.4847241630148065e-01  3.9938896652059226e+00  5.0115244467141673e-01
7.1999999999999901e+01  1.6646983929073292e-06  1.2471142559993651e-06  7.3641520719427489e-01  3.9456608287770996e+00  9.3721739073786126e-01
7.2800000000000296e+01  1.5485592198483707e-06  1.1612784988163002e-06  7.4881450298807728e-01  3.9952580119523091e+00  7.0085152903555814e-01
7.3600000000000705e+01  1.1957440847079155e-06  8.9610359088937621e-07  7.4932088705861044e-01  3.9972835482344418e+00  7.4304212815960125e-01
7.4400000000001199e+01  1.2946847311726813e-06  9.6941523676025716e-07  7.4754499521880990e-01  3.9901799808752396e+00  8.1022167666594713e-01
7.5200000000001594e+01  1.5493032919653949e-06  1.1595690889545712e-06  7.4741303700330941e-01  3.9896521480132376e+00  7.2052415761007826e-01
7.6000000000002004e+01  1.7002982123949216e-06  1.2719206661743124e-06  7.4768478335634003e-01  3.9907391334253601e+00  6.3499105970179526e-01
7.6800000000002399e+01  1.8283474619474043e-06  1.3671566859182942e-06  7.4746296701019022e-01  3.9898518680407609e+00  5.6207812666306556e-01
7.7600000000002794e+01  2.0162197093532912e-06  1.5079554615399940e-06  7.4776380357266126e-01  3.9910552142906450e+00  4.2473416618555410e-01
7.8400000000003203e+01  1.7600967702239591e-06  1.3179826509803528e-06  7.4920648412010427e-01  3.9968259364804171e+00  2.0203661227330719e-01
7.9200000000003598e+01  9.6458644715942548e-07  7.2232444639602793e-07  7.6003466229047101e-01  4.0401386491618840e+00  5.2082557591087575e-01
8.0000000000003993e+01  8.7632148486659399e-07  6.5409057546048059e-07  7.4564100979751691e-01  3.9825640391900676e+00  1.8923228903182487e-01
8.0800000000004403e+01  1.0881488061874251e-06  8.1393904408430574e-07  7.4804056192178281e-01  3.9921622476871312e+00  4.7564670152396338e-01
8.1600000000004798e+01  7.3975950763578109e-07  5.5398025080518131e-07  7.4887279650398431e-01  3.9954911860159372e+00  5.3207274220262268e-01
8.2400000000005207e+01  4.7482959198853109e-07  3.5507858216103729e-07  7.4859790507202706e-01  3.9943916202881082e+00  6.8591809351921562e-01
8.3200000000005701e+01  5.6003854100105729e-07  4.1880773790738423e-07  7.5271149980415497e-01  4.0108459992166203e+00  9.4242133787958182e-01
8.4000000000006096e+01  7.6261997682593129e-07  5.7068415277490661e-07  7.4621821283119116e-01  3.9848728513247647e+00  8.0681492241057240e-01
8.4800000000006506e+01  1.0968959724226731e-06  8.2031295788385251e-07  7.4725640156398820e-01  3.9890256062559528e+00  6.0527559888420079e-01
8.5600000000006901e+01  1.6747892106081757e-06  1.2526991625658375e-06  7.4775710036961329e-01  3.9910284014784532e+00  4.9605622761613283e-01
8.6400000000007296e+01  2.0550878926355972e-06  1.5385605824460149e-06  7.4850296383447212e-01  3.9940118553378885e+00  4.1472213919435874e-01
8.7200000000007705e+01  1.7644573609967068e-06  1.3220309730228191e-06  7.4936109701442077e-01  3.9974443880576831e+00  2.8959713099939088e-01
8.8000000000008100e+01  1.1540667112936732e-06  8.6491428393087302e-07  7.4998373746784519e-01  3.9999349498713808e+00  1.2171953633261606e-01
8.8800000000008495e+01  6.8386552308501734e-07  5.1225055035874273e-07  7.5038853765373736e-01  4.0015541506149495e+00  8.1229394118506076e-02
8.9600000000008905e+01  4.3121320411061910e-07  3.2257254979175594e-07  7.5361470870458269e-01  4.0144588348183312e+00  5.6493134512004661e-01
9.0400000000009300e+01  3.4736840000242292e-07  2.5969445368776971e-07  7.4625520594635231e-01  3.9850208237854092e+00  2.7542935943882607e-01
9.1200000000009794e+01  3.4169947846164625e-07  2.5570824359207665e-07  7.4827398678918478e-01  3.9930959471567391e+00  2.9394803258335905e-01
9.2000000000010203e+01  4.3614741935200800e-07  3.2623229581770389e-07  7.5001233244118937e-01  4.0000493297647575e+00  7.2856590549889555e-01
9.2800000000010598e+01  7.7820598404610170e-07  5.8183065731847106e-07  7.4259674669498543e-01  3.9703869867799417e+00  9.2729017033563987e-01
9.3600000000010994e+01  1.2380017268849711e-06  9.2614309401560114e-07  7.4755324754058017e-01  3.9902129901623207e+00  7.9614110642082048e-01
9.4400000000011403e+01  1.5233547929852022e-06  1.1402081008676424e-06  7.4769106412872666e-01  3.9907642565149066e+00  7.4783137784994824e-01
9.5200000000011798e+01  1.4930744086749343e-06  1.1179469515191811e-06  7.4776868550668674e-01  3.9910747420267469e+00  6.7547940588256983e-01
9.6000000000012193e+01  1.1876897777818556e-06  8.8951745866582161e-07  7.4843057888438569e-01  3.9937223155375428e+00  5.5538287529912089e-01
9.6800000000012602e+01  8.1467696444613912e-07  6.1016291607576736e-07  7.4884436415082378e-01  3.9953774566032951e+00  4.1954179311339224e-01
9.7600000000012997e+01  5.8928232301663335e-07  4.4101490106659071e-07  7.4850369533528727e-01  3.9940147813411491e+00  2.5995949645629324e-01
9.8400000000013407e+01  6.0527060833464848e-07  4.5241726402069820e-07  7.4852476574343696e-01  3.9940990629737478e+00  2.8514363699458228e-02
9.9200000000013802e+01  7.7701011721667028e-07  5.8065727020442749e-07  7.5364251536854154e-01  4.0145700614741662e+00  5.6417235003616917e-01
1.0000000000001400e+02  7.9151631364520686e-07  5.9179361613333307e-07  7.4185650475791354e-01  3.9674260190316541e+00  4.5094895165816723e-01
1.0080000000001500e+02  5.9005624567247361e-07  4.4129167614732401e-07  7.4710708451079311e-01  3.9884283380431724e+00  1.7665506661114788e-01
1.0160000000001500e+02  4.6564876414066534e-07  3.4839438807178260e-07  7.4938183052212937e-01  3.9975273220885175e+00  6.2123711942083548e-01
1.0240000000001500e+02  4.8437746212312858e-07  3.6253990151182440e-07  7.5273850042704771e-01  4.0109540017081908e+00  9.3409344519112625e-01
1.0320000000001600e+02  5.7847694610496206e-07  4.3284588329492381e-07  7.4727026793966966e-01  3.9890810717586787e+00  8.9561281298906448e-01
1.0400000000001600e+02  6.7202632970484109e-07  5.0281833032339186e-07  7.4749438541914337e-01  3.9899775416765735e+00  7.7778086069283925e-01
1.0480000000001699e+02  7.0331019628564369e-07  5.2644058582930169e-07  7.4791739224912124e-01  3.9916695689964850e+00  6.2203451050142311e-01
1.0560000000001700e+02  7.6900078974409882e-07  5.7575584616384643e-07  7.4845539273537942e-01  3.9938215709415177e+00  4.7316765695953805e-01
1.0640000000001800e+02  9.8457124308264674e-07  7.3699062937943644e-07  7.4843495893983392e-01  3.9937398357593357e+00  4.0780812212459994e-01
1.0720000000001799e+02  1.2725712148012388e-06  9.5240628842595659e-07  7.4835378210946490e-01  3.9934151284378596e+00  3.6466791301370038e-01
1.0800000000001801e+02  1.2825636253904677e-06  9.6008180198470870e-07  7.4882292090028413e-01  3.9952916836011365e+00  2.3354992995365220e-01
1.0880000000001900e+02  8.9385996759046632e-07  6.6936041828277548e-07  7.5039047813386972e-01  4.0015619125354789e+00  9.2705404975811548e-02
1.0960000000001899e+02  4.4992681232941242e-07  3.3702680586453884e-07  7.3076580459022977e-01  3.9230632183609191e+00  7.9015675618017023e-01
1.1040000000002000e+02  2.3076523254659000e-07  1.7267278017673750e-07  7.4794438692016196e-01  3.9917775476806479e+00  2.6427189847099308e-01
1.1120000000002000e+02  2.2632211863946404e-07  1.6934655652709224e-07  7.4838242973289648e-01  3.9935297189315859e+00  7.2338163454952320e-01
1.1200000000001999e+02  3.2388278009833686e-07  2.4248020740608617e-07  7.4735803499297804e-01  3.9894321399719122e+00  8.6350741027174494e-01
1.1280000000002100e+02  4.8358252368700157e-07  3.6189216142336615e-07  7.5147977914510045e-01  4.0059191165804018e+00  9.2921979390617482e-01
1.1360000000002100e+02  6.5418835836521227e-07  4.8942573768367153e-07  7.4336768964400912e-01  3.9734707585760365e+00  9.1075361696345636e-01
1.1440000000002200e+02  8.2423943641032096e-07  6.1681317262790054e-07  7.4746208640233780e-01  3.9898483456093512e+00  7.5367760691771801e-01
1.1520000000002200e+02  9.9477526511014451e-07  7.4453491339310200e-07  7.4812250728844076e-01  3.9924900291537631e+00  6.6525272252293477e-01
1.1600000000002200e+02  1.1147482309235229e-06  8.3394766214228615e-07  7.4771695199016031e-01  3.9908678079606412e+00  5.9047666806449950e-01
1.1680000000002300e+02  1.0401776714469408e-06  7.7799915932720737e-07  7.4769255314102689e-01  3.9907702125641076e+00  4.5349096036922604e-01
1.1760000000002300e+02  7.2837795555571699e-07  5.4519578102009240e-07  7.4898436638384536e-01  3.9959374655353814e+00  1.9266910258060702e-01
1.1840000000002399e+02  4.2531444525837175e-07  3.1846925319410677e-07  7.5571528324154880e-01  4.0228611329661952e+00  4.1755124416372491e-01
1.1920000000002400e+02  3.1296733013297351e-07  2.3404616261317460e-07  7.4212684093089876e-01  3.9685073637235950e+00  3.7454189343591582e-01
1.2000000000002400e+02  3.1290543227912638e-07  2.3398502156781408e-07  7.4752043564439352e-01  3.9900817425775741e+00  1.0111030513595624e-01
1.2080000000002499e+02  3.5903185583265484e-07  2.6855097224512735e-07  7.4840749208565716e-01  3.9936299683426286e+00  4.3606494570018828e-03
1.2160000000002501e+02  3.8476778820383212e-07  2.8771559851130080e-07  7.4756713246697437e-01  3.9902685298678975e+00  2.5287162963934579e-01
1.2240000000002600e+02  3.7738918100635885e-07  2.8167114652857702e-07  7.4824158071152014e-01  3.9929663228460806e+00  6.1935424500571823e-01
1.2320000000002599e+02  4.3382691355969845e-07  3.2378463667895841e-07  7.2424510189740365e-01  3.8969804075896146e+00  9.7258486101439257e-01
1.2400000000002700e+02  5.8498334536078749e-07  4.3753371663325666e-07  7.4691652954072829e-01  3.9876661181629132e+00  7.2117797352451085e-01
1.2480000000002700e+02  7.7656364507244858e-07  5.8161912909384988e-07  7.4831815151780057e-01  3.9932726060712023e+00  6.0391197498220384e-01
1.2560000000002699e+02  9.0339129275830822e-07  6.7706144668131260e-07  7.4914547897627037e-01  3.9965819159050815e+00  4.8561739724658742e-01
1.2640000000002800e+02  8.3976888715020392e-07  6.2937936970276744e-07  7.4945168456364752e-01  3.9978067382545901e+00  3.4284883149424189e-01
1.2720000000002800e+02  6.2093604460745936e-07  4.6488350684188095e-07  7.4874051080107362e-01  3.9949620432042945e+00  2.2765399064691286e-01
1.2800000000002899e+02  4.5867351363999078e-07  3.4307203362918468e-07  7.4810592355140448e-01  3.9924236942056179e+00  1.7472029210781506e-01
1.2880000000002801e+02  4.5413004054179297e-07  3.3997848083425265e-07  7.4993435121215390e-01  3.9997374048486156e+00  7.8526234675074177e-02
1.2960000000002699e+02  4.7789025576570955e-07  3.5793963727347771e-07  7.5413497597779999e-01  4.0165399039112000e+00  2.2714212305122958e-01
1.3040000000002601e+02  3.5441321800635310e-07  2.6543664867943058e-07  7.3775856948031537e-01  3.9510342779212615e+00  6.5649143229341655e-01
1.3120000000002599e+02  2.3851156126643901e-07  1.7904300919903009e-07  7.5072349947796846e-01  4.0028939979118743e+00  3.8365581350418826e-01
1.3200000000002501e+02  3.3584887078595135e-07  2.5199151608761673e-07  7.4924727956424042e-01  3.9969891182569617e+00  9.1705432513211871e-01
1.3280000000002400e+02  5.0373960101576140e-07  3.7715082272677140e-07  7.5718855587984479e-01  4.0287542235193792e+00  9.1962260760916681e-01
1.3360000000002299e+02  6.6335081927490727e-07  4.9602313715265520e-07  7.4920223017294352e-01  3.9968089206917741e+00  9.0495979158114492e-01
1.3440000000002300e+02  7.3597224524160411e-07  5.5057817763902844e-07  7.4391904141292797e-01  3.9756761656517119e+00  8.1086078307907417e-01
1.3520000000002199e+02  6.4799347126585877e-07  4.8541906911071512e-07  7.4668619743440345e-01  3.9867447897376138e+00  6.4539123331796378e-01
1.3600000000002100e+02  5.1935399056997379e-07  3.8955874400155568e-07  7.4952228280408284e-01  3.9980891312163314e+00  5.1307181242823685e-01
1.3680000000002099e+02  5.0610449960719708e-07  3.7888745997151981e-07  7.4889964754726335e-01  3.9955985901890534e+00  4.5608737788715148e-01
1.3760000000002000e+02  6.0899867232043157e-07  4.5449749820151113e-07  7.4636765372445713e-01  3.9854706148978285e+00  3.5962063369072389e-01
1.3840000000001899e+02  6.1923236785103224e-07  4.6216639585661571e-07  7.4652462073975689e-01  3.9860984829590276e+00  1.0135346092541257e-01
1.3920000000001801e+02  4.8412415417862888e-07  3.6180939380602586e-07  7.5972314686280773e-01  4.0388925874512314e+00  6.4014291575159266e-01
1.4000000000001799e+02  3.6783207058417943e-07  2.7483585071635622e-07  7.4304435030303861e-01  3.9721774012121545e+00  1.0336790152263926e-01
1.4080000000001701e+02  2.6314226927247275e-07  1.9677221807157130e-07  7.4750906176221521e-01  3.9900362470488608e+00  2.9063139232503099e-01
1.4160000000001600e+02  2.0334916118086751e-07  1.5229616746198058e-07  7.4963647692091750e-01  3.9985459076836700e+00  4.8632419289347351e-01
1.4240000000001501e+02  2.5406089137365772e-07  1.9013423589269494e-07  7.4994222161990276e-01  3.9997688864796110e+00  6.2874746061579379e-01
1.4320000000001500e+02  3.4669142921279277e-07  2.5898086373309035e-07  7.4840437500627310e-01  3.9936175000250924e+00  7.9358217257868779e-01
1.4400000000001401e+02  3.7560314746218610e-07  2.8062828767171674e-07  7.5498269877207758e-01  4.0199307950883103e+00  9.0188365918915181e-01
1.4480000000001300e+02  4.5463184940308368e-07  3.4026631193926766e-07  7.4944940330260246e-01  3.9977976132104098e+00  6.0967646530413300e-01
1.4560000000001301e+02  6.2327052586922536e-07  4.6611918487069471e-07  7.4716930113311442e-01  3.9886772045324577e+00  5.0385718274182967e-01
1.4640000000001200e+02  7.6858629888668996e-07  5.7496275960099138e-07  7.4692179647304824e-01  3.9876871858921930e+00  4.7891148497509634e-01
1.4720000000001099e+02  7.7111979080709346e-07  5.7830306307004913e-07  7.4973639971290851e-01  3.9989455988516340e+00  3.7766947425675429e-01
1.4800000000001000e+02  6.2208341097481994e-07  4.6763157494681349e-07  7.5183635923334158e-01  4.0073454369333668e+00  1.5119224881027463e-01
1.4880000000000999e+02  4.0097368776754981e-07  3.0103131512712699e-07  7.5045632302823084e-01  4.0018252921129234e+00  2.0966897773663326e-01
1.4960000000000900e+02  2.1134551142440167e-07  1.5772217127827044e-07  7.5138295656858400e-01  4.0055318262743356e+00  7.7542039117889050e-01
1.5040000000000799e+02  1.2743796656501715e-07  9.4675519853423476e-08  7.3686811122441442e-01  3.9474724448976577e+00  5.3248767117233964e-01
1.5120000000000701e+02  1.3578919882076037e-07  1.0137276252795377e-07  7.4625741787400024e-01  3.9850296714960010e+00  4.0194208261269083e-03
1.5200000000000699e+02  2.1724703944922103e-07  1.6324063961354939e-07  7.5147231829573224e-01  4.0058892731829285e+00  4.5509061617421853e-01
1.5280000000000601e+02  3.5919816859584730e-07  2.6964574966614284e-07  7.5563447117681581e-01  4.0225378847072637e+00  8.3357306744158999e-01
1.5360000000000500e+02  4.9139019003171340e-07  3.6735739230604104e-07  7.4535755283801230e-01  3.9814302113520492e+00  8.6663729021645264e-01
1.5440000000000501e+02  5.5249542779589771e-07  4.1272688301963479e-07  7.4915014122389534e-01  3.9966005648955814e+00  7.4898523801961725e-01
1.5520000000000400e+02  5.9751511587877993e-07  4.4748319926067539e-07  7.4970469842768228e-01  3.9988187937107291e+00  7.2097416133310099e-01
1.5600000000000301e+02  6.1638165855250837e-07  4.6217936043094578e-07  7.4784270126499353e-01  3.9913708050599741e+00  6.5163468025962179e-01
1.5680000000000200e+02  5.0802594568133047e-07  3.8007989980780527e-07  7.4690060117999368e-01  3.9876024047199747e+00  4.9946719423949965e-01
1.5760000000000201e+02  3.3835319562527269e-07  2.5283720173502194e-07  7.4731038011289708e-01  3.9892415204515883e+00  2.6828503701959566e-01
1.5840000000000100e+02  2.6240202079790921e-07  1.9661520164452267e-07  7.4775349223104726e-01  3.9910139689241890e+00  1.9668826870211670e-02
1.5919999999999999e+02  2.9133692828951505e-07  2.1823663414486534e-07  7.4831486580095952e-01  3.9932594632038381e+00  2.6190263984658646e-01
1.5999999999999901e+02  3.2605798262826581e-07  2.4355744713152060e-07  7.5856405735164079e-01  4.0342562294065631e+00  6.8941834297974969e-01
1.6079999999999899e+02  3.0861399346411660e-07  2.3006893953883666e-07  7.3966244499029932e-01  3.9586497799611973e+00  2.6617176797759701e-01
1.6159999999999800e+02  2.9252230432121381e-07  2.1833898711552189e-07  7.4619043166561450e-01  3.9847617266624580e+00  3.0050097397839542e-01
1.6239999999999699e+02  2.5845617049464509e-07  1.9367443356906834e-07  7.5090074196556977e-01  4.0036029678622791e+00  6.3383230413992875e-01
1.6319999999999700e+02  2.3227346236936461e-07  1.7433106465622607e-07  7.5615961031026568e-01  4.0246384412410627e+00  9.1453214489915013e-01
1.6399999999999599e+02  2.7250910778933988e-07  2.0386490667237712e-07  7.4725670210244521e-01  3.9890268084097809e+00  8.8871749006852097e-01
1.6479999999999501e+02  3.4074815113813831e-07  2.5426157202428056e-07  7.4656804877222194e-01  3.9862721950888877e+00  7.7919283838387488e-01
1.6559999999999400e+02  3.7964893249011378e-07  2.8381251142876681e-07  7.4776877164136069e-01  3.9910750865654427e+00  6.3751074215086734e-01
1.6639999999999401e+02  4.2814924207872619e-07  3.2104353372327246e-07  7.4954644304268037e-01  3.9981857721707215e+00  4.8102166956026143e-01
1.6719999999999300e+02  5.1109774397546541e-07  3.8311491250117539e-07  7.4938728951560696e-01  3.9975491580624278e+00  3.7861536590355116e-01
1.6799999999999201e+02  5.6317533113361283e-07  4.2146632117237038e-07  7.4852186947556842e-01  3.9940874779022737e+00  2.9940324579740657e-01
1.6879999999999100e+02  5.0886303509968537e-07  3.8097577764527546e-07  7.4900946093483878e-01  3.9960378437393551e+00  1.5695657098910989e-01
1.6959999999999101e+02  3.5889258712285204e-07  2.6918620159744985e-07  7.5040276985917931e-01  4.0016110794367172e+00  1.6185640411490795e-01
1.7039999999999000e+02  2.0894337876986911e-07  1.5651116726414520e-07  7.4122904471662210e-01  3.9649161788664884e+00  7.6540130465094280e-01
1.7119999999998899e+02  1.4082465290752301e-07  1.0502323506948916e-07  7.4590168925057454e-01  3.9836067570022982e+00  1.7774132210718163e-01
1.7199999999998900e+02  1.4260567647770034e-07  1.0641275868106932e-07  7.4553722908422471e-01  3.9821489163368988e+00  5.6137854106283103e-01
1.7279999999998799e+02  1.7931984291328858e-07  1.3418863758700388e-07  7.4980168115512691e-01  3.9992067246205076e+00  7.3655397972610093e-01
1.7359999999998701e+02  2.5083448867420536e-07  1.8816718856163895e-07  7.5667073686794073e-01  4.0266829474717625e+00  8.7780526794821079e-01
1.7439999999998599e+02  3.5057539656990784e-07  2.6297719369039577e-07  7.4139113211450547e-01  3.9655645284580219e+00  9.2639380059574084e-01
1.7519999999998601e+02  4.4978866647229989e-07  3.3662638862871634e-07  7.4789637947894727e-01  3.9915855179157891e+00  7.6157111593138527e-01
1.7599999999998499e+02  5.0920413988826705e-07  3.8044837678991924e-07  7.4783853256110433e-01  3.9913541302444173e+00  6.5897724297010640e-01
1.7679999999998401e+02  5.1554774564417920e-07  3.8535376164695104e-07  7.4765177116019621e-01  3.9906070846407848e+00  5.6779178693235255e-01
1.7759999999998300e+02  4.6512569236368506e-07  3.4807362711923158e-07  7.4801458183636182e-01  3.9920583273454473e+00  4.2431462994523905e-01
1.7839999999998301e+02  3.5925625263110541e-07  2.6887483928262014e-07  7.4942339581188966e-01  3.9976935832475586e+00  1.8855165621778627e-01
1.7919999999998200e+02  2.4552222898408195e-07  1.8377655891835842e-07  7.5222987617327930e-01  4.0089195046931172e+00  2.2466097151727277e-01
1.7999999999998099e+02  1.8767803471532701e-07  1.4075764806868687e-07  7.2558670975287698e-01  3.9023468390115079e+00  9.4722442971384668e-01
1.8079999999998100e+02  1.8759605355068591e-07  1.4067845531876483e-07  7.4923057497797863e-01  3.9969222999119145e+00  3.9045476712422034e-01
1.8159999999998001e+02  2.0683072982688061e-07  1.5447429006325746e-07  7.4523956714709805e-01  3.9809582685883922e+00  9.9832751762021915e-02
1.8239999999997900e+02  2.1080525343933283e-07  1.5693997775692902e-07  7.4421342480896402e-01  3.9768536992358561e+00  2.4545241455482886e-01
1.8319999999997799e+02  2.1314699568031127e-07  1.5905735414347106e-07  7.4646615300238395e-01  3.9858646120095358e+00  6.0942422182935430e-01
1.8399999999997800e+02  2.4175049172933908e-07  1.8095893044117246e-07  7.6838416611849225e-01  4.0735366644739690e+00  9.5483534085702682e-01
1.8479999999997699e+02  3.0120774228972333e-07  2.2540463425786975e-07  7.4282935908325098e-01  3.9713174363330039e+00  7.9532122860894383e-01
1.8559999999997601e+02  3.8147763657808035e-07  2.8556816638953584e-07  7.4728963638613766e-01  3.9891585455445506e+00  6.6159874486270176e-01
1.8639999999997499e+02  4.3440409605595887e-07  3.2564413599942764e-07  7.4969761180893268e-01  3.9987904472357307e+00  5.5059114453674474e-01
1.8719999999997501e+02  4.0884040983566894e-07  3.0654990090695429e-07  7.4995426090587891e-01  3.9998170436235156e+00  4.3335296940197665e-01
1.8799999999997399e+02  3.3693909881213451e-07  2.5223919893018320e-07  7.4861977273259617e-01  3.9944790909303847e+00  3.2861694212958481e-01
1.8879999999997301e+02  2.9354426339340194e-07  2.1948002583750580e-07  7.4816793387806424e-01  3.9926717355122570e+00  2.4004685820919466e-01
1.8959999999997299e+02  2.9349681983127319e-07  2.1957294046770449e-07  7.5011092107192467e-01  4.0004436842876991e+00  9.8567312743457577e-02
1.9039999999997201e+02  2.7724359815817159e-07  2.0767313704244014e-07  7.5194590071282341e-01  4.0077836028512941e+00  2.1786398163903853e-01
1.9119999999997100e+02  2.0908661545890930e-07  1.5695989084577068e-07  7.5814038549143326e-01  4.0325615419657330e+00  7.5688070165653887e-01
1.9199999999996999e+02  1.5600663336133671e-07  1.1719628320313402e-07  7.5158459860290205e-01  4.0063383944116087e+00  1.8286363057949620e-01
1.9279999999997000e+02  1.7164886814766246e-07  1.2827264221226378e-07  7.4694809095643411e-01  3.9877923638257364e+00  6.4033124065563152e-01
1.9359999999996899e+02  2.3090025521578859e-07  1.7211320797850997e-07  7.4188049593792271e-01  3.9675219837516909e+00  8.9424865062797410e-01
1.9439999999996800e+02  2.9884653429009256e-07  2.2345108048119455e-07  7.4558753257960242e-01  3.9823501303184097e+00  9.5649334639551675e-01
1.9519999999996699e+02  3.3313964868136344e-07  2.5010785115800102e-07  7.4586747412964449e-01  3.9834698965185780e+00  8.5251435590114844e-01
1.9599999999996700e+02  3.1474884749237965e-07  2.3637316296770637e-07  7.4777263920505543e-01  3.9910905568202217e+00  7.4841474709022238e-01
1.9679999999996599e+02  2.9712436792935975e-07  2.2231797908944345e-07  7.4771679617766096e-01  3.9908671847106438e+00  6.3878742094508123e-01
1.9759999999996501e+02  3.2683150938654723e-07  2.4390988661006921e-07  7.4688731936802855e-01  3.9875492774721142e+00  5.3469154395847229e-01
1.9839999999996499e+02  3.6747132968667971e-07  2.7451040669674879e-07  7.4716697666014320e-01  3.9886679066405728e+00  4.1198430061361635e-01
1.9919999999996401e+02  3.4461141474466982e-07  2.5804275618243607e-07  7.4925276395607465e-01  3.9970110558242986e+00  2.0653013136760687e-01
1.9999999999996299e+02  2.7219634680894526e-07  2.0387185712693392e-07  7.5530073574931667e-01  4.0212029429972667e+00  2.0621995830341783e-01
2.0000999999996299e+02  2.7129134968708683e-07  2.0318964965597265e-07  7.5544372628231349e-01  4.0217749051292540e+00  2.1378896286066815e-01
