# downsampled to dt=0.5 from the every-step stream
   0.0066667    2.1371271576e-03    5.9822329753e-06   -4.2436689216e-04    4.5817059631e-04    3.0301918792e+00    9.7023726089e-01    8.5740442797e-01    0.0000000000e+00    9.9999999969e-01    0.0000000000e+00    1.7949608775e-03    6.3024589018e-06    9.5331903320e-01    8.5508874558e-01    2.3203801430e-02    0.0000000000e+00
   0.5066667    5.4703809423e-04    2.4742880485e-05   -1.8766114468e-04    1.1109869441e-04    3.7851178804e-01    7.1486649431e-01    5.5964617947e-01    0.0000000000e+00    9.9999999989e-01    0.0000000000e+00    8.1391076732e-05    2.5859587295e-05    1.4126756096e-01    5.5343377327e-01    2.3772646517e-03    0.0000000000e+00
   1.0066667    3.2338093734e-04    2.7843940726e-05   -1.0241344791e-04    1.0445086715e-04    2.3957459075e-01    5.0851423852e-01    5.8539990326e-01    0.0000000000e+00    9.9999999991e-01    0.0000000000e+00    8.4152020808e-05    2.8912209664e-05    1.4270209930e-01    5.7934826771e-01    1.8745735512e-03    0.0000000000e+00
   1.5066667    2.1070598061e-04    3.3324297872e-05   -1.1436910788e-04    1.1903971144e-04    1.8495777142e-01    3.4992310728e-01    5.7008876795e-01    0.0000000000e+00    9.9999999992e-01    0.0000000000e+00    9.5972429950e-05    3.5174828073e-05    1.5762211447e-01    5.6740642443e-01    2.6120452485e-03    0.0000000000e+00
   2.0066667    1.5363939441e-04    3.8636840938e-05   -1.2463862155e-04    1.3355027882e-04    1.4280074412e-01    2.5493589210e-01    5.6689522125e-01    0.0000000000e+00    9.9999999992e-01    0.0000000000e+00    1.1765780628e-04    4.0949223314e-05    1.8610672166e-01    5.6521427037e-01    3.2041056836e-03    0.0000000000e+00
   2.5066667    1.5574167757e-04    4.3683049853e-05   -1.3625975154e-04    1.4811271840e-04    1.3212304868e-01    2.5018430960e-01    5.3999114846e-01    0.0000000000e+00    9.9999999992e-01    0.0000000000e+00    1.4614179112e-04    4.6382813290e-05    2.2181184282e-01    5.3877806604e-01    3.7137257361e-03    0.0000000000e+00
   3.0066667    1.7635608772e-04    4.8466201043e-05   -1.4981382219e-04    1.6240317759e-04    1.3429354630e-01    2.7209626483e-01    5.4243326154e-01    0.0000000000e+00    9.9999999992e-01    0.0000000000e+00    1.7681600729e-04    5.1565722999e-05    2.5703347082e-01    5.4183489738e-01    4.3677550074e-03    0.0000000000e+00
   3.5066667    2.0100908999e-04    5.3116099675e-05   -1.6267889359e-04    1.7573551736e-04    1.3637266912e-01    2.9736928650e-01    5.4292598773e-01    0.0000000000e+00    9.9999999992e-01    0.0000000000e+00    2.0838444657e-04    5.6569410469e-05    2.8990904853e-01    5.4265017464e-01    4.9753965847e-03    0.0000000000e+00
   4.0066667    2.2853639997e-04    5.7620839675e-05   -1.7560243323e-04    1.8847342054e-04    1.3980149842e-01    3.2386749764e-01    5.3698773954e-01    0.0000000000e+00    9.9999999991e-01    0.0000000000e+00    2.4077420075e-04    6.1387131499e-05    3.2049639713e-01    5.3682341563e-01    5.6045629909e-03    0.0000000000e+00
   4.5066667    2.5835201218e-04    6.1945356477e-05   -1.8813774143e-04    2.0082503684e-04    1.4590353443e-01    3.5053516232e-01    5.2704535056e-01    0.0000000000e+00    9.9999999991e-01    0.0000000000e+00    2.7399510538e-04    6.6007421937e-05    3.4898426934e-01    5.2694397837e-01    6.2240265912e-03    0.0000000000e+00
   5.0066667    2.8970556113e-04    6.6085648040e-05   -2.0028082689e-04    2.1332201202e-04    1.5453274647e-01    3.7634469016e-01    5.0557807213e-01    0.0000000000e+00    9.9999999991e-01    0.0000000000e+00    3.0800875835e-04    7.0430030161e-05    3.7551305548e-01    5.0552410351e-01    6.8197972919e-03    0.0000000000e+00
   5.5066667    3.2212706513e-04    7.0048575582e-05   -2.1212066719e-04    2.2615960083e-04    1.6484636540e-01    4.0079653468e-01    4.8075256087e-01    0.0000000000e+00    9.9999999991e-01    0.0000000000e+00    3.4280397506e-04    7.4660493233e-05    4.0024951531e-01    4.8072846295e-01    7.4091968312e-03    0.0000000000e+00
   6.0066667    3.5540074952e-04    7.3839974864e-05   -2.2364008076e-04    2.3867115252e-04    1.7627851830e-01    4.2378080582e-01    4.6483075161e-01    0.0000000000e+00    9.9999999991e-01    0.0000000000e+00    3.7837825240e-04    7.8705170301e-05    4.2336681104e-01    4.6482157533e-01    7.9853611924e-03    0.0000000000e+00
   6.5066667    3.8945061069e-04    7.7466507475e-05   -2.3486421137e-04    2.5095692477e-04    1.8836330805e-01    4.4536058447e-01    4.5350723704e-01    0.0000000000e+00    9.9999999990e-01    0.0000000000e+00    4.1473616961e-04    8.2572181096e-05    4.4502722368e-01    4.5350389690e-01    8.5950960283e-03    0.0000000000e+00
   7.0066667    4.2424964525e-04    8.0937280113e-05   -2.4591595305e-04    2.6316593906e-04    2.0085850466e-01    4.6564755529e-01    4.3814041852e-01    0.0000000000e+00    9.9999999990e-01    0.0000000000e+00    4.5187611129e-04    8.6272245293e-05    4.6537282624e-01    4.3813889841e-01    9.2009552494e-03    0.0000000000e+00
   7.5066667    4.5977786358e-04    8.4259852945e-05   -2.5734050203e-04    2.7502757664e-04    2.1372595676e-01    4.8475507269e-01    4.2031997160e-01    0.0000000000e+00    9.9999999990e-01    0.0000000000e+00    4.8978432366e-04    8.9814022397e-05    4.8452600460e-01    4.2031900869e-01    9.7886366752e-03    0.0000000000e+00
   8.0066667    4.9601038037e-04    8.7436783488e-05   -2.6845510244e-04    2.8688348286e-04    2.2691749911e-01    5.0278767866e-01    4.0966871111e-01    0.0000000000e+00    9.9999999990e-01    0.0000000000e+00    5.2843655167e-04    9.3200464198e-05    5.0259476434e-01    4.0966799325e-01    1.0374367624e-02    0.0000000000e+00
   8.5066667    5.3292735745e-04    9.0470146911e-05   -2.7947498478e-04    2.9915286804e-04    2.4041304723e-01    5.1984057767e-01    4.1098757989e-01    0.0000000000e+00    9.9999999990e-01    0.0000000000e+00    5.6781288494e-04    9.6433845907e-05    5.1967646866e-01    4.1098702320e-01    1.0953175229e-02    0.0000000000e+00
   9.0066667    5.7051528521e-04    9.3366105322e-05   -2.9073132544e-04    3.1108627395e-04    2.5421930203e-01    5.3599349447e-01    4.2038963090e-01    0.0000000000e+00    9.9999999989e-01    0.0000000000e+00    6.0790000180e-04    9.9520751680e-05    5.3585254248e-01    4.2038920041e-01    1.1527873617e-02    0.0000000000e+00
   9.5066667    6.0874412819e-04    9.6132774809e-05   -3.0126949173e-04    3.2295586549e-04    2.6832637693e-01    5.5130267637e-01    4.3191437687e-01    0.0000000000e+00    9.9999999989e-01    0.0000000000e+00    6.4866680512e-04    1.0246983653e-04    5.5118054708e-01    4.3191405379e-01    1.2132308590e-02    0.0000000000e+00
  10.0066667    6.4760811958e-04    9.8777944762e-05   -3.1228320059e-04    3.3468319534e-04    2.8271723050e-01    5.6581755447e-01    4.4500285899e-01    0.0000000000e+00    9.9999999989e-01    0.0000000000e+00    6.9010793356e-04    1.0528940363e-04    5.6571093551e-01    4.4500259918e-01    1.2726348288e-02    0.0000000000e+00
  10.5066667    6.8708803882e-04    1.0130884393e-04   -3.2264735412e-04    3.4638879771e-04    2.9736988777e-01    5.7957534518e-01    4.5475415211e-01    0.0000000000e+00    9.9999999988e-01    0.0000000000e+00    7.3220349040e-04    1.0798715985e-04    5.7948166725e-01    4.5475395358e-01    1.3318487589e-02    0.0000000000e+00
  11.0066667    7.2715223602e-04    1.0372958213e-04   -3.3377699210e-04    3.5786245895e-04    3.1230523223e-01    5.9261451992e-01    4.5814654958e-01    0.0000000000e+00    9.9999999988e-01    0.0000000000e+00    7.7492003874e-04    1.1056748937e-04    5.9253168731e-01    4.5814646830e-01    1.3897834024e-02    0.0000000000e+00
  11.5066667    7.6778121967e-04    1.0604215403e-04   -3.4446295507e-04    3.6960876872e-04    3.2748430534e-01    6.0498821572e-01    4.5742841463e-01    0.0000000000e+00    9.9999999988e-01    0.0000000000e+00    8.1823729146e-04    1.1303251644e-04    6.0491462518e-01    4.5742835468e-01    1.4486579051e-02    0.0000000000e+00
  12.0066667    8.0894945964e-04    1.0825044977e-04   -3.5511293367e-04    3.8189894940e-04    3.4289670657e-01    6.1674832662e-01    4.5496284269e-01    0.0000000000e+00    9.9999999987e-01    0.0000000000e+00    8.6212814154e-04    1.1538639326e-04    6.1668261565e-01    4.5496279668e-01    1.5077800668e-02    0.0000000000e+00
  12.5066667    8.5063506623e-04    1.1035864800e-04   -3.6554877874e-04    3.9429259509e-04    3.5853647619e-01    6.2793304875e-01    4.5153400568e-01    0.0000000000e+00    9.9999999987e-01    0.0000000000e+00    9.0656941232e-04    1.1763357080e-04    6.2787408401e-01    4.5153441429e-01    1.5699471488e-02    0.0000000000e+00
  13.0066667    8.9281386533e-04    1.1237018845e-04   -3.7596180687e-04    4.0666442541e-04    3.7437648237e-01    6.3857093349e-01    4.4776765525e-01    0.0000000000e+00    9.9999999987e-01    0.0000000000e+00    9.5153592296e-04    1.1977770852e-04    6.3851794855e-01    4.4776876637e-01    1.6321131201e-02    0.0000000000e+00
  13.5066667    9.3546215111e-04    1.1428784789e-04   -3.8630594446e-04    4.1885835956e-04    3.9041269491e-01    6.4870193451e-01    4.4321084363e-01    0.0000000000e+00    9.9999999986e-01    0.0000000000e+00    9.9700204006e-04    1.2182177183e-04    6.4865410773e-01    4.4321235570e-01    1.6935649268e-02    0.0000000000e+00
  14.0066667    9.7855669847e-04    1.1611525149e-04   -3.9650497264e-04    4.3101760159e-04    4.0666251711e-01    6.5837293182e-01    4.3816866846e-01    0.0000000000e+00    9.9999999986e-01    0.0000000000e+00    1.0429429107e-03    1.2376958259e-04    6.5832950169e-01    4.3817237104e-01    1.7551092810e-02    0.0000000000e+00
  14.5066667    1.0220728417e-03    1.1785703631e-04   -4.0652811050e-04    4.4324703313e-04    4.2308437217e-01    6.6762104716e-01    4.3298098167e-01    0.0000000000e+00    9.9999999985e-01    0.0000000000e+00    1.0893333023e-03    1.2562611282e-04    6.6758170098e-01    4.3298479937e-01    1.8162915706e-02    0.0000000000e+00
  15.0066667    1.0659889839e-03    1.1951801935e-04   -4.1637849517e-04    4.5582631426e-04    4.3965343794e-01    6.7647344176e-01    4.2797347873e-01    0.0000000000e+00    9.9999999985e-01    0.0000000000e+00    1.1361496881e-03    1.2739644064e-04    6.7643772850e-01    4.2798201565e-01    1.8786640159e-02    0.0000000000e+00
  15.5066667    1.1102851312e-03    1.2110204193e-04   -4.2611939556e-04    4.6877993584e-04    4.5637041271e-01    6.8495065189e-01    4.2344171816e-01    0.0000000000e+00    9.9999999985e-01    0.0000000000e+00    1.1833697421e-03    1.2908467739e-04    6.8491785574e-01    4.2347835810e-01    1.9437649711e-02    0.0000000000e+00
  16.0066667    1.1549390802e-03    1.2261406466e-04   -4.3615494997e-04    4.8171282186e-04    4.7328829770e-01    6.9306311791e-01    4.1937280838e-01    0.0000000000e+00    9.9999999984e-01    0.0000000000e+00    1.2309699402e-03    1.3069553361e-04    6.9303265086e-01    4.1943534812e-01    2.0089430148e-02    0.0000000000e+00
  16.5066667    1.1999286786e-03    1.2405890313e-04   -4.4614305929e-04    4.9465346939e-04    4.9047238508e-01    7.0081458888e-01    4.1559766574e-01    0.0000000000e+00    9.9999999984e-01    0.0000000000e+00    1.2789264742e-03    1.3223404155e-04    7.0078587825e-01    4.1566748653e-01    2.0741974935e-02    0.0000000000e+00
  17.0066667    1.2452304855e-03    1.2543925436e-04   -4.5607032382e-04    5.0759423271e-04    5.0785752224e-01    7.0821249278e-01    4.1203142945e-01    0.0000000000e+00    9.9999999983e-01    0.0000000000e+00    1.3272149760e-03    1.3370382547e-04    7.0818519940e-01    4.1210516759e-01    2.1394908626e-02    0.0000000000e+00
  17.5066667    1.2908200957e-03    1.2675822760e-04   -4.6592823345e-04    5.2053391036e-04    5.2539652383e-01    7.1527546952e-01    4.0868592074e-01    0.0000000000e+00    9.9999999983e-01    0.0000000000e+00    1.3758099541e-03    1.3510799424e-04    7.1524942602e-01    4.0876419199e-01    2.2061247851e-02    0.0000000000e+00
  18.0066667    1.3366745704e-03    1.2801800641e-04   -4.7569202226e-04    5.3346339333e-04    5.4310547384e-01    7.2203298794e-01    4.0556358484e-01    0.0000000000e+00    9.9999999982e-01    0.0000000000e+00    1.4246863206e-03    1.3644913385e-04    7.2200788958e-01    4.0565999140e-01    2.2731247089e-02    0.0000000000e+00
  18.5066667    1.3827727608e-03    1.2922242790e-04   -4.8529813626e-04    5.4707876416e-04    5.6101912185e-01    7.2851980164e-01    4.0257704654e-01    0.0000000000e+00    9.9999999982e-01    0.0000000000e+00    1.4738205608e-03    1.3773075540e-04    7.2849515460e-01    4.0269803277e-01    2.3439229620e-02    0.0000000000e+00
  19.0066667    1.4290961850e-03    1.3037709358e-04   -4.9466865975e-04    5.6109118943e-04    5.7926109916e-01    7.3476740008e-01    3.9964733318e-01    0.0000000000e+00    9.9999999981e-01    0.0000000000e+00    1.5231916646e-03    1.3895820317e-04    7.3474248140e-01    3.9977430557e-01    2.4164062680e-02    0.0000000000e+00
  19.5066667    1.4756281997e-03    1.3148646047e-04   -5.0377418902e-04    5.7540530668e-04    5.9784632881e-01    7.4079805733e-01    3.9671610818e-01    0.0000000000e+00    9.9999999980e-01    0.0000000000e+00    1.5727809228e-03    1.4013662666e-04    7.4077202961e-01    3.9683613108e-01    2.4891546696e-02    0.0000000000e+00
  20.0066667    1.5223529392e-03    1.3255397685e-04   -5.1266434714e-04    5.8977009082e-04    6.1661397725e-01    7.4662289201e-01    3.9372560209e-01    0.0000000000e+00    9.9999999980e-01    0.0000000000e+00    1.6225709778e-03    1.4127002235e-04    7.4659493333e-01    3.9383306645e-01    2.5623735290e-02    0.0000000000e+00
  20.5066667    1.5692565972e-03    1.3358214095e-04   -5.2153152369e-04    6.0424854883e-04    6.3553411363e-01    7.5224486704e-01    3.9065003832e-01    0.0000000000e+00    9.9999999979e-01    0.0000000000e+00    1.6725455244e-03    1.4236161114e-04    7.5221395044e-01    3.9074606139e-01    2.6369951843e-02    0.0000000000e+00
  21.0066667    1.6163266861e-03    1.3457361064e-04   -5.3047407761e-04    6.1899948146e-04    6.5473253036e-01    7.5766401135e-01    3.8749600091e-01    0.0000000000e+00    9.9999999978e-01    0.0000000000e+00    1.7226884937e-03    1.4341466257e-04    7.5762872383e-01    3.8759123697e-01    2.7121406537e-02    0.0000000000e+00
  21.5066667    1.6635495456e-03    1.3553221095e-04   -5.3936736594e-04    6.3374249730e-04    6.7425469939e-01    7.6288061382e-01    3.8429205520e-01    0.0000000000e+00    9.9999999978e-01    0.0000000000e+00    1.7729833198e-03    1.4443299003e-04    7.6283935876e-01    3.8439507598e-01    2.7938106689e-02    0.0000000000e+00
  22.0066667    1.7109095318e-03    1.3646221852e-04   -5.4821651497e-04    6.5216115614e-04    6.9408037968e-01    7.6789932006e-01    3.8107946011e-01    0.0000000000e+00    9.9999999977e-01    0.0000000000e+00    1.8234130950e-03    1.4542089161e-04    7.6785065994e-01    3.8118753020e-01    2.8770209396e-02    0.0000000000e+00
  22.5066667    1.7583895493e-03    1.3736671574e-04   -5.5701575549e-04    6.7640391160e-04    7.1417642023e-01    7.7273072255e-01    3.7788216843e-01    0.0000000000e+00    9.9999999976e-01    0.0000000000e+00    1.8739611371e-03    1.4638191332e-04    7.7267365768e-01    3.7800075495e-01    2.9857408704e-02    0.0000000000e+00
  23.0066667    1.8059709622e-03    1.3824900835e-04   -5.6573004460e-04    7.0120770251e-04    7.3451414775e-01    7.7738886669e-01    3.7473274726e-01    0.0000000000e+00    9.9999999975e-01    0.0000000000e+00    1.9246112639e-03    1.4731942323e-04    7.7732311911e-01    3.7487140049e-01    3.1063946274e-02    0.0000000000e+00
  23.5066667    1.8536359715e-03    1.3911410381e-04   -5.7429459442e-04    7.2798824208e-04    7.5510359611e-01    7.8188834582e-01    3.7164471560e-01    0.0000000000e+00    9.9999999975e-01    0.0000000000e+00    1.9753486393e-03    1.4823813732e-04    7.8181432690e-01    3.7179467711e-01    3.2335853538e-02    0.0000000000e+00
  24.0066667    1.9013702109e-03    1.3996704711e-04   -5.8266673515e-04    7.5550510704e-04    7.7588361752e-01    7.8624058219e-01    3.6862565158e-01    0.0000000000e+00    9.9999999974e-01    0.0000000000e+00    2.0261605693e-03    1.4914362719e-04    7.8615906822e-01    3.6877113602e-01    3.3707687648e-02    0.0000000000e+00
  24.5066667    1.9491614108e-03    1.4081240718e-04   -5.9085430851e-04    7.8400521554e-04    7.9681328321e-01    7.9045215859e-01    3.6567694407e-01    0.0000000000e+00    9.9999999973e-01    0.0000000000e+00    2.0770359408e-03    1.5004088304e-04    7.9036414217e-01    3.6580858504e-01    3.5130220237e-02    0.0000000000e+00
  25.0066667    1.9969970912e-03    1.4165391160e-04   -5.9891994761e-04    8.1395031032e-04    8.1779031716e-01    7.9452620118e-01    3.6279000596e-01    0.0000000000e+00    9.9999999972e-01    0.0000000000e+00    2.1279645982e-03    1.5093415280e-04    7.9443301844e-01    3.6290640997e-01    3.6603494677e-02    0.0000000000e+00
  25.5066667    2.0448659538e-03    1.4249303975e-04   -6.0701643752e-04    8.4625141735e-04    8.3874833458e-01    7.9846615448e-01    3.5996191995e-01    0.0000000000e+00    9.9999999971e-01    0.0000000000e+00    2.1789375435e-03    1.5182612756e-04    7.9836941837e-01    3.6006858819e-01    3.8187105852e-02    0.0000000000e+00
  26.0066667    2.0927583536e-03    1.4333410328e-04   -6.1499085311e-04    8.7973907238e-04    8.5968193091e-01    8.0227625288e-01    3.5720089637e-01    0.0000000000e+00    9.9999999970e-01    0.0000000000e+00    2.2299463790e-03    1.5272003838e-04    8.0217766019e-01    3.5729650321e-01    3.9855805221e-02    0.0000000000e+00
  26.5066667    2.1406669438e-03    1.4418487505e-04   -6.2284882454e-04    9.1396390078e-04    8.8058224166e-01    8.0596293739e-01    3.5450941246e-01    0.0000000000e+00    9.9999999969e-01    0.0000000000e+00    2.2809839919e-03    1.5362300940e-04    8.0586410718e-01    3.5458923814e-01    4.1592601039e-02    0.0000000000e+00
  27.0066667    2.1885875219e-03    1.4504890056e-04   -6.3059257937e-04    9.4926200925e-04    9.0140228782e-01    8.0953474205e-01    3.5184387325e-01    0.0000000000e+00    9.9999999968e-01    0.0000000000e+00    2.3320459578e-03    1.5454203896e-04    8.0943714121e-01    3.5191011720e-01    4.3394072008e-02    0.0000000000e+00
  27.5066667    2.2365168792e-03    1.4592994467e-04   -6.3821017279e-04    9.8575280384e-04    9.2216922850e-01    8.1300273159e-01    3.4918062951e-01    0.0000000000e+00    9.9999999967e-01    0.0000000000e+00    2.3831296717e-03    1.5547868998e-04    8.1290777765e-01    3.4923240782e-01    4.5249358877e-02    0.0000000000e+00
  28.0066667    2.2844516597e-03    1.4683079192e-04   -6.4583068717e-04    1.0236856202e-03    9.4263394895e-01    8.1637642129e-01    3.4652447405e-01    0.0000000000e+00    9.9999999966e-01    0.0000000000e+00    2.4342332617e-03    1.5643747670e-04    8.1628558268e-01    3.4656408710e-01    4.7154118739e-02    0.0000000000e+00
  28.5066667    2.3323946997e-03    1.4775875518e-04   -6.5331910976e-04    1.0631843431e-03    9.6271991667e-01    8.1966204625e-01    3.4387751486e-01    0.0000000000e+00    9.9999999965e-01    0.0000000000e+00    2.4853582629e-03    1.5742598313e-04    8.1957648368e-01    3.4391094417e-01    4.9111805705e-02    0.0000000000e+00
  29.0066667    2.3803543274e-03    1.4872250224e-04   -6.6073903304e-04    1.1041940705e-03    9.8252173456e-01    8.2286215297e-01    3.4128158511e-01    0.0000000000e+00    9.9999999964e-01    0.0000000000e+00    2.5365079308e-03    1.5845382461e-04    8.2278231926e-01    3.4131281750e-01    5.1127292431e-02    0.0000000000e+00
  29.5066667    2.4283412358e-03    1.4972822921e-04   -6.6808833870e-04    1.1465170699e-03    1.0022684546e+00    8.2597564067e-01    3.3876789093e-01    0.0000000000e+00    9.9999999963e-01    0.0000000000e+00    2.5876880580e-03    1.5952777283e-04    8.2590136677e-01    3.3879818100e-01    5.3205737754e-02    0.0000000000e+00
  30.0066667    2.4763667591e-03    1.5078192213e-04   -6.7619270786e-04    1.1899063611e-03    1.0220570054e+00    8.2900429717e-01    3.3636718294e-01    0.0000000000e+00    9.9999999962e-01    0.0000000000e+00    2.6389067764e-03    1.6065227366e-04    8.2893503171e-01    3.3639282340e-01    5.5351203323e-02    0.0000000000e+00
  30.5066667    2.5244429964e-03    1.5189186930e-04   -6.8593349023e-04    1.2342020284e-03    1.0418211812e+00    8.3195512050e-01    3.3409441155e-01    0.0000000000e+00    9.9999999960e-01    0.0000000000e+00    2.6901718880e-03    1.6183636781e-04    8.3188986990e-01    3.3411310758e-01    5.7566290911e-02    0.0000000000e+00
  31.0066667    2.5725828773e-03    1.5306712866e-04   -6.9545817174e-04    1.2794347389e-03    1.0615672574e+00    8.3483960263e-01    3.3196076692e-01    0.0000000000e+00    9.9999999959e-01    0.0000000000e+00    2.7414928772e-03    1.6308916921e-04    8.3477706208e-01    3.3197055773e-01    5.9852219804e-02    0.0000000000e+00
  31.5066667    2.6207961129e-03    1.5431508124e-04   -7.0476987358e-04    1.3258401945e-03    1.0812310108e+00    8.3767144057e-01    3.2995720661e-01    0.0000000000e+00    9.9999999958e-01    0.0000000000e+00    2.7928823147e-03    1.6441858096e-04    8.3761061932e-01    3.2995654545e-01    6.2209561871e-02    0.0000000000e+00
  32.0066667    2.6690918316e-03    1.5564182064e-04   -7.1377815150e-04    1.3737768205e-03    1.1007270621e+00    8.4045992225e-01    3.2804450254e-01    0.0000000000e+00    9.9999999956e-01    0.0000000000e+00    2.8443568246e-03    1.6583132820e-04    8.4040051556e-01    3.2803222981e-01    6.4639538061e-02    0.0000000000e+00
  32.5066667    2.7174847401e-03    1.5705005937e-04   -7.2222530695e-04    1.4235845400e-03    1.1203916808e+00    8.4321180649e-01    3.2620235504e-01    0.0000000000e+00    9.9999999955e-01    0.0000000000e+00    2.8959387054e-03    1.6733114321e-04    8.4315409397e-01    3.2617808299e-01    6.7144634817e-02    0.0000000000e+00
  33.0066667    2.7659957130e-03    1.5854232116e-04   -7.3001855563e-04    1.4754766065e-03    1.1400574183e+00    8.4592940971e-01    3.2440926353e-01    0.0000000000e+00    9.9999999954e-01    0.0000000000e+00    2.9476535135e-03    1.6892274536e-04    8.4587391467e-01    3.2437690576e-01    6.9729150994e-02    0.0000000000e+00
  33.5066667    2.8146526398e-03    1.6012685035e-04   -7.3785150886e-04    1.5294976012e-03    1.1595738989e+00    8.4861416225e-01    3.2266895571e-01    0.0000000000e+00    9.9999999952e-01    0.0000000000e+00    2.9995282932e-03    1.7061302566e-04    8.4856114672e-01    3.2263015948e-01    7.2399150750e-02    0.0000000000e+00
  34.0066667    2.8634886085e-03    1.6181410235e-04   -7.4528024890e-04    1.5855414425e-03    1.1791357843e+00    8.5126761427e-01    3.2100505363e-01    0.0000000000e+00    9.9999999950e-01    0.0000000000e+00    3.0515922353e-03    1.7241370111e-04    8.5121684689e-01    3.2096277456e-01    7.5161419322e-02    0.0000000000e+00
  34.5066667    2.9125382302e-03    1.6361514235e-04   -7.5237533124e-04    1.6434303274e-03    1.1988649486e+00    8.5389673644e-01    3.1941704682e-01    0.0000000000e+00    9.9999999949e-01    0.0000000000e+00    3.1038761345e-03    1.7433633745e-04    8.5384754979e-01    3.1937351348e-01    7.8022531331e-02    0.0000000000e+00
  35.0066667    2.9618332857e-03    1.6553902866e-04   -7.5908417511e-04    1.7030075188e-03    1.2187863994e+00    8.5650628381e-01    3.1790985242e-01    0.0000000000e+00    9.9999999947e-01    0.0000000000e+00    3.1564104001e-03    1.7639087409e-04    8.5645781716e-01    3.1786846916e-01    8.0987428352e-02    0.0000000000e+00
  35.5066667    3.0114021711e-03    1.6759521923e-04   -7.6525295249e-04    1.7642380336e-03    1.2388950219e+00    8.5909980991e-01    3.1650966325e-01    0.0000000000e+00    9.9999999945e-01    0.0000000000e+00    3.2092270292e-03    1.7858462324e-04    8.5905140002e-01    3.1646819664e-01    8.4059516124e-02    0.0000000000e+00
  36.0066667    3.0612703971e-03    1.6979285493e-04   -7.7016294763e-04    1.8272569309e-03    1.2589913588e+00    8.6168421739e-01    3.1522669271e-01    0.0000000000e+00    9.9999999943e-01    0.0000000000e+00    3.2623591193e-03    1.8092818844e-04    8.6163566476e-01    3.1518376810e-01    8.7241456813e-02    0.0000000000e+00
  36.5066667    3.1114688122e-03    1.7214081532e-04   -7.7541288375e-04    1.8923129633e-03    1.2788855090e+00    8.6427834952e-01    3.1407127333e-01    0.0000000000e+00    9.9999999941e-01    0.0000000000e+00    3.3158433868e-03    1.8343146042e-04    8.6422973368e-01    3.1402522672e-01    9.0534911018e-02    0.0000000000e+00
  37.0066667    3.1620332722e-03    1.7464391169e-04   -7.7997561563e-04    1.9615444952e-03    1.2987523867e+00    8.6688935057e-01    3.1305019228e-01    0.0000000000e+00    9.9999999939e-01    0.0000000000e+00    3.3697220667e-03    1.8609960195e-04    8.6684100708e-01    3.1300045668e-01    9.3941861583e-02    0.0000000000e+00
  37.5066667    3.2130035672e-03    1.7730773122e-04   -7.8378847678e-04    2.0342114611e-03    1.3188328002e+00    8.6949924777e-01    3.1215689584e-01    0.0000000000e+00    9.9999999937e-01    0.0000000000e+00    3.4240404861e-03    1.8893985506e-04    8.6945166130e-01    3.1210393581e-01    9.7580643518e-02    0.0000000000e+00
  38.0066667    3.2644259244e-03    1.8013945812e-04   -7.8662458785e-04    2.1100525682e-03    1.3387712052e+00    8.7211028887e-01    3.1137514922e-01    0.0000000000e+00    9.9999999935e-01    0.0000000000e+00    3.4788462102e-03    1.9196009038e-04    8.7206379980e-01    3.1132097686e-01    1.0137395920e-01    0.0000000000e+00
  38.5066667    3.3163490551e-03    1.8314725326e-04   -7.8927192062e-04    2.1891132689e-03    1.3584320171e+00    8.7473926575e-01    3.1070287151e-01    0.0000000000e+00    9.9999999933e-01    0.0000000000e+00    3.5341877844e-03    1.9516883377e-04    8.7469399214e-01    3.1064945562e-01    1.0532334267e-01    0.0000000000e+00
  39.0066667    3.3688222883e-03    1.8634071598e-04   -7.9130924351e-04    2.2713490139e-03    1.3779585113e+00    8.7739756705e-01    3.1013285648e-01    0.0000000000e+00    9.9999999931e-01    0.0000000000e+00    3.5901140094e-03    1.9857561287e-04    8.7735340673e-01    3.1008214430e-01    1.0943806072e-01    0.0000000000e+00
  39.5066667    3.4218958205e-03    1.8972974079e-04   -7.9309989838e-04    2.3566830040e-03    1.3976194728e+00    8.8007443383e-01    3.0964021940e-01    0.0000000000e+00    9.9999999928e-01    0.0000000000e+00    3.6466749762e-03    2.0219116197e-04    8.8003110605e-01    3.0959349798e-01    1.1372703550e-01    0.0000000000e+00
  40.0066667    3.4756207717e-03    1.9332259666e-04   -7.9471137696e-04    2.4450481391e-03    1.4173182301e+00    8.8277181841e-01    3.0921214418e-01    0.0000000000e+00    9.9999999925e-01    0.0000000000e+00    3.7039238094e-03    2.0602410270e-04    8.8272899956e-01    3.0916938000e-01    1.1819641420e-01    0.0000000000e+00
  40.5066667    3.5300483293e-03    1.9712810563e-04   -7.9627185835e-04    2.5364636793e-03    1.4372703422e+00    8.8549634799e-01    3.0883360986e-01    0.0000000000e+00    9.9999999923e-01    0.0000000000e+00    3.7619176337e-03    2.1008264441e-04    8.8545388161e-01    3.0879315759e-01    1.2285032073e-01    0.0000000000e+00
  41.0066667    3.5852317163e-03    2.0115531318e-04   -7.9773723683e-04    2.6310594260e-03    1.4572405510e+00    8.8825475661e-01    3.0848780021e-01    0.0000000000e+00    9.9999999920e-01    0.0000000000e+00    3.8207178834e-03    2.1437606335e-04    8.8821273953e-01    3.0844751778e-01    1.2769172501e-01    0.0000000000e+00
  41.5066667    3.6412305826e-03    2.0541384552e-04   -7.9910654407e-04    2.7289950339e-03    1.4770891168e+00    8.9103354442e-01    3.0817310071e-01    0.0000000000e+00    9.9999999917e-01    0.0000000000e+00    3.8803905616e-03    2.1891621004e-04    8.9099217931e-01    3.0813305262e-01    1.3272099889e-01    0.0000000000e+00
  42.0066667    3.6981113616e-03    2.0991670637e-04   -8.0066214030e-04    2.8304003896e-03    1.4968582871e+00    8.9384627390e-01    3.0788379050e-01    0.0000000000e+00    9.9999999913e-01    0.0000000000e+00    3.9410065754e-03    2.2371645530e-04    8.9380575501e-01    3.0784432093e-01    1.3793744381e-01    0.0000000000e+00
  42.5066667    3.7559450654e-03    2.1467713414e-04   -8.0241434983e-04    2.9353343178e-03    1.5165242410e+00    8.9670142957e-01    3.0760046496e-01    0.0000000000e+00    9.9999999910e-01    0.0000000000e+00    4.0026408985e-03    2.2879158163e-04    8.9666190527e-01    3.0756194275e-01    1.4334190077e-01    0.0000000000e+00
  43.0066667    3.8148044564e-03    2.1970916581e-04   -8.0387138361e-04    3.0437006978e-03    1.5364003002e+00    8.9957727320e-01    3.0734081774e-01    0.0000000000e+00    9.9999999906e-01    0.0000000000e+00    4.0653714540e-03    2.3415627825e-04    8.9953888732e-01    3.0730374995e-01    1.4893582645e-01    0.0000000000e+00
  43.5066667    3.8747640460e-03    2.2502756927e-04   -8.0616185485e-04    3.1552210057e-03    1.5562966862e+00    9.0246774062e-01    3.0711422085e-01    0.0000000000e+00    9.9999999903e-01    0.0000000000e+00    4.1292778713e-03    2.3982663543e-04    9.0243062866e-01    3.0707905202e-01    1.5472087106e-01    0.0000000000e+00
  44.0066667    3.9359027252e-03    2.3064749181e-04   -8.0812428589e-04    3.2817619442e-03    1.5760720838e+00    9.0540738129e-01    3.0691414712e-01    0.0000000000e+00    9.9999999899e-01    0.0000000000e+00    4.1944426761e-03    2.4581869692e-04    9.0537161344e-01    3.0688160907e-01    1.6070018381e-01    0.0000000000e+00
  44.5066667    3.9983035671e-03    2.3658445010e-04   -8.1019240668e-04    3.4127660310e-03    1.5957331968e+00    9.0837889091e-01    3.0674190889e-01    0.0000000000e+00    9.9999999894e-01    0.0000000000e+00    4.2609526803e-03    2.5214861881e-04    9.0834445951e-01    3.0671195835e-01    1.6733721300e-01    0.0000000000e+00
  45.0066667    4.0620545905e-03    2.4285345882e-04   -8.1278280187e-04    3.5477783684e-03    1.6154265880e+00    9.1137806830e-01    3.0657918769e-01    0.0000000000e+00    9.9999999890e-01    0.0000000000e+00    4.3289006136e-03    2.5883242279e-04    9.1134492637e-01    3.0655143249e-01    1.7436244588e-01    0.0000000000e+00
  45.5066667    4.1272485011e-03    2.4947046482e-04   -8.1505175773e-04    3.6864823557e-03    1.6354272981e+00    9.1442265942e-01    3.0641105315e-01    0.0000000000e+00    9.9999999885e-01    0.0000000000e+00    4.3983858247e-03    2.6588705478e-04    9.1439078998e-01    3.0638531588e-01    1.8167114443e-01    0.0000000000e+00
  46.0066667    4.1939837572e-03    2.5645363157e-04   -8.1812409547e-04    3.8288816203e-03    1.6553999009e+00    9.1749583247e-01    3.0622786407e-01    0.0000000000e+00    9.9999999880e-01    0.0000000000e+00    4.4695143485e-03    2.7333143913e-04    9.1746525184e-01    3.0620343907e-01    1.8927045580e-01    0.0000000000e+00
  46.5066667    4.2623646415e-03    2.6382384639e-04   -8.2109852218e-04    3.9755678076e-03    1.6751944722e+00    9.2057811549e-01    3.0602192839e-01    0.0000000000e+00    9.9999999874e-01    0.0000000000e+00    4.5423977489e-03    2.8118841879e-04    9.2054884443e-01    3.0599888710e-01    1.9718118752e-01    0.0000000000e+00
  47.0066667    4.3324999568e-03    2.7160548137e-04   -8.2403122172e-04    4.1279824082e-03    1.6948739261e+00    9.2370449345e-01    3.0578482238e-01    0.0000000000e+00    9.9999999868e-01    0.0000000000e+00    4.6171517355e-03    2.8948399673e-04    9.2367655234e-01    3.0576322631e-01    2.0544585088e-01    0.0000000000e+00
  47.5066667    4.4045010755e-03    2.7982604478e-04   -8.2783455514e-04    4.2885714743e-03    1.7147203569e+00    9.2684997076e-01    3.0552414600e-01    0.0000000000e+00    9.9999999861e-01    0.0000000000e+00    4.6938943882e-03    2.9824743773e-04    9.2682335175e-01    3.0550395327e-01    2.1413268229e-01    0.0000000000e+00
  48.0066667    4.4784805447e-03    2.8851513187e-04   -8.3127910720e-04    4.4606674234e-03    1.7346324185e+00    9.2998342981e-01    3.0525572897e-01    0.0000000000e+00    9.9999999854e-01    0.0000000000e+00    4.7727452577e-03    3.0751027078e-04    9.2995810438e-01    3.0523688484e-01    2.2333148411e-01    0.0000000000e+00
  48.5066667    4.5545520879e-03    2.9770399041e-04   -8.3525312797e-04    4.6480044159e-03    1.7544567656e+00    9.3314400872e-01    3.0497411206e-01    0.0000000000e+00    9.9999999847e-01    0.0000000000e+00    4.8538256134e-03    3.1730569687e-04    9.3311996422e-01    3.0495647104e-01    2.3314340121e-01    0.0000000000e+00
  49.0066667    4.6328316712e-03    3.0742524995e-04   -8.4010892696e-04    4.8538932765e-03    1.7742254253e+00    9.3630787655e-01    3.0467265280e-01    0.0000000000e+00    9.9999999839e-01    0.0000000000e+00    4.9372592453e-03    3.2766857803e-04    9.3628509849e-01    3.0465611371e-01    2.4367167259e-01    0.0000000000e+00
  49.5066667    4.7134380332e-03    3.1771370849e-04   -8.4496903291e-04    5.0801848507e-03    1.7942491589e+00    9.3945550035e-01    3.0433729669e-01    0.0000000000e+00    9.9999999830e-01    0.0000000000e+00    5.0231729006e-03    3.3863599949e-04    9.3943397273e-01    3.0432181167e-01    2.5501403901e-01    0.0000000000e+00
  50.0066667    4.7964922331e-03    3.2860694065e-04   -8.5015285393e-04    5.3265046516e-03    1.8144011228e+00    9.4260303464e-01    3.0394857639e-01    0.0000000000e+00    9.9999999820e-01    0.0000000000e+00    5.1116957333e-03    3.5024805233e-04    9.4258274890e-01    3.0393408412e-01    2.6725006499e-01    0.0000000000e+00
  50.5066667    4.8821156667e-03    3.4014664860e-04   -8.5585828864e-04    5.5906031640e-03    1.8344562372e+00    9.4571139843e-01    3.0348490572e-01    0.0000000000e+00    9.9999999809e-01    0.0000000000e+00    5.2029574288e-03    3.6254918044e-04    9.4569233832e-01    3.0347136997e-01    2.8042149099e-01    0.0000000000e+00
  51.0066667    4.9704284631e-03    3.5237950608e-04   -8.6146319345e-04    5.8700118210e-03    1.8544746736e+00    9.4879665544e-01    3.0293415101e-01    0.0000000000e+00    9.9999999798e-01    0.0000000000e+00    5.2970858109e-03    3.7558909168e-04    9.4877880408e-01    3.0292150894e-01    2.9451819268e-01    0.0000000000e+00
  51.5066667    5.0615463791e-03    3.6535754954e-04   -8.6803074138e-04    6.1638038260e-03    1.8745983712e+00    9.5183409499e-01    3.0228835050e-01    0.0000000000e+00    9.9999999785e-01    0.0000000000e+00    5.3942039362e-03    3.8942334752e-04    9.5181742119e-01    3.0227658559e-01    3.0949394777e-01    0.0000000000e+00
  52.0066667    5.1555771807e-03    3.7913903036e-04   -8.7488583775e-04    6.4809519159e-03    1.8947153862e+00    9.5478425104e-01    3.0154093248e-01    0.0000000000e+00    9.9999999771e-01    0.0000000000e+00    5.4944266527e-03    4.0411394342e-04    9.5476871098e-01    3.0152998987e-01    3.2535118805e-01    0.0000000000e+00
  52.5066667    5.2526171010e-03    3.9378846696e-04   -8.8247878546e-04    6.8389329249e-03    1.9148317588e+00    9.5766498333e-01    3.0068913424e-01    0.0000000000e+00    9.9999999756e-01    0.0000000000e+00    5.5978564997e-03    4.1972968283e-04    9.5765053883e-01    3.0067895829e-01    3.4360665792e-01    0.0000000000e+00
  53.0066667    5.3527464973e-03    4.0937655705e-04   -8.8990329934e-04    7.2208911570e-03    1.9350301116e+00    9.6041669278e-01    2.9971773611e-01    0.0000000000e+00    9.9999999739e-01    0.0000000000e+00    5.7045792152e-03    4.3634598440e-04    9.6040328829e-01    2.9970830943e-01    3.6310830020e-01    0.0000000000e+00
  53.5066667    5.4560256673e-03    4.2598016189e-04   -8.9854153094e-04    7.6304068561e-03    1.9551917249e+00    9.6302168289e-01    2.9862995300e-01    0.0000000000e+00    9.9999999721e-01    0.0000000000e+00    5.8146591606e-03    4.5404461859e-04    9.6300925866e-01    2.9862117779e-01    3.8394346335e-01    0.0000000000e+00
  54.0066667    5.5624904981e-03    4.4368149731e-04   -9.0741054245e-04    8.0710558606e-03    1.9753584416e+00    9.6548036846e-01    2.9742368939e-01    0.0000000000e+00    9.9999999700e-01    0.0000000000e+00    5.9281343212e-03    4.7291341157e-04    9.6546886209e-01    2.9741556068e-01    4.0627042740e-01    0.0000000000e+00
  54.5066667    5.6721465963e-03    4.6256857599e-04   -9.1692692249e-04    8.5459532900e-03    1.9956585155e+00    9.6774066844e-01    2.9608854887e-01    0.0000000000e+00    9.9999999677e-01    0.0000000000e+00    6.0450107264e-03    4.9304605925e-04    9.6773000271e-01    2.9608101617e-01    4.3027613591e-01    0.0000000000e+00
  55.0066667    5.7849617856e-03    4.8273635204e-04   -9.2678486527e-04    9.0577636876e-03    2.0161500917e+00    9.6982024819e-01    2.9459918739e-01    0.0000000000e+00    9.9999999652e-01    0.0000000000e+00    6.1652545054e-03    5.1454380990e-04    9.6981035649e-01    2.9459221096e-01    4.5613792405e-01    0.0000000000e+00
  55.5066667    5.9008562944e-03    5.0428861914e-04   -9.3704591169e-04    9.6087652768e-03    2.0366945624e+00    9.7169550490e-01    2.9292180814e-01    0.0000000000e+00    9.9999999624e-01    0.0000000000e+00    6.2887808381e-03    5.3751733072e-04    9.7168631516e-01    2.9291536287e-01    4.8400283816e-01    0.0000000000e+00
  56.0066667    6.0196889231e-03    5.2734017453e-04   -9.4724786190e-04    1.0201275317e-02    2.0572730380e+00    9.7336263016e-01    2.9106402017e-01    0.0000000000e+00    9.9999999593e-01    0.0000000000e+00    6.4154391643e-03    5.6208892403e-04    9.7335406880e-01    2.9105806551e-01    5.1400240496e-01    0.0000000000e+00
  56.5066667    6.1412396748e-03    5.5201850223e-04   -9.5780753130e-04    1.0837738315e-02    2.0778897468e+00    9.7482329559e-01    2.8901530565e-01    0.0000000000e+00    9.9999999559e-01    0.0000000000e+00    6.5449946622e-03    5.8839450789e-04    9.7481528764e-01    2.8900981723e-01    5.4625936332e-01    0.0000000000e+00
  57.0066667    6.2651878943e-03    5.7846543977e-04   -9.6842861578e-04    1.1520225541e-02    2.0986054446e+00    9.7605330670e-01    2.8677403341e-01    0.0000000000e+00    9.9999999521e-01    0.0000000000e+00    6.6771056361e-03    6.1658531482e-04    9.7604577178e-01    2.8676900262e-01    5.8086709221e-01    0.0000000000e+00
  57.5066667    6.3910864385e-03    6.0683852386e-04   -9.7879859498e-04    1.2250285790e-02    2.1194330445e+00    9.7704908010e-01    2.8434397613e-01    0.0000000000e+00    9.9999999479e-01    0.0000000000e+00    6.8112958554e-03    6.4682917198e-04    9.7704194067e-01    2.8433933953e-01    6.1788680278e-01    0.0000000000e+00
  58.0066667    6.5183308580e-03    6.3731110046e-04   -9.8875990628e-04    1.3139039609e-02    2.1402474475e+00    9.7780461825e-01    2.8172599744e-01    0.0000000000e+00    9.9999999433e-01    0.0000000000e+00    6.9469209932e-03    6.7931094945e-04    9.7779779594e-01    2.8172173646e-01    6.6290486702e-01    0.0000000000e+00
  58.5066667    6.6461219307e-03    6.7007156087e-04   -9.9689891072e-04    1.4115674017e-02    2.1610587964e+00    9.7830046966e-01    2.7891698957e-01    0.0000000000e+00    9.9999999382e-01    0.0000000000e+00    7.0831289205e-03    7.1423138577e-04    9.7829388050e-01    2.7891307618e-01    7.1239133301e-01    0.0000000000e+00
  59.0066667    6.7734214294e-03    7.0532051160e-04   -1.0062264871e-03    1.5182643218e-02    2.1819889630e+00    9.7851884868e-01    2.7591395678e-01    0.0000000000e+00    9.9999999328e-01    0.0000000000e+00    7.2188128720e-03    7.5180436144e-04    9.7851240482e-01    2.7591036911e-01    7.6641469161e-01    0.0000000000e+00
  59.5066667    6.8989017481e-03    7.4326637591e-04   -1.0113008277e-03    1.6345154933e-02    2.2030434036e+00    9.7842669760e-01    2.7269950843e-01    0.0000000000e+00    9.9999999269e-01    0.0000000000e+00    7.3525576923e-03    7.9225207415e-04    9.7842030350e-01    2.7269624164e-01    8.2524340343e-01    0.0000000000e+00
