# time  core_x_canon  core_y_canon  core_z_canon  peak_canon  core_x_phantom  core_y_phantom  core_z_phantom  peak_phantom  coord_sep  proper_sep  px_canon  px_phantom  px_total  shift_x_canon  shift_x_phantom  max_abs_shift
0.0000000000000000e+00  3.1999523521714110e+01  3.1999523521714110e+01  3.1999523521714110e+01  2.4530424527933987e-02  nan  nan  nan  nan  nan  nan  0.0000000000000000e+00  nan  nan  0.0000000000000000e+00  nan  0.0000000000000000e+00
8.0000000000000004e-01  3.1999449619453891e+01  3.1999449619409276e+01  3.1999449619428475e+01  2.4601150660434955e-02  nan  nan  nan  nan  nan  nan  -1.8392065383610411e-06  nan  nan  -2.8134765993910325e-05  nan  7.5159972004705961e-05
1.6000000000000001e+00  3.1999186472409111e+01  3.1999186472172596e+01  3.1999186472280762e+01  2.4532012582114626e-02  nan  nan  nan  nan  nan  nan  -3.2038013174385828e-06  nan  nan  -1.7735251414641734e-04  nan  3.0718282314930238e-04
2.3999999999999901e+00  3.1998834751843724e+01  3.1998834751409856e+01  3.1998834751608591e+01  2.4438578148591628e-02  nan  nan  nan  nan  nan  nan  -4.1129491223419177e-06  nan  nan  -5.2011432187724736e-05  nan  1.1517882941448626e-04
3.1999999999999802e+00  3.1998542397740458e+01  3.1998542397113233e+01  3.1998542397400893e+01  2.4524512328709742e-02  nan  nan  nan  nan  nan  nan  -4.9997148224860262e-06  nan  nan  5.6178577128439707e-05  nan  1.3803567339301719e-04
3.9999999999999600e+00  3.1998146098906698e+01  3.1998146098053603e+01  3.1998146098446234e+01  2.4561697652228865e-02  nan  nan  nan  nan  nan  nan  -6.1166341278588963e-06  nan  nan  3.4778745719283746e-05  nan  1.1867559117986338e-04
4.7999999999999403e+00  3.1997661928582428e+01  3.1997661927623863e+01  3.1997661928061152e+01  2.4527621339239598e-02  nan  nan  nan  nan  nan  nan  -7.2405240767295360e-06  nan  nan  1.9173768939152471e-05  nan  8.8183314259184640e-05
5.5999999999999304e+00  3.1997262751464156e+01  3.1997262750538390e+01  3.1997262750950984e+01  2.4509661753860205e-02  nan  nan  nan  nan  nan  nan  -8.2370907415577759e-06  nan  nan  1.5272182052519739e-05  nan  6.7799375936956769e-05
6.3999999999999098e+00  3.1996931836765672e+01  3.1996931835890582e+01  3.1996931836269447e+01  2.4520679715148368e-02  nan  nan  nan  nan  nan  nan  -9.1521096923985358e-06  nan  nan  1.5797712305465786e-05  nan  5.3225368046368230e-05
7.1999999999998900e+00  3.1996528543228980e+01  3.1996528542356927e+01  3.1996528542725184e+01  2.4531237166218998e-02  nan  nan  nan  nan  nan  nan  -9.9994693119301573e-06  nan  nan  1.6137221033813785e-05  nan  4.3907753313904269e-05
7.9999999999998703e+00  3.1995966936438553e+01  3.1995966935510609e+01  3.1995966935896465e+01  2.4533034647049642e-02  nan  nan  nan  nan  nan  nan  -1.0776928779626365e-05  nan  nan  1.7561460335236269e-05  nan  3.8390844601789078e-05
8.7999999999998604e+00  3.1995326550946810e+01  3.1995326549918953e+01  3.1995326550343332e+01  2.4522421202236352e-02  nan  nan  nan  nan  nan  nan  -1.1490285549974183e-05  nan  nan  1.8619953130737563e-05  nan  3.5500314053490179e-05
9.5999999999998398e+00  3.1994734464030003e+01  3.1994734462885166e+01  3.1994734463356025e+01  2.4511998164234900e-02  nan  nan  nan  nan  nan  nan  -1.2161705399573555e-05  nan  nan  1.8248633725697673e-05  nan  3.7079002098671736e-05
1.0399999999999800e+01  3.1994183566237002e+01  3.1994183564979981e+01  3.1994183565494502e+01  2.4517836280463289e-02  nan  nan  nan  nan  nan  nan  -1.2806008157588878e-05  nan  nan  1.7346696671510191e-05  nan  3.5403753328503154e-05
1.1199999999999800e+01  3.1993552246789829e+01  3.1993552245421881e+01  3.1993552245978698e+01  2.4536187892341701e-02  nan  nan  nan  nan  nan  nan  -1.3416489128315059e-05  nan  nan  1.7374293084506632e-05  nan  3.2676111086034092e-05
1.1999999999999799e+01  3.1992788425522829e+01  3.1992788424025868e+01  3.1992788424633012e+01  2.4545730598822688e-02  nan  nan  nan  nan  nan  nan  -1.3981363304550330e-05  nan  nan  1.8415467703851019e-05  nan  3.2974878101844980e-05
1.2799999999999800e+01  3.1991984589992313e+01  3.1991984588343666e+01  3.1991984589011679e+01  2.4536252248902615e-02  nan  nan  nan  nan  nan  nan  -1.4505878710432763e-05  nan  nan  1.9717945080786949e-05  nan  3.6782144728961821e-05
1.3599999999999801e+01  3.1991237307587170e+01  3.1991237305783624e+01  3.1991237306513767e+01  2.4523093225253888e-02  nan  nan  nan  nan  nan  nan  -1.5008252976711779e-05  nan  nan  2.0136527742112999e-05  nan  4.0368689054213634e-05
1.4399999999999700e+01  3.1990507436225716e+01  3.1990507434282677e+01  3.1990507435066949e+01  2.4526239501284401e-02  nan  nan  nan  nan  nan  nan  -1.5495944850867603e-05  nan  nan  1.9882159576914705e-05  nan  4.0211307314862792e-05
1.5199999999999701e+01  3.1989687327704729e+01  3.1989687325633358e+01  3.1989687326465585e+01  2.4542740067606771e-02  nan  nan  nan  nan  nan  nan  -1.5958511621522924e-05  nan  nan  2.0194365612578133e-05  nan  3.7947194084374631e-05
1.5999999999999700e+01  3.1988766905366209e+01  3.1988766903161448e+01  3.1988766904043402e+01  2.4551170079547827e-02  nan  nan  nan  nan  nan  nan  -1.6386888122888165e-05  nan  nan  2.1169163687262428e-05  nan  3.8588814151885290e-05
1.6799999999999802e+01  3.1987847454458269e+01  3.1987847452115158e+01  3.1987847453048861e+01  2.4541727760848901e-02  nan  nan  nan  nan  nan  nan  -1.6789491999434538e-05  nan  nan  2.2131383640374418e-05  nan  4.2060266123998144e-05
1.7600000000000001e+01  3.1986988326683544e+01  3.1986988324215631e+01  3.1986988325194204e+01  2.4529655087774060e-02  nan  nan  nan  nan  nan  nan  -1.7181535515296068e-05  nan  nan  2.2484412057422465e-05  nan  4.5261614407485540e-05
1.8400000000000102e+01  3.1986123017044310e+01  3.1986123014476462e+01  3.1986123015487316e+01  2.4533442469653742e-02  nan  nan  nan  nan  nan  nan  -1.7564264538564140e-05  nan  nan  2.2591441924610443e-05  nan  4.5061637541785621e-05
1.9200000000000198e+01  3.1985166820595619e+01  3.1985166817942734e+01  3.1985166818977952e+01  2.4549143210377693e-02  nan  nan  nan  nan  nan  nan  -1.7926114937628158e-05  nan  nan  2.3002268308121988e-05  nan  4.3047162272011010e-05
2.0000000000000298e+01  3.1984146764837540e+01  3.1984146762101105e+01  3.1984146763159423e+01  2.4556633443684601e-02  nan  nan  nan  nan  nan  nan  -1.8263274029910001e-05  nan  nan  2.3634009842540697e-05  nan  4.3581474692840294e-05
2.0800000000000502e+01  3.1983158195502774e+01  3.1983158192689583e+01  3.1983158193767437e+01  2.4547984417966587e-02  nan  nan  nan  nan  nan  nan  -1.8586461411880984e-05  nan  nan  2.4275987278321671e-05  nan  4.6550953148184409e-05
2.1600000000000598e+01  3.1982221127144445e+01  3.1982221124277821e+01  3.1982221125363580e+01  2.4537750343808482e-02  nan  nan  nan  nan  nan  nan  -1.8903305079351716e-05  nan  nan  2.4959646414310774e-05  nan  4.8680733802589433e-05
2.2400000000000698e+01  3.1981142074063552e+01  3.1981142071170101e+01  3.1981142072250321e+01  2.4541763918191118e-02  nan  nan  nan  nan  nan  nan  -1.9205477151922333e-05  nan  nan  2.5158147460019363e-05  nan  4.8564553481676253e-05
2.3200000000000799e+01  3.1980095101600931e+01  3.1980095098693891e+01  3.1980095099761591e+01  2.4555467184910654e-02  nan  nan  nan  nan  nan  nan  -1.9481134785680848e-05  nan  nan  2.4544479103543023e-05  nan  4.6868070492008097e-05
2.4000000000000998e+01  3.1979019682897825e+01  3.1979019679981175e+01  3.1979019681034043e+01  2.4561474955789468e-02  nan  nan  nan  nan  nan  nan  -1.9734386777919681e-05  nan  nan  2.4396463883572270e-05  nan  4.5940833997020957e-05
2.4800000000001098e+01  3.1977992831275376e+01  3.1977992828362090e+01  3.1977992829393614e+01  2.4554077451489884e-02  nan  nan  nan  nan  nan  nan  -1.9983626117914068e-05  nan  nan  2.5365327635948064e-05  nan  4.8651287643509135e-05
2.5600000000001199e+01  3.1976886761846920e+01  3.1976886758962678e+01  3.1976886759960124e+01  2.4546111245112929e-02  nan  nan  nan  nan  nan  nan  -2.0239271242019365e-05  nan  nan  2.6561810526813291e-05  nan  5.2252507397543171e-05
2.6400000000001299e+01  3.1975636944747730e+01  3.1975636941914736e+01  3.1975636942866831e+01  2.4550142881798964e-02  nan  nan  nan  nan  nan  nan  -2.0492711241471358e-05  nan  nan  2.7411210993917181e-05  nan  5.3084451531654042e-05
2.7200000000001499e+01  3.1974436162392315e+01  3.1974436159618538e+01  3.1974436160520927e+01  2.4561607457845611e-02  nan  nan  nan  nan  nan  nan  -2.0731930890898137e-05  nan  nan  2.7764351481728841e-05  nan  5.2241098039818516e-05
2.8000000000001599e+01  3.1973325632628242e+01  3.1973325629918261e+01  3.1973325630768500e+01  2.4566454113870630e-02  nan  nan  nan  nan  nan  nan  -2.0958393096369886e-05  nan  nan  2.7749236738498740e-05  nan  5.2426988395249607e-05
2.8800000000001699e+01  3.1972263763373562e+01  3.1972263760742727e+01  3.1972263761533192e+01  2.4560761824357895e-02  nan  nan  nan  nan  nan  nan  -2.1181645249242017e-05  nan  nan  2.7944454088092528e-05  nan  5.4263337500043035e-05
2.9600000000001799e+01  3.1971208894002594e+01  3.1971208891473939e+01  3.1971208892193111e+01  2.4554942054056131e-02  nan  nan  nan  nan  nan  nan  -2.1403138471815294e-05  nan  nan  2.8616308305529227e-05  nan  5.6082915905867909e-05
3.0400000000001999e+01  3.1970096457445912e+01  3.1970096455034664e+01  3.1970096455674732e+01  2.4558490357657434e-02  nan  nan  nan  nan  nan  nan  -2.1614450098099972e-05  nan  nan  2.9331393981627058e-05  nan  5.6666071845856300e-05
3.1200000000002099e+01  3.1968937413087637e+01  3.1968937410797455e+01  3.1968937411356286e+01  2.4567618335235051e-02  nan  nan  nan  nan  nan  nan  -2.1811314140696988e-05  nan  nan  2.9547213625546326e-05  nan  5.6444748774343063e-05
3.2000000000002203e+01  3.1967614515523060e+01  3.1967614513358125e+01  3.1967614513833155e+01  2.4571691649881915e-02  nan  nan  nan  nan  nan  nan  -2.2001007892685008e-05  nan  nan  2.9387037702825933e-05  nan  5.6532223319431530e-05
3.2800000000002001e+01  3.1966513326313208e+01  3.1966513324290517e+01  3.1966513324673645e+01  2.4567826272883394e-02  nan  nan  nan  nan  nan  nan  -2.2192044049650951e-05  nan  nan  2.9674647033253694e-05  nan  5.7755670013016258e-05
3.3600000000001899e+01  3.1965396793461998e+01  3.1965396791600352e+01  3.1965396791882117e+01  2.4563682085675938e-02  nan  nan  nan  nan  nan  nan  -2.2382189688849907e-05  nan  nan  3.0576119386099036e-05  nan  5.9403134688579185e-05
3.4400000000001697e+01  3.1964222958684658e+01  3.1964222956993140e+01  3.1964222957168758e+01  2.4566337486363533e-02  nan  nan  nan  nan  nan  nan  -2.2562644446496783e-05  nan  nan  3.1305487123148465e-05  nan  6.0152285803282681e-05
3.5200000000001602e+01  3.1963024866093690e+01  3.1963024864573939e+01  3.1963024864642371e+01  2.4573356338115099e-02  nan  nan  nan  nan  nan  nan  -2.2731291139946864e-05  nan  nan  3.1342060233762963e-05  nan  5.9906486202490485e-05
3.6000000000001400e+01  3.1961857219167754e+01  3.1961857217826875e+01  3.1961857217784512e+01  2.4577079374178801e-02  nan  nan  nan  nan  nan  nan  -2.2895160651761185e-05  nan  nan  3.1014096948430761e-05  nan  5.9711579091711613e-05
3.6800000000001198e+01  3.1960713261418039e+01  3.1960713260272321e+01  3.1960713260111074e+01  2.4574896379603788e-02  nan  nan  nan  nan  nan  nan  -2.3059260994388560e-05  nan  nan  3.1199232448886634e-05  nan  6.0768990814204810e-05
3.7600000000001103e+01  3.1959538937389418e+01  3.1959538936453704e+01  3.1959538936166044e+01  2.4571847538961369e-02  nan  nan  nan  nan  nan  nan  -2.3219133209822807e-05  nan  nan  3.2180197860127256e-05  nan  6.2374636298326050e-05
3.8400000000000901e+01  3.1958286287526889e+01  3.1958286286806494e+01  3.1958286286389299e+01  2.4573414937763324e-02  nan  nan  nan  nan  nan  nan  -2.3368585809342709e-05  nan  nan  3.2779505398609640e-05  nan  6.2720233108465808e-05
3.9200000000000799e+01  3.1956894668323994e+01  3.1956894667822130e+01  3.1956894667274042e+01  2.4578736730062962e-02  nan  nan  nan  nan  nan  nan  -2.3509347031651999e-05  nan  nan  3.2501364394352867e-05  nan  6.2411340058155350e-05
4.0000000000000597e+01  3.1955702711778134e+01  3.1955702711504408e+01  3.1955702710820468e+01  2.4582417779223490e-02  nan  nan  nan  nan  nan  nan  -2.3648726326914067e-05  nan  nan  3.2337720609367776e-05  nan  6.2576471932167694e-05
4.0800000000000502e+01  3.1954518465575312e+01  3.1954518465545430e+01  3.1954518464717818e+01  2.4581590434741573e-02  nan  nan  nan  nan  nan  nan  -2.3791235793761195e-05  nan  nan  3.2545678020403840e-05  nan  6.3289424604984185e-05
4.1600000000000300e+01  3.1953254448183657e+01  3.1953254448409879e+01  3.1953254447431878e+01  2.4579135507410942e-02  nan  nan  nan  nan  nan  nan  -2.3933668618199692e-05  nan  nan  3.3528236181339719e-05  nan  6.5168896977858780e-05
4.2400000000000098e+01  3.1951999826028068e+01  3.1951999826515102e+01  3.1951999825384718e+01  2.4579671470066500e-02  nan  nan  nan  nan  nan  nan  -2.4068559991764159e-05  nan  nan  3.5159323114480633e-05  nan  6.6960786830995333e-05
4.3200000000000003e+01  3.1950758074284010e+01  3.1950758075036521e+01  3.1950758073751334e+01  2.4583792738715752e-02  nan  nan  nan  nan  nan  nan  -2.4193242512836470e-05  nan  nan  3.4854228244723809e-05  nan  6.6245653472187386e-05
4.3999999999999801e+01  3.1949544314863491e+01  3.1949544315893586e+01  3.1949544314447596e+01  2.4587596159028047e-02  nan  nan  nan  nan  nan  nan  -2.4311733064648631e-05  nan  nan  3.2682221061451272e-05  nan  6.4348622961432305e-05
4.4799999999999699e+01  3.1948111106264143e+01  3.1948111107587316e+01  3.1948111105972849e+01  2.4587730792369041e-02  nan  nan  nan  nan  nan  nan  -2.4428111591563596e-05  nan  nan  3.2748096878793777e-05  nan  6.4781387250924499e-05
4.5599999999999497e+01  3.1946852701681298e+01  3.1946852703307130e+01  3.1946852701519219e+01  2.4585553150417723e-02  nan  nan  nan  nan  nan  nan  -2.4543580695857714e-05  nan  nan  3.5260671361023203e-05  nan  6.7375590662328630e-05
4.6399999999999302e+01  3.1945578767301942e+01  3.1945578769234263e+01  3.1945578767270828e+01  2.4585299123341803e-02  nan  nan  nan  nan  nan  nan  -2.4658355097797717e-05  nan  nan  3.6251277235728632e-05  nan  6.8929406391723161e-05
4.7199999999999200e+01  3.1944324645935005e+01  3.1944324648180736e+01  3.1944324646038321e+01  2.4588651827023876e-02  nan  nan  nan  nan  nan  nan  -2.4772382101079309e-05  nan  nan  3.5165486003667675e-05  nan  6.8544671366354233e-05
4.7999999999998998e+01  3.1943088160507301e+01  3.1943088163079874e+01  3.1943088160751888e+01  2.4592589991322585e-02  nan  nan  nan  nan  nan  nan  -2.4884848689669124e-05  nan  nan  3.4643202897345531e-05  nan  6.8017620489243966e-05
4.8799999999998903e+01  3.1941663885913712e+01  3.1941663888826959e+01  3.1941663886306284e+01  2.4593321162851806e-02  nan  nan  nan  nan  nan  nan  -2.4993882563827243e-05  nan  nan  3.5473118103285890e-05  nan  6.8536118137299486e-05
4.9599999999998701e+01  3.1940380384431290e+01  3.1940380387691441e+01  3.1940380384975008e+01  2.4591269033747944e-02  nan  nan  nan  nan  nan  nan  -2.5097788934801460e-05  nan  nan  3.6310135547125346e-05  nan  6.9816808415820909e-05
5.0399999999998499e+01  3.1939093478369948e+01  3.1939093481981068e+01  3.1939093479066798e+01  2.4590532967910642e-02  nan  nan  nan  nan  nan  nan  -2.5197752888457351e-05  nan  nan  3.6347907567635773e-05  nan  7.0718130125280854e-05
5.1199999999998397e+01  3.1937676231631070e+01  3.1937676235602858e+01  3.1937676232485646e+01  2.4593431422005235e-02  nan  nan  nan  nan  nan  nan  -2.5297349763706420e-05  nan  nan  3.6105422801115130e-05  nan  7.0681165923668315e-05
5.1999999999998202e+01  3.1936270342443407e+01  3.1936270346786326e+01  3.1936270343461569e+01  2.4597387195252687e-02  nan  nan  nan  nan  nan  nan  -2.5397737206488327e-05  nan  nan  3.6199670352971900e-05  nan  7.0420310980824242e-05
5.2799999999998100e+01  3.1934843700683750e+01  3.1934843705407506e+01  3.1934843701870310e+01  2.4598398862502212e-02  nan  nan  nan  nan  nan  nan  -2.5495713297481596e-05  nan  nan  3.6686241674973295e-05  nan  7.0842468056456315e-05
5.3599999999997898e+01  3.1933542118960947e+01  3.1933542124071206e+01  3.1933542120318318e+01  2.4596452017034056e-02  nan  nan  nan  nan  nan  nan  -2.5588563772046296e-05  nan  nan  3.7157760542204291e-05  nan  7.2012946518453799e-05
5.4399999999997704e+01  3.1932245794018773e+01  3.1932245799519972e+01  3.1932245795549171e+01  2.4595507477276735e-02  nan  nan  nan  nan  nan  nan  -2.5678387274262904e-05  nan  nan  3.7299782814210030e-05  nan  7.2960287683806565e-05
5.5199999999997601e+01  3.1930966946260856e+01  3.1930966952161690e+01  3.1930966947968660e+01  2.4598084725984362e-02  nan  nan  nan  nan  nan  nan  -2.5769075554220165e-05  nan  nan  3.7182876435266691e-05  nan  7.2989262037400637e-05
5.5999999999997399e+01  3.1929686059559309e+01  3.1929686065870332e+01  3.1929686061449825e+01  2.4601869551851195e-02  nan  nan  nan  nan  nan  nan  -2.5860424771581027e-05  nan  nan  3.7274532630405367e-05  nan  7.2728642977850716e-05
5.6799999999997297e+01  3.1928383316608731e+01  3.1928383323337417e+01  3.1928383318685626e+01  2.4602949362794065e-02  nan  nan  nan  nan  nan  nan  -2.5949266522552280e-05  nan  nan  3.7832445033719193e-05  nan  7.3025630482513622e-05
5.7599999999997102e+01  3.1926955983715775e+01  3.1926955990868201e+01  3.1926955985981461e+01  2.4601156342260920e-02  nan  nan  nan  nan  nan  nan  -2.6035346140075757e-05  nan  nan  3.8064845667036228e-05  nan  7.4539369398612650e-05
5.8399999999997000e+01  3.1925648959415490e+01  3.1925648966992622e+01  3.1925648961870937e+01  2.4600180808607000e-02  nan  nan  nan  nan  nan  nan  -2.6118230395274256e-05  nan  nan  3.8315280409185131e-05  nan  7.5448956304386360e-05
5.9199999999996798e+01  3.1924354615599704e+01  3.1924354623611404e+01  3.1924354618249911e+01  2.4602444612489772e-02  nan  nan  nan  nan  nan  nan  -2.6193457796084524e-05  nan  nan  3.8766441365072977e-05  nan  7.3303906566189535e-05
5.9999999999996597e+01  3.1923053441279546e+01  3.1923053449735271e+01  3.1923053444129177e+01  2.4605878260968231e-02  nan  nan  nan  nan  nan  nan  -2.6262574638186698e-05  nan  nan  3.7254529281159630e-05  nan  7.2884984580477995e-05
6.0799999999996501e+01  3.1921731584122732e+01  3.1921731593025388e+01  3.1921731587173149e+01  2.4606903461640999e-02  nan  nan  nan  nan  nan  nan  -2.6336199774313615e-05  nan  nan  3.6228395812996663e-05  nan  7.6435984580976057e-05
6.1599999999996299e+01  3.1920403109505397e+01  3.1920403118859198e+01  3.1920403112758684e+01  2.4605332412968074e-02  nan  nan  nan  nan  nan  nan  -2.6420573707244297e-05  nan  nan  3.9712566012694547e-05  nan  7.7068640305609642e-05
6.2399999999996197e+01  3.1919087891496130e+01  3.1919087901309513e+01  3.1919087894956537e+01  2.4604432966307856e-02  nan  nan  nan  nan  nan  nan  -2.6511497859831985e-05  nan  nan  4.2283751581054941e-05  nan  7.6144092540597372e-05
6.3199999999996002e+01  3.1917778583506344e+01  3.1917778593785549e+01  3.1917778587177033e+01  2.4606340633112511e-02  nan  nan  nan  nan  nan  nan  -2.6598102725516975e-05  nan  nan  3.9399492515076560e-05  nan  7.8001035297614563e-05
6.3999999999995801e+01  3.1916454873292995e+01  3.1916454884043794e+01  3.1916454877176843e+01  2.4609310510436553e-02  nan  nan  nan  nan  nan  nan  -2.6670551644440719e-05  nan  nan  3.7330115079685754e-05  nan  7.8125163716045686e-05
6.4799999999996203e+01  3.1915117277396540e+01  3.1915117288625950e+01  3.1915117281496979e+01  2.4610271774797476e-02  nan  nan  nan  nan  nan  nan  -2.6732132121552239e-05  nan  nan  3.9143764179233606e-05  nan  7.6257092483722298e-05
6.5599999999996697e+01  3.1913420220851453e+01  3.1913420232565901e+01  3.1913420225171379e+01  2.4608951026812265e-02  nan  nan  nan  nan  nan  nan  -2.6795345994600724e-05  nan  nan  4.0155345450847416e-05  nan  7.6922576268188353e-05
6.6399999999997107e+01  3.1911949207257798e+01  3.1911949219471751e+01  3.1911949211803222e+01  2.4608095088626242e-02  nan  nan  nan  nan  nan  nan  -2.6864038319595963e-05  nan  nan  3.9558378784682700e-05  nan  7.8212656600552753e-05
6.7199999999997502e+01  3.1910621160128279e+01  3.1910621172838052e+01  3.1910621164898885e+01  2.4609646681954787e-02  nan  nan  nan  nan  nan  nan  -2.6932949930184425e-05  nan  nan  3.9636920053666383e-05  nan  7.8580753458178115e-05
6.7999999999997897e+01  3.1909281503859969e+01  3.1909281517072479e+01  3.1909281508859166e+01  2.4612240605105858e-02  nan  nan  nan  nan  nan  nan  -2.6999206840747035e-05  nan  nan  4.0053827007494175e-05  nan  7.8567858991613688e-05
6.8799999999998306e+01  3.1907772304333090e+01  3.1907772318055237e+01  3.1907772309563985e+01  2.4613228929000509e-02  nan  nan  nan  nan  nan  nan  -2.7063783683196782e-05  nan  nan  4.0103836948323701e-05  nan  7.8417321058660362e-05
6.9599999999998701e+01  3.1906426737808477e+01  3.1906426752042758e+01  3.1906426743272604e+01  2.4612166676550366e-02  nan  nan  nan  nan  nan  nan  -2.7128462385534522e-05  nan  nan  4.0238100574180328e-05  nan  7.8985844687074006e-05
7.0399999999999096e+01  3.1905088287458415e+01  3.1905088302211869e+01  3.1905088293159348e+01  2.4611243464951565e-02  nan  nan  nan  nan  nan  nan  -2.7194699350832922e-05  nan  nan  4.0464165867132994e-05  nan  8.0042901274808857e-05
7.1199999999999505e+01  3.1903747470385714e+01  3.1903747485665782e+01  3.1903747476327204e+01  2.4612290322650426e-02  nan  nan  nan  nan  nan  nan  -2.7261316144545014e-05  nan  nan  4.0740565457289824e-05  nan  8.0369523892226383e-05
7.1999999999999901e+01  3.1902397383582660e+01  3.1902397399395536e+01  3.1902397389767806e+01  2.4614463168350056e-02  nan  nan  nan  nan  nan  nan  -2.7327006605878253e-05  nan  nan  4.0987463367802677e-05  nan  8.0200136294235756e-05
7.2800000000000296e+01  3.1900990590953757e+01  3.1900990607310835e+01  3.1900990597387334e+01  2.4615574629988011e-02  nan  nan  nan  nan  nan  nan  -2.7395311525794959e-05  nan  nan  4.0624135217257417e-05  nan  8.1492848423098132e-05
7.3600000000000705e+01  3.1899639042454908e+01  3.1899639059350807e+01  3.1899639049135136e+01  2.4614970163998891e-02  nan  nan  nan  nan  nan  nan  -2.7467126652289350e-05  nan  nan  4.1278038481768587e-05  nan  8.2533956063089121e-05
7.4400000000001199e+01  3.1898291759811872e+01  3.1898291777255093e+01  3.1898291766743025e+01  2.4614189642080050e-02  nan  nan  nan  nan  nan  nan  -2.7534120216769717e-05  nan  nan  4.2853074221540587e-05  nan  8.0806364450514471e-05
7.5200000000001594e+01  3.1896941022848811e+01  3.1896941040846453e+01  3.1896941030034384e+01  2.4614871877602890e-02  nan  nan  nan  nan  nan  nan  -2.7589903267678688e-05  nan  nan  4.1459003049745776e-05  nan  8.0655715851869799e-05
7.6000000000002004e+01  3.1895580746635016e+01  3.1895580765189258e+01  3.1895580754076057e+01  2.4616648124907336e-02  nan  nan  nan  nan  nan  nan  -2.7637803023076230e-05  nan  nan  3.9012782896276120e-05  nan  8.2600974553088323e-05
7.6800000000002399e+01  3.1894111797154817e+01  3.1894111816270364e+01  3.1894111804853740e+01  2.4617643770839980e-02  nan  nan  nan  nan  nan  nan  -2.7686241890572587e-05  nan  nan  4.0532898892772205e-05  nan  8.1541002288697563e-05
7.7600000000002794e+01  3.1892633312831855e+01  3.1892633332524220e+01  3.1892633320795717e+01  2.4617040791427944e-02  nan  nan  nan  nan  nan  nan  -2.7743199761396066e-05  nan  nan  4.2958439883511565e-05  nan  8.0913058846534270e-05
7.8400000000003203e+01  3.1891278344534051e+01  3.1891278364799792e+01  3.1891278352761830e+01  2.4616177246722281e-02  nan  nan  nan  nan  nan  nan  -2.7807469546805944e-05  nan  nan  4.2387598433404338e-05  nan  8.3515982979379862e-05
7.9200000000003598e+01  3.1889916895070726e+01  3.1889916915912814e+01  3.1889916903563936e+01  2.4616641342550673e-02  nan  nan  nan  nan  nan  nan  -2.7868589186971132e-05  nan  nan  4.1562013823926480e-05  nan  8.4314198107460605e-05
8.0000000000003993e+01  3.1888358767928281e+01  3.1888358789351813e+01  3.1888358776689451e+01  2.4618237512345612e-02  nan  nan  nan  nan  nan  nan  -2.7922171573838986e-05  nan  nan  4.1837207223910496e-05  nan  8.3132297232241305e-05
8.0800000000004403e+01  3.1886991101003570e+01  3.1886991123011644e+01  3.1886991110034263e+01  2.4619392598769951e-02  nan  nan  nan  nan  nan  nan  -2.7973350891092493e-05  nan  nan  4.1916816377174714e-05  nan  8.2886435166064105e-05
8.1600000000004798e+01  3.1885626519330287e+01  3.1885626541927529e+01  3.1885626528632812e+01  2.4619133056167187e-02  nan  nan  nan  nan  nan  nan  -2.8025718690698368e-05  nan  nan  4.2030595706079174e-05  nan  8.3491336316797928e-05
8.2400000000005207e+01  3.1884260684693643e+01  3.1884260707886572e+01  3.1884260694271212e+01  2.4618284779706009e-02  nan  nan  nan  nan  nan  nan  -2.8078531669957264e-05  nan  nan  4.2292151662597331e-05  nan  8.4167319886596767e-05
8.3200000000005701e+01  3.1882888771482751e+01  3.1882888795276820e+01  3.1882888781338039e+01  2.4618436089090798e-02  nan  nan  nan  nan  nan  nan  -2.8130613189972746e-05  nan  nan  4.2396461849952459e-05  nan  8.4408900935587319e-05
8.4000000000006096e+01  3.1881511772407951e+01  3.1881511796807029e+01  3.1881511782542830e+01  2.4619777348591998e-02  nan  nan  nan  nan  nan  nan  -2.8181958160886360e-05  nan  nan  4.2394770053341826e-05  nan  8.4350282710307683e-05
8.4800000000006506e+01  3.1880134996803953e+01  3.1880135021811530e+01  3.1880135007220183e+01  2.4620757857703391e-02  nan  nan  nan  nan  nan  nan  -2.8233437103603603e-05  nan  nan  4.2500100608240526e-05  nan  8.4592118798485744e-05
8.5600000000006901e+01  3.1878663189591954e+01  3.1878663215211681e+01  3.1878663200291353e+01  2.4620246935710275e-02  nan  nan  nan  nan  nan  nan  -2.8285189119782403e-05  nan  nan  4.2827653192658546e-05  nan  8.5252870891531257e-05
8.6400000000007296e+01  3.1877191814459319e+01  3.1877191840693978e+01  3.1877191825443315e+01  2.4619170751127472e-02  nan  nan  nan  nan  nan  nan  -2.8336030353315348e-05  nan  nan  4.2981210268391912e-05  nan  8.5708588467937655e-05
8.7200000000007705e+01  3.1875814405021156e+01  3.1875814431872818e+01  3.1875814416290872e+01  2.4619201656797658e-02  nan  nan  nan  nan  nan  nan  -2.8385132966984029e-05  nan  nan  4.2745479398481759e-05  nan  8.5547002827944489e-05
8.8000000000008100e+01  3.1874435356777855e+01  3.1874435384249431e+01  3.1874435368334769e+01  2.4620420076628003e-02  nan  nan  nan  nan  nan  nan  -2.8433250144985180e-05  nan  nan  4.2701746867647531e-05  nan  8.5415894530385306e-05
8.8800000000008495e+01  3.1873059149085069e+01  3.1873059177180817e+01  3.1873059160931334e+01  2.4621348382643092e-02  nan  nan  nan  nan  nan  nan  -2.8481796409067336e-05  nan  nan  4.3104910594212568e-05  nan  8.5893970991485213e-05
8.9600000000008905e+01  3.1871603132388579e+01  3.1871603161127204e+01  3.1871603144532568e+01  2.4621085657817777e-02  nan  nan  nan  nan  nan  nan  -2.8531119038667614e-05  nan  nan  4.3353695261232094e-05  nan  8.6453649827598504e-05
9.0400000000009300e+01  3.1870226326226458e+01  3.1870226355601197e+01  3.1870226338665752e+01  2.4620359599042203e-02  nan  nan  nan  nan  nan  nan  -2.8580062361700142e-05  nan  nan  4.3230469839237555e-05  nan  8.6600261411184614e-05
9.1200000000009794e+01  3.1868844699463050e+01  3.1868844729479704e+01  3.1868844712200541e+01  2.4620330366367515e-02  nan  nan  nan  nan  nan  nan  -2.8627510991788476e-05  nan  nan  4.3226316920101215e-05  nan  8.6661894808097182e-05
9.2000000000010203e+01  3.1867461426007953e+01  3.1867461456671183e+01  3.1867461439045925e+01  2.4621112631754354e-02  nan  nan  nan  nan  nan  nan  -2.8674138117048689e-05  nan  nan  4.3427015754697747e-05  nan  8.6866445331920325e-05
9.2800000000010598e+01  3.1866035213389679e+01  3.1866035244717580e+01  3.1866035226736074e+01  2.4621767658656122e-02  nan  nan  nan  nan  nan  nan  -2.8721508243935258e-05  nan  nan  4.3501812858705526e-05  nan  8.7146033591699784e-05
9.3600000000010994e+01  3.1864651941205761e+01  3.1864651973188082e+01  3.1864651954856530e+01  2.4621476219431993e-02  nan  nan  nan  nan  nan  nan  -2.8768990947548444e-05  nan  nan  4.3674733435578169e-05  nan  8.7687114983309538e-05
9.4400000000011403e+01  3.1863133932440455e+01  3.1863133965091009e+01  3.1863133946401810e+01  2.4620589580854044e-02  nan  nan  nan  nan  nan  nan  -2.8813623645453825e-05  nan  nan  4.4007226036737058e-05  nan  8.8134313086788774e-05
9.5200000000011798e+01  3.1861744798486956e+01  3.1861744831797971e+01  3.1861744812755664e+01  2.4620237715593213e-02  nan  nan  nan  nan  nan  nan  -2.8854817858987584e-05  nan  nan  4.3636818436782505e-05  nan  8.7579164666274387e-05
9.6000000000012193e+01  3.1860355293909691e+01  3.1860355327880391e+01  3.1860355308485385e+01  2.4620832322218410e-02  nan  nan  nan  nan  nan  nan  -2.8896641442757433e-05  nan  nan  4.2923278160575271e-05  nan  8.6839003462113273e-05
9.6800000000012602e+01  3.1858967114192673e+01  3.1858967148825037e+01  3.1858967129076394e+01  2.4621517232373793e-02  nan  nan  nan  nan  nan  nan  -2.8942914165432184e-05  nan  nan  4.3650274015580927e-05  nan  8.7864357784242904e-05
9.7600000000012997e+01  3.1857489414745697e+01  3.1857489450045623e+01  3.1857489429940383e+01  2.4621288518482470e-02  nan  nan  nan  nan  nan  nan  -2.8992399683373484e-05  nan  nan  4.5108938739782179e-05  nan  8.9771043544365181e-05
9.8400000000013407e+01  3.1856101491487681e+01  3.1856101527458577e+01  3.1856101506995106e+01  2.4620431471201670e-02  nan  nan  nan  nan  nan  nan  -2.9040421872941139e-05  nan  nan  4.4790784915019628e-05  nan  8.9721129841846249e-05
9.9200000000013802e+01  3.1854711450411070e+01  3.1854711487056516e+01  3.1854711466233073e+01  2.4620185716376954e-02  nan  nan  nan  nan  nan  nan  -2.9083797346549212e-05  nan  nan  4.3411812700995532e-05  nan  8.8072616441320074e-05
1.0000000000001400e+02  3.1853320918611509e+01  3.1853320955937672e+01  3.1853320934751231e+01  2.4620783559755541e-02  nan  nan  nan  nan  nan  nan  -2.9124115991008567e-05  nan  nan  4.3465738960996287e-05  nan  8.7791852717168415e-05
1.0080000000001500e+02  3.1851757057238220e+01  3.1851757095248857e+01  3.1851757073697698e+01  2.4621209558925838e-02  nan  nan  nan  nan  nan  nan  -2.9165664094751395e-05  nan  nan  4.4522073411750540e-05  nan  8.9271623726422785e-05
1.0160000000001500e+02  3.1850369376644981e+01  3.1850369415345664e+01  3.1850369393426796e+01  2.4620893221042758e-02  nan  nan  nan  nan  nan  nan  -2.9209486136290160e-05  nan  nan  4.4822912305019533e-05  nan  9.0233816137875965e-05
1.0240000000001500e+02  3.1848817525802481e+01  3.1848817565200665e+01  3.1848817542909977e+01  2.4620199139433342e-02  nan  nan  nan  nan  nan  nan  -2.9252681203185755e-05  nan  nan  4.4423663219481231e-05  nan  8.9732096916816234e-05
1.0320000000001600e+02  3.1847423451170698e+01  3.1847423491263509e+01  3.1847423468602813e+01  2.4619766309942205e-02  nan  nan  nan  nan  nan  nan  -2.9294465070364578e-05  nan  nan  4.4099344713148019e-05  nan  8.9005799870774520e-05
1.0400000000001600e+02  3.1846036669537284e+01  3.1846036710350948e+01  3.1846036687305713e+01  2.4619906548303219e-02  nan  nan  nan  nan  nan  nan  -2.9337562317074388e-05  nan  nan  4.4273367484601242e-05  nan  8.9457970752102191e-05
1.0480000000001699e+02  3.1844644119850553e+01  3.1844644161369338e+01  3.1844644137948848e+01  2.4620196417277900e-02  nan  nan  nan  nan  nan  nan  -2.9382263401422280e-05  nan  nan  4.5090861666063354e-05  nan  9.0948676073116135e-05
1.0560000000001700e+02  3.1843250557468103e+01  3.1843250599697491e+01  3.1843250575898985e+01  2.4620054191515531e-02  nan  nan  nan  nan  nan  nan  -2.9424858853960378e-05  nan  nan  4.5455106911930017e-05  nan  9.1469949804740854e-05
1.0640000000001800e+02  3.1841853176160910e+01  3.1841853219102482e+01  3.1841853194925132e+01  2.4619539700981019e-02  nan  nan  nan  nan  nan  nan  -2.9463336690396706e-05  nan  nan  4.4403697313921857e-05  nan  8.9982484109911494e-05
1.0720000000001799e+02  3.1840452723465440e+01  3.1840452767117117e+01  3.1840452742561929e+01  2.4619023730149382e-02  nan  nan  nan  nan  nan  nan  -2.9500359887397626e-05  nan  nan  4.3685762375145638e-05  nan  8.9025060420168552e-05
1.0800000000001801e+02  3.1839052972753599e+01  3.1839053017113187e+01  3.1839052992181259e+01  2.4618756797852633e-02  nan  nan  nan  nan  nan  nan  -2.9539910521266040e-05  nan  nan  4.4866466952179628e-05  nan  9.0732872816211678e-05
1.0880000000001900e+02  3.1837320711126122e+01  3.1837320756202406e+01  3.1837320730888816e+01  2.4618849912269751e-02  nan  nan  nan  nan  nan  nan  -2.9582855318501981e-05  nan  nan  4.5987780450508702e-05  nan  9.2587982630823484e-05
1.0960000000001899e+02  3.1835918510569932e+01  3.1835918556355900e+01  3.1835918530664685e+01  2.4618937010350922e-02  nan  nan  nan  nan  nan  nan  -2.9625967577207587e-05  nan  nan  4.5328240797678879e-05  nan  9.1898162672680332e-05
1.1040000000002000e+02  3.1834513959756872e+01  3.1834514006255308e+01  3.1834513980185118e+01  2.4618395719369444e-02  nan  nan  nan  nan  nan  nan  -2.9665880621725052e-05  nan  nan  4.4482933410030982e-05  nan  9.0556570473517294e-05
1.1120000000002000e+02  3.1833110308722723e+01  3.1833110355940772e+01  3.1833110329488107e+01  2.4617476350014635e-02  nan  nan  nan  nan  nan  nan  -2.9703609811839842e-05  nan  nan  4.4841660992927994e-05  nan  9.1025361257884816e-05
1.1200000000001999e+02  3.1831709692273130e+01  3.1831709740219875e+01  3.1831709713380242e+01  2.4617154249391052e-02  nan  nan  nan  nan  nan  nan  -2.9742800652327777e-05  nan  nan  4.5447497356822787e-05  nan  9.2187889929127925e-05
1.1280000000002100e+02  3.1830309798031177e+01  3.1830309846712950e+01  3.1830309819483226e+01  2.4617485130687140e-02  nan  nan  nan  nan  nan  nan  -2.9784408587083775e-05  nan  nan  4.5472667440874319e-05  nan  9.2323014426634831e-05
1.1360000000002100e+02  3.1828907794410547e+01  3.1828907843830684e+01  3.1828907816209199e+01  2.4617444518342916e-02  nan  nan  nan  nan  nan  nan  -2.9826188307871671e-05  nan  nan  4.5338304888577410e-05  nan  9.2003040958264470e-05
1.1440000000002200e+02  3.1827332004959995e+01  3.1827332055123470e+01  3.1827332027107552e+01  2.4616622511293967e-02  nan  nan  nan  nan  nan  nan  -2.9866443284904980e-05  nan  nan  4.5389597978682781e-05  nan  9.2186993149717523e-05
1.1520000000002200e+02  3.1825926730968689e+01  3.1825926781872489e+01  3.1825926753463815e+01  2.4615766326935313e-02  nan  nan  nan  nan  nan  nan  -2.9905451117688844e-05  nan  nan  4.5464933234215421e-05  nan  9.2592520978282566e-05
1.1600000000002200e+02  3.1824521914795749e+01  3.1824521966439853e+01  3.1824521937638433e+01  2.4615473648076525e-02  nan  nan  nan  nan  nan  nan  -2.9943910303468422e-05  nan  nan  4.5479145042010360e-05  nan  9.2699403205111404e-05
1.1680000000002300e+02  3.1823079667109749e+01  3.1823079719507295e+01  3.1823079690305864e+01  2.4615490945853333e-02  nan  nan  nan  nan  nan  nan  -2.9982052980558781e-05  nan  nan  4.5493491289509745e-05  nan  9.2597889534770761e-05
1.1760000000002300e+02  3.1821671997516134e+01  3.1821672050657693e+01  3.1821672021061630e+01  2.4615281802769243e-02  nan  nan  nan  nan  nan  nan  -3.0019837086994845e-05  nan  nan  4.5521474976833059e-05  nan  9.2722668938881363e-05
1.1840000000002399e+02  3.1820240676125625e+01  3.1820240730042713e+01  3.1820240700034660e+01  2.4614558314011534e-02  nan  nan  nan  nan  nan  nan  -3.0056988998618334e-05  nan  nan  4.5662413012685735e-05  nan  9.3052462858950755e-05
1.1920000000002400e+02  3.1818833981010755e+01  3.1818834035680347e+01  3.1818834005273434e+01  2.4613644692846531e-02  nan  nan  nan  nan  nan  nan  -3.0093970907528811e-05  nan  nan  4.5746945040046902e-05  nan  9.3091056935525136e-05
1.2000000000002400e+02  3.1817428133443016e+01  3.1817428188870011e+01  3.1817428158061812e+01  2.4613193606530810e-02  nan  nan  nan  nan  nan  nan  -3.0132645791630558e-05  nan  nan  4.5482506276866326e-05  nan  9.3094632658046435e-05
1.2080000000002499e+02  3.1816020967219586e+01  3.1816021023407789e+01  3.1816020992196396e+01  2.4613195436185793e-02  nan  nan  nan  nan  nan  nan  -3.0173182026236000e-05  nan  nan  4.5675662488539354e-05  nan  9.3682968820105441e-05
1.2160000000002501e+02  3.1814612618063027e+01  3.1814612675015827e+01  3.1814612643399546e+01  2.4612998504337701e-02  nan  nan  nan  nan  nan  nan  -3.0212273016950025e-05  nan  nan  4.6566421133524254e-05  nan  9.4210094959399564e-05
1.2240000000002600e+02  3.1813049379756361e+01  3.1813049437467935e+01  3.1813049405450126e+01  2.4612249159028474e-02  nan  nan  nan  nan  nan  nan  -3.0247873989934251e-05  nan  nan  4.6228165905654990e-05  nan  9.3729226990245905e-05
1.2320000000002599e+02  3.1811641387351834e+01  3.1811641445829572e+01  3.1811641413406097e+01  2.4611352860755865e-02  nan  nan  nan  nan  nan  nan  -3.0282063781148324e-05  nan  nan  4.4865580579064640e-05  nan  9.3288095689390987e-05
1.2400000000002700e+02  3.1810257921835284e+01  3.1810257981109078e+01  3.1810257948263317e+01  2.4610909403183383e-02  nan  nan  nan  nan  nan  nan  -3.0317606153348470e-05  nan  nan  4.5370987808514565e-05  nan  9.3713989462321717e-05
1.2480000000002700e+02  3.1808847165195751e+01  3.1808847225235876e+01  3.1808847191984320e+01  2.4610749953397418e-02  nan  nan  nan  nan  nan  nan  -3.0355652617512870e-05  nan  nan  4.6991858011446734e-05  nan  9.4817573259102863e-05
1.2560000000002699e+02  3.1807436054538439e+01  3.1807436115344949e+01  3.1807436081687591e+01  2.4610297493463371e-02  nan  nan  nan  nan  nan  nan  -3.0395909425577985e-05  nan  nan  4.6680432488435337e-05  nan  9.4805631341285347e-05
1.2640000000002800e+02  3.1806023906709896e+01  3.1806023968283029e+01  3.1806023934219752e+01  2.4609543804763628e-02  nan  nan  nan  nan  nan  nan  -3.0435819415587665e-05  nan  nan  4.5525578374312089e-05  nan  9.4661613550276198e-05
1.2720000000002800e+02  3.1804611987382263e+01  3.1804612049725080e+01  3.1804612015254392e+01  2.4608737848139387e-02  nan  nan  nan  nan  nan  nan  -3.0471406445225539e-05  nan  nan  4.6157070618655975e-05  nan  9.4749805621479314e-05
1.2800000000002899e+02  3.1803202857135087e+01  3.1803202920252424e+01  3.1803202885371967e+01  2.4607974344351649e-02  nan  nan  nan  nan  nan  nan  -3.0502349662792038e-05  nan  nan  4.6936259533565028e-05  nan  9.4873331589788028e-05
1.2880000000002801e+02  3.1801795396265796e+01  3.1801795460162491e+01  3.1801795424869908e+01  2.4607472528672937e-02  nan  nan  nan  nan  nan  nan  -3.0534531793203999e-05  nan  nan  4.5466446688043814e-05  nan  9.4282478151932222e-05
1.2960000000002699e+02  3.1800386392072660e+01  3.1800386456754651e+01  3.1800386421047023e+01  2.4607238047810131e-02  nan  nan  nan  nan  nan  nan  -3.0573066819371102e-05  nan  nan  4.4877345347717116e-05  nan  9.5189996666581825e-05
1.3040000000002601e+02  3.1798977192190041e+01  3.1798977257664092e+01  3.1798977221538056e+01  2.4606709809471907e-02  nan  nan  nan  nan  nan  nan  -3.0615739225646547e-05  nan  nan  4.7592056218758165e-05  nan  9.6275369177880969e-05
1.3120000000002599e+02  3.1797570826329537e+01  3.1797570892600469e+01  3.1797570856053635e+01  2.4605643825425662e-02  nan  nan  nan  nan  nan  nan  -3.0657083825132472e-05  nan  nan  4.8501306308775357e-05  nan  9.6989100719459143e-05
1.3200000000002501e+02  3.1796164652041611e+01  3.1796164719110799e+01  3.1796164682142489e+01  2.4604707473789959e-02  nan  nan  nan  nan  nan  nan  -3.0693599908774952e-05  nan  nan  4.5511214517536532e-05  nan  9.5808919166010003e-05
1.3280000000002400e+02  3.1794671151281040e+01  3.1794671219175669e+01  3.1794671181770855e+01  2.4604393714229005e-02  nan  nan  nan  nan  nan  nan  -3.0725136672449835e-05  nan  nan  4.4560546634022735e-05  nan  9.4848445774534280e-05
1.3360000000002299e+02  3.1793259121748775e+01  3.1793259190440789e+01  3.1793259152614855e+01  2.4604142541238057e-02  nan  nan  nan  nan  nan  nan  -3.0756367253222857e-05  nan  nan  4.6880318082585287e-05  nan  9.5171093506023454e-05
1.3440000000002300e+02  3.1791816047341069e+01  3.1791816116828667e+01  3.1791816078582542e+01  2.4603293660157202e-02  nan  nan  nan  nan  nan  nan  -3.0792082215662635e-05  nan  nan  4.7650059371228277e-05  nan  9.6855331655413385e-05
1.3520000000002199e+02  3.1790401201510026e+01  3.1790401271830742e+01  3.1790401233143726e+01  2.4602141880967279e-02  nan  nan  nan  nan  nan  nan  -3.0830285166337790e-05  nan  nan  4.6437876492107019e-05  nan  9.6938947579349878e-05
1.3600000000002100e+02  3.1788988082785608e+01  3.1788988153905350e+01  3.1788988114796300e+01  2.4601374571417103e-02  nan  nan  nan  nan  nan  nan  -3.0866802940851305e-05  nan  nan  4.6049714898418322e-05  nan  9.6255561354266896e-05
1.3680000000002099e+02  3.1787401269139060e+01  3.1787401341093929e+01  3.1787401301543142e+01  2.4601008981601342e-02  nan  nan  nan  nan  nan  nan  -3.0902229982091385e-05  nan  nan  4.6717671756918314e-05  nan  9.6401000545284020e-05
1.3760000000002000e+02  3.1785983946655023e+01  3.1785984019413661e+01  3.1785983979438420e+01  2.4600462854214241e-02  nan  nan  nan  nan  nan  nan  -3.0938577119465641e-05  nan  nan  4.7169038671662100e-05  nan  9.6895252982339314e-05
1.3840000000001899e+02  3.1784567788552273e+01  3.1784567862115491e+01  3.1784567821715395e+01  2.4599481611937882e-02  nan  nan  nan  nan  nan  nan  -3.0974921844507459e-05  nan  nan  4.6945982842834596e-05  nan  9.7007570947432739e-05
1.3920000000001801e+02  3.1783152055772472e+01  3.1783152130141207e+01  3.1783152089315813e+01  2.4598471630181334e-02  nan  nan  nan  nan  nan  nan  -3.1009653863090788e-05  nan  nan  4.6562200515774116e-05  nan  9.7058283737327096e-05
1.4000000000001799e+02  3.1781735355063724e+01  3.1781735430238783e+01  3.1781735388987748e+01  2.4597769379578194e-02  nan  nan  nan  nan  nan  nan  -3.1043517884537623e-05  nan  nan  4.6587882055548813e-05  nan  9.7215552083592259e-05
1.4080000000001701e+02  3.1780284484059443e+01  3.1780284560080325e+01  3.1780284518382114e+01  2.4597123844462745e-02  nan  nan  nan  nan  nan  nan  -3.1078908509394766e-05  nan  nan  4.6871349454290699e-05  nan  9.7537751522456772e-05
1.4160000000001600e+02  3.1778694996674222e+01  3.1778695073507919e+01  3.1778695031380877e+01  2.4596271723747842e-02  nan  nan  nan  nan  nan  nan  -3.1116635899714170e-05  nan  nan  4.7125926044961329e-05  nan  9.7847455293311272e-05
1.4240000000001501e+02  3.1777280758161929e+01  3.1777280835812746e+01  3.1777280793254800e+01  2.4595412188544035e-02  nan  nan  nan  nan  nan  nan  -3.1154305224617750e-05  nan  nan  4.7300749818402217e-05  nan  9.7761276231606180e-05
1.4320000000001500e+02  3.1775867036316075e+01  3.1775867114789506e+01  3.1775867071797983e+01  2.4594666234468213e-02  nan  nan  nan  nan  nan  nan  -3.1189025210722564e-05  nan  nan  4.7093150977364343e-05  nan  9.7640305856106779e-05
1.4400000000001401e+02  3.1774388480090870e+01  3.1774388559427095e+01  3.1774388515980256e+01  2.4593773495179071e-02  nan  nan  nan  nan  nan  nan  -3.1221024710588662e-05  nan  nan  4.6557128766770428e-05  nan  9.7913856120453836e-05
1.4480000000001300e+02  3.1772974124123166e+01  3.1772974204291021e+01  3.1772974160406115e+01  2.4592737440111850e-02  nan  nan  nan  nan  nan  nan  -3.1253390258527744e-05  nan  nan  4.6517890522976990e-05  nan  9.8212802006863211e-05
1.4560000000001301e+02  3.1771560237478543e+01  3.1771560318480287e+01  3.1771560274156169e+01  2.4591955648846690e-02  nan  nan  nan  nan  nan  nan  -3.1288322462319239e-05  nan  nan  4.7179964907954424e-05  nan  9.8342640389821210e-05
1.4640000000001200e+02  3.1769956612133424e+01  3.1769956694028995e+01  3.1769956649232903e+01  2.4591381652320748e-02  nan  nan  nan  nan  nan  nan  -3.1324758312547480e-05  nan  nan  4.7667879363808119e-05  nan  9.8301366898069156e-05
1.4720000000001099e+02  3.1768539402295719e+01  3.1768539485025034e+01  3.1768539439789723e+01  2.4590473023549171e-02  nan  nan  nan  nan  nan  nan  -3.1360946996607662e-05  nan  nan  4.7228001073291313e-05  nan  9.8391212135720936e-05
1.4800000000001000e+02  3.1766995722234082e+01  3.1766995805815725e+01  3.1766995760130904e+01  2.4589217076938980e-02  nan  nan  nan  nan  nan  nan  -3.1396924100670757e-05  nan  nan  4.6545611830951919e-05  nan  9.9157018839931459e-05
1.4880000000000999e+02  3.1765497948417242e+01  3.1765498032834039e+01  3.1765497986709036e+01  2.4588234704191924e-02  nan  nan  nan  nan  nan  nan  -3.1432051288478977e-05  nan  nan  4.7236419538486565e-05  nan  9.9441098220647787e-05
1.4960000000000900e+02  3.1764077446653864e+01  3.1764077531902590e+01  3.1764077485339218e+01  2.4587674259678508e-02  nan  nan  nan  nan  nan  nan  -3.1464939304502454e-05  nan  nan  4.8161150550100322e-05  nan  9.8683481999475668e-05
1.5040000000000799e+02  3.1762470658733076e+01  3.1762470744808795e+01  3.1762470697809771e+01  2.4586964164507188e-02  nan  nan  nan  nan  nan  nan  -3.1496853717940259e-05  nan  nan  4.6928052480475337e-05  nan  9.8739646877567806e-05
1.5120000000000701e+02  3.1761046876364702e+01  3.1761046963274982e+01  3.1761046915836260e+01  2.4585822300284662e-02  nan  nan  nan  nan  nan  nan  -3.1529764995250661e-05  nan  nan  4.6025394131827727e-05  nan  9.9548054844384286e-05
1.5200000000000699e+02  3.1759623365830652e+01  3.1759623453580851e+01  3.1759623405699760e+01  2.4584639999724930e-02  nan  nan  nan  nan  nan  nan  -3.1563986009300008e-05  nan  nan  4.7743017776803514e-05  nan  9.9393626999681614e-05
1.5280000000000601e+02  3.1758201919479930e+01  3.1758202008074804e+01  3.1758201959749019e+01  2.4583735954217610e-02  nan  nan  nan  nan  nan  nan  -3.1599978151844319e-05  nan  nan  4.8466083441402184e-05  nan  9.9832226840566895e-05
1.5360000000000500e+02  3.1756780960002487e+01  3.1756781049444069e+01  3.1756781000672618e+01  2.4582946961814879e-02  nan  nan  nan  nan  nan  nan  -3.1636781983175851e-05  nan  nan  4.7032885923346706e-05  nan  1.0025292846685406e-04
1.5440000000000501e+02  3.1755253856860897e+01  3.1755253947124210e+01  3.1755253897920888e+01  2.4582044853178185e-02  nan  nan  nan  nan  nan  nan  -3.1671565239952156e-05  nan  nan  4.6803665516683970e-05  nan  9.9753222107896723e-05
1.5520000000000400e+02  3.1753832260401445e+01  3.1753832351517996e+01  3.1753832301865788e+01  2.4581010606258571e-02  nan  nan  nan  nan  nan  nan  -3.1704537688369008e-05  nan  nan  4.7732326966106360e-05  nan  9.9638567095301122e-05
1.5600000000000301e+02  3.1752343437419377e+01  3.1752343529380632e+01  3.1752343479284217e+01  2.4579889854377077e-02  nan  nan  nan  nan  nan  nan  -3.1738290369973515e-05  nan  nan  4.7716444987122557e-05  nan  1.0035889347334539e-04
1.5680000000000200e+02  3.1750771710494199e+01  3.1750771803297486e+01  3.1750771752758308e+01  2.4578788334066817e-02  nan  nan  nan  nan  nan  nan  -3.1772954242206127e-05  nan  nan  4.7260537782402992e-05  nan  1.0051726935075504e-04
1.5760000000000201e+02  3.1748973829650993e+01  3.1748973923421143e+01  3.1748973872371252e+01  2.4577877254329899e-02  nan  nan  nan  nan  nan  nan  -3.1807368452618055e-05  nan  nan  4.7382365387149310e-05  nan  1.0046286934780087e-04
1.5840000000000100e+02  3.1747563555598212e+01  3.1747563650269406e+01  3.1747563598744630e+01  2.4577076437163597e-02  nan  nan  nan  nan  nan  nan  -3.1841419364760592e-05  nan  nan  4.7712661643357907e-05  nan  1.0052590034152184e-04
1.5919999999999999e+02  3.1746137770469453e+01  3.1746137865995031e+01  3.1746137814020752e+01  2.4576033533950475e-02  nan  nan  nan  nan  nan  nan  -3.1874574761614300e-05  nan  nan  4.7768127324170630e-05  nan  1.0042890545026078e-04
1.5999999999999901e+02  3.1744712163946218e+01  3.1744712260327059e+01  3.1744712207902847e+01  2.4574699538230653e-02  nan  nan  nan  nan  nan  nan  -3.1906312510794338e-05  nan  nan  4.7533705322795402e-05  nan  1.0060723258520737e-04
1.6079999999999899e+02  3.1743286423729387e+01  3.1743286520967040e+01  3.1743286468092137e+01  2.4573495560121731e-02  nan  nan  nan  nan  nan  nan  -3.1938475093229722e-05  nan  nan  4.7197680995054776e-05  nan  1.0138881491051493e-04
1.6159999999999800e+02  3.1741859788883520e+01  3.1741859886979945e+01  3.1741859833653400e+01  2.4572637626251576e-02  nan  nan  nan  nan  nan  nan  -3.1973353500851692e-05  nan  nan  4.7415390152874329e-05  nan  1.0165660691874744e-04
1.6239999999999699e+02  3.1740470590664721e+01  3.1740470689642478e+01  3.1740470635852144e+01  2.4571753640388935e-02  nan  nan  nan  nan  nan  nan  -3.2010075628139127e-05  nan  nan  4.8279039693187352e-05  nan  1.0121835621353299e-04
1.6319999999999700e+02  3.1739045264021410e+01  3.1739045363863987e+01  3.1739045309618991e+01  2.4570487641909080e-02  nan  nan  nan  nan  nan  nan  -3.2045823782795378e-05  nan  nan  4.8377021337415763e-05  nan  1.0125043804897628e-04
1.6399999999999599e+02  3.1737621298146369e+01  3.1737621398855882e+01  3.1737621344155208e+01  2.4569099329033735e-02  nan  nan  nan  nan  nan  nan  -3.2079210052960135e-05  nan  nan  4.7353053430855679e-05  nan  1.0210004499745424e-04
1.6479999999999501e+02  3.1736197330244195e+01  3.1736197431822646e+01  3.1736197376665327e+01  2.4568038943635875e-02  nan  nan  nan  nan  nan  nan  -3.2111006641063978e-05  nan  nan  4.7038223498115745e-05  nan  1.0237492682012768e-04
1.6559999999999400e+02  3.1734773313846972e+01  3.1734773416297500e+01  3.1734773360681995e+01  2.4567203399907537e-02  nan  nan  nan  nan  nan  nan  -3.2143222911377467e-05  nan  nan  4.7904341466575028e-05  nan  1.0172812970790051e-04
1.6639999999999401e+02  3.1733203473164810e+01  3.1733203576503072e+01  3.1733203520420997e+01  2.4566148144224618e-02  nan  nan  nan  nan  nan  nan  -3.2177307926441859e-05  nan  nan  4.8274583244221866e-05  nan  1.0164371311457026e-04
1.6719999999999300e+02  3.1731779953282448e+01  3.1731780057496458e+01  3.1731780000954341e+01  2.4564832611906180e-02  nan  nan  nan  nan  nan  nan  -3.2212358911595637e-05  nan  nan  4.7780568540785821e-05  nan  1.0239216853716921e-04
1.6799999999999201e+02  3.1730356084447010e+01  3.1730356189537069e+01  3.1730356132534787e+01  2.4563586458190369e-02  nan  nan  nan  nan  nan  nan  -3.2246478056568293e-05  nan  nan  4.7587741263845061e-05  nan  1.0283225588457376e-04
1.6879999999999100e+02  3.1728931107184742e+01  3.1728931213151942e+01  3.1728931155688940e+01  2.4562506188370848e-02  nan  nan  nan  nan  nan  nan  -3.2279547154476560e-05  nan  nan  4.7859508325706801e-05  nan  1.0269931431974368e-04
1.6959999999999101e+02  3.1727505668632254e+01  3.1727505775477784e+01  3.1727505717553477e+01  2.4561388754913392e-02  nan  nan  nan  nan  nan  nan  -3.2312767317444973e-05  nan  nan  4.7962975391347483e-05  nan  1.0267525708004883e-04
1.7039999999999000e+02  3.1726080868840544e+01  3.1726080976565424e+01  3.1726080918179292e+01  2.4560146126697907e-02  nan  nan  nan  nan  nan  nan  -3.2346562986050863e-05  nan  nan  4.7889027289734771e-05  nan  1.0293678426523555e-04
1.7119999999998899e+02  3.1724656494679397e+01  3.1724656603285265e+01  3.1724656544436499e+01  2.4558916864105731e-02  nan  nan  nan  nan  nan  nan  -3.2380514360817846e-05  nan  nan  4.7901363958508399e-05  nan  1.0317620032556803e-04
1.7199999999998900e+02  3.1723231234916469e+01  3.1723231344405459e+01  3.1723231285092989e+01  2.4557795485829644e-02  nan  nan  nan  nan  nan  nan  -3.2414221314007571e-05  nan  nan  4.7972251775635694e-05  nan  1.0331199459623380e-04
1.7279999999998799e+02  3.1721804830049983e+01  3.1721804940423496e+01  3.1721804880646641e+01  2.4556683282617446e-02  nan  nan  nan  nan  nan  nan  -3.2447535555552132e-05  nan  nan  4.8002624507011831e-05  nan  1.0338369909256455e-04
1.7359999999998701e+02  3.1720378427496314e+01  3.1720378538754751e+01  3.1720378478513318e+01  2.4555469892805142e-02  nan  nan  nan  nan  nan  nan  -3.2480708382783910e-05  nan  nan  4.7958266206568898e-05  nan  1.0343757375993367e-04
1.7439999999998599e+02  3.1718793922062371e+01  3.1718794034212554e+01  3.1718793973502898e+01  2.4554228533649476e-02  nan  nan  nan  nan  nan  nan  -3.2514161393410471e-05  nan  nan  4.7955468865174703e-05  nan  1.0367475790290825e-04
1.7519999999998601e+02  3.1717339927184714e+01  3.1717340040274998e+01  3.1717339979070982e+01  2.4553093738351080e-02  nan  nan  nan  nan  nan  nan  -3.2547855776653689e-05  nan  nan  4.8096669446241146e-05  nan  1.0403270794810233e-04
1.7599999999998499e+02  3.1715656315005894e+01  3.1715656429028940e+01  3.1715656367334564e+01  2.4551988241502575e-02  nan  nan  nan  nan  nan  nan  -3.2581406420335651e-05  nan  nan  4.8158045117143130e-05  nan  1.0412509796575501e-04
1.7679999999998401e+02  3.1714224189099198e+01  3.1714224304009786e+01  3.1714224241849525e+01  2.4550677996953454e-02  nan  nan  nan  nan  nan  nan  -3.2614667889784097e-05  nan  nan  4.8046910135907063e-05  nan  1.0405419074724642e-04
1.7759999999998300e+02  3.1712792343676000e+01  3.1712792459474873e+01  3.1712792396848364e+01  2.4549183436249972e-02  nan  nan  nan  nan  nan  nan  -3.2647873374343063e-05  nan  nan  4.8040855273890014e-05  nan  1.0425646844045068e-04
1.7839999999998301e+02  3.1711361163267163e+01  3.1711361279955334e+01  3.1711361216862088e+01  2.4547850132163877e-02  nan  nan  nan  nan  nan  nan  -3.2681385145416611e-05  nan  nan  4.8166780416377117e-05  nan  1.0460602268763697e-04
1.7919999999998200e+02  3.1709754213161720e+01  3.1709754330748616e+01  3.1709754267183619e+01  2.4546787718631863e-02  nan  nan  nan  nan  nan  nan  -3.2715212204952728e-05  nan  nan  4.8218435866905399e-05  nan  1.0479915824540323e-04
1.7999999999998099e+02  3.1708323137166442e+01  3.1708323255645883e+01  3.1708323191612564e+01  2.4545619988752140e-02  nan  nan  nan  nan  nan  nan  -3.2748905109931705e-05  nan  nan  4.8203562756738791e-05  nan  1.0486609095902385e-04
1.8079999999998100e+02  3.1706723783260685e+01  3.1706723902631563e+01  3.1706723838130582e+01  2.4544116338065500e-02  nan  nan  nan  nan  nan  nan  -3.2782261238884555e-05  nan  nan  4.8182073250089730e-05  nan  1.0478302438303474e-04
1.8159999999998001e+02  3.1705293443337336e+01  3.1705293563604808e+01  3.1705293498633512e+01  2.4542618182034161e-02  nan  nan  nan  nan  nan  nan  -3.2815644396179392e-05  nan  nan  4.8174096688213652e-05  nan  1.0482640824792876e-04
1.8239999999997900e+02  3.1703863777849804e+01  3.1703863899016014e+01  3.1703863833573347e+01  2.4541465820931283e-02  nan  nan  nan  nan  nan  nan  -3.2849382864683747e-05  nan  nan  4.8222622587025093e-05  nan  1.0551784048270058e-04
1.8319999999997799e+02  3.1702366037939630e+01  3.1702366160054734e+01  3.1702366094113675e+01  2.4540424297766046e-02  nan  nan  nan  nan  nan  nan  -3.2883306731736205e-05  nan  nan  4.8260468899584513e-05  nan  1.0597540182096540e-04
1.8399999999997800e+02  3.1700796314822234e+01  3.1700796437856969e+01  3.1700796371433409e+01  2.4539046890159576e-02  nan  nan  nan  nan  nan  nan  -3.2916851209658601e-05  nan  nan  4.8283891577050014e-05  nan  1.0528940605654459e-04
1.8479999999997699e+02  3.1699366191900570e+01  3.1699366315840773e+01  3.1699366248942475e+01  2.4537355937845458e-02  nan  nan  nan  nan  nan  nan  -3.2949853462274742e-05  nan  nan  4.8320015629222700e-05  nan  1.0479027216628994e-04
1.8559999999997601e+02  3.1697937512116550e+01  3.1697937636965104e+01  3.1697937569590660e+01  2.4535835486998326e-02  nan  nan  nan  nan  nan  nan  -3.2983388441305067e-05  nan  nan  4.8164048320342812e-05  nan  1.0622257513452716e-04
1.8639999999997499e+02  3.1696508119774357e+01  3.1696508245533888e+01  3.1696508177681991e+01  2.4534729998317843e-02  nan  nan  nan  nan  nan  nan  -3.3018413873393444e-05  nan  nan  4.8049230189153864e-05  nan  1.0742455022879867e-04
1.8719999999997501e+02  3.1695023643894089e+01  3.1695023770583973e+01  3.1695023702244278e+01  2.4533636429364503e-02  nan  nan  nan  nan  nan  nan  -3.3053604395983901e-05  nan  nan  4.8534949767333790e-05  nan  1.0600174786152853e-04
1.8799999999997399e+02  3.1693485028443284e+01  3.1693485156083298e+01  3.1693485087245215e+01  2.4532120890760793e-02  nan  nan  nan  nan  nan  nan  -3.3086828821736884e-05  nan  nan  4.8874550180187297e-05  nan  1.0469648071099689e-04
1.8879999999997301e+02  3.1692018247048374e+01  3.1692018375663704e+01  3.1692018306313695e+01  2.4530475360222563e-02  nan  nan  nan  nan  nan  nan  -3.3118271629094743e-05  nan  nan  4.8075776441007710e-05  nan  1.0658783602169802e-04
1.8959999999997299e+02  3.1690514585291208e+01  3.1690514714816874e+01  3.1690514644989943e+01  2.4529243688377781e-02  nan  nan  nan  nan  nan  nan  -3.3149942883376821e-05  nan  nan  4.7464544952310882e-05  nan  1.0848834700376785e-04
1.9039999999997201e+02  3.1689081155813799e+01  3.1689081286254147e+01  3.1689081215947869e+01  2.4528242578762110e-02  nan  nan  nan  nan  nan  nan  -3.3183386592288378e-05  nan  nan  4.8378643003800151e-05  nan  1.0683964385721933e-04
1.9119999999997100e+02  3.1687646939092321e+01  3.1687647070445998e+01  3.1687646999661027e+01  2.4526872976135296e-02  nan  nan  nan  nan  nan  nan  -3.3218803461422244e-05  nan  nan  4.9217091477538760e-05  nan  1.0529887611889359e-04
1.9199999999996999e+02  3.1686213135554009e+01  3.1686213267820015e+01  3.1686213196556842e+01  2.4525184107860896e-02  nan  nan  nan  nan  nan  nan  -3.3254532007081459e-05  nan  nan  4.8651361264820649e-05  nan  1.0706734422835724e-04
1.9279999999997000e+02  3.1684621326325626e+01  3.1684621459601455e+01  3.1684621387807582e+01  2.4523732762608719e-02  nan  nan  nan  nan  nan  nan  -3.3288155331402184e-05  nan  nan  4.8030865411969624e-05  nan  1.0862664363653591e-04
1.9359999999996899e+02  3.1683183704531274e+01  3.1683183838721291e+01  3.1683183766448263e+01  2.4522565606919840e-02  nan  nan  nan  nan  nan  nan  -3.3319863384086919e-05  nan  nan  4.8216166616685910e-05  nan  1.0768193166703101e-04
1.9439999999996800e+02  3.1681778387835895e+01  3.1681778523002155e+01  3.1681778450216591e+01  2.4521209129860215e-02  nan  nan  nan  nan  nan  nan  -3.3352341145128560e-05  nan  nan  4.8487151033651153e-05  nan  1.0700895567634447e-04
1.9519999999996699e+02  3.1680340934819547e+01  3.1680341070902418e+01  3.1680340997636499e+01  2.4519563658124060e-02  nan  nan  nan  nan  nan  nan  -3.3386428465054582e-05  nan  nan  4.8681066747063785e-05  nan  1.0777962768536400e-04
1.9599999999996700e+02  3.1678744744930238e+01  3.1678744881931813e+01  3.1678744808184536e+01  2.4518034368727355e-02  nan  nan  nan  nan  nan  nan  -3.3420395828969559e-05  nan  nan  4.8817293303384025e-05  nan  1.0826561039353424e-04
1.9679999999996599e+02  3.1677307486949346e+01  3.1677307624870654e+01  3.1677307550641526e+01  2.4516773279413463e-02  nan  nan  nan  nan  nan  nan  -3.3453661480745199e-05  nan  nan  4.8413075321465399e-05  nan  1.0820752172021887e-04
1.9759999999996501e+02  3.1675869243006396e+01  3.1675869381848496e+01  3.1675869307137031e+01  2.4515428478721776e-02  nan  nan  nan  nan  nan  nan  -3.3487656717377093e-05  nan  nan  4.8035076712716051e-05  nan  1.0836941821421619e-04
1.9839999999996499e+02  3.1674424739304598e+01  3.1674424879135813e+01  3.1674424803905367e+01  2.4513771494593193e-02  nan  nan  nan  nan  nan  nan  -3.3523253869557887e-05  nan  nan  4.8639085799936512e-05  nan  1.0861759679861502e-04
1.9919999999996401e+02  3.1672990985091204e+01  3.1672991125849762e+01  3.1672991050133732e+01  2.4512093885901018e-02  nan  nan  nan  nan  nan  nan  -3.3559528480346800e-05  nan  nan  4.9263422893315587e-05  nan  1.0890863520517865e-04
1.9999999999996299e+02  3.1671509811640593e+01  3.1671509953390544e+01  3.1671509877154630e+01  2.4510716184300473e-02  nan  nan  nan  nan  nan  nan  -3.3594368784591546e-05  nan  nan  4.8743159695563587e-05  nan  1.0900663412300545e-04
2.0000999999996299e+02  3.1671491897643239e+01  3.1671492039404853e+01  3.1671491963162833e+01  2.4510700492923237e-02  nan  nan  nan  nan  nan  nan  -3.3594786832120235e-05  nan  nan  4.8732095373861383e-05  nan  1.0900355900748863e-04
