# time  total_canon  bary_x_canon  bary_y_canon  bary_z_canon  rms_radius_canon  total_phantom  bary_x_phantom  bary_y_phantom  bary_z_phantom  rms_radius_phantom
0.0000000000000000e+00  3.9125479701222083e+00  3.1999880552831023e+01  3.1999880552831026e+01  3.1999880552831033e+01  4.3375399917803454e+00  0.0000000000000000e+00  nan  nan  nan  nan
8.0000000000000004e-01  3.9155202335413106e+00  3.1999852650400992e+01  3.1999852650407476e+01  3.1999852650403632e+01  4.3376492080906308e+00  0.0000000000000000e+00  nan  nan  nan  nan
1.6000000000000001e+00  3.9185835609284139e+00  3.1999786751170276e+01  3.1999786751232275e+01  3.1999786751199643e+01  4.3378872978279395e+00  0.0000000000000000e+00  nan  nan  nan  nan
2.3999999999999901e+00  3.9218580187650245e+00  3.1999714841832784e+01  3.1999714842022133e+01  3.1999714841925169e+01  4.3380454312385224e+00  0.0000000000000000e+00  nan  nan  nan  nan
3.1999999999999802e+00  3.9252938359745180e+00  3.1999672975146577e+01  3.1999672975507643e+01  3.1999672975324597e+01  4.3381735533372536e+00  0.0000000000000000e+00  nan  nan  nan  nan
3.9999999999999600e+00  3.9288004385121313e+00  3.1999618668099902e+01  3.1999618668632454e+01  3.1999618668363095e+01  4.3384183388018753e+00  0.0000000000000000e+00  nan  nan  nan  nan
4.7999999999999403e+00  3.9320287153171298e+00  3.1999462050045974e+01  3.1999462050725871e+01  3.1999462050380824e+01  4.3388391652518665e+00  0.0000000000000000e+00  nan  nan  nan  nan
5.5999999999999304e+00  3.9349323117151993e+00  3.1999201900511789e+01  3.1999201901310887e+01  3.1999201900902410e+01  4.3392120667178755e+00  0.0000000000000000e+00  nan  nan  nan  nan
6.3999999999999098e+00  3.9380045508134653e+00  3.1998925625466125e+01  3.1998925626350005e+01  3.1998925625893808e+01  4.3393574424482608e+00  0.0000000000000000e+00  nan  nan  nan  nan
7.1999999999998900e+00  3.9415858687565066e+00  3.1998658639683239e+01  3.1998658640615911e+01  3.1998658640128777e+01  4.3395210628862779e+00  0.0000000000000000e+00  nan  nan  nan  nan
7.9999999999998703e+00  3.9452889140566008e+00  3.1998299516673704e+01  3.1998299517616399e+01  3.1998299517116205e+01  4.3400681860927603e+00  0.0000000000000000e+00  nan  nan  nan  nan
8.7999999999998604e+00  3.9483731300337856e+00  3.1997759798637002e+01  3.1997759799533799e+01  3.1997759799046506e+01  4.3409525797137452e+00  0.0000000000000000e+00  nan  nan  nan  nan
9.5999999999998398e+00  3.9508017246327549e+00  3.1997107027762063e+01  3.1997107028540459e+01  3.1997107028100388e+01  4.3418412818380059e+00  0.0000000000000000e+00  nan  nan  nan  nan
1.0399999999999800e+01  3.9534528568680303e+00  3.1996476479801700e+01  3.1996476480398464e+01  3.1996476480035867e+01  4.3430465836203549e+00  0.0000000000000000e+00  nan  nan  nan  nan
1.1199999999999800e+01  3.9570322382199672e+00  3.1995876032469493e+01  3.1995876032851484e+01  3.1995876032582046e+01  4.3461015203079878e+00  0.0000000000000000e+00  nan  nan  nan  nan
1.1999999999999799e+01  3.9611198732331920e+00  3.1995185264983384e+01  3.1995185265130495e+01  3.1995185264963375e+01  4.3524421757665310e+00  0.0000000000000000e+00  nan  nan  nan  nan
1.2799999999999800e+01  3.9648990486127489e+00  3.1994379514431394e+01  3.1994379514324375e+01  3.1994379514268516e+01  4.3622827852366584e+00  0.0000000000000000e+00  nan  nan  nan  nan
1.3599999999999801e+01  3.9686641499523438e+00  3.1993647980274844e+01  3.1993647979899361e+01  3.1993647979961807e+01  4.3766842165038424e+00  0.0000000000000000e+00  nan  nan  nan  nan
1.4399999999999700e+01  3.9731317773137089e+00  3.1993052136928810e+01  3.1993052136114521e+01  3.1993052136379085e+01  4.3953371624951538e+00  0.0000000000000000e+00  nan  nan  nan  nan
1.5199999999999701e+01  3.9783608118682485e+00  3.1992365558819941e+01  3.1992365557355701e+01  3.1992365557925201e+01  4.4170874901972672e+00  0.0000000000000000e+00  nan  nan  nan  nan
1.5999999999999700e+01  3.9834440931097150e+00  3.1991390016978926e+01  3.1991390014865111e+01  3.1991390015737686e+01  4.4407325625148442e+00  0.0000000000000000e+00  nan  nan  nan  nan
1.6799999999999802e+01  3.9875318796915353e+00  3.1990269206175061e+01  3.1990269203348763e+01  3.1990269204555148e+01  4.4644396452970971e+00  0.0000000000000000e+00  nan  nan  nan  nan
1.7600000000000001e+01  3.9911389881154489e+00  3.1989252869757873e+01  3.1989252865784408e+01  3.1989252867539363e+01  4.4884646111577924e+00  0.0000000000000000e+00  nan  nan  nan  nan
1.8400000000000102e+01  3.9953205285572415e+00  3.1988377256176875e+01  3.1988377250902207e+01  3.1988377253281680e+01  4.5146756304729623e+00  0.0000000000000000e+00  nan  nan  nan  nan
1.9200000000000198e+01  4.0000682355899873e+00  3.1987519589924041e+01  3.1987519583789290e+01  3.1987519586577065e+01  4.5429874584335312e+00  0.0000000000000000e+00  nan  nan  nan  nan
2.0000000000000298e+01  4.0046384535840076e+00  3.1986526064327510e+01  3.1986526057236460e+01  3.1986526060481747e+01  4.5724195744573031e+00  0.0000000000000000e+00  nan  nan  nan  nan
2.0800000000000502e+01  4.0087897922917639e+00  3.1985357711931947e+01  3.1985357703110065e+01  3.1985357707191469e+01  4.6033665805300581e+00  0.0000000000000000e+00  nan  nan  nan  nan
2.1600000000000598e+01  4.0129685215040061e+00  3.1984380104372086e+01  3.1984380093700057e+01  3.1984380098680404e+01  4.6365011168768184e+00  0.0000000000000000e+00  nan  nan  nan  nan
2.2400000000000698e+01  4.0178413880867669e+00  3.1983874859515922e+01  3.1983874847444319e+01  3.1983874853117971e+01  4.6730035554411451e+00  0.0000000000000000e+00  nan  nan  nan  nan
2.3200000000000799e+01  4.0234953416756776e+00  3.1983728000238784e+01  3.1983727987072040e+01  3.1983727993297233e+01  4.7139871267527100e+00  0.0000000000000000e+00  nan  nan  nan  nan
2.4000000000000998e+01  4.0291414514732935e+00  3.1983382044151899e+01  3.1983382030503552e+01  3.1983382036963999e+01  4.7578286775476650e+00  0.0000000000000000e+00  nan  nan  nan  nan
2.4800000000001098e+01  4.0343432513097124e+00  3.1982980058708595e+01  3.1982980044774688e+01  3.1982980051372078e+01  4.8026860503109061e+00  0.0000000000000000e+00  nan  nan  nan  nan
2.5600000000001199e+01  4.0396486100271485e+00  3.1982990213803582e+01  3.1982990199898868e+01  3.1982990206477890e+01  4.8500360455861831e+00  0.0000000000000000e+00  nan  nan  nan  nan
2.6400000000001299e+01  4.0454881634085869e+00  3.1983222031652598e+01  3.1983222018386762e+01  3.1983222024642817e+01  4.9015116390219280e+00  0.0000000000000000e+00  nan  nan  nan  nan
2.7200000000001499e+01  4.0513859434266486e+00  3.1983070355040695e+01  3.1983070342143506e+01  3.1983070348210358e+01  4.9549234567767710e+00  0.0000000000000000e+00  nan  nan  nan  nan
2.8000000000001599e+01  4.0568206292173201e+00  3.1982640839899812e+01  3.1982640826931416e+01  3.1982640833025560e+01  5.0077247143190675e+00  0.0000000000000000e+00  nan  nan  nan  nan
2.8800000000001699e+01  4.0618887811878572e+00  3.1982429012683347e+01  3.1982428999536072e+01  3.1982429005707782e+01  5.0596875945652320e+00  0.0000000000000000e+00  nan  nan  nan  nan
2.9600000000001799e+01  4.0670491172307326e+00  3.1982401131373120e+01  3.1982401118088795e+01  3.1982401124314254e+01  5.1130437767374550e+00  0.0000000000000000e+00  nan  nan  nan  nan
3.0400000000001999e+01  4.0722842211880632e+00  3.1981989412547549e+01  3.1981989399279168e+01  3.1981989405484594e+01  5.1672947929683097e+00  0.0000000000000000e+00  nan  nan  nan  nan
3.1200000000002099e+01  4.0770203315060938e+00  3.1981260476788101e+01  3.1981260463479906e+01  3.1981260469690259e+01  5.2181972628016178e+00  0.0000000000000000e+00  nan  nan  nan  nan
3.2000000000002203e+01  4.0812719861986917e+00  3.1980513524959036e+01  3.1980513511297023e+01  3.1980513517667511e+01  5.2644296440683656e+00  0.0000000000000000e+00  nan  nan  nan  nan
3.2800000000002001e+01  4.0852304242482358e+00  3.1979807326214832e+01  3.1979807311600670e+01  3.1979807318427458e+01  5.3062182766907524e+00  0.0000000000000000e+00  nan  nan  nan  nan
3.3600000000001899e+01  4.0890361918688427e+00  3.1978493977570281e+01  3.1978493961090855e+01  3.1978493968805790e+01  5.3457620593209656e+00  0.0000000000000000e+00  nan  nan  nan  nan
3.4400000000001697e+01  4.0922121551274424e+00  3.1976800729844143e+01  3.1976800711414526e+01  3.1976800720062208e+01  5.3792366823641391e+00  0.0000000000000000e+00  nan  nan  nan  nan
3.5200000000001602e+01  4.0949248502418047e+00  3.1975021084755717e+01  3.1975021064649852e+01  3.1975021074100603e+01  5.4067610264549977e+00  0.0000000000000000e+00  nan  nan  nan  nan
3.6000000000001400e+01  4.0974681472278576e+00  3.1973579433178681e+01  3.1973579411754002e+01  3.1973579421833310e+01  5.4281614231875981e+00  0.0000000000000000e+00  nan  nan  nan  nan
3.6800000000001198e+01  4.0999221806380817e+00  3.1971982528823688e+01  3.1971982505815671e+01  3.1971982516652076e+01  5.4467452660791587e+00  0.0000000000000000e+00  nan  nan  nan  nan
3.7600000000001103e+01  4.1017971632279773e+00  3.1970257809687567e+01  3.1970257785201156e+01  3.1970257796730245e+01  5.4598793530470626e+00  0.0000000000000000e+00  nan  nan  nan  nan
3.8400000000000901e+01  4.1033247206498507e+00  3.1968261884575703e+01  3.1968261858499577e+01  3.1968261870780548e+01  5.4705796700955158e+00  0.0000000000000000e+00  nan  nan  nan  nan
3.9200000000000799e+01  4.1048418842833252e+00  3.1966273754888288e+01  3.1966273727520431e+01  3.1966273740404116e+01  5.4765305357220786e+00  0.0000000000000000e+00  nan  nan  nan  nan
4.0000000000000597e+01  4.1068588939730546e+00  3.1964717904016798e+01  3.1964717875676225e+01  3.1964717889008604e+01  5.4829325942748364e+00  0.0000000000000000e+00  nan  nan  nan  nan
4.0800000000000502e+01  4.1090497030302053e+00  3.1963182784288588e+01  3.1963182755318076e+01  3.1963182768923737e+01  5.4910734523639242e+00  0.0000000000000000e+00  nan  nan  nan  nan
4.1600000000000300e+01  4.1108431608114886e+00  3.1961491790661317e+01  3.1961491761796466e+01  3.1961491775308058e+01  5.4977007646744624e+00  0.0000000000000000e+00  nan  nan  nan  nan
4.2400000000000098e+01  4.1124515456727089e+00  3.1959905126267003e+01  3.1959905097774683e+01  3.1959905111063790e+01  5.5024067219660404e+00  0.0000000000000000e+00  nan  nan  nan  nan
4.3200000000000003e+01  4.1147101654755840e+00  3.1958630684394940e+01  3.1958630656687575e+01  3.1958630669545418e+01  5.5078007638326794e+00  0.0000000000000000e+00  nan  nan  nan  nan
4.3999999999999801e+01  4.1175724869775285e+00  3.1957543301598733e+01  3.1957543275198532e+01  3.1957543287368676e+01  5.5126697801705440e+00  0.0000000000000000e+00  nan  nan  nan  nan
4.4799999999999699e+01  4.1204359256824397e+00  3.1956396562846489e+01  3.1956396538200408e+01  3.1956396549441909e+01  5.5179199829266761e+00  0.0000000000000000e+00  nan  nan  nan  nan
4.5599999999999497e+01  4.1228325734714470e+00  3.1955142356761652e+01  3.1955142334420902e+01  3.1955142344458427e+01  5.5198982834027897e+00  0.0000000000000000e+00  nan  nan  nan  nan
4.6399999999999302e+01  4.1253090556090513e+00  3.1954281415794718e+01  3.1954281396361310e+01  3.1954281404899682e+01  5.5181645017844660e+00  0.0000000000000000e+00  nan  nan  nan  nan
4.7199999999999200e+01  4.1285897260774274e+00  3.1953704462286066e+01  3.1953704445557666e+01  3.1953704452731643e+01  5.5176138473570022e+00  0.0000000000000000e+00  nan  nan  nan  nan
4.7999999999998998e+01  4.1320432421163327e+00  3.1952938059205025e+01  3.1952938045721343e+01  3.1952938051259640e+01  5.5160907179206387e+00  0.0000000000000000e+00  nan  nan  nan  nan
4.8799999999998903e+01  4.1348439474203769e+00  3.1951939875228693e+01  3.1951939865021320e+01  3.1951939868885798e+01  5.5084341386880835e+00  0.0000000000000000e+00  nan  nan  nan  nan
4.9599999999998701e+01  4.1374773293161127e+00  3.1951067748204913e+01  3.1951067741290359e+01  3.1951067743485510e+01  5.5018618275465494e+00  0.0000000000000000e+00  nan  nan  nan  nan
5.0399999999998499e+01  4.1404220114467405e+00  3.1950287641786421e+01  3.1950287637961043e+01  3.1950287638608483e+01  5.4936345944430895e+00  0.0000000000000000e+00  nan  nan  nan  nan
5.1199999999998397e+01  4.1437205981737950e+00  3.1949331549628660e+01  3.1949331548870983e+01  3.1949331547968917e+01  5.4863814109238191e+00  0.0000000000000000e+00  nan  nan  nan  nan
5.1999999999998202e+01  4.1467875737759616e+00  3.1948197750435959e+01  3.1948197752825649e+01  3.1948197750343919e+01  5.4771757009339614e+00  0.0000000000000000e+00  nan  nan  nan  nan
5.2799999999998100e+01  4.1493594300551759e+00  3.1947298403174237e+01  3.1947298408986278e+01  3.1947298404767817e+01  5.4672685634801059e+00  0.0000000000000000e+00  nan  nan  nan  nan
5.3599999999997898e+01  4.1516120209531486e+00  3.1946301015647816e+01  3.1946301024826280e+01  3.1946301018874653e+01  5.4526239331114548e+00  0.0000000000000000e+00  nan  nan  nan  nan
5.4399999999997704e+01  4.1541072697412966e+00  3.1945142999369946e+01  3.1945143011224090e+01  3.1945143003884624e+01  5.4402768982043828e+00  0.0000000000000000e+00  nan  nan  nan  nan
5.5199999999997601e+01  4.1565822674141577e+00  3.1943946608898997e+01  3.1943946622934661e+01  3.1943946614443927e+01  5.4275375276455975e+00  0.0000000000000000e+00  nan  nan  nan  nan
5.5999999999997399e+01  4.1586334646188670e+00  3.1942891225589147e+01  3.1942891242861386e+01  3.1942891232685611e+01  5.4119218574571528e+00  0.0000000000000000e+00  nan  nan  nan  nan
5.6799999999997297e+01  4.1604118415214568e+00  3.1941877463774087e+01  3.1941877483607620e+01  3.1941877472098241e+01  5.3956634804618666e+00  0.0000000000000000e+00  nan  nan  nan  nan
5.7599999999997102e+01  4.1623069946507210e+00  3.1940998526640492e+01  3.1940998549370295e+01  3.1940998536351810e+01  5.3818854020299689e+00  0.0000000000000000e+00  nan  nan  nan  nan
5.8399999999997000e+01  4.1642227134682086e+00  3.1940031355018235e+01  3.1940031380205710e+01  3.1940031365884856e+01  5.3663873112661218e+00  0.0000000000000000e+00  nan  nan  nan  nan
5.9199999999996798e+01  4.1659967089205612e+00  3.1938779201680163e+01  3.1938779228328489e+01  3.1938779213211944e+01  5.3519914638668311e+00  0.0000000000000000e+00  nan  nan  nan  nan
5.9999999999996597e+01  4.1675186185882191e+00  3.1937509819809190e+01  3.1937509848221662e+01  3.1937509832167230e+01  5.3353457235096098e+00  0.0000000000000000e+00  nan  nan  nan  nan
6.0799999999996501e+01  4.1690237492077564e+00  3.1936555476729129e+01  3.1936555506305890e+01  3.1936555489607716e+01  5.3172605006394420e+00  0.0000000000000000e+00  nan  nan  nan  nan
6.1599999999996299e+01  4.1708673347771210e+00  3.1935879649834956e+01  3.1935879681236074e+01  3.1935879663581243e+01  5.3037832657273691e+00  0.0000000000000000e+00  nan  nan  nan  nan
6.2399999999996197e+01  4.1727160697737951e+00  3.1934879760444979e+01  3.1934879793563113e+01  3.1934879775002162e+01  5.2895248336185929e+00  0.0000000000000000e+00  nan  nan  nan  nan
6.3199999999996002e+01  4.1743096680074050e+00  3.1933694760995731e+01  3.1933694794978376e+01  3.1933694775934779e+01  5.2723448777104425e+00  0.0000000000000000e+00  nan  nan  nan  nan
6.3999999999995801e+01  4.1760343838324641e+00  3.1932619315643286e+01  3.1932619350622854e+01  3.1932619331037845e+01  5.2586099984545527e+00  0.0000000000000000e+00  nan  nan  nan  nan
6.4799999999996203e+01  4.1780711882618045e+00  3.1931818041904403e+01  3.1931818078802863e+01  3.1931818058212713e+01  5.2425831538301635e+00  0.0000000000000000e+00  nan  nan  nan  nan
6.5599999999996697e+01  4.1805302816531409e+00  3.1931018366249742e+01  3.1931018403986798e+01  3.1931018382926791e+01  5.2300253738879237e+00  0.0000000000000000e+00  nan  nan  nan  nan
6.6399999999997107e+01  4.1830252295728902e+00  3.1930402389616489e+01  3.1930402428930240e+01  3.1930402407050504e+01  5.2209090619124510e+00  0.0000000000000000e+00  nan  nan  nan  nan
6.7199999999997502e+01  4.1853437803375062e+00  3.1929767046141642e+01  3.1929767087496064e+01  3.1929767064568573e+01  5.2082183992602502e+00  0.0000000000000000e+00  nan  nan  nan  nan
6.7999999999997897e+01  4.1880385230267860e+00  3.1928945613077641e+01  3.1928945655544428e+01  3.1928945632024512e+01  5.1973441318567275e+00  0.0000000000000000e+00  nan  nan  nan  nan
6.8799999999998306e+01  4.1913309857889711e+00  3.1928331140024167e+01  3.1928331183715862e+01  3.1928331159558997e+01  5.1902019049104933e+00  0.0000000000000000e+00  nan  nan  nan  nan
6.9599999999998701e+01  4.1947209052235479e+00  3.1927764580270466e+01  3.1927764625613435e+01  3.1927764600629843e+01  5.1842913026817214e+00  0.0000000000000000e+00  nan  nan  nan  nan
7.0399999999999096e+01  4.1978120680868507e+00  3.1926853913455840e+01  3.1926853960170838e+01  3.1926853934493064e+01  5.1761586245086368e+00  0.0000000000000000e+00  nan  nan  nan  nan
7.1199999999999505e+01  4.2009401794905248e+00  3.1926040758748680e+01  3.1926040806541543e+01  3.1926040780308522e+01  5.1701029651800949e+00  0.0000000000000000e+00  nan  nan  nan  nan
7.1999999999999901e+01  4.2044639853152725e+00  3.1925392465873596e+01  3.1925392515093368e+01  3.1925392488127446e+01  5.1659922288902846e+00  0.0000000000000000e+00  nan  nan  nan  nan
7.2800000000000296e+01  4.2081421083160517e+00  3.1924293191613849e+01  3.1924293242040580e+01  3.1924293214452380e+01  5.1605742037216755e+00  0.0000000000000000e+00  nan  nan  nan  nan
7.3600000000000705e+01  4.2116077625833697e+00  3.1922820692453580e+01  3.1922820743086902e+01  3.1922820715368047e+01  5.1587461065304865e+00  0.0000000000000000e+00  nan  nan  nan  nan
7.4400000000001199e+01  4.2146493406827288e+00  3.1921672175085579e+01  3.1921672227223404e+01  3.1921672198718912e+01  5.1539962576806744e+00  0.0000000000000000e+00  nan  nan  nan  nan
7.5200000000001594e+01  4.2177005416654332e+00  3.1920444187632675e+01  3.1920444240643125e+01  3.1920444211668084e+01  5.1475398243555013e+00  0.0000000000000000e+00  nan  nan  nan  nan
7.6000000000002004e+01  4.2209887673891284e+00  3.1918957618320785e+01  3.1918957671263428e+01  3.1918957642281988e+01  5.1439463628246278e+00  0.0000000000000000e+00  nan  nan  nan  nan
7.6800000000002399e+01  4.2241967476732132e+00  3.1917530612523578e+01  3.1917530666616035e+01  3.1917530637027593e+01  5.1410826076032015e+00  0.0000000000000000e+00  nan  nan  nan  nan
7.7600000000002794e+01  4.2269419226723137e+00  3.1915949115595559e+01  3.1915949170262913e+01  3.1915949140349817e+01  5.1352650310349119e+00  0.0000000000000000e+00  nan  nan  nan  nan
7.8400000000003203e+01  4.2295058294379029e+00  3.1914228471384266e+01  3.1914228525973865e+01  3.1914228496067118e+01  5.1300802453883563e+00  0.0000000000000000e+00  nan  nan  nan  nan
7.9200000000003598e+01  4.2321325220607253e+00  3.1912694848177367e+01  3.1912694903503347e+01  3.1912694873194539e+01  5.1248617030044548e+00  0.0000000000000000e+00  nan  nan  nan  nan
8.0000000000003993e+01  4.2347926136206784e+00  3.1911071682833324e+01  3.1911071738599702e+01  3.1911071708035404e+01  5.1187638322746007e+00  0.0000000000000000e+00  nan  nan  nan  nan
8.0800000000004403e+01  4.2372546976347412e+00  3.1909266386849033e+01  3.1909266442827033e+01  3.1909266412125806e+01  5.1128394754964690e+00  0.0000000000000000e+00  nan  nan  nan  nan
8.1600000000004798e+01  4.2394693358829016e+00  3.1907563979727264e+01  3.1907564036129255e+01  3.1907564005190107e+01  5.1068628858483383e+00  0.0000000000000000e+00  nan  nan  nan  nan
8.2400000000005207e+01  4.2416030167262910e+00  3.1905990720013907e+01  3.1905990776994081e+01  3.1905990745724921e+01  5.0991562969792144e+00  0.0000000000000000e+00  nan  nan  nan  nan
8.3200000000005701e+01  4.2439425911652826e+00  3.1904223403951370e+01  3.1904223460847017e+01  3.1904223429581119e+01  5.0930143599796232e+00  0.0000000000000000e+00  nan  nan  nan  nan
8.4000000000006096e+01  4.2463390402705201e+00  3.1902524023337360e+01  3.1902524080795406e+01  3.1902524049227477e+01  5.0862786918219962e+00  0.0000000000000000e+00  nan  nan  nan  nan
8.4800000000006506e+01  4.2485703365434357e+00  3.1900897591038095e+01  3.1900897648881092e+01  3.1900897617110395e+01  5.0790992664298180e+00  0.0000000000000000e+00  nan  nan  nan  nan
8.5600000000006901e+01  4.2506743135882568e+00  3.1899279303790571e+01  3.1899279362164283e+01  3.1899279330112293e+01  5.0720927711984176e+00  0.0000000000000000e+00  nan  nan  nan  nan
8.6400000000007296e+01  4.2529696219112711e+00  3.1897683002958964e+01  3.1897683061960425e+01  3.1897683029564178e+01  5.0647298894579320e+00  0.0000000000000000e+00  nan  nan  nan  nan
8.7200000000007705e+01  4.2555770743942052e+00  3.1896322956778626e+01  3.1896323016325116e+01  3.1896322983637585e+01  5.0581072252660544e+00  0.0000000000000000e+00  nan  nan  nan  nan
8.8000000000008100e+01  4.2582458232268543e+00  3.1894926759391321e+01  3.1894926819825177e+01  3.1894926786678766e+01  5.0538382871442584e+00  0.0000000000000000e+00  nan  nan  nan  nan
8.8800000000008495e+01  4.2607235197801696e+00  3.1893341741808765e+01  3.1893341802971864e+01  3.1893341769422559e+01  5.0469905322565616e+00  0.0000000000000000e+00  nan  nan  nan  nan
8.9600000000008905e+01  4.2634035972857589e+00  3.1891878409494748e+01  3.1891878471124961e+01  3.1891878437311767e+01  5.0402266417305679e+00  0.0000000000000000e+00  nan  nan  nan  nan
9.0400000000009300e+01  4.2665956505142972e+00  3.1890761298998740e+01  3.1890761361493944e+01  3.1890761327237485e+01  5.0372121963785057e+00  0.0000000000000000e+00  nan  nan  nan  nan
9.1200000000009794e+01  4.2700189277101357e+00  3.1889594397478689e+01  3.1889594460865716e+01  3.1889594426165324e+01  5.0366151368865246e+00  0.0000000000000000e+00  nan  nan  nan  nan
9.2000000000010203e+01  4.2732343756369549e+00  3.1888077204753181e+01  3.1888077269243556e+01  3.1888077233986081e+01  5.0331537277232243e+00  0.0000000000000000e+00  nan  nan  nan  nan
9.2800000000010598e+01  4.2764300486430900e+00  3.1886826906112489e+01  3.1886826971208929e+01  3.1886826935639164e+01  5.0288320560794242e+00  0.0000000000000000e+00  nan  nan  nan  nan
9.3600000000010994e+01  4.2800261800543575e+00  3.1885840561514897e+01  3.1885840627453536e+01  3.1885840591463332e+01  5.0292710548045063e+00  0.0000000000000000e+00  nan  nan  nan  nan
9.4400000000011403e+01  4.2837233692034449e+00  3.1884468244595599e+01  3.1884468311671544e+01  3.1884468275104521e+01  5.0290203227684263e+00  0.0000000000000000e+00  nan  nan  nan  nan
9.5200000000011798e+01  4.2871521263949912e+00  3.1882821691548337e+01  3.1882821758548697e+01  3.1882821721989096e+01  5.0257259963049812e+00  0.0000000000000000e+00  nan  nan  nan  nan
9.6000000000012193e+01  4.2905314415419884e+00  3.1881533549241574e+01  3.1881533617397249e+01  3.1881533580240632e+01  5.0250859134254009e+00  0.0000000000000000e+00  nan  nan  nan  nan
9.6800000000012602e+01  4.2939320400263181e+00  3.1880240936620243e+01  3.1880241005767989e+01  3.1880240968087797e+01  5.0247407323360305e+00  0.0000000000000000e+00  nan  nan  nan  nan
9.7600000000012997e+01  4.2973639812345583e+00  3.1878479086906083e+01  3.1878479156260568e+01  3.1878479118437447e+01  5.0225522066590642e+00  0.0000000000000000e+00  nan  nan  nan  nan
9.8400000000013407e+01  4.3007546874779541e+00  3.1876745734719133e+01  3.1876745804475842e+01  3.1876745766423671e+01  5.0203138190755565e+00  0.0000000000000000e+00  nan  nan  nan  nan
9.9200000000013802e+01  4.3039030544163612e+00  3.1875270933976076e+01  3.1875271004413882e+01  3.1875270966001892e+01  5.0192097519027863e+00  0.0000000000000000e+00  nan  nan  nan  nan
1.0000000000001400e+02  4.3069033988558392e+00  3.1873469401424636e+01  3.1873469472418133e+01  3.1873469433717329e+01  5.0177107203487097e+00  0.0000000000000000e+00  nan  nan  nan  nan
1.0080000000001500e+02  4.3098808873999701e+00  3.1871494667873797e+01  3.1871494738725445e+01  3.1871494700081126e+01  5.0135759188679101e+00  0.0000000000000000e+00  nan  nan  nan  nan
1.0160000000001500e+02  4.3128808684475555e+00  3.1869962148655997e+01  3.1869962219492894e+01  3.1869962180853051e+01  5.0114839010258940e+00  0.0000000000000000e+00  nan  nan  nan  nan
1.0240000000001500e+02  4.3157636436585047e+00  3.1868469974445976e+01  3.1868470046010835e+01  3.1868470007017695e+01  5.0109560573635878e+00  0.0000000000000000e+00  nan  nan  nan  nan
1.0320000000001600e+02  4.3183073993332410e+00  3.1866486875803663e+01  3.1866486947264207e+01  3.1866486908317778e+01  5.0058925279949555e+00  0.0000000000000000e+00  nan  nan  nan  nan
1.0400000000001600e+02  4.3207193547589950e+00  3.1864714572148735e+01  3.1864714643806803e+01  3.1864714604748855e+01  4.9993893691323477e+00  0.0000000000000000e+00  nan  nan  nan  nan
1.0480000000001699e+02  4.3233130564854303e+00  3.1863362500122552e+01  3.1863362572417319e+01  3.1863362533035303e+01  4.9948322665885856e+00  0.0000000000000000e+00  nan  nan  nan  nan
1.0560000000001700e+02  4.3259871367239224e+00  3.1861622895456250e+01  3.1861622967913600e+01  3.1861622928426122e+01  4.9905309584856141e+00  0.0000000000000000e+00  nan  nan  nan  nan
1.0640000000001800e+02  4.3283456250658681e+00  3.1859521081021576e+01  3.1859521153581152e+01  3.1859521113999524e+01  4.9832623884578506e+00  0.0000000000000000e+00  nan  nan  nan  nan
1.0720000000001799e+02  4.3305817557925170e+00  3.1857839194533685e+01  3.1857839267478635e+01  3.1857839227676955e+01  4.9761154077717018e+00  0.0000000000000000e+00  nan  nan  nan  nan
1.0800000000001801e+02  4.3331656795651829e+00  3.1856470176093975e+01  3.1856470249532549e+01  3.1856470209472768e+01  4.9737046842560115e+00  0.0000000000000000e+00  nan  nan  nan  nan
1.0880000000001900e+02  4.3359594669341321e+00  3.1854778628875252e+01  3.1854778702925373e+01  3.1854778662545659e+01  4.9705090115237480e+00  0.0000000000000000e+00  nan  nan  nan  nan
1.0960000000001899e+02  4.3386399308128212e+00  3.1853047245581937e+01  3.1853047319928844e+01  3.1853047279390843e+01  4.9647893884322265e+00  0.0000000000000000e+00  nan  nan  nan  nan
1.1040000000002000e+02  4.3412581708450002e+00  3.1851761213654580e+01  3.1851761288613744e+01  3.1851761247776796e+01  4.9618197732963880e+00  0.0000000000000000e+00  nan  nan  nan  nan
1.1120000000002000e+02  4.3440468254814952e+00  3.1850536030814123e+01  3.1850536107133500e+01  3.1850536065639496e+01  4.9597091407217659e+00  0.0000000000000000e+00  nan  nan  nan  nan
1.1200000000001999e+02  4.3471320176443058e+00  3.1849006154097321e+01  3.1849006230931440e+01  3.1849006189172680e+01  4.9549950037339823e+00  0.0000000000000000e+00  nan  nan  nan  nan
1.1280000000002100e+02  4.3504325924928597e+00  3.1847683930725161e+01  3.1847684008550843e+01  3.1847683966288820e+01  4.9519149866553978e+00  0.0000000000000000e+00  nan  nan  nan  nan
1.1360000000002100e+02  4.3537269553677280e+00  3.1846467086075382e+01  3.1846467165517879e+01  3.1846467122448441e+01  4.9511111395790683e+00  0.0000000000000000e+00  nan  nan  nan  nan
1.1440000000002200e+02  4.3568905759512173e+00  3.1844900171784690e+01  3.1844900251937425e+01  3.1844900208495449e+01  4.9475272049467875e+00  0.0000000000000000e+00  nan  nan  nan  nan
1.1520000000002200e+02  4.3602806903209608e+00  3.1843317180827174e+01  3.1843317261476859e+01  3.1843317217759001e+01  4.9447891787524449e+00  0.0000000000000000e+00  nan  nan  nan  nan
1.1600000000002200e+02  4.3639820032382115e+00  3.1842019152835618e+01  3.1842019234536593e+01  3.1842019190275064e+01  4.9455783876073358e+00  0.0000000000000000e+00  nan  nan  nan  nan
1.1680000000002300e+02  4.3676777610070401e+00  3.1840529484408616e+01  3.1840529566482612e+01  3.1840529522023388e+01  4.9474850103769183e+00  0.0000000000000000e+00  nan  nan  nan  nan
1.1760000000002300e+02  4.3711985784542406e+00  3.1838717705633918e+01  3.1838717787724864e+01  3.1838717743234554e+01  4.9480719850699852e+00  0.0000000000000000e+00  nan  nan  nan  nan
1.1840000000002399e+02  4.3746198349143981e+00  3.1837238327253445e+01  3.1837238410023218e+01  3.1837238365168968e+01  4.9481501146673121e+00  0.0000000000000000e+00  nan  nan  nan  nan
1.1920000000002400e+02  4.3781988440079731e+00  3.1835976491523255e+01  3.1835976574837566e+01  3.1835976529698627e+01  4.9508749285918654e+00  0.0000000000000000e+00  nan  nan  nan  nan
1.2000000000002400e+02  4.3818553101247613e+00  3.1834366461114492e+01  3.1834366544648091e+01  3.1834366499391386e+01  4.9543390535259624e+00  0.0000000000000000e+00  nan  nan  nan  nan
1.2080000000002499e+02  4.3852039622398866e+00  3.1832729074790088e+01  3.1832729158978150e+01  3.1832729113386574e+01  4.9538867922383512e+00  0.0000000000000000e+00  nan  nan  nan  nan
1.2160000000002501e+02  4.3883515093525354e+00  3.1831311884253676e+01  3.1831311969231763e+01  3.1831311923245099e+01  4.9525260627503416e+00  0.0000000000000000e+00  nan  nan  nan  nan
1.2240000000002600e+02  4.3915091306724605e+00  3.1829913863725661e+01  3.1829913949536252e+01  3.1829913903143947e+01  4.9521801951443960e+00  0.0000000000000000e+00  nan  nan  nan  nan
1.2320000000002599e+02  4.3946152997593213e+00  3.1828327354293599e+01  3.1828327440811584e+01  3.1828327394082887e+01  4.9492540081608327e+00  0.0000000000000000e+00  nan  nan  nan  nan
1.2400000000002700e+02  4.3975667014832371e+00  3.1826649663932532e+01  3.1826649751119351e+01  3.1826649704067460e+01  4.9436132879289438e+00  0.0000000000000000e+00  nan  nan  nan  nan
1.2480000000002700e+02  4.4003083173198512e+00  3.1825039593505739e+01  3.1825039681263167e+01  3.1825039633930437e+01  4.9380564551942463e+00  0.0000000000000000e+00  nan  nan  nan  nan
1.2560000000002699e+02  4.4029316542424883e+00  3.1823352179723479e+01  3.1823352267978994e+01  3.1823352220403290e+01  4.9311846727750828e+00  0.0000000000000000e+00  nan  nan  nan  nan
1.2640000000002800e+02  4.4056307557449710e+00  3.1821547000871551e+01  3.1821547089528039e+01  3.1821547041747710e+01  4.9231915507239536e+00  0.0000000000000000e+00  nan  nan  nan  nan
1.2720000000002800e+02  4.4083350424618537e+00  3.1819710950019818e+01  3.1819711038900870e+01  3.1819710990994238e+01  4.9153871265647107e+00  0.0000000000000000e+00  nan  nan  nan  nan
1.2800000000002899e+02  4.4109749072945181e+00  3.1817867807601672e+01  3.1817867896806824e+01  3.1817867848719118e+01  4.9095054477181916e+00  0.0000000000000000e+00  nan  nan  nan  nan
1.2880000000002801e+02  4.4135567002392389e+00  3.1816003141759584e+01  3.1816003231298389e+01  3.1816003183020126e+01  4.9045519210646642e+00  0.0000000000000000e+00  nan  nan  nan  nan
1.2960000000002699e+02  4.4161582735829175e+00  3.1814086814916422e+01  3.1814086904391296e+01  3.1814086856120987e+01  4.8985672953535264e+00  0.0000000000000000e+00  nan  nan  nan  nan
1.3040000000002601e+02  4.4190965334741232e+00  3.1812381173403175e+01  3.1812381263083175e+01  3.1812381214682198e+01  4.8975649507777526e+00  0.0000000000000000e+00  nan  nan  nan  nan
1.3120000000002599e+02  4.4221262989337280e+00  3.1810798062846818e+01  3.1810798153190152e+01  3.1810798104428915e+01  4.8990459750707913e+00  0.0000000000000000e+00  nan  nan  nan  nan
1.3200000000002501e+02  4.4249725707417618e+00  3.1809046939780387e+01  3.1809047030655535e+01  3.1809046981607693e+01  4.8990199979981828e+00  0.0000000000000000e+00  nan  nan  nan  nan
1.3280000000002400e+02  4.4279430769574546e+00  3.1807495152645920e+01  3.1807495244367409e+01  3.1807495194872612e+01  4.9012882537262161e+00  0.0000000000000000e+00  nan  nan  nan  nan
1.3360000000002299e+02  4.4311993536868286e+00  3.1806335809628315e+01  3.1806335902691430e+01  3.1806335852504056e+01  4.9042385568611664e+00  0.0000000000000000e+00  nan  nan  nan  nan
1.3440000000002300e+02  4.4346760686474891e+00  3.1805110063564022e+01  3.1805110158038232e+01  3.1805110107131181e+01  4.9086942097934019e+00  0.0000000000000000e+00  nan  nan  nan  nan
1.3520000000002199e+02  4.4381041322485792e+00  3.1803720793295014e+01  3.1803720889160154e+01  3.1803720837544848e+01  4.9122103358266411e+00  0.0000000000000000e+00  nan  nan  nan  nan
1.3600000000002100e+02  4.4413450061081043e+00  3.1802496260263553e+01  3.1802496357590297e+01  3.1802496305226601e+01  4.9116297098762942e+00  0.0000000000000000e+00  nan  nan  nan  nan
1.3680000000002099e+02  4.4447665906550542e+00  3.1801422187833285e+01  3.1801422286676477e+01  3.1801422233542084e+01  4.9134420000493302e+00  0.0000000000000000e+00  nan  nan  nan  nan
1.3760000000002000e+02  4.4484496821507706e+00  3.1800160992924031e+01  3.1800161092977401e+01  3.1800161039226399e+01  4.9148716220380679e+00  0.0000000000000000e+00  nan  nan  nan  nan
1.3840000000001899e+02  4.4520495844100738e+00  3.1798759079798906e+01  3.1798759180844119e+01  3.1798759126584130e+01  4.9122959804229600e+00  0.0000000000000000e+00  nan  nan  nan  nan
1.3920000000001801e+02  4.4555049887903255e+00  3.1797440374664209e+01  3.1797440476629003e+01  3.1797440421893025e+01  4.9103282190790605e+00  0.0000000000000000e+00  nan  nan  nan  nan
1.4000000000001799e+02  4.4589114557341762e+00  3.1796131607564803e+01  3.1796131710222856e+01  3.1796131655128161e+01  4.9073215691305698e+00  0.0000000000000000e+00  nan  nan  nan  nan
1.4080000000001701e+02  4.4623207778893867e+00  3.1794663159776704e+01  3.1794663262730264e+01  3.1794663207480443e+01  4.9011454278260160e+00  0.0000000000000000e+00  nan  nan  nan  nan
1.4160000000001600e+02  4.4658137501616864e+00  3.1793156837807459e+01  3.1793156941070031e+01  3.1793156885649569e+01  4.8965780847708169e+00  0.0000000000000000e+00  nan  nan  nan  nan
1.4240000000001501e+02  4.4691656818922612e+00  3.1791705188093371e+01  3.1791705291669494e+01  3.1791705236082439e+01  4.8909488474622211e+00  0.0000000000000000e+00  nan  nan  nan  nan
1.4320000000001500e+02  4.4722814940789997e+00  3.1790096579766047e+01  3.1790096683260327e+01  3.1790096627711797e+01  4.8836912556688565e+00  0.0000000000000000e+00  nan  nan  nan  nan
1.4400000000001401e+02  4.4753849177934697e+00  3.1788451714411281e+01  3.1788451817873689e+01  3.1788451762333143e+01  4.8776492574119672e+00  0.0000000000000000e+00  nan  nan  nan  nan
1.4480000000001300e+02  4.4785090693513903e+00  3.1786946861412254e+01  3.1786946964969385e+01  3.1786946909374318e+01  4.8702919251167449e+00  0.0000000000000000e+00  nan  nan  nan  nan
1.4560000000001301e+02  4.4816166233091277e+00  3.1785272128509028e+01  3.1785272231964711e+01  3.1785272176411024e+01  4.8644931484313307e+00  0.0000000000000000e+00  nan  nan  nan  nan
1.4640000000001200e+02  4.4845714252949520e+00  3.1783466859227353e+01  3.1783466962771314e+01  3.1783466907158612e+01  4.8591161782609618e+00  0.0000000000000000e+00  nan  nan  nan  nan
1.4720000000001099e+02  4.4873302307565819e+00  3.1781797782391031e+01  3.1781797886068368e+01  3.1781797830374099e+01  4.8512282175405161e+00  0.0000000000000000e+00  nan  nan  nan  nan
1.4800000000001000e+02  4.4901927109510389e+00  3.1780123183632565e+01  3.1780123287506431e+01  3.1780123231704387e+01  4.8465440483733913e+00  0.0000000000000000e+00  nan  nan  nan  nan
1.4880000000000999e+02  4.4931620356441080e+00  3.1778367786099192e+01  3.1778367890288528e+01  3.1778367834316867e+01  4.8430925323620162e+00  0.0000000000000000e+00  nan  nan  nan  nan
1.4960000000000900e+02  4.4959656670999131e+00  3.1776684491106856e+01  3.1776684595570405e+01  3.1776684539454017e+01  4.8370054256225261e+00  0.0000000000000000e+00  nan  nan  nan  nan
1.5040000000000799e+02  4.4986945300921581e+00  3.1775033627936438e+01  3.1775033732876125e+01  3.1775033676520273e+01  4.8334319278139075e+00  0.0000000000000000e+00  nan  nan  nan  nan
1.5120000000000701e+02  4.5015192857029120e+00  3.1773399565635795e+01  3.1773399671248900e+01  3.1773399614544733e+01  4.8315262803897969e+00  0.0000000000000000e+00  nan  nan  nan  nan
1.5200000000000699e+02  4.5044361229006444e+00  3.1771869051699607e+01  3.1771869157981776e+01  3.1771869100931280e+01  4.8279188845427052e+00  0.0000000000000000e+00  nan  nan  nan  nan
1.5280000000000601e+02  4.5074654938635135e+00  3.1770368098585070e+01  3.1770368205967490e+01  3.1770368148355708e+01  4.8265100822643765e+00  0.0000000000000000e+00  nan  nan  nan  nan
1.5360000000000500e+02  4.5104914771801781e+00  3.1768813573214274e+01  3.1768813681652691e+01  3.1768813623499351e+01  4.8260259402931620e+00  0.0000000000000000e+00  nan  nan  nan  nan
1.5440000000000501e+02  4.5134775197091273e+00  3.1767294386836941e+01  3.1767294496391578e+01  3.1767294437669630e+01  4.8237851330087738e+00  0.0000000000000000e+00  nan  nan  nan  nan
1.5520000000000400e+02  4.5166127935208671e+00  3.1765854269040663e+01  3.1765854379835133e+01  3.1765854320479253e+01  4.8221161985842391e+00  0.0000000000000000e+00  nan  nan  nan  nan
1.5600000000000301e+02  4.5200143870524503e+00  3.1764363458534305e+01  3.1764363570428017e+01  3.1764363510503472e+01  4.8226051155366649e+00  0.0000000000000000e+00  nan  nan  nan  nan
1.5680000000000200e+02  4.5234487396933849e+00  3.1762804628728631e+01  3.1762804741717048e+01  3.1762804681229756e+01  4.8222341825688835e+00  0.0000000000000000e+00  nan  nan  nan  nan
1.5760000000000201e+02  4.5267787992961788e+00  3.1761235954179352e+01  3.1761236068243065e+01  3.1761236007199322e+01  4.8210221420883084e+00  0.0000000000000000e+00  nan  nan  nan  nan
1.5840000000000100e+02  4.5302418363148007e+00  3.1759684812937348e+01  3.1759684928079629e+01  3.1759684866480352e+01  4.8217004475453695e+00  0.0000000000000000e+00  nan  nan  nan  nan
1.5919999999999999e+02  4.5338775607218036e+00  3.1758159939536284e+01  3.1758160055616489e+01  3.1758159993539490e+01  4.8218608416528479e+00  0.0000000000000000e+00  nan  nan  nan  nan
1.5999999999999901e+02  4.5375736796231703e+00  3.1756582768773338e+01  3.1756582885713847e+01  3.1756582823193835e+01  4.8224043606185214e+00  0.0000000000000000e+00  nan  nan  nan  nan
1.6079999999999899e+02  4.5412496971453642e+00  3.1754932466933781e+01  3.1754932584807907e+01  3.1754932521808541e+01  4.8244500868022699e+00  0.0000000000000000e+00  nan  nan  nan  nan
1.6159999999999800e+02  4.5448499478784097e+00  3.1753339335513285e+01  3.1753339454086628e+01  3.1753339390731817e+01  4.8250827423955860e+00  0.0000000000000000e+00  nan  nan  nan  nan
1.6239999999999699e+02  4.5484963075042684e+00  3.1751805254408062e+01  3.1751805373664645e+01  3.1751805309954143e+01  4.8256787637513954e+00  0.0000000000000000e+00  nan  nan  nan  nan
1.6319999999999700e+02  4.5522489744995509e+00  3.1750191264331022e+01  3.1750191384382333e+01  3.1750191320255283e+01  4.8286912613356288e+00  0.0000000000000000e+00  nan  nan  nan  nan
1.6399999999999599e+02  4.5559019800477083e+00  3.1748554387313391e+01  3.1748554507854227e+01  3.1748554443465590e+01  4.8297353824433955e+00  0.0000000000000000e+00  nan  nan  nan  nan
1.6479999999999501e+02  4.5594129021764545e+00  3.1746980442514928e+01  3.1746980563568854e+01  3.1746980498901713e+01  4.8297826139965467e+00  0.0000000000000000e+00  nan  nan  nan  nan
1.6559999999999400e+02  4.5629240139670664e+00  3.1745419714581402e+01  3.1745419836371351e+01  3.1745419771308061e+01  4.8317955354338631e+00  0.0000000000000000e+00  nan  nan  nan  nan
1.6639999999999401e+02  4.5663588376612685e+00  3.1743827186552664e+01  3.1743827308758952e+01  3.1743827243464739e+01  4.8318870180118356e+00  0.0000000000000000e+00  nan  nan  nan  nan
1.6719999999999300e+02  4.5697425431598191e+00  3.1742271166413357e+01  3.1742271289084698e+01  3.1742271223535710e+01  4.8311323283140366e+00  0.0000000000000000e+00  nan  nan  nan  nan
1.6799999999999201e+02  4.5731274660859524e+00  3.1740757227531198e+01  3.1740757350862832e+01  3.1740757284962303e+01  4.8319266973042243e+00  0.0000000000000000e+00  nan  nan  nan  nan
1.6879999999999100e+02  4.5763214924181623e+00  3.1739225831764191e+01  3.1739225955492316e+01  3.1739225889372378e+01  4.8313156196686489e+00  0.0000000000000000e+00  nan  nan  nan  nan
1.6959999999999101e+02  4.5794257472371367e+00  3.1737737470891702e+01  3.1737737595110342e+01  3.1737737528726058e+01  4.8298872012394041e+00  0.0000000000000000e+00  nan  nan  nan  nan
1.7039999999999000e+02  4.5826404607181743e+00  3.1736282987849549e+01  3.1736283112766792e+01  3.1736283046012787e+01  4.8286394784109268e+00  0.0000000000000000e+00  nan  nan  nan  nan
1.7119999999998899e+02  4.5858262423766050e+00  3.1734852106128663e+01  3.1734852231549347e+01  3.1734852164519207e+01  4.8268236170267977e+00  0.0000000000000000e+00  nan  nan  nan  nan
1.7199999999998900e+02  4.5888876517102517e+00  3.1733404516620077e+01  3.1733404642598533e+01  3.1733404575265901e+01  4.8253177858857512e+00  0.0000000000000000e+00  nan  nan  nan  nan
1.7279999999998799e+02  4.5919139689620936e+00  3.1731921601288377e+01  3.1731921727978971e+01  3.1731921660259928e+01  4.8230469508904310e+00  0.0000000000000000e+00  nan  nan  nan  nan
1.7359999999998701e+02  4.5950117965865473e+00  3.1730502662705401e+01  3.1730502790010544e+01  3.1730502721949414e+01  4.8193420490836436e+00  0.0000000000000000e+00  nan  nan  nan  nan
1.7439999999998599e+02  4.5982320447415281e+00  3.1729134525964717e+01  3.1729134654005613e+01  3.1729134585547424e+01  4.8175389650538127e+00  0.0000000000000000e+00  nan  nan  nan  nan
1.7519999999998601e+02  4.6014155234085230e+00  3.1727706158015767e+01  3.1727706286832838e+01  3.1727706217955120e+01  4.8159608187476994e+00  0.0000000000000000e+00  nan  nan  nan  nan
1.7599999999998499e+02  4.6045021366270493e+00  3.1726228471813183e+01  3.1726228601341504e+01  3.1726228532077247e+01  4.8123400481696459e+00  0.0000000000000000e+00  nan  nan  nan  nan
1.7679999999998401e+02  4.6076584395321802e+00  3.1724813612599881e+01  3.1724813742941127e+01  3.1724813673245141e+01  4.8090690409462740e+00  0.0000000000000000e+00  nan  nan  nan  nan
1.7759999999998300e+02  4.6109583783290766e+00  3.1723471530574294e+01  3.1723471661621637e+01  3.1723471591544680e+01  4.8070456450333214e+00  0.0000000000000000e+00  nan  nan  nan  nan
1.7839999999998301e+02  4.6143587808262794e+00  3.1722081892427603e+01  3.1722082024247541e+01  3.1722081953760963e+01  4.8056545232982799e+00  0.0000000000000000e+00  nan  nan  nan  nan
1.7919999999998200e+02  4.6177388972754478e+00  3.1720557563588656e+01  3.1720557696116334e+01  3.1720557625253928e+01  4.8034585195290340e+00  0.0000000000000000e+00  nan  nan  nan  nan
1.7999999999998099e+02  4.6210829671761715e+00  3.1719150838447579e+01  3.1719150971601358e+01  3.1719150900401512e+01  4.8005631740001791e+00  0.0000000000000000e+00  nan  nan  nan  nan
1.8079999999998100e+02  4.6245522139011737e+00  3.1717873674834728e+01  3.1717873808853138e+01  3.1717873737206393e+01  4.7994964512937717e+00  0.0000000000000000e+00  nan  nan  nan  nan
1.8159999999998001e+02  4.6281858574809309e+00  3.1716425517853299e+01  3.1716425652644698e+01  3.1716425580600951e+01  4.7995863611399630e+00  0.0000000000000000e+00  nan  nan  nan  nan
1.8239999999997900e+02  4.6318079627572644e+00  3.1714917562105143e+01  3.1714917697475350e+01  3.1714917625132237e+01  4.7974746739353753e+00  0.0000000000000000e+00  nan  nan  nan  nan
1.8319999999997799e+02  4.6353478967161630e+00  3.1713573565279454e+01  3.1713573701495665e+01  3.1713573628722678e+01  4.7955636752652735e+00  0.0000000000000000e+00  nan  nan  nan  nan
1.8399999999997800e+02  4.6388710372046997e+00  3.1712200349579764e+01  3.1712200486680295e+01  3.1712200413460454e+01  4.7955797694453146e+00  0.0000000000000000e+00  nan  nan  nan  nan
1.8479999999997699e+02  4.6424059921061982e+00  3.1710627065542667e+01  3.1710627203293168e+01  3.1710627129743180e+01  4.7935138992547541e+00  0.0000000000000000e+00  nan  nan  nan  nan
1.8559999999997601e+02  4.6459198997918509e+00  3.1709116999633011e+01  3.1709117138092360e+01  3.1709117064176784e+01  4.7896955325095059e+00  0.0000000000000000e+00  nan  nan  nan  nan
1.8639999999997499e+02  4.6493919094813281e+00  3.1707709878425391e+01  3.1707710017727084e+01  3.1707709943378894e+01  4.7882782132414299e+00  0.0000000000000000e+00  nan  nan  nan  nan
1.8719999999997501e+02  4.6528013866650166e+00  3.1706121075666786e+01  3.1706121215697529e+01  3.1706121140975881e+01  4.7873492358110736e+00  0.0000000000000000e+00  nan  nan  nan  nan
1.8799999999997399e+02  4.6561041315349936e+00  3.1704440772060021e+01  3.1704440912599583e+01  3.1704440837608832e+01  4.7828286014744705e+00  0.0000000000000000e+00  nan  nan  nan  nan
1.8879999999997301e+02  4.6593713685265055e+00  3.1702941525518899e+01  3.1702941666746572e+01  3.1702941591396609e+01  4.7783152586481181e+00  0.0000000000000000e+00  nan  nan  nan  nan
1.8959999999997299e+02  4.6627096112845949e+00  3.1701432364499709e+01  3.1701432506647340e+01  3.1701432430824813e+01  4.7774628744344092e+00  0.0000000000000000e+00  nan  nan  nan  nan
1.9039999999997201e+02  4.6659336033667600e+00  3.1699736193909558e+01  3.1699736336625545e+01  3.1699736260506906e+01  4.7746188387567869e+00  0.0000000000000000e+00  nan  nan  nan  nan
1.9119999999997100e+02  4.6689604640204001e+00  3.1698094785418213e+01  3.1698094928747082e+01  3.1698094852310554e+01  4.7679568343468555e+00  0.0000000000000000e+00  nan  nan  nan  nan
1.9199999999996999e+02  4.6720961054292465e+00  3.1696587444218920e+01  3.1696587588601648e+01  3.1696587511623822e+01  4.7642370594235297e+00  0.0000000000000000e+00  nan  nan  nan  nan
1.9279999999997000e+02  4.6753351072710227e+00  3.1694966558876679e+01  3.1694966703912520e+01  3.1694966626598479e+01  4.7621430949871435e+00  0.0000000000000000e+00  nan  nan  nan  nan
1.9359999999996899e+02  4.6783791981414886e+00  3.1693256580463824e+01  3.1693256726086609e+01  3.1693256648472310e+01  4.7562521847437225e+00  0.0000000000000000e+00  nan  nan  nan  nan
1.9439999999996800e+02  4.6813558865201301e+00  3.1691598213858814e+01  3.1691598360393225e+01  3.1691598282306419e+01  4.7498898567393599e+00  0.0000000000000000e+00  nan  nan  nan  nan
1.9519999999996699e+02  4.6844812640312288e+00  3.1689952693625845e+01  3.1689952840809845e+01  3.1689952762385669e+01  4.7462037536046306e+00  0.0000000000000000e+00  nan  nan  nan  nan
1.9599999999996700e+02  4.6875987907899450e+00  3.1688298330871639e+01  3.1688298478631751e+01  3.1688298399911819e+01  4.7413332507586281e+00  0.0000000000000000e+00  nan  nan  nan  nan
1.9679999999996599e+02  4.6906948960130146e+00  3.1686587029229450e+01  3.1686587177785835e+01  3.1686587098647323e+01  4.7350457645481816e+00  0.0000000000000000e+00  nan  nan  nan  nan
1.9759999999996501e+02  4.6938704834429625e+00  3.1684852864059067e+01  3.1684853013277202e+01  3.1684852933794030e+01  4.7302643864264962e+00  0.0000000000000000e+00  nan  nan  nan  nan
1.9839999999996499e+02  4.6970314273144602e+00  3.1683196732759260e+01  3.1683196882666298e+01  3.1683196802829116e+01  4.7261415481940690e+00  0.0000000000000000e+00  nan  nan  nan  nan
1.9919999999996401e+02  4.7002044071171181e+00  3.1681528613783811e+01  3.1681528764507561e+01  3.1681528684241758e+01  4.7210795434062796e+00  0.0000000000000000e+00  nan  nan  nan  nan
1.9999999999996299e+02  4.7035909776721212e+00  3.1679841670432282e+01  3.1679841821925422e+01  3.1679841741262646e+01  4.7167780983087191e+00  0.0000000000000000e+00  nan  nan  nan  nan
2.0000999999996299e+02  4.7036346175721917e+00  3.1679821004790590e+01  3.1679821156292995e+01  3.1679821075625494e+01  4.7167399122100084e+00  0.0000000000000000e+00  nan  nan  nan  nan
