# time  f_op  f_geo  geo_trustworthy  max_local_speed  superluminal_fraction  max_shift  structure_coherence  reachable  n_rays  n_reached  max_h_rel_drift  f_geo_evol  f_geo_evol_ok
0.0000000000000000e+00  3.6573833550767919e-03  3.4130386703170833e-03  1  1.0285111257158484e+00  0.0000000000000000e+00  0.0000000000000000e+00  nan  1  5  5  1.5787958830173722e-05  0.0000000000000000e+00  0
2.0000000000000001e-01  3.6625748678143369e-03  3.4169478345677821e-03  1  1.0284863484368554e+00  0.0000000000000000e+00  9.5169659080133748e-06  nan  1  5  5  9.0939349840611339e-06  0.0000000000000000e+00  0
4.0000000000000002e-01  3.6758039703563838e-03  3.4257895647412284e-03  1  1.0284112195923716e+00  0.0000000000000000e+00  2.7769519243993093e-05  nan  1  5  5  9.7061547668772533e-06  0.0000000000000000e+00  0
5.9999999999999998e-01  3.6956469180785523e-03  3.4374142548332372e-03  1  1.0282853270662971e+00  0.0000000000000000e+00  3.2212635486286859e-05  nan  1  5  5  1.0446678686952491e-05  0.0000000000000000e+00  0
8.0000000000000104e-01  3.7156472109006202e-03  3.4509663904533664e-03  1  1.0281090397138750e+00  0.0000000000000000e+00  5.2854841657404076e-05  nan  1  5  5  1.1451783834841132e-05  0.0000000000000000e+00  0
1.0000000000000000e+00  3.7284130742117495e-03  3.4652148602984682e-03  1  1.0278820977605212e+00  0.0000000000000000e+00  6.7423737485027509e-05  nan  1  5  5  1.2336007744195457e-05  0.0000000000000000e+00  0
1.2000000000000000e+00  3.7283730640118870e-03  3.4785051370852149e-03  1  1.0276091428062621e+00  0.0000000000000000e+00  9.1336843092984689e-05  nan  1  5  5  1.3661077982473628e-05  0.0000000000000000e+00  0
1.3999999999999899e+00  3.7127919074555907e-03  3.4895866199234774e-03  1  1.0272870726456191e+00  0.0000000000000000e+00  1.4088760918284454e-04  nan  1  5  5  1.4602720680169042e-05  0.0000000000000000e+00  0
1.5999999999999901e+00  3.6820360852906808e-03  3.4980539402021081e-03  1  1.0269155694845957e+00  0.0000000000000000e+00  2.0588006878082034e-04  nan  1  5  5  1.3795433777419035e-05  0.0000000000000000e+00  0
1.7999999999999801e+00  3.6382420310870135e-03  3.5072676583155116e-03  1  1.0264985375511524e+00  0.0000000000000000e+00  2.8764299390143073e-04  nan  1  5  5  1.2006896183804900e-05  0.0000000000000000e+00  0
1.9999999999999800e+00  3.5830867017853309e-03  3.5273006848139197e-03  1  1.0260372676674399e+00  0.0000000000000000e+00  3.7606162667959755e-04  nan  1  5  5  1.2934758233876751e-05  0.0000000000000000e+00  0
2.1999999999999802e+00  3.5196202011835332e-03  3.5445975014384654e-03  1  1.0255437805441654e+00  0.0000000000000000e+00  4.6311988841472802e-04  nan  1  5  5  1.3188647904792323e-05  0.0000000000000000e+00  0
2.3999999999999702e+00  3.4540949516976838e-03  3.5528529219202511e-03  1  1.0250299739432753e+00  0.0000000000000000e+00  5.4524278058330365e-04  nan  1  5  5  1.2737399872568404e-05  0.0000000000000000e+00  0
2.5999999999999699e+00  3.3920051512019711e-03  3.5451280450721824e-03  1  1.0244718926276273e+00  0.0000000000000000e+00  6.1783474727237207e-04  nan  1  5  5  1.2381169820496699e-05  0.0000000000000000e+00  0
2.7999999999999599e+00  3.3337800378439456e-03  3.5183387130402165e-03  1  1.0238677288015647e+00  0.0000000000000000e+00  6.9021770440326404e-04  nan  1  5  5  1.1963209015831880e-05  0.0000000000000000e+00  0
2.9999999999999600e+00  3.2770018488154913e-03  3.4930745664360800e-03  1  1.0232152834043642e+00  0.0000000000000000e+00  7.7232188476274860e-04  nan  1  5  5  1.1066939213550751e-05  0.0000000000000000e+00  0
3.1999999999999500e+00  3.2219561668072666e-03  3.4555250232965518e-03  1  1.0225497601629365e+00  0.0000000000000000e+00  8.5880738562315641e-04  nan  1  5  5  1.0403221643729207e-05  0.0000000000000000e+00  0
3.3999999999999502e+00  3.1731695474709969e-03  3.4398527195210618e-03  1  1.0218449514052639e+00  0.0000000000000000e+00  9.3046933796342337e-04  nan  1  5  5  1.0935191254154845e-05  0.0000000000000000e+00  0
3.5999999999999499e+00  3.1361083858750262e-03  3.3974729987207293e-03  1  1.0209981016307639e+00  0.0000000000000000e+00  9.7254934649871174e-04  nan  1  5  5  9.1896749652652619e-06  0.0000000000000000e+00  0
3.7999999999999399e+00  3.1135350435780259e-03  3.3059271373825356e-03  1  1.0200146642924013e+00  0.0000000000000000e+00  9.8273770353254214e-04  nan  1  5  5  9.1015786502388545e-06  0.0000000000000000e+00  0
3.9999999999999400e+00  3.1046468843787495e-03  3.1947559899170304e-03  1  1.0191784822010921e+00  0.0000000000000000e+00  9.6572695594835853e-04  nan  1  5  5  8.9331031891849349e-06  0.0000000000000000e+00  0
4.1999999999999300e+00  3.1070702666260775e-03  3.0958519391673560e-03  1  1.0185699421675316e+00  0.0000000000000000e+00  9.5580183186519169e-04  nan  1  5  5  1.0064462052816913e-05  0.0000000000000000e+00  0
4.3999999999999302e+00  3.1194230235400029e-03  2.9961541303834423e-03  1  1.0180321371514074e+00  0.0000000000000000e+00  1.0693669299263872e-03  nan  1  5  5  1.0512551851115823e-05  0.0000000000000000e+00  0
4.5999999999999197e+00  3.1419520177535564e-03  2.8829327075533904e-03  1  1.0175069194415871e+00  0.0000000000000000e+00  1.1896966191210626e-03  nan  1  5  5  7.8985222754218320e-06  0.0000000000000000e+00  0
4.7999999999999199e+00  3.1757077944346451e-03  2.7649066712489810e-03  1  1.0171062668252926e+00  0.0000000000000000e+00  1.3177552141821348e-03  nan  1  5  5  7.7755792771663698e-06  0.0000000000000000e+00  0
4.9999999999999201e+00  3.2220223843987899e-03  2.6591854101509767e-03  1  1.0168767475623519e+00  0.0000000000000000e+00  1.4534208594090146e-03  nan  1  5  5  8.5729795589729915e-06  0.0000000000000000e+00  0
5.1999999999999096e+00  3.2819099912348472e-03  2.5768886795331080e-03  1  1.0167818913321598e+00  0.0000000000000000e+00  1.5970493711214087e-03  nan  1  5  5  9.7316143019031118e-06  0.0000000000000000e+00  0
5.3999999999999098e+00  3.3548501637093880e-03  2.5157377075870867e-03  1  1.0168324042335872e+00  0.0000000000000000e+00  1.7478111910225747e-03  nan  1  5  5  1.1453905001142194e-05  0.0000000000000000e+00  0
5.5999999999999002e+00  3.4386389223286379e-03  2.4723069220035209e-03  1  1.0170270664722392e+00  0.0000000000000000e+00  1.9095398616376992e-03  nan  1  5  5  8.3394309603225084e-06  0.0000000000000000e+00  0
5.7999999999999003e+00  3.5313542687622343e-03  2.4409743843319580e-03  1  1.0173046992105730e+00  0.0000000000000000e+00  2.0790520078526713e-03  nan  1  5  5  1.0209643769819086e-05  0.0000000000000000e+00  0
5.9999999999998899e+00  3.6336910998475552e-03  2.4210135990538396e-03  1  1.0177487241743988e+00  0.0000000000000000e+00  2.2624870434204262e-03  nan  1  5  5  8.6705964077848614e-06  0.0000000000000000e+00  0
6.1999999999998900e+00  3.7494015410232048e-03  2.4131599880921552e-03  1  1.0183799698689595e+00  0.0000000000000000e+00  2.4565392063253758e-03  nan  1  5  5  9.4383151364797203e-06  0.0000000000000000e+00  0
6.3999999999998902e+00  3.8832508318967997e-03  2.4250757696665636e-03  1  1.0189607250248998e+00  0.0000000000000000e+00  2.6582417687892254e-03  nan  1  5  5  9.7438986331091178e-06  0.0000000000000000e+00  0
6.5999999999998797e+00  4.0379271043684507e-03  2.4596849223596563e-03  1  1.0194685760169462e+00  0.0000000000000000e+00  2.8679938202872102e-03  nan  1  5  5  8.8183952815141899e-06  0.0000000000000000e+00  0
6.7999999999998799e+00  4.2125590409463542e-03  2.5192777843956950e-03  1  1.0200123674309300e+00  0.0000000000000000e+00  3.0854474522730439e-03  nan  1  5  5  8.0973411040261864e-06  0.0000000000000000e+00  0
6.9999999999998703e+00  4.4039952396471120e-03  2.5985068273119225e-03  1  1.0206146144038808e+00  0.0000000000000000e+00  3.3048511574217910e-03  nan  1  5  5  7.9484631976260942e-06  0.0000000000000000e+00  0
7.1999999999998696e+00  4.6089326941386195e-03  2.6896672060589600e-03  1  1.0212466945239720e+00  0.0000000000000000e+00  3.5308375125745407e-03  nan  1  5  5  8.2368053762545364e-06  0.0000000000000000e+00  0
7.3999999999998600e+00  4.8246378694052870e-03  2.7882377688247403e-03  1  1.0218864954766327e+00  0.0000000000000000e+00  3.7789461359672444e-03  nan  1  5  5  8.3942032070692978e-06  0.0000000000000000e+00  0
7.5999999999998602e+00  5.0485161243066486e-03  2.8928616820896496e-03  1  1.0225412856717102e+00  0.0000000000000000e+00  4.0556747541480751e-03  nan  1  5  5  8.4036154525099977e-06  0.0000000000000000e+00  0
7.7999999999998604e+00  5.2781123931840770e-03  3.0028707205732703e-03  1  1.0232210447142402e+00  0.0000000000000000e+00  4.3528151632936038e-03  nan  1  5  5  8.9071268006707794e-06  0.0000000000000000e+00  0
7.9999999999998499e+00  5.5118937871080241e-03  3.1178920066518871e-03  1  1.0239194799713247e+00  0.0000000000000000e+00  4.6599762297797696e-03  nan  1  5  5  9.2844357454864374e-06  0.0000000000000000e+00  0
8.1999999999998803e+00  5.7496661349572082e-03  3.2376842097012496e-03  1  1.0246415599807632e+00  0.0000000000000000e+00  4.9795760238407153e-03  nan  1  5  5  9.2784735256465756e-06  0.0000000000000000e+00  0
8.3999999999999098e+00  5.9917202129077607e-03  3.3609768299754554e-03  1  1.0253822485606341e+00  0.0000000000000000e+00  5.2870202090195446e-03  nan  1  5  5  8.8383402336974159e-06  0.0000000000000000e+00  0
8.5999999999999392e+00  6.2374299367218373e-03  3.4857701216808555e-03  1  1.0261289978481716e+00  0.0000000000000000e+00  5.5821393598995831e-03  nan  1  5  5  8.2709094214948909e-06  0.0000000000000000e+00  0
8.7999999999999794e+00  6.4849744224107133e-03  3.6103696232177751e-03  1  1.0268782789026125e+00  0.0000000000000000e+00  5.8708034326561609e-03  nan  1  5  5  8.1900098760414447e-06  0.0000000000000000e+00  0
9.0000000000000107e+00  6.7326881271449470e-03  3.7341882272571656e-03  1  1.0276346721533236e+00  0.0000000000000000e+00  6.1528190528521388e-03  nan  1  5  5  8.2606572166533480e-06  0.0000000000000000e+00  0
9.2000000000000401e+00  6.9804908261294476e-03  3.8573564980415305e-03  1  1.0283953940580557e+00  0.0000000000000000e+00  6.4265380035453783e-03  nan  1  5  5  8.4329963660515641e-06  0.0000000000000000e+00  0
9.4000000000000696e+00  7.2296804631096613e-03  3.9799712291712884e-03  1  1.0291502969592026e+00  0.0000000000000000e+00  6.6971916304073608e-03  nan  1  5  5  8.4267745008969899e-06  0.0000000000000000e+00  0
9.6000000000000991e+00  7.4814808262904341e-03  4.1016823408295752e-03  1  1.0298894349392471e+00  0.0000000000000000e+00  6.9753955392060770e-03  nan  1  5  5  8.3006032506088510e-06  0.0000000000000000e+00  0
9.8000000000001304e+00  7.7361215007850110e-03  4.2221030448889394e-03  1  1.0306194369797881e+00  0.0000000000000000e+00  7.2468846525116579e-03  nan  1  5  5  8.1865665694182097e-06  0.0000000000000000e+00  0
1.0000000000000201e+01  7.9930869612784734e-03  4.3412965894937565e-03  1  1.0313400058418047e+00  0.0000000000000000e+00  7.5055456449344650e-03  nan  1  5  5  8.0726037810107908e-06  0.0000000000000000e+00  0
1.0200000000000200e+01  8.2516853555648847e-03  4.4596909605276727e-03  1  1.0320522290381298e+00  0.0000000000000000e+00  7.7591865040474214e-03  nan  1  5  5  8.0523900524442011e-06  0.0000000000000000e+00  0
1.0400000000000199e+01  8.5113114698706811e-03  4.5779275110358056e-03  1  1.0327575462716199e+00  0.0000000000000000e+00  8.0160075981755771e-03  nan  1  5  5  8.1447823082555923e-06  0.0000000000000000e+00  0
1.0600000000000300e+01  8.7715575518605895e-03  4.6963716674800846e-03  1  1.0334573709744725e+00  0.0000000000000000e+00  8.2776803679659085e-03  nan  1  5  5  8.2367267960746876e-06  0.0000000000000000e+00  0
1.0800000000000299e+01  9.0322956979957299e-03  4.8153483065402651e-03  1  1.0341727733155019e+00  0.0000000000000000e+00  8.5407987850246482e-03  nan  1  5  5  8.3880478714319772e-06  0.0000000000000000e+00  0
1.1000000000000300e+01  9.2935815154334481e-03  4.9350911802783747e-03  1  1.0348899880109874e+00  0.0000000000000000e+00  8.8066220076988763e-03  nan  1  5  5  8.4701278163982416e-06  0.0000000000000000e+00  0
1.1200000000000401e+01  9.5553458496726116e-03  5.0559271984288810e-03  1  1.0356181801052180e+00  0.0000000000000000e+00  9.0759871833968782e-03  nan  1  5  5  8.3690504515834295e-06  0.0000000000000000e+00  0
1.1400000000000400e+01  9.8171009414303855e-03  5.1782495569435080e-03  1  1.0363548139945724e+00  0.0000000000000000e+00  9.3456625527543764e-03  nan  1  5  5  8.4709445464842505e-06  0.0000000000000000e+00  0
1.1600000000000399e+01  1.0077993468723255e-02  5.3022453410262512e-03  1  1.0371032257325530e+00  0.0000000000000000e+00  9.6182215632848126e-03  nan  1  5  5  9.0640904558105986e-06  0.0000000000000000e+00  0
1.1800000000000400e+01  1.0337305273037457e-02  5.4281114802966360e-03  1  1.0378710652557308e+00  0.0000000000000000e+00  9.8916131241322605e-03  nan  1  5  5  9.7857917134636670e-06  0.0000000000000000e+00  0
1.2000000000000499e+01  1.0594981037189647e-02  5.5559226921511285e-03  1  1.0386569197484079e+00  0.0000000000000000e+00  1.0164224411049293e-02  nan  1  5  5  9.5670732307906315e-06  0.0000000000000000e+00  0
1.2200000000000500e+01  1.0851597210306329e-02  5.6857907391956904e-03  1  1.0394678754429434e+00  0.0000000000000000e+00  1.0441368842541595e-02  nan  1  5  5  1.0155100075123551e-05  0.0000000000000000e+00  0
1.2400000000000500e+01  1.1107782207204538e-02  5.8176657066242058e-03  1  1.0403042390782595e+00  0.0000000000000000e+00  1.0723542297948301e-02  nan  1  5  5  9.6759177223885981e-06  0.0000000000000000e+00  0
1.2600000000000600e+01  1.1363726010945385e-02  5.9514272465911568e-03  1  1.0411620946545679e+00  0.0000000000000000e+00  1.1016909184139487e-02  nan  1  5  5  9.6557536120555177e-06  0.0000000000000000e+00  0
1.2800000000000599e+01  1.1619231214931587e-02  6.0867661870805320e-03  1  1.0420387426528885e+00  0.0000000000000000e+00  1.1316675753416617e-02  nan  1  5  5  9.8033900267529878e-06  0.0000000000000000e+00  0
1.3000000000000600e+01  1.1874093744537921e-02  6.2233130795398385e-03  1  1.0429314849900857e+00  0.0000000000000000e+00  1.1617254186049468e-02  nan  1  5  5  9.8530412582539192e-06  0.0000000000000000e+00  0
1.3200000000000699e+01  1.2128348764059918e-02  6.3605561834448000e-03  1  1.0438384763105970e+00  0.0000000000000000e+00  1.1916608869442165e-02  nan  1  5  5  1.0419056450264974e-05  0.0000000000000000e+00  0
1.3400000000000700e+01  1.2382214218132171e-02  6.4979444703668517e-03  1  1.0447587238140010e+00  0.0000000000000000e+00  1.2214777077846177e-02  nan  1  5  5  1.1029471681306481e-05  0.0000000000000000e+00  0
1.3600000000000700e+01  1.2635894258481354e-02  6.6348125131613731e-03  1  1.0456912743616835e+00  0.0000000000000000e+00  1.2511826671543718e-02  nan  1  5  5  1.1649215843674592e-05  0.0000000000000000e+00  0
1.3800000000000800e+01  1.2889465351533850e-02  6.7705963580784907e-03  1  1.0466346986579400e+00  0.0000000000000000e+00  1.2807796282239587e-02  nan  1  5  5  1.1443188429600499e-05  0.0000000000000000e+00  0
1.4000000000000799e+01  1.3142934636546106e-02  6.9048796347893739e-03  1  1.0475890892705766e+00  0.0000000000000000e+00  1.3102752328873986e-02  nan  1  5  5  1.2104867829982189e-05  0.0000000000000000e+00  0
1.4200000000000800e+01  1.3396373923563354e-02  7.0373711052248052e-03  1  1.0485504621066957e+00  0.0000000000000000e+00  1.3396887168896553e-02  nan  1  5  5  1.1985274365983889e-05  0.0000000000000000e+00  0
1.4400000000000899e+01  1.3649949192859993e-02  7.1678754740404438e-03  1  1.0495171721811902e+00  0.0000000000000000e+00  1.3690492198177001e-02  nan  1  5  5  1.2216451516522772e-05  0.0000000000000000e+00  0
1.4600000000000900e+01  1.3903800327699696e-02  7.2961409331897776e-03  1  1.0504886526031081e+00  1.2009777872249973e-02  1.3983800922949902e-02  nan  1  5  5  1.2323948887962669e-05  0.0000000000000000e+00  0
1.4800000000000900e+01  1.4157925670194449e-02  7.4219885522261737e-03  1  1.0514634265101501e+00  4.2087363162929110e-02  1.4276887854496604e-02  nan  1  5  5  1.2045696710748791e-05  0.0000000000000000e+00  0
1.5000000000000901e+01  1.4412209020348923e-02  7.5452097861114804e-03  1  1.0524403627586161e+00  6.5044106706344987e-02  1.4569729246780778e-02  nan  1  5  5  1.3167148930204484e-05  0.0000000000000000e+00  0
1.5200000000000999e+01  1.4666526391483359e-02  7.6656316292845863e-03  1  1.0534193780698813e+00  8.3855882665532996e-02  1.4862316370218450e-02  nan  1  5  5  1.4239308620045600e-05  0.0000000000000000e+00  0
1.5400000000001000e+01  1.4920789470707707e-02  7.7831837754003003e-03  1  1.0544007571014451e+00  1.0745031352959931e-01  1.5154682943647999e-02  nan  1  5  5  1.4105931752029352e-05  0.0000000000000000e+00  0
1.5600000000001000e+01  1.5174905977189007e-02  7.8977529993355198e-03  1  1.0553848471363168e+00  1.2743118290997982e-01  1.5446853101192278e-02  nan  1  5  5  1.4336785951149736e-05  0.0000000000000000e+00  0
1.5800000000001100e+01  1.5428743102119676e-02  8.0093235779854482e-03  1  1.0563719401684144e+00  1.4688064618981825e-01  1.5742612991362721e-02  nan  1  5  5  1.4384378890159913e-05  0.0000000000000000e+00  0
1.6000000000001101e+01  1.5682137651746732e-02  8.1179132364745440e-03  1  1.0573624400832422e+00  1.6526729726857264e-01  1.6038386272945303e-02  nan  1  5  5  1.4962355161357774e-05  0.0000000000000000e+00  0
1.6200000000001101e+01  1.5934919859946068e-02  8.2235682771934909e-03  1  1.0583570899020436e+00  1.7887129344244873e-01  1.6333754273728615e-02  nan  1  5  5  1.4439946351417928e-05  0.0000000000000000e+00  0
1.6400000000001000e+01  1.6186920614124935e-02  8.3264147129787532e-03  1  1.0593569796202249e+00  1.9406950791795091e-01  1.6628486550447005e-02  nan  1  5  5  1.4922262584893413e-05  0.0000000000000000e+00  0
1.6600000000001000e+01  1.6437972936379143e-02  8.4265408266533566e-03  1  1.0603632950505151e+00  2.1086194069507919e-01  1.6922340377524298e-02  nan  1  5  5  1.5430307614262821e-05  0.0000000000000000e+00  0
1.6800000000000900e+01  1.6687924353288593e-02  8.5240888239959348e-03  1  1.0613769963019117e+00  2.2361568710808799e-01  1.7215053792326494e-02  nan  1  5  5  1.6792909837591872e-05  0.0000000000000000e+00  0
1.7000000000000899e+01  1.6936653865097594e-02  8.6191232270479042e-03  1  1.0623986145967126e+00  2.3477521521947073e-01  1.7506373188814994e-02  nan  1  5  5  1.7500416411357197e-05  0.0000000000000000e+00  0
1.7200000000000902e+01  1.7184077284336102e-02  8.7116115873179609e-03  1  1.0634282314276255e+00  2.4550961845041980e-01  1.7796092233909769e-02  nan  1  5  5  1.6900250676255108e-05  0.0000000000000000e+00  0
1.7400000000000801e+01  1.7430135968514216e-02  8.8014350053835736e-03  1  1.0644656159722057e+00  2.5486236581995964e-01  1.8084065909399979e-02  nan  1  5  5  1.7724462889241824e-05  0.0000000000000000e+00  0
1.7600000000000801e+01  1.7674777259187525e-02  8.8884983917735111e-03  1  1.0655104264918542e+00  2.6474651929004145e-01  1.8370202002131162e-02  nan  1  5  5  1.7796601034747237e-05  0.0000000000000000e+00  0
1.7800000000000701e+01  1.7917937919615132e-02  8.9725912958783620e-03  1  1.0665623085903650e+00  2.7218620469762994e-01  1.8654457038108450e-02  nan  1  5  5  1.7670604797944834e-05  0.0000000000000000e+00  0
1.8000000000000700e+01  1.8159537206333152e-02  9.0535034766148197e-03  1  1.0676207784399965e+00  2.8026357742586883e-01  1.8936841788363031e-02  nan  1  5  5  1.8451668680840561e-05  0.0000000000000000e+00  0
1.8200000000000699e+01  1.8399480010162953e-02  9.1310973719671545e-03  1  1.0686850075922580e+00  2.8887235625464980e-01  1.9217420359337840e-02  nan  1  5  5  1.8413823104580660e-05  0.0000000000000000e+00  0
1.8400000000000599e+01  1.8637665399838129e-02  9.2052054246563268e-03  1  1.0697571915884314e+00  2.9556807312147942e-01  1.9496297545447822e-02  nan  1  5  5  1.8251271169845413e-05  0.0000000000000000e+00  0
1.8600000000000598e+01  1.8873993676192875e-02  9.2758445573111921e-03  1  1.0708354728711396e+00  3.0247635242852589e-01  1.9773603334559402e-02  nan  1  5  5  1.9304831199242634e-05  0.0000000000000000e+00  0
1.8800000000000502e+01  1.9108367630278893e-02  9.3428812752693862e-03  1  1.0719162043166854e+00  3.0938463173557235e-01  2.0051041159650878e-02  nan  1  5  5  2.0848187724162005e-05  0.0000000000000000e+00  0
1.9000000000000501e+01  1.9340689217817789e-02  9.4063204539177967e-03  1  1.0729990373181875e+00  3.1767456690402807e-01  2.0327731557167123e-02  nan  1  5  5  2.0713571642238590e-05  0.0000000000000000e+00  0
1.9200000000000500e+01  1.9570856260310372e-02  9.4662130338655590e-03  1  1.0740841281551212e+00  3.2405144011053250e-01  2.0603468815605794e-02  nan  1  5  5  2.0278078654527259e-05  0.0000000000000000e+00  0
1.9400000000000400e+01  1.9798763284601204e-02  9.5225947864637402e-03  1  1.0751717664394116e+00  3.2989690721649484e-01  2.0878388191823808e-02  nan  1  5  5  2.1420820633206207e-05  0.0000000000000000e+00  0
1.9600000000000399e+01  2.0024307938001584e-02  9.5755690547552289e-03  1  1.0762620797583378e+00  3.3638006164310769e-01  2.1152593141282258e-02  nan  1  5  5  2.1357719578659315e-05  0.0000000000000000e+00  0
1.9800000000000299e+01  2.0247399259321047e-02  9.6252881307260871e-03  1  1.0773549966984359e+00  3.4148156020831122e-01  2.1426151000800923e-02  nan  1  5  5  2.0982490467173582e-05  0.0000000000000000e+00  0
2.0000000000000298e+01  2.0467958072116935e-02  9.6718451891329854e-03  1  1.0784504029248247e+00  3.4722074609416514e-01  2.1699092492436442e-02  nan  1  5  5  2.2547109002561933e-05  0.0000000000000000e+00  0
2.0200000000000301e+01  2.0685904170284802e-02  9.7151913240187421e-03  1  1.0795483150118368e+00  3.5274736953980229e-01  2.1971415129003143e-02  nan  1  5  5  2.2631489401909251e-05  0.0000000000000000e+00  0
2.0400000000000201e+01  2.0901146501415235e-02  9.7551006892703102e-03  1  1.0806489651167057e+00  3.5795514932511424e-01  2.2243088856965524e-02  nan  1  5  5  2.1960553856100211e-05  0.0000000000000000e+00  0
2.0600000000000200e+01  2.1113607608196513e-02  9.7912106663807404e-03  1  1.0817527744686783e+00  3.6475714741205228e-01  2.2514062851170753e-02  nan  1  5  5  2.3680077480953135e-05  0.0000000000000000e+00  0
2.0800000000000100e+01  2.1323283762612732e-02  9.8232216769621322e-03  1  1.0828601977167409e+00  3.7017748963758101e-01  2.2784274715753668e-02  nan  1  5  5  2.3947485871430701e-05  0.0000000000000000e+00  0
2.1000000000000099e+01  2.1530277850182095e-02  9.8513603065247188e-03  1  1.0839714391323718e+00  3.7559783186310980e-01  2.3053661301566705e-02  nan  1  5  5  2.4223975169315278e-05  0.0000000000000000e+00  0
2.1200000000000099e+01  2.1734726014456748e-02  9.8762992277148468e-03  1  1.0850861732349399e+00  3.8006164310766288e-01  2.3322163071247515e-02  nan  1  5  5  2.4149586491720476e-05  0.0000000000000000e+00  0
2.1399999999999999e+01  2.1936637788900530e-02  9.8985824187215569e-03  1  1.0862072538360656e+00  3.8665107875438409e-01  2.3589714720116905e-02  nan  1  5  5  2.5744376159365141e-05  0.0000000000000000e+00  0
2.1600000000000001e+01  2.2135812477619827e-02  9.9179905670413807e-03  1  1.0873307089837601e+00  3.9164629609947921e-01  2.3856235122070163e-02  nan  1  5  5  2.5810610811904204e-05  0.0000000000000000e+00  0
2.1799999999999901e+01  2.2332000885345517e-02  9.9335343495223997e-03  1  1.0884584875341310e+00  3.9536613880327348e-01  2.4121651001724722e-02  nan  1  5  5  2.6206750618266619e-05  0.0000000000000000e+00  0
2.1999999999999901e+01  2.2525266049231763e-02  9.9439618718559011e-03  1  1.0895885658187350e+00  3.9993623126793498e-01  2.4385970301092300e-02  nan  1  5  5  2.6610853208933373e-05  0.0000000000000000e+00  0
2.2199999999999900e+01  2.2716232574714303e-02  9.9484499377164599e-03  1  1.0907199357043633e+00  4.0429376129237965e-01  2.4649356896560132e-02  nan  1  5  5  2.6760464103888592e-05  0.0000000000000000e+00  0
2.2399999999999800e+01  2.2905905122922576e-02  9.9470551726219287e-03  1  1.0918519295497835e+00  4.0886385375704115e-01  2.4912112256479907e-02  nan  1  5  5  2.8507844278101098e-05  0.0000000000000000e+00  0
2.2599999999999799e+01  2.3095076461307588e-02  9.9401377146371098e-03  1  1.0929830932386146e+00  4.1279625890105220e-01  2.5174519084957128e-02  nan  1  5  5  2.8406429982758192e-05  0.0000000000000000e+00  0
2.2799999999999699e+01  2.3283750796119097e-02  9.9279216560108369e-03  1  1.0941116335698602e+00  4.1842916356679777e-01  2.5440048653720737e-02  nan  1  5  5  2.8121663818362218e-05  0.0000000000000000e+00  0
2.2999999999999702e+01  2.3471069054643769e-02  9.9101053488638395e-03  1  1.0952362199965022e+00  4.2278669359124244e-01  2.5705935274031283e-02  nan  1  5  5  2.9529785054859914e-05  0.0000000000000000e+00  0
2.3199999999999701e+01  2.3655837839514065e-02  9.8860555197742700e-03  1  1.0963564527684708e+00  4.2640025507492824e-01  2.5970783995352742e-02  nan  1  5  5  2.9673715425331233e-05  0.0000000000000000e+00  0
2.3399999999999601e+01  2.3837272867766313e-02  9.8552687646551937e-03  1  1.0974726647700952e+00  4.3182059730045702e-01  2.6234792678345574e-02  nan  1  5  5  3.0312650852918954e-05  0.0000000000000000e+00  0
2.3599999999999600e+01  2.4015417387417644e-02  9.8177898519617238e-03  1  1.0985853761252597e+00  4.3628440854501011e-01  2.6498305051498337e-02  nan  1  5  5  3.1004711831984223e-05  0.0000000000000000e+00  0
2.3799999999999500e+01  2.4190996500817286e-02  9.7742629818013196e-03  1  1.0996949845405175e+00  4.4064193856945477e-01  2.6761618383149166e-02  nan  1  5  5  3.1352973109017466e-05  0.0000000000000000e+00  0
2.3999999999999499e+01  2.4364913126575478e-02  9.7254460822695735e-03  1  1.1008019282611237e+00  4.4446806249335741e-01  2.7024853136931030e-02  nan  1  5  5  3.1989060126801014e-05  0.0000000000000000e+00  0
2.4199999999999498e+01  2.4537792293298451e-02  9.6721294982652726e-03  1  1.1019108735751013e+00  4.4808162397704326e-01  2.7287929625930334e-02  nan  1  5  5  3.2233049169598814e-05  0.0000000000000000e+00  0
2.4399999999999402e+01  2.4709831452458683e-02  9.6149733710532755e-03  1  1.1030203757581725e+00  4.5243915400148793e-01  2.7550626814917704e-02  nan  1  5  5  3.2522357226036178e-05  0.0000000000000000e+00  0
2.4599999999999401e+01  2.4880925426364140e-02  9.5543912853860800e-03  1  1.1041310536056328e+00  4.5796577744712508e-01  2.7812667806550465e-02  nan  1  5  5  3.3177946607316117e-05  0.0000000000000000e+00  0
2.4799999999999400e+01  2.5050870290789236e-02  9.4907501930185916e-03  1  1.1052441537167146e+00  4.6157933893081093e-01  2.8073786975537779e-02  nan  1  5  5  3.4520603975511180e-05  0.0000000000000000e+00  0
2.4999999999999300e+01  2.5219489726741765e-02  9.4243606417138744e-03  1  1.1063606160416330e+00  4.6721224359655650e-01  2.8333763217307191e-02  nan  1  5  5  3.4893291416518317e-05  0.0000000000000000e+00  0
2.5199999999999299e+01  2.5386658446173764e-02  9.3553844779013934e-03  1  1.1074812342396583e+00  4.6986927409926665e-01  2.8592428778472949e-02  nan  1  5  5  3.5734708266709503e-05  0.0000000000000000e+00  0
2.5399999999999199e+01  2.5552280822541615e-02  9.2839726874068447e-03  1  1.1086067372789430e+00  4.7412052290360296e-01  2.8849671223004011e-02  nan  1  5  5  3.5538458463862561e-05  0.0000000000000000e+00  0
2.5599999999999199e+01  2.5716278285064568e-02  9.2101706905613027e-03  1  1.1097376137211623e+00  4.7805292804761401e-01  2.9106100370494215e-02  nan  1  5  5  3.6406956030558928e-05  0.0000000000000000e+00  0
2.5799999999999201e+01  2.5878595393250714e-02  9.1338750428347909e-03  1  1.1108737411555867e+00  4.8145392709108298e-01  2.9366207032106000e-02  nan  1  5  5  3.6019325349419872e-05  0.0000000000000000e+00  0
2.5999999999999101e+01  2.6039208237720268e-02  9.0549205166810948e-03  1  1.1120141039026872e+00  4.8368583271335958e-01  2.9625010161933002e-02  nan  1  5  5  3.6420004874368060e-05  0.0000000000000000e+00  0
2.6199999999999100e+01  2.6198122803600746e-02  8.9730214300450424e-03  1  1.1131568922798687e+00  4.8549261345520245e-01  2.9882709234132984e-02  nan  1  5  5  3.6731980412854028e-05  0.0000000000000000e+00  0
2.6399999999999000e+01  2.6355365481829582e-02  8.8877971481037127e-03  1  1.1143000330390995e+00  4.8793708151769583e-01  3.0139573567576648e-02  nan  1  5  5  3.7150810562035265e-05  0.0000000000000000e+00  0
2.6599999999999000e+01  2.6510974187682463e-02  8.7987634948341279e-03  1  1.1154418677554507e+00  4.8953129981932192e-01  3.0395929346053407e-02  nan  1  5  5  3.7342703726368116e-05  0.0000000000000000e+00  0
2.6799999999998999e+01  2.6664994206174842e-02  8.7054233331193848e-03  1  1.1165815471734022e+00  4.9271973642257411e-01  3.0652141059321830e-02  nan  1  5  5  3.8605952127338838e-05  0.0000000000000000e+00  0
2.6999999999998899e+01  2.6817476019577565e-02  8.6072284772393311e-03  1  1.1177188954995214e+00  4.9548304814539273e-01  3.0908588572416011e-02  nan  1  5  5  3.9516419599287708e-05  0.0000000000000000e+00  0
2.7199999999998902e+01  2.6968470222807708e-02  8.5036586889789909e-03  1  1.1188538865629876e+00  4.9675842278669358e-01  3.1165642289911217e-02  nan  1  5  5  4.0953101806630169e-05  0.0000000000000000e+00  0
2.7399999999998801e+01  2.7118018150646999e-02  8.3941868074367647e-03  1  1.1199861460114411e+00  4.9867148474864492e-01  3.1423638258762224e-02  nan  1  5  5  4.2400089778400650e-05  0.0000000000000000e+00  0
2.7599999999998801e+01  2.7266141802759939e-02  8.2783566593856855e-03  1  1.1211148343228048e+00  5.0005314061005424e-01  3.1682854569570033e-02  nan  1  5  5  4.3853602156720315e-05  0.0000000000000000e+00  0
2.7799999999998800e+01  2.7412838274391171e-02  8.1557943199628263e-03  1  1.1222389495489256e+00  5.0249760867254756e-01  3.1943490642071963e-02  nan  1  5  5  4.4697895163875462e-05  0.0000000000000000e+00  0
2.7999999999998700e+01  2.7558081066438093e-02  8.0262394663331710e-03  1  1.1233577923928360e+00  5.0504835795514935e-01  3.2205651032043675e-02  nan  1  5  5  4.5106504035174497e-05  0.0000000000000000e+00  0
2.8199999999998699e+01  2.7701826180937306e-02  7.8895367512393164e-03  1  1.1244734778640213e+00  5.0674885747688381e-01  3.2470428454349907e-02  nan  1  5  5  4.5398212536608743e-05  0.0000000000000000e+00  0
2.8399999999998599e+01  2.7844018259858362e-02  7.7456490901780146e-03  1  1.1255860582507824e+00  5.0844935699861837e-01  3.2741214851581456e-02  nan  1  5  5  4.6118118271183260e-05  0.0000000000000000e+00  0
2.8599999999998602e+01  2.7984592594584589e-02  7.5946599756747529e-03  1  1.1266959402326475e+00  5.0961845041981080e-01  3.3018374743223222e-02  nan  1  5  5  4.7187846023241942e-05  0.0000000000000000e+00  0
