# time  total_activity  peak_activity  rms_radius  confined_frac  bary_x  bary_y  bary_z  r_conf  total_activity_proper  rms_radius_proper  confined_frac_proper  rms_radius_canon  confined_frac_canon  rms_radius_phantom  confined_frac_phantom  canon_mass_frac  min_chi
0.0000000000000000e+00  5.6518825190059117e+00  3.4185918708361282e-02  4.4071489497196268e+00  7.3599024767774290e-01  3.6999999509031120e+01  3.2000000000000625e+01  3.2000000000000156e+01  4.7999999999999998e+00  5.5861198295316745e+00  4.4160927534622276e+00  7.3456509114446833e-01  nan  nan  nan  nan  nan  1.0000000092946424e+00
8.0000000000000004e-01  5.7038206466417201e+00  3.4576340594691002e-02  4.4069280534853759e+00  7.3603837834421926e-01  3.6999999739883997e+01  3.1999999999999989e+01  3.2000000000000000e+01  4.7999999999999998e+00  5.6374583158190239e+00  4.4158675818943554e+00  7.3461327551469313e-01  nan  nan  nan  nan  nan  1.0001238466637530e+00
1.6000000000000001e+00  5.6837318908295975e+00  3.4322327076001281e-02  4.4070779399365909e+00  7.3609591467207880e-01  3.6999999789845155e+01  3.2000000000000043e+01  3.2000000000000007e+01  4.7999999999999998e+00  5.6176032605793829e+00  4.4160153317707715e+00  7.3467085834286505e-01  nan  nan  nan  nan  nan  1.0001194501203399e+00
2.3999999999999901e+00  5.6779643058509510e+00  3.4124704632803510e-02  4.4071064182455091e+00  7.3611153493880666e-01  3.6999999590870182e+01  3.1999999999999641e+01  3.1999999999999893e+01  4.7999999999999998e+00  5.6118792890014344e+00  4.4160526344628126e+00  7.3468564901921696e-01  nan  nan  nan  nan  nan  1.0000983918139414e+00
3.1999999999999802e+00  5.7224132311928217e+00  3.4511708840946266e-02  4.4067796081802886e+00  7.3594917708697705e-01  3.6999999230887603e+01  3.1999999999998831e+01  3.1999999999999684e+01  4.7999999999999998e+00  5.6557899879577080e+00  4.4157351217123075e+00  7.3452185139182180e-01  nan  nan  nan  nan  nan  1.0000875023426981e+00
3.9999999999999600e+00  5.6752505142395950e+00  3.4234217261400010e-02  4.4069538017971830e+00  7.3587338471738695e-01  3.6999998871082262e+01  3.1999999999997655e+01  3.1999999999999353e+01  4.7999999999999998e+00  5.6092014085273600e+00  4.4159016789321699e+00  7.3444652848718062e-01  nan  nan  nan  nan  nan  1.0000944506433285e+00
4.7999999999999403e+00  5.7158323731805591e+00  3.4412417527466585e-02  4.4065631592251515e+00  7.3610749350017601e-01  3.6999998437370238e+01  3.1999999999995460e+01  3.1999999999998721e+01  4.7999999999999998e+00  5.6493650581385513e+00  4.4154889023685016e+00  7.3468355925500595e-01  nan  nan  nan  nan  nan  1.0000952022936493e+00
5.5999999999999304e+00  5.7146452753863688e+00  3.4378040466619957e-02  4.4061304430106301e+00  7.3639009829630675e-01  3.6999998047197423e+01  3.1999999999991385e+01  3.1999999999997563e+01  4.7999999999999998e+00  5.6482459274855250e+00  4.4150377928951503e+00  7.3497026567739820e-01  nan  nan  nan  nan  nan  1.0000943996617919e+00
6.3999999999999098e+00  5.6883186758255961e+00  3.4205499206075761e-02  4.4057731602859223e+00  7.3640268960872135e-01  3.6999997740929402e+01  3.1999999999983302e+01  3.1999999999995229e+01  4.7999999999999998e+00  5.6222513218591201e+00  4.4146750467692666e+00  7.3498497636313476e-01  nan  nan  nan  nan  nan  1.0001063834481794e+00
7.1999999999998900e+00  5.7423356610831338e+00  3.4521919394321227e-02  4.4048380977708890e+00  7.3652421899464848e-01  3.6999997409285037e+01  3.1999999999967386e+01  3.1999999999990656e+01  4.7999999999999998e+00  5.6756444062767448e+00  4.4137381265727473e+00  7.3510678524796003e-01  nan  nan  nan  nan  nan  1.0001181948607087e+00
7.9999999999998703e+00  5.7002892796845872e+00  3.4229755524434420e-02  4.4044724031352960e+00  7.3666035993656231e-01  3.6999997083922054e+01  3.1999999999935621e+01  3.1999999999981501e+01  4.7999999999999998e+00  5.6340880435963658e+00  4.4133719543942869e+00  7.3524216281390098e-01  nan  nan  nan  nan  nan  1.0001292348308712e+00
8.7999999999998604e+00  5.7229320523759490e+00  3.4329306038063036e-02  4.4038607521020614e+00  7.3686415703064589e-01  3.6999996782217409e+01  3.1999999999873165e+01  3.1999999999963425e+01  4.7999999999999998e+00  5.6564610785347025e+00  4.4127601767915294e+00  7.3544657097006783e-01  nan  nan  nan  nan  nan  1.0001377987627231e+00
9.5999999999998398e+00  5.7434185471605002e+00  3.4436671435880119e-02  4.4028576950979774e+00  7.3705489086711706e-01  3.6999996565863853e+01  3.1999999999746738e+01  3.1999999999927109e+01  4.7999999999999998e+00  5.6766996622106642e+00  4.4117543436887106e+00  7.3563827848608232e-01  nan  nan  nan  nan  nan  1.0001434391571238e+00
1.0399999999999800e+01  5.7012910134252186e+00  3.4165452350757741e-02  4.4019417268135905e+00  7.3720368849719520e-01  3.6999996437891987e+01  3.1999999999507150e+01  3.1999999999857746e+01  4.7999999999999998e+00  5.6350570812361553e+00  4.4108328448480085e+00  7.3578815875679915e-01  nan  nan  nan  nan  nan  1.0001468941602774e+00
1.1199999999999800e+01  5.7571313343007162e+00  3.4498400894715217e-02  4.4030371490152973e+00  7.3730813799950645e-01  3.6999996321931718e+01  3.1999999999021746e+01  3.1999999999714284e+01  4.7999999999999998e+00  5.6902489878215068e+00  4.4119372180152752e+00  7.3589328923953057e-01  nan  nan  nan  nan  nan  1.0001492935444769e+00
1.1999999999999799e+01  5.7300913329115906e+00  3.4305502519586348e-02  4.4054277084388955e+00  7.3730406419237515e-01  3.6999996250222324e+01  3.1999999997782020e+01  3.1999999999412488e+01  4.7999999999999998e+00  5.6635271817101556e+00  4.4143449221364772e+00  7.3588951422357285e-01  nan  nan  nan  nan  nan  1.0001512010495570e+00
1.2799999999999800e+01  5.7309397097542663e+00  3.4262510366681861e-02  4.4100697883039386e+00  7.3721654670388381e-01  3.6999996212789483e+01  3.1999999994682522e+01  3.1999999998478835e+01  4.7999999999999998e+00  5.6643694098943795e+00  4.4190225134395069e+00  7.3580146616594833e-01  nan  nan  nan  nan  nan  1.0001529436296799e+00
1.3599999999999801e+01  5.7736534515564513e+00  3.4487952972157399e-02  4.4190832552243702e+00  7.3706152796713409e-01  3.6999996174050139e+01  3.1999999989739131e+01  3.1999999996774076e+01  4.7999999999999998e+00  5.7065952316461539e+00  4.4281054521809136e+00  7.3564493313539170e-01  nan  nan  nan  nan  nan  1.0001546553327849e+00
1.4399999999999700e+01  5.7274184263069543e+00  3.4171214849605572e-02  4.4325323771885001e+00  7.3681641048039115e-01  3.6999996134653770e+01  3.1999999982259151e+01  3.1999999993847126e+01  4.7999999999999998e+00  5.6609171662357847e+00  4.4416549171985489e+00  7.3539777023456032e-01  nan  nan  nan  nan  nan  1.0001562074485761e+00
1.5199999999999701e+01  5.7769003071780585e+00  3.4441729947166870e-02  4.4484967542730391e+00  7.3658146589754225e-01  3.6999996448440733e+01  3.1999999975819247e+01  3.1999999990752734e+01  4.7999999999999998e+00  5.7098471604121750e+00  4.4577402640604413e+00  7.3516057226011766e-01  nan  nan  nan  nan  nan  1.0001576902326592e+00
1.5999999999999700e+01  5.7740125965891052e+00  3.4381498983873493e-02  4.4673797575393168e+00  7.3629828412366383e-01  3.6999996706819879e+01  3.1999999963267122e+01  3.1999999986782200e+01  4.7999999999999998e+00  5.7070171003884553e+00  4.4767684481492154e+00  7.3487495765608635e-01  nan  nan  nan  nan  nan  1.0001591776729630e+00
1.6799999999999802e+01  5.7532861924828751e+00  3.4196212838097852e-02  4.4879598892342090e+00  7.3600557836560998e-01  3.6999996722145923e+01  3.1999999928263325e+01  3.1999999977078872e+01  4.7999999999999998e+00  5.6865512616967653e+00  4.4975104489258220e+00  7.3457975090939953e-01  nan  nan  nan  nan  nan  1.0001606276583477e+00
1.7600000000000001e+01  5.8101729953925414e+00  3.4503026875040574e-02  4.5076411007087858e+00  7.3579513061498070e-01  3.6999996259621490e+01  3.1999999845091377e+01  3.1999999954528615e+01  4.7999999999999998e+00  5.7427905934307519e+00  4.5173508937957205e+00  7.3436717778057381e-01  nan  nan  nan  nan  nan  1.0001620220025977e+00
1.8400000000000102e+01  5.7684565939781898e+00  3.4212090937653782e-02  4.5324028588945966e+00  7.3544986649329924e-01  3.6999994695917366e+01  3.1999999693038554e+01  3.1999999912516099e+01  4.7999999999999998e+00  5.7015845955017195e+00  4.5423057230133956e+00  7.3401928138172112e-01  nan  nan  nan  nan  nan  1.0001633682613946e+00
1.9200000000000198e+01  5.7988219084311998e+00  3.4362558306311283e-02  4.5563910360884456e+00  7.3520803897614428e-01  3.6999989255605257e+01  3.1999999378500984e+01  3.1999999818872514e+01  4.7999999999999998e+00  5.7316194989025817e+00  4.5664835780052542e+00  7.3377551789341089e-01  nan  nan  nan  nan  nan  1.0001646758982401e+00
2.0000000000000298e+01  5.8203218839406690e+00  3.4454903848963520e-02  4.5799384585958309e+00  7.3500377818664853e-01  3.6999976456872602e+01  3.1999998779001444e+01  3.1999999639480446e+01  4.7999999999999998e+00  5.7528830461521085e+00  4.5902210148862803e+00  7.3356966615881891e-01  nan  nan  nan  nan  nan  1.0001659512638503e+00
2.0800000000000502e+01  5.7809766840039547e+00  3.4159125600977933e-02  4.6082361076240597e+00  7.3468820092571729e-01  3.6999951818352514e+01  3.1999997667564838e+01  3.1999999300995292e+01  4.7999999999999998e+00  5.7140034642895596e+00  4.6187468838908980e+00  7.3325160240385701e-01  nan  nan  nan  nan  nan  1.0001672013603886e+00
2.1600000000000598e+01  5.8410822712186583e+00  3.4481280464805975e-02  4.6355877175147482e+00  7.3444577082451601e-01  3.6999900471248012e+01  3.1999995843682093e+01  3.1999998691763036e+01  4.7999999999999998e+00  5.7734070135736655e+00  4.6463245102387205e+00  7.3300654725658476e-01  nan  nan  nan  nan  nan  1.0001684292548141e+00
2.2400000000000698e+01  5.8145735643074303e+00  3.4284258246133084e-02  4.6686010298890261e+00  7.3409407701960783e-01  3.6999802897725985e+01  3.1999993392605663e+01  3.1999997762292555e+01  4.7999999999999998e+00  5.7472052340410205e+00  4.6796049247841829e+00  7.3265150973894810e-01  nan  nan  nan  nan  nan  1.0001696347516258e+00
2.3200000000000799e+01  5.8197672500983737e+00  3.4275415851218960e-02  4.7026618484267875e+00  7.3377930840517414e-01  3.6999639138302527e+01  3.1999991260435728e+01  3.1999996761601647e+01  4.7999999999999998e+00  5.7523350734187826e+00  4.7139411937211610e+00  7.3233357303655322e-01  nan  nan  nan  nan  nan  1.0001708203575363e+00
2.4000000000000998e+01  5.8657322882102054e+00  3.4505997330943380e-02  4.7391868685653655e+00  7.3341514854381729e-01  3.6999369973249884e+01  3.1999988686020863e+01  3.1999995551270768e+01  4.7999999999999998e+00  5.7977616567883521e+00  4.7507600376900037e+00  7.3196587655320500e-01  nan  nan  nan  nan  nan  1.0001719909513995e+00
2.4800000000001098e+01  5.8192950874753437e+00  3.4162267831923887e-02  4.7834436133494522e+00  7.3289793726758912e-01  3.6998958420503051e+01  3.1999986107627965e+01  3.1999994325861433e+01  4.7999999999999998e+00  5.7518607961878416e+00  4.7953694183191073e+00  7.3144421661747427e-01  nan  nan  nan  nan  nan  1.0001731496724986e+00
2.5600000000001199e+01  5.8697278293610333e+00  3.4421956200817422e-02  4.8200496880292754e+00  7.3263962078436562e-01  3.6998361792712672e+01  3.1999983365567907e+01  3.1999993087551971e+01  4.7999999999999998e+00  5.8016822504932763e+00  4.8322789572542462e+00  7.3118280756783938e-01  nan  nan  nan  nan  nan  1.0001742969416263e+00
2.6400000000001299e+01  5.8669513763475916e+00  3.4372071513762328e-02  4.8609710197311280e+00  7.3235446029950779e-01  3.6997535294593227e+01  3.1999979136280835e+01  3.1999991195900126e+01  4.7999999999999998e+00  5.7989138226609720e+00  4.8735368106295898e+00  7.3089427133730478e-01  nan  nan  nan  nan  nan  1.0001754330065005e+00
2.7200000000001499e+01  5.8449730677711953e+00  3.4201247939715573e-02  4.9038453193646125e+00  7.3209736625594601e-01  3.6996409073790211e+01  3.1999975799025176e+01  3.1999989743729444e+01  4.7999999999999998e+00  5.7771666932835695e+00  4.9167632970711637e+00  7.3063401088797919e-01  nan  nan  nan  nan  nan  1.0001765589247689e+00
2.8000000000001599e+01  5.9037796820598736e+00  3.4520112229386848e-02  4.9389412126960206e+00  7.3202355855257917e-01  3.6995030246179773e+01  3.1999971766330066e+01  3.1999987926271931e+01  4.7999999999999998e+00  5.8352519289150395e+00  4.9521573206525256e+00  7.3055829914977533e-01  nan  nan  nan  nan  nan  1.0001776741089230e+00
2.8800000000001699e+01  5.8600534375499755e+00  3.4209967605146351e-02  4.9829705974436145e+00  7.3176464627938853e-01  3.6993270600816437e+01  3.1999967871676066e+01  3.1999986140132918e+01  4.7999999999999998e+00  5.7920082196698095e+00  4.9965495500530253e+00  7.3029647320599023e-01  nan  nan  nan  nan  nan  1.0001787758226326e+00
2.9600000000001799e+01  5.8870791606151416e+00  3.4335612301626940e-02  5.0181722514099265e+00  7.3169205743108012e-01  3.6991234793207816e+01  3.1999964947029902e+01  3.1999984792673704e+01  4.7999999999999998e+00  5.8186827172901374e+00  5.0320507235113414e+00  7.3022214493827253e-01  nan  nan  nan  nan  nan  1.0001798619358218e+00
3.0400000000001999e+01  5.9100478028453924e+00  3.4453821115725133e-02  5.0512610219312544e+00  7.3171146105518203e-01  3.6988992740104280e+01  3.1999961394276198e+01  3.1999983048978603e+01  4.7999999999999998e+00  5.8413465756197223e+00  5.0654244729066402e+00  7.3024043605154165e-01  nan  nan  nan  nan  nan  1.0001809321665727e+00
3.1200000000002099e+01  5.8659201149978042e+00  3.4161407018357966e-02  5.0891319763088854e+00  7.3167004223065923e-01  3.6986333596609633e+01  3.1999958809259198e+01  3.1999981726236630e+01  4.7999999999999998e+00  5.7977060870790060e+00  5.1036140998843020e+00  7.3019769641013466e-01  nan  nan  nan  nan  nan  1.0001819869591042e+00
3.2000000000002203e+01  5.9246026042785997e+00  3.4488451933426159e-02  5.1135951402878588e+00  7.3227028140440353e-01  3.6983841366876703e+01  3.1999956327365794e+01  3.1999980471033989e+01  4.7999999999999998e+00  5.8556666160259860e+00  5.1282973207584153e+00  7.3079944389642459e-01  nan  nan  nan  nan  nan  1.0001830266161704e+00
3.2800000000002001e+01  5.8972060940910831e+00  3.4292837882983866e-02  5.1452839694105643e+00  7.3271664724878194e-01  3.6980975228932330e+01  3.1999953715421611e+01  3.1999979263680121e+01  4.7999999999999998e+00  5.8285649236115216e+00  5.1602567103378956e+00  7.3124648532419401e-01  nan  nan  nan  nan  nan  1.0001840513956379e+00
3.3600000000001899e+01  5.8939554702662917e+00  3.4242296293365670e-02  5.1725661521383888e+00  7.3319626653525349e-01  3.6978216801422342e+01  3.1999951879954942e+01  3.1999978463085498e+01  4.7999999999999998e+00  5.8253301856413842e+00  5.1877735694764882e+00  7.3172703220485158e-01  nan  nan  nan  nan  nan  1.0001850617779016e+00
3.4400000000001697e+01  5.9399146391048276e+00  3.4506095262218886e-02  5.1884789370836133e+00  7.3386832556412185e-01  3.6975789519616953e+01  3.1999949769921745e+01  3.1999977635342884e+01  4.7999999999999998e+00  5.8707233758194111e+00  5.2038372176914844e+00  7.3240139181996455e-01  nan  nan  nan  nan  nan  1.0001860586716886e+00
3.5200000000001602e+01  5.8873018561210992e+00  3.4170975043881627e-02  5.2142538397505138e+00  7.3395686548112704e-01  3.6973200773202819e+01  3.1999948093065264e+01  3.1999976982454466e+01  4.7999999999999998e+00  5.8187106900011374e+00  5.2298332990082530e+00  7.3335988580345235e-01  nan  nan  nan  nan  nan  1.0001870433322071e+00
3.6000000000001400e+01  5.9314509200317165e+00  3.4413726782561896e-02  5.2242030614854231e+00  7.3507970710824422e-01  3.6971251190860464e+01  3.1999946719991545e+01  3.1999976422274031e+01  4.7999999999999998e+00  5.8623195174636651e+00  5.2398844325305554e+00  7.3361700249078310e-01  nan  nan  nan  nan  nan  1.0001880122088949e+00
3.6800000000001198e+01  5.9313184020879701e+00  3.4389515499550896e-02  5.2385437235182470e+00  7.3523327243408942e-01  3.6969348533578774e+01  3.1999945178244161e+01  3.1999975687363687e+01  4.7999999999999998e+00  5.8621706877170165e+00  5.2543573807685169e+00  7.3377125498274642e-01  nan  nan  nan  nan  nan  1.0001889871415004e+00
3.7600000000001103e+01  5.8992773369741833e+00  3.4168983499195962e-02  5.2554794458207654e+00  7.3530294348947101e-01  3.6967482541282457e+01  3.1999944026920851e+01  3.1999975120874367e+01  4.7999999999999998e+00  5.8304927677410250e+00  5.2714407279664792e+00  7.3384097862872777e-01  nan  nan  nan  nan  nan  1.0001898739538684e+00
3.8400000000000901e+01  5.9583562995646915e+00  3.4510767957829022e-02  5.2561120491733995e+00  7.3647218107800638e-01  3.6966296760418899e+01  3.1999942726721997e+01  3.1999974497219934e+01  4.7999999999999998e+00  5.8888545623383912e+00  5.2721015767555874e+00  7.3501453680817497e-01  nan  nan  nan  nan  nan  1.0001905028169522e+00
3.9200000000000799e+01  5.9143436946561172e+00  3.4231308590249088e-02  5.2667836913424111e+00  7.3661725703530645e-01  3.6964726870360799e+01  3.1999941413212685e+01  3.1999973915952349e+01  4.7999999999999998e+00  5.8453407353190592e+00  5.2828741426973069e+00  7.3516031655868286e-01  nan  nan  nan  nan  nan  1.0001912116265410e+00
4.0000000000000597e+01  5.9323575823634567e+00  3.4312382723677211e-02  5.2703439257284321e+00  7.3676264058180452e-01  3.6963762794435873e+01  3.1999940428019077e+01  3.1999973478103257e+01  4.7999999999999998e+00  5.8631275377145711e+00  5.2864768215622711e+00  7.3530636403395078e-01  nan  nan  nan  nan  nan  1.0001922598267936e+00
4.0800000000000502e+01  5.9632066695009769e+00  3.4471655211810198e-02  5.2727055102275759e+00  7.3666659384440747e-01  3.6962914515511351e+01  3.1999938941288118e+01  3.1999972839867908e+01  4.7999999999999998e+00  5.8935983025252749e+00  5.2888708961244459e+00  7.3521014748320057e-01  nan  nan  nan  nan  nan  1.0001932364513988e+00
4.1600000000000300e+01  5.9128532995321521e+00  3.4141378821206388e-02  5.2847397071366622e+00  7.3668189009572960e-01  3.6961797151872638e+01  3.1999937468816807e+01  3.1999972204109856e+01  4.7999999999999998e+00  5.8438236374408579e+00  5.3010095230842706e+00  7.3522518852040397e-01  nan  nan  nan  nan  nan  1.0001940123965114e+00
4.2400000000000098e+01  5.9695319298171201e+00  3.4461338078003390e-02  5.2802679276607494e+00  7.3689661128792949e-01  3.6961337292846096e+01  3.1999936093536419e+01  3.1999971576273492e+01  4.7999999999999998e+00  5.8998144431791300e+00  5.2965188337238782e+00  7.3544089359288645e-01  nan  nan  nan  nan  nan  1.0001947843265546e+00
4.3200000000000003e+01  5.9507626110721583e+00  3.4326635661802912e-02  5.2867173058970964e+00  7.3690801295717501e-01  3.6960550342461254e+01  3.1999934321139282e+01  3.1999970736266622e+01  4.7999999999999998e+00  5.8812542254695224e+00  5.3030253156527332e+00  7.3545195950133557e-01  nan  nan  nan  nan  nan  1.0001956150090452e+00
4.3999999999999801e+01  5.9371101894948159e+00  3.4212946011179912e-02  5.2920572569710691e+00  7.3690133781912426e-01  3.6959886828122883e+01  3.1999933005697805e+01  3.1999970094032914e+01  4.7999999999999998e+00  5.8677514740728007e+00  5.3084118023982159e+00  7.3544482257913180e-01  nan  nan  nan  nan  nan  1.0001965307273306e+00
4.4799999999999699e+01  5.9918513145028438e+00  3.4512131966982482e-02  5.2856966476282476e+00  7.3702343233352141e-01  3.6959912160725807e+01  3.1999931267611206e+01  3.1999969289343781e+01  4.7999999999999998e+00  5.9218299404216204e+00  5.3020109343900508e+00  7.3556729740889792e-01  nan  nan  nan  nan  nan  1.0001973531774901e+00
4.5599999999999497e+01  5.9400466208492935e+00  3.4173301098045672e-02  5.2925088708717478e+00  7.3698542222880115e-01  3.6959066751943077e+01  3.1999929467786909e+01  3.1999968495688638e+01  4.7999999999999998e+00  5.8706199337935159e+00  5.3088811593721132e+00  7.3507220220628711e-01  nan  nan  nan  nan  nan  1.0001978399102971e+00
4.6399999999999302e+01  5.9765562373929830e+00  3.4367301761209973e-02  5.2856456199428656e+00  7.3712584116610669e-01  3.6958897579422533e+01  3.1999928046571082e+01  3.1999967826006419e+01  4.7999999999999998e+00  5.9066771380638654e+00  5.3019742792485758e+00  7.3521303277339700e-01  nan  nan  nan  nan  nan  1.0001983387692410e+00
4.7199999999999200e+01  5.9900941785355899e+00  3.4427166425119136e-02  5.2809848731780420e+00  7.3675154066994331e-01  3.6958473279993356e+01  3.1999926058248899e+01  3.1999966928363904e+01  4.7999999999999998e+00  5.9200357417608753e+00  5.2972835290124358e+00  7.3529383944139515e-01  nan  nan  nan  nan  nan  1.0001992627292164e+00
4.7999999999998998e+01  5.9482152313029060e+00  3.4148900235554683e-02  5.2826346474468258e+00  7.3675687861119277e-01  3.6957732279077945e+01  3.1999924316854401e+01  3.1999966113326128e+01  4.7999999999999998e+00  5.8786319401987273e+00  5.2989502066510639e+00  7.3529878120573167e-01  nan  nan  nan  nan  nan  1.0002002207207377e+00
4.8799999999998903e+01  6.0100302368788530e+00  3.4493675678141163e-02  5.2647788609845882e+00  7.3700419706506737e-01  3.6957760663450124e+01  3.1999922265906939e+01  3.1999965216348439e+01  4.7999999999999998e+00  5.9396872632234698e+00  5.2809668163775250e+00  7.3554732663288203e-01  nan  nan  nan  nan  nan  1.0002009429855299e+00
4.9599999999998701e+01  5.9745802684280118e+00  3.4258285363536027e-02  5.2615373208549521e+00  7.3706032866769133e-01  3.6957298438702402e+01  3.1999919857355358e+01  3.1999964147682547e+01  4.7999999999999998e+00  5.9046308604950326e+00  5.2777061055740591e+00  7.3560342627084474e-01  nan  nan  nan  nan  nan  1.0002017054465886e+00
5.0399999999998499e+01  5.9779753403682268e+00  3.4255018617902970e-02  5.2523208237773700e+00  7.3719413163368808e-01  3.6957133121134781e+01  3.1999917991052268e+01  3.1999963288448143e+01  4.7999999999999998e+00  5.9079588618740528e+00  5.2684251076870448e+00  7.3573765415278913e-01  nan  nan  nan  nan  nan  1.0002025533127532e+00
5.1199999999998397e+01  6.0215045264295286e+00  3.4497995718760457e-02  5.2364922952073423e+00  7.3743371951326808e-01  3.6957260163595663e+01  3.1999915605183769e+01  3.1999962166175209e+01  4.7999999999999998e+00  5.9509425336081749e+00  5.2524835653971298e+00  7.3597836585596932e-01  nan  nan  nan  nan  nan  1.0002033615496313e+00
5.1999999999998202e+01  5.9659349164652253e+00  3.4146305133510559e-02  5.2319708765455086e+00  7.3754002140637698e-01  3.6956981947321452e+01  3.1999913456000257e+01  3.1999961170955881e+01  4.7999999999999998e+00  5.8959999907687832e+00  5.2479340355543274e+00  7.3608501727825482e-01  nan  nan  nan  nan  nan  1.0002041471017826e+00
5.2799999999998100e+01  6.0148103023430810e+00  3.4416239250898442e-02  5.2116185920850846e+00  7.3785846023622570e-01  3.6957637020425246e+01  3.1999911479775029e+01  3.1999960256130663e+01  4.7999999999999998e+00  5.9442588306881561e+00  5.2274364219639144e+00  7.3640516218090613e-01  nan  nan  nan  nan  nan  1.0002049517955227e+00
5.3599999999997898e+01  6.0095603540370783e+00  3.4368786565783432e-02  5.1950501367612443e+00  7.3810089653591182e-01  3.6957996292873624e+01  3.1999908811608492e+01  3.1999959082595105e+01  4.7999999999999998e+00  5.9390317260235124e+00  5.2107493625779826e+00  7.3664883713111096e-01  nan  nan  nan  nan  nan  1.0002057923964316e+00
5.4399999999997704e+01  5.9781841440062600e+00  3.4162632973711714e-02  5.1841877528646130e+00  7.3826833395791103e-01  3.6958356943230186e+01  3.1999906665009743e+01  3.1999958110798698e+01  4.7999999999999998e+00  5.9079915845244528e+00  5.1998103406335030e+00  7.3681694525754493e-01  nan  nan  nan  nan  nan  1.0002066606106947e+00
5.5199999999997601e+01  6.0392038631963603e+00  3.4510777896420285e-02  5.1610131492666058e+00  7.3906113904153481e-01  3.6959519707811154e+01  3.1999904119231353e+01  3.1999956923881932e+01  4.7999999999999998e+00  5.9682487712514769e+00  5.1764658822084728e+00  7.3761291276180452e-01  nan  nan  nan  nan  nan  1.0002075169980384e+00
5.5999999999997399e+01  5.9912120874438841e+00  3.4210548624812223e-02  5.1502008867942086e+00  7.3926846321940842e-01  3.6959778696438214e+01  3.1999901423005898e+01  3.1999955660191485e+01  4.7999999999999998e+00  5.9207864171145870e+00  5.1655793586954220e+00  7.3782130718525962e-01  nan  nan  nan  nan  nan  1.0002083441383158e+00
5.6799999999997297e+01  6.0097719974609376e+00  3.4300922150305654e-02  5.1298853344386464e+00  7.3957938874166529e-01  3.6960759359079837e+01  3.1999899420420480e+01  3.1999954721064483e+01  4.7999999999999998e+00  5.9390839110197513e+00  5.1451163599748924e+00  7.3813397971261052e-01  nan  nan  nan  nan  nan  1.0002091580733941e+00
5.7599999999997102e+01  6.0398519996963813e+00  3.4464592111117645e-02  5.1082666551711942e+00  7.3990107903396007e-01  3.6961675635832592e+01  3.1999896770097170e+01  3.1999953479166248e+01  4.7999999999999998e+00  5.9687637032808860e+00  5.1233397942593104e+00  7.3845745370299520e-01  nan  nan  nan  nan  nan  1.0002099700575615e+00
5.8399999999997000e+01  5.9858566870988437e+00  3.4127231212559728e-02  5.0964836296664036e+00  7.4007225868260229e-01  3.6962218221235823e+01  3.1999894630139611e+01  3.1999952444449136e+01  4.7999999999999998e+00  5.9153707271868656e+00  5.1114712739818726e+00  7.3862943257382230e-01  nan  nan  nan  nan  nan  1.0002107776424964e+00
5.9199999999996798e+01  6.0437734371788316e+00  3.4454640484608903e-02  5.0727212198873346e+00  7.4063664907305093e-01  3.6963492576493316e+01  3.1999892306763829e+01  3.1999951354897252e+01  4.7999999999999998e+00  5.9725583799630577e+00  5.0875318017679492e+00  7.3919632368778565e-01  nan  nan  nan  nan  nan  1.0002115793467821e+00
5.9999999999996597e+01  6.0235537352382504e+00  3.4320129669285777e-02  5.0572318116549591e+00  7.4087845338566605e-01  3.6964089650940423e+01  3.1999889416350104e+01  3.1999950036056681e+01  4.7999999999999998e+00  5.9525377517610689e+00  5.0719297859729062e+00  7.3943943667801615e-01  nan  nan  nan  nan  nan  1.0002123770010583e+00
6.0799999999996501e+01  6.0049738062482421e+00  3.4187636724351766e-02  5.0424435749166312e+00  7.4107591174285126e-01  3.6964778322590803e+01  3.1999887176333594e+01  3.1999949013142135e+01  4.7999999999999998e+00  5.9341406085937312e+00  5.0570319088550404e+00  7.3963789679805536e-01  nan  nan  nan  nan  nan  1.0002131695419818e+00
6.1599999999996299e+01  6.0624394701186572e+00  3.4507332331089567e-02  5.0211734905269898e+00  7.4133408317783500e-01  3.6966045604069166e+01  3.1999884300620764e+01  3.1999947759167714e+01  4.7999999999999998e+00  5.9908858117329249e+00  5.0356001919260285e+00  7.3989732914704431e-01  nan  nan  nan  nan  nan  1.0002139526932923e+00
6.2399999999996197e+01  6.0081752314485675e+00  3.4167440466535019e-02  5.0117314746165036e+00  7.4144570309690638e-01  3.6966535829390239e+01  3.1999881451876334e+01  3.1999946504470390e+01  4.7999999999999998e+00  5.9372330432929763e+00  5.0260876424402552e+00  7.4000933806842750e-01  nan  nan  nan  nan  nan  1.0002147243161756e+00
6.3199999999996002e+01  6.0414062203595451e+00  3.4343392714039057e-02  4.9927987428937568e+00  7.4080319522471527e-01  3.6967500104934430e+01  3.1999879060010876e+01  3.1999945462411937e+01  4.7999999999999998e+00  5.9700330259565071e+00  5.0070098106266130e+00  7.3958479127869858e-01  nan  nan  nan  nan  nan  1.0002154807710300e+00
6.3999999999995801e+01  6.0600348625880569e+00  3.4432369331946940e-02  4.9772480064060405e+00  7.4096677507577091e-01  3.6968435475750141e+01  3.1999875995755307e+01  3.1999943982758200e+01  4.7999999999999998e+00  5.9884082055049435e+00  4.9913384955609574e+00  7.3952942717811510e-01  nan  nan  nan  nan  nan  1.0002162076744605e+00
6.4799999999996203e+01  6.0123525672829832e+00  3.4122496171202117e-02  4.9704776703696085e+00  7.4097560709043009e-01  3.6968788390329102e+01  3.1999873300396867e+01  3.1999942823027332e+01  4.7999999999999998e+00  5.9412686264636223e+00  4.9845126671216100e+00  7.3953798082917910e-01  nan  nan  nan  nan  nan  1.0002168907242897e+00
6.5599999999996697e+01  6.0769260711324327e+00  3.4474997390000262e-02  4.9542809427706880e+00  7.4109509449964361e-01  3.6969757444389479e+01  3.1999870356246930e+01  3.1999941471464226e+01  4.7999999999999998e+00  6.0050467669539618e+00  4.9681857082043468e+00  7.3965769502408418e-01  nan  nan  nan  nan  nan  1.0002175429077385e+00
6.6399999999997107e+01  6.0464263421895632e+00  3.4270589797838369e-02  4.9485332606273778e+00  7.4110142486999109e-01  3.6970370901218459e+01  3.1999867117455651e+01  3.1999939906208649e+01  4.7999999999999998e+00  5.9748848653943645e+00  4.9623915171506336e+00  7.3966357412230366e-01  nan  nan  nan  nan  nan  1.0002181993566901e+00
6.7199999999997502e+01  6.0417413528012993e+00  3.4216233929548201e-02  4.9381812472258639e+00  7.4116007814329643e-01  3.6971152931907930e+01  3.1999864778899202e+01  3.1999938804934743e+01  4.7999999999999998e+00  5.9702276293113066e+00  4.9519556891797798e+00  7.3972208359421454e-01  nan  nan  nan  nan  nan  1.0002188610012108e+00
6.7999999999997897e+01  6.0947520178472780e+00  3.4500270406768729e-02  4.9247406570398535e+00  7.4123940996820048e-01  3.6971992114286991e+01  3.1999861626297690e+01  3.1999937380262473e+01  4.7999999999999998e+00  6.0225797952807314e+00  4.9384053472152765e+00  7.3980129716316301e-01  nan  nan  nan  nan  nan  1.0002194802575979e+00
6.8799999999998306e+01  6.0383415985490201e+00  3.4137733613304432e-02  4.9243949213833504e+00  7.4115441430529028e-01  3.6972256407985824e+01  3.1999858736344052e+01  3.1999936046768632e+01  4.7999999999999998e+00  5.9668197858050345e+00  4.9380533775691182e+00  7.3971519747437520e-01  nan  nan  nan  nan  nan  1.0002200320647379e+00
6.9599999999998701e+01  6.0835677632008940e+00  3.4373339322053782e-02  4.9122574139150119e+00  7.4063200705589227e-01  3.6973201136018275e+01  3.1999856124384156e+01  3.1999934764843655e+01  4.7999999999999998e+00  6.0114775993744693e+00  4.9258172658499424e+00  7.3952051015507358e-01  nan  nan  nan  nan  nan  1.0002205456530626e+00
7.0399999999999096e+01  6.0916017578478421e+00  3.4394188934462909e-02  4.9046882216556762e+00  7.4038325329058596e-01  3.6973753933779022e+01  3.1999852838525605e+01  3.1999933208048486e+01  4.7999999999999998e+00  6.0193872250492113e+00  4.9181860503897337e+00  7.3894056053700907e-01  nan  nan  nan  nan  nan  1.0002210661502071e+00
7.1199999999999505e+01  6.0508138847054367e+00  3.4125950984340667e-02  4.9034247835699878e+00  7.4034293855785493e-01  3.6974010260325834e+01  3.1999850345014618e+01  3.1999931999331029e+01  4.7999999999999998e+00  5.9790591698628548e+00  4.9169112520008253e+00  7.3889933764103877e-01  nan  nan  nan  nan  nan  1.0002216091390563e+00
7.1999999999999901e+01  6.1178026900906950e+00  3.4490138517170033e-02  4.8918565748943346e+00  7.4045035697997907e-01  3.6974963521484483e+01  3.1999847473590314e+01  3.1999930714384444e+01  4.7999999999999998e+00  6.0452160761170681e+00  4.9052508276670350e+00  7.3900669810352870e-01  nan  nan  nan  nan  nan  1.0002221179721522e+00
7.2800000000000296e+01  6.0780708474543506e+00  3.4230489846101629e-02  4.8886014076717919e+00  7.4044045076150278e-01  3.6975231508811554e+01  3.1999844606714650e+01  3.1999929439511799e+01  4.7999999999999998e+00  6.0059275721988579e+00  4.9019691207306950e+00  7.3899612181316587e-01  nan  nan  nan  nan  nan  1.0002225359730983e+00
7.3600000000000705e+01  6.0842467358787466e+00  3.4238716817064710e-02  4.8823149616613684e+00  7.4051878786303127e-01  3.6975648088751477e+01  3.1999842510697487e+01  3.1999928539240830e+01  4.7999999999999998e+00  6.0119944400063057e+00  4.8956352648911325e+00  7.3907427032378581e-01  nan  nan  nan  nan  nan  1.0002229330402592e+00
7.4400000000001199e+01  6.1301811115879739e+00  3.4483603785435753e-02  4.8719544824291878e+00  7.4065744932262034e-01  3.6976453630050415e+01  3.1999839877244256e+01  3.1999927513050757e+01  4.7999999999999998e+00  6.0573416389737966e+00  4.8851953403633219e+00  7.3921308476961289e-01  nan  nan  nan  nan  nan  1.0002233947124166e+00
7.5200000000001594e+01  6.0717485302827310e+00  3.4117463041051344e-02  4.8706346913178624e+00  7.4066285079931449e-01  3.6976681418068829e+01  3.1999837541155131e+01  3.1999926639776035e+01  4.7999999999999998e+00  5.9995736025784137e+00  4.8838670433668003e+00  7.3921791077702681e-01  nan  nan  nan  nan  nan  1.0002238597436595e+00
7.6000000000002004e+01  6.1245430337262592e+00  3.4399318135633690e-02  4.8616151770683125e+00  7.4070227534212196e-01  3.6977068744461093e+01  3.1999835422260016e+01  3.1999925674219721e+01  4.7999999999999998e+00  6.0516987301869696e+00  4.8747802428188187e+00  7.3936724896715145e-01  nan  nan  nan  nan  nan  1.0002242407349908e+00
7.6800000000002399e+01  6.1219779745970362e+00  3.4360942415762451e-02  4.8559505730359200e+00  7.4047939233129056e-01  3.6977535728162167e+01  3.1999832670841542e+01  3.1999924294822318e+01  4.7999999999999998e+00  6.0491262333945137e+00  4.8690752156469159e+00  7.3919845254833427e-01  nan  nan  nan  nan  nan  1.0002245646360168e+00
7.7600000000002794e+01  6.0864441475408073e+00  3.4129335942134922e-02  4.8513627754858133e+00  7.4057579000113227e-01  3.6977817390557014e+01  3.1999830581195518e+01  3.1999923300750247e+01  4.7999999999999998e+00  6.0139786519417395e+00  4.8644559049825755e+00  7.3912975925937263e-01  nan  nan  nan  nan  nan  1.0002249115930750e+00
7.8400000000003203e+01  6.1527985727569705e+00  3.4494083290648112e-02  4.8397269941333141e+00  7.4080329505588405e-01  3.6978282166569301e+01  3.1999828282441079e+01  3.1999922046648351e+01  4.7999999999999998e+00  6.0794946769187757e+00  4.8527349358305365e+00  7.3935802671721695e-01  nan  nan  nan  nan  nan  1.0002253215624093e+00
7.9200000000003598e+01  6.1056017417217134e+00  3.4198487814296533e-02  4.8367945415298124e+00  7.4088776802790346e-01  3.6978475736201169e+01  3.1999825769012542e+01  3.1999920654289394e+01  4.7999999999999998e+00  6.0328246435017396e+00  4.8497851010686821e+00  7.3944248129532308e-01  nan  nan  nan  nan  nan  1.0002257450023992e+00
8.0000000000003993e+01  6.1204434310924078e+00  3.4259992716754138e-02  4.8301546367566894e+00  7.4102609287274779e-01  3.6978881349334777e+01  3.1999823777931596e+01  3.1999919608079875e+01  4.7999999999999998e+00  6.0474497577163886e+00  4.8430978662070681e+00  7.3958104488419063e-01  nan  nan  nan  nan  nan  1.0002261004817563e+00
8.0800000000004403e+01  6.1598031171993517e+00  3.4466960272737525e-02  4.8209629524226534e+00  7.4122142128462609e-01  3.6979197889354126e+01  3.1999820866289294e+01  3.1999918035641414e+01  4.7999999999999998e+00  6.0862952369593319e+00  4.8338405477445621e+00  7.3977701930920736e-01  nan  nan  nan  nan  nan  1.0002264114564114e+00
8.1600000000004798e+01  6.1006119698885763e+00  3.4100628437811767e-02  4.8185271051857246e+00  7.4130804452950971e-01  3.6979235993527347e+01  3.1999818138078954e+01  3.1999916632793582e+01  4.7999999999999998e+00  6.0277755597778802e+00  4.8313922048795419e+00  7.3986371252000693e-01  nan  nan  nan  nan  nan  1.0002267604797153e+00
8.2400000000005207e+01  6.1585290860640889e+00  3.4413835307573970e-02  4.8077331197667394e+00  7.4151446485443795e-01  3.6979688891939830e+01  3.1999815315183060e+01  3.1999915140719200e+01  4.7999999999999998e+00  6.0849556716325734e+00  4.8205188232996639e+00  7.4007079684652066e-01  nan  nan  nan  nan  nan  1.0002271392448066e+00
8.3200000000005701e+01  6.1481949061491896e+00  3.4332518665674321e-02  4.8035487636163055e+00  7.4162589765433284e-01  3.6979784221137074e+01  3.1999812058426397e+01  3.1999913686440653e+01  4.7999999999999998e+00  6.0747083120672887e+00  4.8163077656203850e+00  7.4018234601145050e-01  nan  nan  nan  nan  nan  1.0002274936065612e+00
8.4000000000006096e+01  6.1183799880343015e+00  3.4135426782754462e-02  4.8003448107530842e+00  7.4171687159255950e-01  3.6979949267381784e+01  3.1999809488329820e+01  3.1999912450901029e+01  4.7999999999999998e+00  6.0452160888099158e+00  4.8130841243678555e+00  7.4027335615456757e-01  nan  nan  nan  nan  nan  1.0002278302968788e+00
8.4800000000006506e+01  6.1844928758067423e+00  3.4494578836039236e-02  4.7893158608705964e+00  7.4164706482594234e-01  3.6980390850612899e+01  3.1999806394198338e+01  3.1999911200978154e+01  4.7999999999999998e+00  6.1104944225382019e+00  4.8019732716331971e+00  7.4031376843090779e-01  nan  nan  nan  nan  nan  1.0002281770022863e+00
8.5600000000006901e+01  6.1329067930877894e+00  3.4171519729408351e-02  4.7878887107146140e+00  7.4169005332250282e-01  3.6980293006611717e+01  3.1999803265555727e+01  3.1999909754213999e+01  4.7999999999999998e+00  6.0594959478496682e+00  4.8005396376493286e+00  7.4052222632695819e-01  nan  nan  nan  nan  nan  1.0002285279659655e+00
8.6400000000007296e+01  6.1551122831511362e+00  3.4271732139577758e-02  4.7839403489860519e+00  7.4159455055327916e-01  3.6980559460154730e+01  3.1999800774657952e+01  3.1999908873611677e+01  4.7999999999999998e+00  6.0814035859385367e+00  4.7965632762357897e+00  7.4031553730236788e-01  nan  nan  nan  nan  nan  1.0002288729956335e+00
8.7200000000007705e+01  6.1906189484322587e+00  3.4451138477650918e-02  4.7781510207289317e+00  7.4167570997648657e-01  3.6980821854245320e+01  3.1999797247586962e+01  3.1999907603818468e+01  4.7999999999999998e+00  6.1164515944355662e+00  4.7907302787089607e+00  7.4023080288054055e-01  nan  nan  nan  nan  nan  1.0002292133175505e+00
8.8000000000008100e+01  6.1326651254456772e+00  3.4089871677802398e-02  4.7797694834119007e+00  7.4166539671719345e-01  3.6980742029354595e+01  3.1999794203754540e+01  3.1999906616066561e+01  4.7999999999999998e+00  6.0591673650366733e+00  4.7923658444870796e+00  7.4021982470707837e-01  nan  nan  nan  nan  nan  1.0002295529784464e+00
8.8800000000008495e+01  6.1953103999759813e+00  3.4422426384171312e-02  4.7728389062729519e+00  7.4176711533242745e-01  3.6981020126853352e+01  3.1999791349362585e+01  3.1999905367632074e+01  4.7999999999999998e+00  6.1210267037456179e+00  4.7853826307914167e+00  7.4032144569235692e-01  nan  nan  nan  nan  nan  1.0002299038775821e+00
8.9600000000008905e+01  6.1806048261303594e+00  3.4308169835292480e-02  4.7737825825703570e+00  7.4173110418836996e-01  3.6981018032517035e+01  3.1999787688860959e+01  3.1999903724961793e+01  4.7999999999999998e+00  6.1064741303172108e+00  4.7863355388560196e+00  7.4028450345402586e-01  nan  nan  nan  nan  nan  1.0002302431333774e+00
9.0400000000009300e+01  6.1559351922540335e+00  3.4135475619569242e-02  4.7745113620188686e+00  7.4168745862970897e-01  3.6981042666555815e+01  3.1999785194618635e+01  3.1999902594750967e+01  4.7999999999999998e+00  6.0820786006260601e+00  4.7870705035478700e+00  7.4023988457363343e-01  nan  nan  nan  nan  nan  1.0002305274782104e+00
9.1200000000009794e+01  6.2229528954920852e+00  3.4491708618147252e-02  4.7694671314096793e+00  7.4174200751092645e-01  3.6981273287261430e+01  3.1999781775805133e+01  3.1999901132314267e+01  4.7999999999999998e+00  6.1482616400977230e+00  4.7819868932179155e+00  7.4029396396730462e-01  nan  nan  nan  nan  nan  1.0002308210058377e+00
9.2000000000010203e+01  6.1692304476910635e+00  3.4153301190270213e-02  4.7738170796852044e+00  7.4166072567692931e-01  3.6981085897092761e+01  3.1999778412618202e+01  3.1999899627047824e+01  4.7999999999999998e+00  6.0951653454062598e+00  4.7863736235946774e+00  7.4021146573999685e-01  nan  nan  nan  nan  nan  1.0002312069673560e+00
9.2800000000010598e+01  6.1964301970287634e+00  3.4278241462168894e-02  4.7715058099418837e+00  7.4168049501846312e-01  3.6981213303196199e+01  3.1999775686481062e+01  3.1999898022674092e+01  4.7999999999999998e+00  6.1220108952246397e+00  4.7840454268110602e+00  7.4023056554169664e-01  nan  nan  nan  nan  nan  1.0002315889179458e+00
9.3600000000010994e+01  6.2294801831045961e+00  3.4437231396320656e-02  4.7693299425192608e+00  7.4168438339670972e-01  3.6981351940108148e+01  3.1999772200451705e+01  3.1999896397728833e+01  4.7999999999999998e+00  6.1546372400209535e+00  4.7818526493912463e+00  7.4023366457964357e-01  nan  nan  nan  nan  nan  1.0002318578677956e+00
9.4400000000011403e+01  6.1721918319911886e+00  3.4078273202986196e-02  4.7743574739955195e+00  7.4160229403679345e-01  3.6981345206354050e+01  3.1999769219278640e+01  3.1999894718103388e+01  4.7999999999999998e+00  6.0980190431571408e+00  4.7869226255344017e+00  7.4015034042056294e-01  nan  nan  nan  nan  nan  1.0002321013913387e+00
9.5200000000011798e+01  6.2376441729247682e+00  3.4424546489862248e-02  4.7697386598069356e+00  7.4168574925506248e-01  3.6981555667798631e+01  3.1999766114859938e+01  3.1999893349631616e+01  4.7999999999999998e+00  6.1626521557289449e+00  4.7822697987427647e+00  7.4023348756358975e-01  nan  nan  nan  nan  nan  1.0002324248723402e+00
9.6000000000012193e+01  6.2195057990300020e+00  3.4292411081281692e-02  4.7711467320503997e+00  7.4166442005894617e-01  3.6981628359770767e+01  3.1999762547432699e+01  3.1999891432689875e+01  4.7999999999999998e+00  6.1447076221823487e+00  4.7836917490749613e+00  7.4021126508394375e-01  nan  nan  nan  nan  nan  1.0002327857144810e+00
9.6800000000012602e+01  6.1967174076774709e+00  3.4132310587766154e-02  4.7726730550254066e+00  7.4165516070697290e-01  3.6981753390118548e+01  3.1999760028392345e+01  3.1999889733412857e+01  4.7999999999999998e+00  6.1221678825760026e+00  4.7852341663950444e+00  7.4020121081795998e-01  nan  nan  nan  nan  nan  1.0002330889723150e+00
9.7600000000012997e+01  6.2635140447550084e+00  3.4485913862988118e-02  4.7684811161736649e+00  7.4175787987541575e-01  3.6981787868494024e+01  3.1999756634155382e+01  3.1999888226402312e+01  4.7999999999999998e+00  6.1881253443789817e+00  4.7810140684717339e+00  7.4030376332580716e-01  nan  nan  nan  nan  nan  1.0002333060142339e+00
9.8400000000013407e+01  6.2071799948890511e+00  3.4137874822603831e-02  4.7708953846433042e+00  7.4174485072302410e-01  3.6981689749180958e+01  3.1999753452563727e+01  3.1999886495848024e+01  4.7999999999999998e+00  6.1324447243655076e+00  4.7834520591989804e+00  7.4029000451755977e-01  nan  nan  nan  nan  nan  1.0002335339298967e+00
9.9200000000013802e+01  6.2359388245851344e+00  3.4276560145162220e-02  4.7662688443058752e+00  7.4186198847799811e-01  3.6981778390785109e+01  3.1999750359014023e+01  3.1999885008004217e+01  4.7999999999999998e+00  6.1608212764638717e+00  4.7787940370937898e+00  7.4040717000953205e-01  nan  nan  nan  nan  nan  1.0002338816265488e+00
1.0000000000001400e+02  6.2670146207908317e+00  3.4429022778240032e-02  4.7631564076124997e+00  7.4197501239269781e-01  3.6981766263852954e+01  3.1999746730294429e+01  3.1999883413299301e+01  4.7999999999999998e+00  6.1914858684382823e+00  4.7756643665202008e+00  7.4052018495284988e-01  nan  nan  nan  nan  nan  1.0002342581856487e+00
1.0080000000001500e+02  6.2084393257344370e+00  3.4068545969354838e-02  4.7657176415282398e+00  7.4197596921395703e-01  3.6981726833322170e+01  3.1999743976055395e+01  3.1999881963194543e+01  4.7999999999999998e+00  6.1335894407840446e+00  4.7782521910777191e+00  7.4052049683125942e-01  nan  nan  nan  nan  nan  1.0002345208322281e+00
1.0160000000001500e+02  6.2747005808070302e+00  3.4420156914145253e-02  4.7579444902539993e+00  7.4213910769070324e-01  3.6982024546715017e+01  3.1999740525174794e+01  3.1999880421525827e+01  4.7999999999999998e+00  6.1990101702105580e+00  4.7704223537051424e+00  7.4068392090713242e-01  nan  nan  nan  nan  nan  1.0002347486586509e+00
1.0240000000001500e+02  6.2545266668915955e+00  3.4281919952388704e-02  4.7573071619289244e+00  7.4222002356990546e-01  3.6982034444492342e+01  3.1999736562272634e+01  3.1999878753304387e+01  4.7999999999999998e+00  6.1790455149158658e+00  4.7697880598693905e+00  7.4076471306815483e-01  nan  nan  nan  nan  nan  1.0002350628926600e+00
1.0320000000001600e+02  6.2310122228403459e+00  3.4123965943956558e-02  4.7565828148466984e+00  7.4230457508700953e-01  3.6982076276518406e+01  3.1999733660825157e+01  3.1999877137328415e+01  4.7999999999999998e+00  6.1557804502670166e+00  4.7690661676343566e+00  7.4084917828415808e-01  nan  nan  nan  nan  nan  1.0002353950412628e+00
1.0400000000001600e+02  6.2980696613562435e+00  3.4481358812175192e-02  4.7479645523763097e+00  7.4249472527890525e-01  3.6982328077332490e+01  3.1999730031545020e+01  3.1999875332980416e+01  4.7999999999999998e+00  6.2219830930583058e+00  4.7603856905114066e+00  7.4103985883813195e-01  nan  nan  nan  nan  nan  1.0002356685165084e+00
1.0480000000001699e+02  6.2403626540266064e+00  3.4129289735807852e-02  4.7489921065176706e+00  7.4252994960977881e-01  3.6982314721322346e+01  3.1999726285172272e+01  3.1999873778407768e+01  4.7999999999999998e+00  6.1649419818665798e+00  4.7614285776212055e+00  7.4107473651700939e-01  nan  nan  nan  nan  nan  1.0002359405667367e+00
1.0560000000001700e+02  6.2690991232093527e+00  3.4266718818889950e-02  4.7455049825379518e+00  7.4265486008748660e-01  3.6982312679358181e+01  3.1999723227423083e+01  3.1999872350214854e+01  4.7999999999999998e+00  6.1932918630747462e+00  4.7579214259175373e+00  7.4119975925430714e-01  nan  nan  nan  nan  nan  1.0002362531983160e+00
1.0640000000001800e+02  6.3009279024736777e+00  3.4423903748567415e-02  4.7392880597861149e+00  7.4280571645398064e-01  3.6982397188581849e+01  3.1999719283009092e+01  3.1999870453791591e+01  4.7999999999999998e+00  6.2246930575386239e+00  4.7516616818497326e+00  7.4135096254196797e-01  nan  nan  nan  nan  nan  1.0002365714063437e+00
1.0720000000001799e+02  6.2407776053276853e+00  3.4058263786399146e-02  4.7399986261840148e+00  7.4283470567818943e-01  3.6982200035844777e+01  3.1999715894096944e+01  3.1999868960392334e+01  4.7999999999999998e+00  6.1652380960028887e+00  4.7523846496251796e+00  7.4137956090488877e-01  nan  nan  nan  nan  nan  1.0002368636141890e+00
1.0800000000001801e+02  6.3079766168445328e+00  3.4411172222055995e-02  4.7353601291505649e+00  7.4295346427793452e-01  3.6982111105811939e+01  3.1999712428374011e+01  3.1999867496310056e+01  4.7999999999999998e+00  6.2315818686503484e+00  4.7477155582551855e+00  7.4149825068538411e-01  nan  nan  nan  nan  nan  1.0002371470973805e+00
1.0880000000001900e+02  6.2893082541583345e+00  3.4279373990453554e-02  4.7358441123401089e+00  7.4299022569943562e-01  3.6981952995290129e+01  3.1999708079359205e+01  3.1999865623945350e+01  4.7999999999999998e+00  6.2131049691155527e+00  4.7482107264226618e+00  7.4153454805463981e-01  nan  nan  nan  nan  nan  1.0002374757675954e+00
1.0960000000001899e+02  6.2639814172924675e+00  3.4109195172629878e-02  4.7365744446026046e+00  7.4302495798721280e-01  3.6981861927238278e+01  3.1999704800352696e+01  3.1999864259827792e+01  4.7999999999999998e+00  6.1880513172306619e+00  4.7489538371218760e+00  7.4156881563529609e-01  nan  nan  nan  nan  nan  1.0002378084480947e+00
1.1040000000002000e+02  6.3335536120727189e+00  3.4474459715707263e-02  4.7312263638750718e+00  7.4313606267289978e-01  3.6981967477015523e+01  3.1999701179384481e+01  3.1999862510852797e+01  4.7999999999999998e+00  6.2567389011993395e+00  4.7435680441410701e+00  7.4167985869001862e-01  nan  nan  nan  nan  nan  1.0002380452034416e+00
1.1120000000002000e+02  6.2766794517992892e+00  3.4125266140467625e-02  4.7359864218480690e+00  7.4308549455143613e-01  3.6981865469329385e+01  3.1999697469709968e+01  3.1999860605198666e+01  4.7999999999999998e+00  6.2005282446704513e+00  4.7483724090663690e+00  7.4162831915307192e-01  nan  nan  nan  nan  nan  1.0002382510045855e+00
1.1200000000001999e+02  6.3040811251905824e+00  3.4249597437921567e-02  4.7355719808754850e+00  7.4309983506039046e-01  3.6982096050759587e+01  3.1999694205310558e+01  3.1999859108406611e+01  4.7999999999999998e+00  6.2275656056579454e+00  4.7479583172517215e+00  7.4164195349431672e-01  nan  nan  nan  nan  nan  1.0002385198901280e+00
1.1280000000002100e+02  6.3403383376958935e+00  3.4423906923705186e-02  4.7329218065082470e+00  7.4312120197347487e-01  3.6982322759320780e+01  3.1999690128898656e+01  3.1999857089356485e+01  4.7999999999999998e+00  6.2633495895919395e+00  4.7452887542997821e+00  7.4166267778580219e-01  nan  nan  nan  nan  nan  1.0002388023509241e+00
1.1360000000002100e+02  6.2787873099024578e+00  3.4047719950928097e-02  4.7371364950744530e+00  7.4305129852285756e-01  3.6982372324230667e+01  3.1999686786221957e+01  3.1999855422467199e+01  4.7999999999999998e+00  6.2025214517555298e+00  4.7495412851720564e+00  7.4159164471589256e-01  nan  nan  nan  nan  nan  1.0002390547556450e+00
1.1440000000002200e+02  6.3458762713637951e+00  3.4394989891609301e-02  4.7332569896802354e+00  7.4289102809775198e-01  3.6982665024325179e+01  3.1999683307124368e+01  3.1999853920791448e+01  4.7999999999999998e+00  6.2687587268421812e+00  4.7456337450324808e+00  7.4154128926804030e-01  nan  nan  nan  nan  nan  1.0002392753408997e+00
1.1520000000002200e+02  6.3313707238163968e+00  3.4283758500082230e-02  4.7333785144583231e+00  7.4263067919579251e-01  3.6982810978566768e+01  3.1999678828162310e+01  3.1999852037196565e+01  4.7999999999999998e+00  6.2544015771363002e+00  4.7457572254730795e+00  7.4139037504300331e-01  nan  nan  nan  nan  nan  1.0002394775947310e+00
1.1600000000002200e+02  6.3021322330614398e+00  3.4090233067873794e-02  4.7341625504659168e+00  7.4259774801828893e-01  3.6982876769718956e+01  3.1999675129544983e+01  3.1999850482904453e+01  4.7999999999999998e+00  6.2254911491921030e+00  4.7465495033167846e+00  7.4130097301554365e-01  nan  nan  nan  nan  nan  1.0002397327427972e+00
1.1680000000002300e+02  6.3746678409063620e+00  3.4467300202338770e-02  4.7295100381072652e+00  7.4266932285854759e-01  3.6983057153437400e+01  3.1999670917806053e+01  3.1999848721285499e+01  4.7999999999999998e+00  6.2971073617088740e+00  4.7418622200752738e+00  7.4120541510542826e-01  nan  nan  nan  nan  nan  1.0002400248724292e+00
1.1760000000002300e+02  6.3193246749061842e+00  3.4127364862383464e-02  4.7325796320149447e+00  7.4260095785630653e-01  3.6982966923869071e+01  3.1999666464500049e+01  3.1999846802279048e+01  4.7999999999999998e+00  6.2424128547472613e+00  4.7449587872434114e+00  7.4124714986790408e-01  nan  nan  nan  nan  nan  1.0002402266565489e+00
1.1840000000002399e+02  6.3417553121123449e+00  3.4223500713753775e-02  4.7309395132814434e+00  7.4262841284193204e-01  3.6982872217004854e+01  3.1999662524133704e+01  3.1999845055543961e+01  4.7999999999999998e+00  6.2645370113038323e+00  4.7433084416768585e+00  7.4138521440560678e-01  nan  nan  nan  nan  nan  1.0002403702947886e+00
1.1920000000002400e+02  6.3833841064710617e+00  3.4427344819563478e-02  4.7295694332886509e+00  7.4278217394156065e-01  3.6982770798059825e+01  3.1999657627119316e+01  3.1999842846795417e+01  4.7999999999999998e+00  6.3056231512899688e+00  4.7419321636670970e+00  7.4142756128999876e-01  nan  nan  nan  nan  nan  1.0002405768791618e+00
1.2000000000002400e+02  6.3191156520389420e+00  3.4039430989441545e-02  4.7354988956164590e+00  7.4305460951040725e-01  3.6982391761182583e+01  3.1999653743291621e+01  3.1999840911882568e+01  4.7999999999999998e+00  6.2421115903609197e+00  4.7479157585012315e+00  7.4158877613599761e-01  nan  nan  nan  nan  nan  1.0002408005304371e+00
1.2080000000002499e+02  6.3838197673236374e+00  3.4372600331587011e-02  4.7328657120014341e+00  7.4315011505926820e-01  3.6982370552175489e+01  3.1999649927244789e+01  3.1999838882705284e+01  4.7999999999999998e+00  6.3059868333589657e+00  4.7452679471449448e+00  7.4168404816648714e-01  nan  nan  nan  nan  nan  1.0002409832573744e+00
1.2160000000002501e+02  6.3750089782772372e+00  3.4295191528865725e-02  4.7356823470327454e+00  7.4316283502450842e-01  3.6982229012010201e+01  3.1999645055606258e+01  3.1999836568238813e+01  4.7999999999999998e+00  6.2972502860840400e+00  4.7481152052671041e+00  7.4169610365294003e-01  nan  nan  nan  nan  nan  1.0002411710325370e+00
1.2240000000002600e+02  6.3389850357726001e+00  3.4066006430826079e-02  4.7413067873702266e+00  7.4314825991972222e-01  3.6981960487191543e+01  3.1999641683419274e+01  3.1999834890243058e+01  4.7999999999999998e+00  6.2616353628084340e+00  4.7537942857438402e+00  7.4168069805794756e-01  nan  nan  nan  nan  nan  1.0002413724576611e+00
1.2320000000002599e+02  6.4139320676452565e+00  3.4456572965394686e-02  4.7382726387151664e+00  7.4327066402468667e-01  3.6982116623040184e+01  3.1999637690599602e+01  3.1999832856118903e+01  4.7999999999999998e+00  6.3356240939115436e+00  4.7507441778643162e+00  7.4180306802370288e-01  nan  nan  nan  nan  nan  1.0002415634368242e+00
1.2400000000002700e+02  6.3612157645961878e+00  3.4137267805863881e-02  4.7424695601443982e+00  7.4327917547602296e-01  3.6982016659439452e+01  3.1999633401127781e+01  3.1999830731498577e+01  4.7999999999999998e+00  6.2835181205372681e+00  4.7549846970718246e+00  7.4181098567916337e-01  nan  nan  nan  nan  nan  1.0002417511902142e+00
1.2480000000002700e+02  6.3753920467845795e+00  3.4190435963806810e-02  4.7418219419730825e+00  7.4337581308514866e-01  3.6982172132522940e+01  3.1999630172179362e+01  3.1999829177622164e+01  4.7999999999999998e+00  6.2974799491893307e+00  4.7543417131220806e+00  7.4190752705306273e-01  nan  nan  nan  nan  nan  1.0002419317284299e+00
1.2560000000002699e+02  6.4236834243268568e+00  3.4433280749497266e-02  4.7379126798853282e+00  7.4351082418684777e-01  3.6982368987268195e+01  3.1999625922963840e+01  3.1999827068105812e+01  4.7999999999999998e+00  6.3451353703552211e+00  4.7504099388388221e+00  7.4204269538692302e-01  nan  nan  nan  nan  nan  1.0002420895062629e+00
1.2640000000002800e+02  6.3563602515120197e+00  3.4033955398212537e-02  4.7401815997989054e+00  7.4352166427023236e-01  3.6982353550861589e+01  3.1999622287688204e+01  3.1999825380694556e+01  4.7999999999999998e+00  6.2786013434929036e+00  4.7527049382588267e+00  7.4205302298335718e-01  nan  nan  nan  nan  nan  1.0002422445620898e+00
1.2720000000002800e+02  6.4162438808959674e+00  3.4341403274452412e-02  4.7331313946362554e+00  7.4339642376683768e-01  3.6982712296311540e+01  3.1999618957831380e+01  3.1999823887526702e+01  4.7999999999999998e+00  6.3377049472025302e+00  4.7456037120480818e+00  7.4203856530720791e-01  nan  nan  nan  nan  nan  1.0002424229064659e+00
1.2800000000002899e+02  6.4156364656942220e+00  3.4313789226161823e-02  4.7289164161748856e+00  7.4333449173332333e-01  3.6982845524931058e+01  3.1999614540728082e+01  3.1999821829498515e+01  4.7999999999999998e+00  6.3370615229346683e+00  4.7413614031963718e+00  7.4208769496836202e-01  nan  nan  nan  nan  nan  1.0002426049323119e+00
1.2880000000002801e+02  6.3707554605059693e+00  3.4040451218136716e-02  4.7268217038987252e+00  7.4338797675152590e-01  3.6982931497353206e+01  3.1999611403990997e+01  3.1999820333248106e+01  4.7999999999999998e+00  6.2926917883444773e+00  4.7392552585476171e+00  7.4202950783100508e-01  nan  nan  nan  nan  nan  1.0002427653065000e+00
1.2960000000002699e+02  6.4476109233943255e+00  3.4440570418610844e-02  4.7162663322702816e+00  7.4355006506765220e-01  3.6983391401816917e+01  3.1999607611001483e+01  3.1999818490830545e+01  4.7999999999999998e+00  6.3685560202835836e+00  4.7286167949110602e+00  7.4208039877145171e-01  nan  nan  nan  nan  nan  1.0002429157760226e+00
1.3040000000002601e+02  6.4005358490644557e+00  3.4154596050687040e-02  4.7143317589311584e+00  7.4358121104673125e-01  3.6983515871463688e+01  3.1999603352979442e+01  3.1999816466926266e+01  4.7999999999999998e+00  6.3220210298133868e+00  4.7266706483673353e+00  7.4211118955528643e-01  nan  nan  nan  nan  nan  1.0002430677143022e+00
1.3120000000002599e+02  6.4041585689938234e+00  3.4149333131728007e-02  4.7094846939069122e+00  7.4366614553681187e-01  3.6983667945952696e+01  3.1999600113585476e+01  3.1999814914227116e+01  4.7999999999999998e+00  6.3255576691887567e+00  4.7217880854185461e+00  7.4219602858897371e-01  nan  nan  nan  nan  nan  1.0002432163722295e+00
1.3200000000002501e+02  6.4614740900696503e+00  3.4439527839647835e-02  4.7021731649113487e+00  7.4378219411318203e-01  3.6984035582822877e+01  3.1999595377627983e+01  3.1999812746018339e+01  4.7999999999999998e+00  6.3821242602010706e+00  4.7144201529213214e+00  7.4231210165257910e-01  nan  nan  nan  nan  nan  1.0002433633762036e+00
1.3280000000002400e+02  6.3932668621495754e+00  3.4035565421071966e-02  4.7040407764256056e+00  7.4374581110645976e-01  3.6984136323294564e+01  3.1999591275809504e+01  3.1999810860625434e+01  4.7999999999999998e+00  6.3147236360760992e+00  4.7163066777343907e+00  7.4227485602710652e-01  nan  nan  nan  nan  nan  1.0002435096310556e+00
1.3360000000002299e+02  6.4466148053432111e+00  3.4300761011686366e-02  4.7007383952405410e+00  7.4380349080095132e-01  3.6984361846739496e+01  3.1999587312726636e+01  3.1999809068778593e+01  4.7999999999999998e+00  6.3673764699238484e+00  4.7129808135502129e+00  7.4233208456878053e-01  nan  nan  nan  nan  nan  1.0002436575490397e+00
1.3440000000002300e+02  6.4587491355181603e+00  3.4337536451127200e-02  4.7013893870729540e+00  7.4352675452296169e-01  3.6984493667626680e+01  3.1999581995383814e+01  3.1999806664903598e+01  4.7999999999999998e+00  6.3793272426517023e+00  4.7136417713350500e+00  7.4233299016679544e-01  nan  nan  nan  nan  nan  1.0002438168138734e+00
1.3520000000002199e+02  6.4055353674733091e+00  3.4015497020385949e-02  4.7055891358509987e+00  7.4347341473191053e-01  3.6984469538017152e+01  3.1999577789275886e+01  3.1999804886221110e+01  4.7999999999999998e+00  6.3267396096399056e+00  4.7178805644460065e+00  7.4227867996907415e-01  nan  nan  nan  nan  nan  1.0002439754184984e+00
1.3600000000002100e+02  6.4839375694444819e+00  3.4416929741895100e-02  4.7034309747470155e+00  7.4336635626221792e-01  3.6984656813209966e+01  3.1999573066491411e+01  3.1999802777932334e+01  4.7999999999999998e+00  6.4041379779373333e+00  4.7157097516486957e+00  7.4205882745073504e-01  nan  nan  nan  nan  nan  1.0002441181299155e+00
1.3680000000002099e+02  6.4469342324866439e+00  3.4182230491735126e-02  4.7096525354495107e+00  7.4334367833582637e-01  3.6984523507264612e+01  3.1999567718484240e+01  3.1999800350388849e+01  4.7999999999999998e+00  6.3675632069531973e+00  4.7219882886188307e+00  7.4225865859354689e-01  nan  nan  nan  nan  nan  1.0002442706206778e+00
1.3760000000002000e+02  6.4380603714058626e+00  3.4102877690217304e-02  4.7132402512822171e+00  7.4341880174402986e-01  3.6984496996221793e+01  3.1999563503667179e+01  3.1999798488755960e+01  4.7999999999999998e+00  6.3587683261130836e+00  4.7256108033254449e+00  7.4222136623327883e-01  nan  nan  nan  nan  nan  1.0002444360040574e+00
1.3840000000001899e+02  6.5054931295828125e+00  3.4441849359140686e-02  4.7123265771304697e+00  7.4328921737168019e-01  3.6984648422169656e+01  3.1999558239371034e+01  3.1999796072120599e+01  4.7999999999999998e+00  6.4253329496158518e+00  4.7246950201341624e+00  7.4197880733831445e-01  nan  nan  nan  nan  nan  1.0002445609126756e+00
1.3920000000001801e+02  6.4387820035861250e+00  3.4046008882655868e-02  4.7190966423200358e+00  7.4353409821188043e-01  3.6984389104891335e+01  3.1999553267308890e+01  3.1999793749313930e+01  4.7999999999999998e+00  6.3594185728201396e+00  4.7315264476451429e+00  7.4216765950828378e-01  nan  nan  nan  nan  nan  1.0002446616810090e+00
1.4000000000001799e+02  6.4812826157812626e+00  3.4249679438507701e-02  4.7183340699115144e+00  7.4368193889822798e-01  3.6984364471415724e+01  3.1999549055543106e+01  3.1999791736167420e+01  4.7999999999999998e+00  6.4013582128266950e+00  4.7307630830975240e+00  7.4220347147901078e-01  nan  nan  nan  nan  nan  1.0002448208535546e+00
1.4080000000001701e+02  6.5078226974352855e+00  3.4364765807831578e-02  4.7176711027971212e+00  7.4369977999374026e-01  3.6984319540103968e+01  3.1999543551873682e+01  3.1999789188136095e+01  4.7999999999999998e+00  6.4275347709322883e+00  4.7300994400142669e+00  7.4222065190332132e-01  nan  nan  nan  nan  nan  1.0002450153859159e+00
1.4160000000001600e+02  6.4455113981472820e+00  3.3995476900867128e-02  4.7210067927950128e+00  7.4365228324696309e-01  3.6983989527051520e+01  3.1999539146172669e+01  3.1999787097229127e+01  4.7999999999999998e+00  6.3659627495044466e+00  4.7334673980515252e+00  7.4217220040273113e-01  nan  nan  nan  nan  nan  1.0002451559318291e+00
1.4240000000001501e+02  6.5211512287742686e+00  3.4381211123217757e-02  4.7151929417985485e+00  7.4375895832510508e-01  3.6984038589350497e+01  3.1999534657826125e+01  3.1999784924974549e+01  4.7999999999999998e+00  6.4406249344826962e+00  4.7276103050023393e+00  7.4227878537327741e-01  nan  nan  nan  nan  nan  1.0002452564520077e+00
1.4320000000001500e+02  6.4965191794699093e+00  3.4218623366099196e-02  4.7150572975189089e+00  7.4375936467488180e-01  3.6983932320964740e+01  3.1999529421929086e+01  3.1999782356188746e+01  4.7999999999999998e+00  6.4162628094973879e+00  4.7274776750867504e+00  7.4227854167271512e-01  nan  nan  nan  nan  nan  1.0002453709270656e+00
1.4400000000001401e+02  6.4712768510011811e+00  3.4053967034706013e-02  4.7135423747544678e+00  7.4377414690569044e-01  3.6983779604053211e+01  3.1999525560309852e+01  3.1999780388563945e+01  4.7999999999999998e+00  6.3912970763087387e+00  4.7259533842899764e+00  7.4229277595749299e-01  nan  nan  nan  nan  nan  1.0002455245495681e+00
1.4480000000001300e+02  6.5464960256671754e+00  3.4436850740654210e-02  4.7052283709266618e+00  7.4389913543210895e-01  3.6983942955032035e+01  3.1999520748112339e+01  3.1999778005409347e+01  4.7999999999999998e+00  6.4655400804323806e+00  4.7175737272060623e+00  7.4241784610070372e-01  nan  nan  nan  nan  nan  1.0002456937830884e+00
1.4560000000001301e+02  6.4838678456349212e+00  3.4069426664421802e-02  4.7050779878225537e+00  7.4389764706525041e-01  3.6983837795683485e+01  3.1999515994629949e+01  3.1999775617185133e+01  4.7999999999999998e+00  6.4036521495760708e+00  4.7174260718812233e+00  7.4241578151872367e-01  nan  nan  nan  nan  nan  1.0002458067385678e+00
1.4640000000001200e+02  6.5103294172505066e+00  3.4188413723918620e-02  4.6984311371531380e+00  7.4400178112107129e-01  3.6984005759195902e+01  3.1999512134753260e+01  3.1999773695722361e+01  4.7999999999999998e+00  6.4297423230705313e+00  4.7107272459162761e+00  7.4251992154739899e-01  nan  nan  nan  nan  nan  1.0002458732045567e+00
1.4720000000001099e+02  6.5524266105950932e+00  3.4391069490099367e-02  4.6907530426886384e+00  7.4411728938558097e-01  3.6984214250046733e+01  3.1999506642036259e+01  3.1999771073515070e+01  4.7999999999999998e+00  6.4712723860528971e+00  4.7029885064611543e+00  7.4263551464823796e-01  nan  nan  nan  nan  nan  1.0002460004554949e+00
1.4800000000001000e+02  6.4826567512048312e+00  3.3986279314398862e-02  4.6898754912055320e+00  7.4412093648770061e-01  3.6984082300758054e+01  3.1999502105687068e+01  3.1999768886782388e+01  4.7999999999999998e+00  6.4023314952616222e+00  4.7021069743358979e+00  7.4263863426479315e-01  nan  nan  nan  nan  nan  1.0002461880527751e+00
1.4880000000000999e+02  6.5510390839587656e+00  3.4332109757491777e-02  4.6811918339741787e+00  7.4397886676002989e-01  3.6984467828569542e+01  3.1999497647523860e+01  3.1999766792611151e+01  4.7999999999999998e+00  6.4698182735602341e+00  4.6933540572352586e+00  7.4277606920781725e-01  nan  nan  nan  nan  nan  1.0002463321392274e+00
1.4960000000000900e+02  6.5431208195909374e+00  3.4263184795885443e-02  4.6766986523871132e+00  7.4388132679289187e-01  3.6984655218966900e+01  3.1999492044735856e+01  3.1999764123358347e+01  4.7999999999999998e+00  6.4619561399573930e+00  4.6888270858464063e+00  7.4256575241837908e-01  nan  nan  nan  nan  nan  1.0002464204654500e+00
1.5040000000000799e+02  6.5005732622565198e+00  3.4007441199873333e-02  4.6741770097348576e+00  7.4392232504124711e-01  3.6984710926688933e+01  3.1999487638455186e+01  3.1999761980544545e+01  4.7999999999999998e+00  6.4198976739154343e+00  4.6862880985255160e+00  7.4249430696893048e-01  nan  nan  nan  nan  nan  1.0002465177129076e+00
1.5120000000000701e+02  6.5813067825548215e+00  3.4418593454276739e-02  4.6654184059407857e+00  7.4406778113796113e-01  3.6985150432788345e+01  3.1999482551098826e+01  3.1999759536841026e+01  4.7999999999999998e+00  6.4995797258664698e+00  4.6774599130667349e+00  7.4258389475173714e-01  nan  nan  nan  nan  nan  1.0002466509499131e+00
1.5200000000000699e+02  6.5287636320837672e+00  3.4107505342937397e-02  4.6655121935105663e+00  7.4407225392607879e-01  3.6985284443091793e+01  3.1999477144769877e+01  3.1999756863236016e+01  4.7999999999999998e+00  6.4476531505200718e+00  4.6775588434421858e+00  7.4258782379702348e-01  nan  nan  nan  nan  nan  1.0002467992717201e+00
1.5280000000000601e+02  6.5357689068723230e+00  3.4119722733045123e-02  4.6621809740102513e+00  7.4413850729803188e-01  3.6985494223253660e+01  3.1999472999657009e+01  3.1999754820463451e+01  4.7999999999999998e+00  6.4545298076663915e+00  4.6742039520063274e+00  7.4265384214380514e-01  nan  nan  nan  nan  nan  1.0002469239368317e+00
1.5360000000000500e+02  6.5947071414521172e+00  3.4410943002786590e-02  4.6562685176025651e+00  7.4424887870765599e-01  3.6985837584773165e+01  3.1999467374700110e+01  3.1999752108625994e+01  4.7999999999999998e+00  6.5126884514263255e+00  4.6682467614727781e+00  7.4276422599840963e-01  nan  nan  nan  nan  nan  1.0002470217526975e+00
1.5440000000000501e+02  6.5223867523975798e+00  3.3992838776050950e-02  4.6590366714415969e+00  7.4421565027534498e-01  3.6985795956242448e+01  3.1999462520445430e+01  3.1999749681912274e+01  4.7999999999999998e+00  6.4412344066878591e+00  4.6710433184765101e+00  7.4273018478371089e-01  nan  nan  nan  nan  nan  1.0002471311681072e+00
1.5520000000000400e+02  6.5783595725094735e+00  3.4266817494182422e-02  4.6554659100139846e+00  7.4428082167753584e-01  3.6986017015990633e+01  3.1999458428293408e+01  3.1999747646896136e+01  4.7999999999999998e+00  6.4964679973072537e+00  4.6674465262333360e+00  7.4279498183856674e-01  nan  nan  nan  nan  nan  1.0002472551927921e+00
1.5600000000000301e+02  6.5920702008132226e+00  3.4311270287749523e-02  4.6548403955883328e+00  7.4429915065505536e-01  3.6986145927738335e+01  3.1999452618973123e+01  3.1999744717496796e+01  4.7999999999999998e+00  6.5099693112029930e+00  4.6668202766512268e+00  7.4281271559389539e-01  nan  nan  nan  nan  nan  1.0002473673136352e+00
1.5680000000000200e+02  6.5340534934651000e+00  3.3970902478408442e-02  4.6579554061137607e+00  7.4426199864693166e-01  3.6986055619131555e+01  3.1999448121941505e+01  3.1999742430815697e+01  4.7999999999999998e+00  6.4526426661495950e+00  4.6699663860879914e+00  7.4277469707347465e-01  nan  nan  nan  nan  nan  1.0002474758730451e+00
1.5760000000000201e+02  6.6159604572118118e+00  3.4382418190755423e-02  4.6537708789939920e+00  7.4433554074034192e-01  3.6986209834127322e+01  3.1999443373270619e+01  3.1999740116947549e+01  4.7999999999999998e+00  6.5334850188191025e+00  4.6657505160742234e+00  7.4284789843649612e-01  nan  nan  nan  nan  nan  1.0002475936771802e+00
1.5840000000000100e+02  6.5803596212161404e+00  3.4159998045302224e-02  4.6572785927074669e+00  7.4427551339525799e-01  3.6986052145565338e+01  3.1999437605427111e+01  3.1999737261750280e+01  4.7999999999999998e+00  6.4982961492269329e+00  4.6692917588921672e+00  7.4278677114427338e-01  nan  nan  nan  nan  nan  1.0002477083937933e+00
1.5919999999999999e+02  6.5650741758640363e+00  3.4048372831037656e-02  4.6599739929360924e+00  7.4423913259047736e-01  3.6986007669038308e+01  3.1999433374152318e+01  3.1999735164565454e+01  4.7999999999999998e+00  6.4831675883155437e+00  4.6720141294360529e+00  7.4274937852156553e-01  nan  nan  nan  nan  nan  1.0002478177054017e+00
1.5999999999999901e+02  6.6395155297429271e+00  3.4416943731996136e-02  4.6576671423115679e+00  7.4427776409193813e-01  3.6986099507345727e+01  3.1999427739837866e+01  3.1999732485728490e+01  4.7999999999999998e+00  6.5566383908210764e+00  4.6696916895883964e+00  7.4278738854585524e-01  nan  nan  nan  nan  nan  1.0002479279922720e+00
1.6079999999999899e+02  6.5713130467650611e+00  3.4020643199177331e-02  4.6629696437509702e+00  7.4418593271537370e-01  3.6985854779818943e+01  3.1999422322931768e+01  3.1999729910345838e+01  4.7999999999999998e+00  6.4892583194723832e+00  4.6750427270967254e+00  7.4269426275067285e-01  nan  nan  nan  nan  nan  1.0002480349483018e+00
1.6159999999999800e+02  6.6079024295754882e+00  3.4187176629985210e-02  4.6630395824615718e+00  7.4419816853917875e-01  3.6985962619711827e+01  3.1999417922500761e+01  3.1999727824234014e+01  4.7999999999999998e+00  6.5253520849143118e+00  4.6751176597134538e+00  7.4270573512295024e-01  nan  nan  nan  nan  nan  1.0002481365145828e+00
1.6239999999999699e+02  6.6453612635504449e+00  3.4356073788389604e-02  4.6631611280634031e+00  7.4420144229096830e-01  3.6985992558579618e+01  3.1999411545478722e+01  3.1999724920579190e+01  4.7999999999999998e+00  6.5623044153026573e+00  4.6752446255874673e+00  7.4270821799558795e-01  nan  nan  nan  nan  nan  1.0002482409695892e+00
1.6319999999999700e+02  6.5753853752455660e+00  3.3952167869608800e-02  4.6681961574732096e+00  7.4412161967119261e-01  3.6985820078362018e+01  3.1999406476222049e+01  3.1999722585433123e+01  4.7999999999999998e+00  6.4931734763944489e+00  4.6803263912904782e+00  7.4262720692179407e-01  nan  nan  nan  nan  nan  1.0002483581183985e+00
1.6399999999999599e+02  6.6503347822616350e+00  3.4323742769211164e-02  4.6659048145349935e+00  7.4418323965200395e-01  3.6986062057431468e+01  3.1999401681162563e+01  3.1999720269857843e+01  4.7999999999999998e+00  6.5671424080292340e+00  4.6780207603317399e+00  7.4268837420489131e-01  nan  nan  nan  nan  nan  1.0002484786775854e+00
1.6479999999999501e+02  6.6372647230201425e+00  3.4223582753200830e-02  4.6682397813583041e+00  7.4415861931595917e-01  3.6986006451509809e+01  3.1999395188097036e+01  3.1999717259321056e+01  4.7999999999999998e+00  6.5542003091610885e+00  4.6803805103325704e+00  7.4266286958410588e-01  nan  nan  nan  nan  nan  1.0002485736320150e+00
1.6559999999999400e+02  6.5976226651581706e+00  3.3983836722370528e-02  4.6710630341690802e+00  7.4412643127593214e-01  3.6985941122463586e+01  3.1999390497552707e+01  3.1999715060822510e+01  4.7999999999999998e+00  6.5150198927860439e+00  4.6832326650241081e+00  7.4262978352727826e-01  nan  nan  nan  nan  nan  1.0002486497181289e+00
1.6639999999999401e+02  6.6812983119032641e+00  3.4400979442495663e-02  4.6669129314272046e+00  7.4421455172602080e-01  3.6986170604055360e+01  3.1999384919315538e+01  3.1999712399524171e+01  4.7999999999999998e+00  6.5976010000083232e+00  4.6790527370143087e+00  7.4271765437837844e-01  nan  nan  nan  nan  nan  1.0002487617296829e+00
1.6719999999999300e+02  6.6247071620104947e+00  3.4071071545221876e-02  4.6699122064052316e+00  7.4418225576462127e-01  3.6986037811133990e+01  3.1999378862972108e+01  3.1999709493291007e+01  4.7999999999999998e+00  6.5416838788614182e+00  4.6820828414267801e+00  7.4268450498767891e-01  nan  nan  nan  nan  nan  1.0002489053023453e+00
1.6799999999999201e+02  6.6346106792617068e+00  3.4097882376623950e-02  4.6684793306537200e+00  7.4423664527291333e-01  3.6986107666954375e+01  3.1999374337846795e+01  3.1999707234878930e+01  4.7999999999999998e+00  6.5514203827527080e+00  4.6806438804423829e+00  7.4273854549118046e-01  nan  nan  nan  nan  nan  1.0002489941887394e+00
1.6879999999999100e+02  6.6944772316238517e+00  3.4388465603979831e-02  4.6633038668251388e+00  7.4433728797576071e-01  3.6986239829484560e+01  3.1999368101893218e+01  3.1999704191608053e+01  4.7999999999999998e+00  6.6104879136928876e+00  4.6754298431423988e+00  7.4283913136387447e-01  nan  nan  nan  nan  nan  1.0002490263366455e+00
1.6959999999999101e+02  6.6191387644330568e+00  3.3960777402997841e-02  4.6660039599339767e+00  7.4430605573196007e-01  3.6986009717046642e+01  3.1999362605060032e+01  3.1999701491233530e+01  4.7999999999999998e+00  6.5360597587542255e+00  4.6781580139723484e+00  7.4280711764286977e-01  nan  nan  nan  nan  nan  1.0002491097104358e+00
1.7039999999999000e+02  6.6770136274139906e+00  3.4242017213451499e-02  4.6611058947632138e+00  7.4440973912192687e-01  3.6986208222939652e+01  3.1999357641657678e+01  3.1999699064404538e+01  4.7999999999999998e+00  6.5931601795959143e+00  4.6732236621155154e+00  7.4291075497033254e-01  nan  nan  nan  nan  nan  1.0002492629370963e+00
1.7119999999998899e+02  6.6911355636019145e+00  3.4289790088828501e-02  4.6573327673653884e+00  7.4448443880433068e-01  3.6986223484059089e+01  3.1999350850212185e+01  3.1999695808399249e+01  4.7999999999999998e+00  6.6070590204921302e+00  4.6694236897973456e+00  7.4298534224269930e-01  nan  nan  nan  nan  nan  1.0002493846022626e+00
1.7199999999998900e+02  6.6295387621122783e+00  3.3937750606411070e-02  4.6580071861974250e+00  7.4449131196164320e-01  3.6985930797716200e+01  3.1999345710421718e+01  3.1999693299408605e+01  4.7999999999999998e+00  6.5461975866145110e+00  4.6701093419912896e+00  7.4299171914966566e-01  nan  nan  nan  nan  nan  1.0002494288054351e+00
1.7279999999998799e+02  6.7135520687054608e+00  3.4356420988836602e-02  4.6510842764799527e+00  7.4462265340957212e-01  3.6986074305954482e+01  3.1999340005937320e+01  3.1999690529378260e+01  4.7999999999999998e+00  6.6291028517130917e+00  4.6631326466545264e+00  7.4312318401649580e-01  nan  nan  nan  nan  nan  1.0002494648757843e+00
1.7359999999998701e+02  6.6782438704359590e+00  3.4142096274019054e-02  4.6501997649853051e+00  7.4464164194421500e-01  3.6985966987148004e+01  3.1999333245473796e+01  3.1999687222349806e+01  4.7999999999999998e+00  6.5941976139720779e+00  4.6622455456460559e+00  7.4314171859335987e-01  nan  nan  nan  nan  nan  1.0002495730756891e+00
1.7439999999998599e+02  6.6579174571076472e+00  3.4009132161033864e-02  4.6487903242692026e+00  7.4467793285935679e-01  3.6985750216165719e+01  3.1999328286569583e+01  3.1999684767151258e+01  4.7999999999999998e+00  6.5740847719304023e+00  4.6608291841915914e+00  7.4317763816034244e-01  nan  nan  nan  nan  nan  1.0002497238353827e+00
1.7519999999998601e+02  6.7363262908743851e+00  3.4396226232714780e-02  4.6418214373081019e+00  7.4479826738486987e-01  3.6985841998606745e+01  3.1999321674518566e+01  3.1999681636785894e+01  4.7999999999999998e+00  6.6514550415308316e+00  4.6538053150931864e+00  7.4329807600035114e-01  nan  nan  nan  nan  nan  1.0002498068444028e+00
1.7599999999998499e+02  6.6667365716276281e+00  3.4001571174952394e-02  4.6423336653862570e+00  7.4478126335595363e-01  3.6985715289729704e+01  3.1999315152158349e+01  3.1999678515554368e+01  4.7999999999999998e+00  6.5827047033595578e+00  4.6543258638972089e+00  7.4328045835667467e-01  nan  nan  nan  nan  nan  1.0002498221840754e+00
1.7679999999998401e+02  6.6983432933009892e+00  3.4141638197344545e-02  4.6387154941136686e+00  7.4483839273542740e-01  3.6985782953736802e+01  3.1999309830854088e+01  3.1999676049522773e+01  4.7999999999999998e+00  6.6138683108063612e+00  4.6506803975712971e+00  7.4333727323487775e-01  nan  nan  nan  nan  nan  1.0002498885907818e+00
1.7759999999998300e+02  6.7427588118611261e+00  3.4346403848368873e-02  4.6342022756822310e+00  7.4489489973841427e-01  3.6985907753497017e+01  3.1999302698158854e+01  3.1999672695577019e+01  4.7999999999999998e+00  6.6576779528739598e+00  4.6461315340731195e+00  7.4339346324785138e-01  nan  nan  nan  nan  nan  1.0002500159459877e+00
1.7839999999998301e+02  6.6675967244416618e+00  3.3923064811432674e-02  4.6353269749387644e+00  7.4485699550903328e-01  3.6985838243239385e+01  3.1999296714593147e+01  3.1999669909443103e+01  4.7999999999999998e+00  6.5834284384481876e+00  4.6472689699784633e+00  7.4335476566282777e-01  nan  nan  nan  nan  nan  1.0002501067984282e+00
1.7919999999998200e+02  6.7405220630308413e+00  3.4279200787358854e-02  4.6297406546235278e+00  7.4494036710383194e-01  3.6986117819656265e+01  3.1999290933813448e+01  3.1999667258376004e+01  4.7999999999999998e+00  6.6553850672323351e+00  4.6416378592405838e+00  7.4343792507555784e-01  nan  nan  nan  nan  nan  1.0002501573478983e+00
1.7999999999998099e+02  6.7358209387228278e+00  3.4224137426581654e-02  4.6282422357417961e+00  7.4493442960425871e-01  3.6986185241658347e+01  3.1999283730343187e+01  3.1999663809063534e+01  4.7999999999999998e+00  6.6507035015337665e+00  4.6401286716515564e+00  7.4343129414886366e-01  nan  nan  nan  nan  nan  1.0002502289479329e+00
1.8079999999998100e+02  6.6864556157803419e+00  3.3936660095644548e-02  4.6293019391426240e+00  7.4489054275155753e-01  3.6986083462722675e+01  3.1999278311864114e+01  3.1999661284171328e+01  4.7999999999999998e+00  6.6019265326408716e+00  4.6411996731082166e+00  7.4338648906620852e-01  nan  nan  nan  nan  nan  1.0002503201565878e+00
1.8159999999998001e+02  6.7744447740854801e+00  3.4368800827180065e-02  4.6245174460496923e+00  7.4495252535049283e-01  3.6986394774615633e+01  3.1999271756039992e+01  3.1999658178039219e+01  4.7999999999999998e+00  6.6887565982082009e+00  4.6363765764735856e+00  7.4344805445580631e-01  nan  nan  nan  nan  nan  1.0002504042741243e+00
1.8239999999997900e+02  6.7239938138478195e+00  3.4073683598044566e-02  4.6259595553688921e+00  7.4489230708896370e-01  3.6986477902791144e+01  3.1999264431875044e+01  3.1999654729248036e+01  4.7999999999999998e+00  6.6389092067911291e+00  4.6378327797481385e+00  7.4338680704994975e-01  nan  nan  nan  nan  nan  1.0002504821712832e+00
1.8319999999997799e+02  6.7217403703884129e+00  3.4033905535818497e-02  4.6251776882700781e+00  7.4488772563287897e-01  3.6986527350013773e+01  3.1999259101788891e+01  3.1999652214921600e+01  4.7999999999999998e+00  6.6366448040299399e+00  4.6370467042257388e+00  7.4338149672906839e-01  nan  nan  nan  nan  nan  1.0002505571946234e+00
1.8399999999997800e+02  6.7931762735296681e+00  3.4377399066330874e-02  4.6213888557502196e+00  7.4493463010330441e-01  3.6986739346701142e+01  3.1999251991930215e+01  3.1999648784947777e+01  4.7999999999999998e+00  6.7071309427819985e+00  4.6332279900383613e+00  7.4342793211551339e-01  nan  nan  nan  nan  nan  1.0002506295186078e+00
1.8479999999997699e+02  6.7170947113092252e+00  3.3949974017591748e-02  4.6239435124541943e+00  7.4485943263770116e-01  3.6986808155028022e+01  3.1999245291556225e+01  3.1999645576234443e+01  4.7999999999999998e+00  6.6319802120751223e+00  4.6358064928355631e+00  7.4335164330094516e-01  nan  nan  nan  nan  nan  1.0002507044234428e+00
1.8559999999997601e+02  6.7650583943079479e+00  3.4173129119099546e-02  4.6202686371186719e+00  7.4490945730748859e-01  3.6987122109969214e+01  3.1999239795838815e+01  3.1999642967969084e+01  4.7999999999999998e+00  6.6792907262373209e+00  4.6321027202369596e+00  7.4340123120916768e-01  nan  nan  nan  nan  nan  1.0002507848562270e+00
1.8639999999997499e+02  6.7955378961284563e+00  3.4301756307066410e-02  4.6179092014930552e+00  7.4493306159077743e-01  3.6987228889936262e+01  3.1999232521360330e+01  3.1999639341741862e+01  4.7999999999999998e+00  6.7093401464167668e+00  4.6297260102443962e+00  7.4342426416423335e-01  nan  nan  nan  nan  nan  1.0002508704136741e+00
1.8719999999997501e+02  6.7237808470892029e+00  3.3899025348218315e-02  4.6199870412623474e+00  7.4487586693533647e-01  3.6987109664819783e+01  3.1999226680176196e+01  3.1999636456635219e+01  4.7999999999999998e+00  6.6384584932177235e+00  4.6318243120162412e+00  7.4336609504351858e-01  nan  nan  nan  nan  nan  1.0002509459479150e+00
1.8799999999997399e+02  6.8059253789318124e+00  3.4299325150705509e-02  4.6145993498135631e+00  7.4495766926232687e-01  3.6987498239041940e+01  3.1999220724022130e+01  3.1999633511559669e+01  4.7999999999999998e+00  6.7195117760969021e+00  4.6263928383088651e+00  7.4344765065237828e-01  nan  nan  nan  nan  nan  1.0002510010035661e+00
1.8879999999997301e+02  6.7862605024908813e+00  3.4167239057498071e-02  4.6143497758964944e+00  7.4495079367613171e-01  3.6987559000635066e+01  3.1999213245661036e+01  3.1999629825378641e+01  4.7999999999999998e+00  6.7000564009097499e+00  4.6261444436678349e+00  7.4344009735297401e-01  nan  nan  nan  nan  nan  1.0002510725947049e+00
1.8959999999997299e+02  6.7475184658361123e+00  3.3938995988977004e-02  4.6148909905500899e+00  7.4494473155581831e-01  3.6987353626137804e+01  3.1999207832422357e+01  3.1999627104981375e+01  4.7999999999999998e+00  6.6617668134205719e+00  4.6266944762994395e+00  7.4343338744515253e-01  nan  nan  nan  nan  nan  1.0002511761710968e+00
1.9039999999997201e+02  6.8352850913843008e+00  3.4367217900176820e-02  4.6093245869875528e+00  7.4504593851109491e-01  3.6987657360777249e+01  3.1999200905979009e+01  3.1999623668004364e+01  4.7999999999999998e+00  6.7483666798997861e+00  4.6210840952630701e+00  7.4353451424186012e-01  nan  nan  nan  nan  nan  1.0002512589477048e+00
1.9119999999997100e+02  6.7739488055808348e+00  3.4019839592463047e-02  4.6109937060216479e+00  7.4501512543562032e-01  3.6987744406551052e+01  3.1999193309222221e+01  3.1999620064331488e+01  4.7999999999999998e+00  6.6877725145015257e+00  4.6227717624602018e+00  7.4350293203597817e-01  nan  nan  nan  nan  nan  1.0002513091478822e+00
1.9199999999996999e+02  6.7849404988390569e+00  3.4050798615276795e-02  4.6095275523692880e+00  7.4505464717891101e-01  3.6987666568536774e+01  3.1999187889493690e+01  3.1999617421322778e+01  4.7999999999999998e+00  6.6985799054454755e+00  4.6212976071983221e+00  7.4354203136942520e-01  nan  nan  nan  nan  nan  1.0002513691639965e+00
1.9279999999997000e+02  6.8488019987951914e+00  3.4353439786348000e-02  4.6052331076791484e+00  7.4513960985825500e-01  3.6987756817951890e+01  3.1999180188692289e+01  3.1999613660957777e+01  4.7999999999999998e+00  6.7615784819219051e+00  4.6169707337425967e+00  7.4362684812329449e-01  nan  nan  nan  nan  nan  1.0002514472198691e+00
1.9359999999996899e+02  6.7688241508740266e+00  3.3911757228453056e-02  4.6069272273664250e+00  7.4511228220749792e-01  3.6987761140942581e+01  3.1999173195275684e+01  3.1999610343964697e+01  4.7999999999999998e+00  6.6825808936927160e+00  4.6186840698512750e+00  7.4359882772446817e-01  nan  nan  nan  nan  nan  1.0002515314382239e+00
1.9439999999996800e+02  6.8275506813749685e+00  3.4189842159038572e-02  4.6030033474740515e+00  7.4519937662138880e-01  3.6987815145054320e+01  3.1999167380040905e+01  3.1999607571610248e+01  4.7999999999999998e+00  6.7405093368278521e+00  4.6147312109613896e+00  7.4368577536923031e-01  nan  nan  nan  nan  nan  1.0002516058221975e+00
1.9519999999996699e+02  6.8470812393024314e+00  3.4261931946537462e-02  4.6005514643918408e+00  7.4524533034807627e-01  3.6987733007435018e+01  3.1999159248198161e+01  3.1999603680991349e+01  4.7999999999999998e+00  6.7597447140888676e+00  4.6122624189840833e+00  7.4373139564864643e-01  nan  nan  nan  nan  nan  1.0002516580871443e+00
1.9599999999996700e+02  6.7785508001434485e+00  3.3881153385896576e-02  4.6014863485032160e+00  7.4522685569777913e-01  3.6987703899844696e+01  3.1999152939554353e+01  3.1999600643299217e+01  4.7999999999999998e+00  6.6920494064660634e+00  4.6132093934019913e+00  7.4371227674701457e-01  nan  nan  nan  nan  nan  1.0002517271155826e+00
1.9679999999996599e+02  6.8658699603024305e+00  3.4305219683314396e-02  4.5960781263582398e+00  7.4533133150327013e-01  3.6987859420772075e+01  3.1999146282769626e+01  3.1999597467426593e+01  4.7999999999999998e+00  6.7782020615259100e+00  4.6077586431783413e+00  7.4381670761316399e-01  nan  nan  nan  nan  nan  1.0002518268048812e+00
1.9759999999996501e+02  6.8359616041442610e+00  3.4122171381582606e-02  4.5952609629134917e+00  7.4533619236476456e-01  3.6987686425449006e+01  3.1999138085484535e+01  3.1999593571249889e+01  4.7999999999999998e+00  6.7486331248993796e+00  4.6069381519807999e+00  7.4382104587256159e-01  nan  nan  nan  nan  nan  1.0002518945795478e+00
1.9839999999996499e+02  6.8051285901919849e+00  3.3937135454497704e-02  4.5944011412357071e+00  7.4534270064159358e-01  3.6987700104622974e+01  3.1999132108082328e+01  3.1999590721548259e+01  4.7999999999999998e+00  6.7181518984961643e+00  4.6060743534517004e+00  7.4382701463979617e-01  nan  nan  nan  nan  nan  1.0002519351528782e+00
1.9919999999996401e+02  6.8924527310486710e+00  3.4357868754057025e-02  4.5896868497403638e+00  7.4542002408090113e-01  3.6987873549115058e+01  3.1999124332749837e+01  3.1999587061364661e+01  4.7999999999999998e+00  6.8043095843935211e+00  4.6013224561070025e+00  7.4390408055202184e-01  nan  nan  nan  nan  nan  1.0002520136112816e+00
1.9999999999996299e+02  6.8247108553752689e+00  3.3979771418716241e-02  4.5916840398303371e+00  7.4537219109735320e-01  3.6987634042437485e+01  3.1999116383636437e+01  3.1999583282679765e+01  4.7999999999999998e+00  6.7373965007462200e+00  4.6033405366677691e+00  7.4385537069069119e-01  nan  nan  nan  nan  nan  1.0002521010647356e+00
2.0000999999996299e+02  6.8236364847371380e+00  3.3973904359272125e-02  4.5917149631503049e+00  7.4537156313701680e-01  3.6987631138929054e+01  3.1999116304874978e+01  3.1999583244979252e+01  4.7999999999999998e+00  6.7363354128934194e+00  4.6033717781915744e+00  7.4385473199199725e-01  nan  nan  nan  nan  nan  1.0002521019185957e+00
