# time  f_op  f_geo  geo_trustworthy  max_local_speed  superluminal_fraction  max_shift  structure_coherence  reachable  n_rays  n_reached  max_h_rel_drift  f_geo_evol  f_geo_evol_ok
0.0000000000000000e+00  4.3520757656579237e-03  7.5634144789647889e-03  1  1.0158785058712836e+00  0.0000000000000000e+00  0.0000000000000000e+00  nan  1  5  5  1.3730459723160137e-04  0.0000000000000000e+00  0
8.0000000000000004e-01  4.3553784053458949e-03  7.5633500725748150e-03  1  1.0158813040727992e+00  0.0000000000000000e+00  7.8279609371773267e-06  nan  1  5  5  1.3711555930167585e-04  0.0000000000000000e+00  0
1.6000000000000001e+00  4.3589299113662308e-03  7.5687059929590503e-03  1  1.0159197241289046e+00  0.0000000000000000e+00  1.3126450132850806e-05  nan  1  5  5  1.3686264362079370e-04  0.0000000000000000e+00  0
2.3999999999999901e+00  4.3612610275094678e-03  7.5637233367532699e-03  1  1.0158913400901852e+00  0.0000000000000000e+00  2.5943688026551018e-05  nan  1  5  5  1.3932551503977947e-04  0.0000000000000000e+00  0
3.1999999999999802e+00  4.3631558245434089e-03  7.5417445969265052e-03  1  1.0158294026175114e+00  0.0000000000000000e+00  2.2458234242852119e-05  nan  1  5  5  1.3697425619164715e-04  0.0000000000000000e+00  0
3.9999999999999600e+00  4.3633209116872513e-03  7.5344286231983195e-03  1  1.0157709038965526e+00  0.0000000000000000e+00  4.3599085646656651e-05  nan  1  5  5  1.3497588081618609e-04  0.0000000000000000e+00  0
4.7999999999999403e+00  4.3639710849723342e-03  7.5633935002644079e-03  1  1.0158890717103504e+00  0.0000000000000000e+00  1.4340484430689131e-05  nan  1  5  5  1.3838184551077820e-04  0.0000000000000000e+00  0
5.5999999999999304e+00  4.3676663686356238e-03  7.5669401681139389e-03  1  1.0158661468363002e+00  0.0000000000000000e+00  1.2874202359876598e-05  nan  1  5  5  1.3756092454880595e-04  0.0000000000000000e+00  0
6.3999999999999098e+00  4.3707579541298986e-03  7.5701054723978046e-03  1  1.0158721480744684e+00  0.0000000000000000e+00  8.2307370943019807e-06  nan  1  5  5  1.3692061244532686e-04  0.0000000000000000e+00  0
7.1999999999998900e+00  4.3716545895617865e-03  7.5731392079192430e-03  1  1.0158760258117565e+00  0.0000000000000000e+00  9.3454792908160923e-06  nan  1  5  5  1.3710970501119618e-04  0.0000000000000000e+00  0
7.9999999999998703e+00  4.3740490366551534e-03  7.5745648465852513e-03  1  1.0158733421753428e+00  0.0000000000000000e+00  1.1131012633773111e-05  nan  1  5  5  1.3703268043892695e-04  0.0000000000000000e+00  0
8.7999999999998604e+00  4.3788265044771256e-03  7.5740251145928186e-03  1  1.0158629537699280e+00  0.0000000000000000e+00  1.3137628408820958e-05  nan  1  5  5  1.3682814933420993e-04  0.0000000000000000e+00  0
9.5999999999998398e+00  4.3827911127775612e-03  7.5733049358202749e-03  1  1.0158518943604893e+00  0.0000000000000000e+00  1.3640945271780203e-05  nan  1  5  5  1.3668116405039194e-04  0.0000000000000000e+00  0
1.0399999999999800e+01  4.3852799301449061e-03  7.5742570257833165e-03  1  1.0158501605829178e+00  0.0000000000000000e+00  1.1606889376833675e-05  nan  1  5  5  1.3672953499541476e-04  0.0000000000000000e+00  0
1.1199999999999800e+01  4.3862076912993889e-03  7.5766171947414885e-03  1  1.0158576061880982e+00  0.0000000000000000e+00  9.5586130083182134e-06  nan  1  5  5  1.3689150765552462e-04  0.0000000000000000e+00  0
1.1999999999999799e+01  4.3865984000578985e-03  7.5784245529644479e-03  1  1.0158633078247865e+00  0.0000000000000000e+00  1.0199296678706918e-05  nan  1  5  5  1.3694358975215748e-04  0.0000000000000000e+00  0
1.2799999999999800e+01  4.3868113900421297e-03  7.5783983803735635e-03  1  1.0158596559083168e+00  0.0000000000000000e+00  1.2793246934328367e-05  nan  1  5  5  1.3681365721329397e-04  0.0000000000000000e+00  0
1.3599999999999801e+01  4.3867945124873436e-03  7.5775977218126307e-03  1  1.0158520468015673e+00  0.0000000000000000e+00  1.4096143262345856e-05  nan  1  5  5  1.3667798527655685e-04  0.0000000000000000e+00  0
1.4399999999999700e+01  4.3867805953743209e-03  7.5780414344092956e-03  1  1.0158509146177621e+00  0.0000000000000000e+00  1.2737239763499094e-05  nan  1  5  5  1.3672064923753882e-04  0.0000000000000000e+00  0
1.5199999999999701e+01  4.3870077488602430e-03  7.5797964502456574e-03  1  1.0158574112006644e+00  0.0000000000000000e+00  1.0966069304311552e-05  nan  1  5  5  1.3686103275920478e-04  0.0000000000000000e+00  0
1.5999999999999700e+01  4.3874230413842438e-03  7.5810155186309082e-03  1  1.0158622669960993e+00  0.0000000000000000e+00  1.1518085800480081e-05  nan  1  5  5  1.3688974113873611e-04  0.0000000000000000e+00  0
1.6799999999999802e+01  4.3875856402624917e-03  7.5806832412571440e-03  1  1.0158591507870629e+00  0.0000000000000000e+00  1.3635653784335081e-05  nan  1  5  5  1.3681582854061980e-04  0.0000000000000000e+00  0
1.7600000000000001e+01  4.3872460295855502e-03  7.5798797883930282e-03  1  1.0158529390425954e+00  0.0000000000000000e+00  1.4655486945926582e-05  nan  1  5  5  1.3670417289310676e-04  0.0000000000000000e+00  0
1.8400000000000102e+01  4.3866654181216212e-03  7.5803134423639085e-03  1  1.0158522088839235e+00  0.0000000000000000e+00  1.4259307059465850e-05  nan  1  5  5  1.3663309061537178e-04  0.0000000000000000e+00  0
1.9200000000000198e+01  4.3859498519283153e-03  7.5818532362875099e-03  1  1.0158621580453555e+00  0.0000000000000000e+00  1.3118544423471319e-05  nan  1  5  5  1.3675058061421953e-04  0.0000000000000000e+00  0
2.0000000000000298e+01  4.3852227574311372e-03  7.5833174835606932e-03  1  1.0158711818822252e+00  0.0000000000000000e+00  1.2886277122606717e-05  nan  1  5  5  1.3689159583245614e-04  0.0000000000000000e+00  0
2.0800000000000502e+01  4.3842064715265711e-03  7.5834071453194513e-03  1  1.0158693879404062e+00  0.0000000000000000e+00  1.3300016801988796e-05  nan  1  5  5  1.3685974582714489e-04  0.0000000000000000e+00  0
2.1600000000000598e+01  4.3801895334659793e-03  7.5786671566487503e-03  1  1.0158603888478921e+00  0.0000000000000000e+00  1.4556529507422315e-05  nan  1  5  5  1.3679396515291553e-04  0.0000000000000000e+00  0
2.2400000000000698e+01  4.3730806387130058e-03  7.5714457823614374e-03  1  1.0158537836397654e+00  0.0000000000000000e+00  1.4686904547447808e-05  nan  1  5  5  1.3685611333993849e-04  0.0000000000000000e+00  0
2.3200000000000799e+01  4.3675313176878370e-03  7.5682883738163254e-03  1  1.0158540395794016e+00  0.0000000000000000e+00  1.4191566995196681e-05  nan  1  5  5  1.3698499814556903e-04  0.0000000000000000e+00  0
2.4000000000000998e+01  4.3632862153703961e-03  7.5651835476201823e-03  1  1.0158522067658231e+00  0.0000000000000000e+00  1.4315445187731417e-05  nan  1  5  5  1.3702088092515995e-04  0.0000000000000000e+00  0
2.4800000000001098e+01  4.3558765279892832e-03  7.5561647539326383e-03  1  1.0158408983590665e+00  0.0000000000000000e+00  1.5109120937042709e-05  nan  1  5  5  1.3694503618102841e-04  0.0000000000000000e+00  0
2.5600000000001199e+01  4.3447144107508339e-03  7.5437888384515747e-03  1  1.0158251274052996e+00  0.0000000000000000e+00  1.5159036141645017e-05  nan  1  5  5  1.3688354065314879e-04  0.0000000000000000e+00  0
2.6400000000001299e+01  4.3319213291706481e-03  7.5318218819047586e-03  1  1.0158130807492920e+00  0.0000000000000000e+00  1.4083314428785697e-05  nan  1  5  5  1.3690940632678521e-04  0.0000000000000000e+00  0
2.7200000000001499e+01  4.3190754683935057e-03  7.5209093027249624e-03  1  1.0158059940118547e+00  0.0000000000000000e+00  1.3342883015773182e-05  nan  1  5  5  1.3697847866106519e-04  0.0000000000000000e+00  0
2.8000000000001599e+01  4.3069770154221367e-03  7.5102616404768919e-03  1  1.0157977884272891e+00  0.0000000000000000e+00  1.3467607365787147e-05  nan  1  5  5  1.3700217649862656e-04  0.0000000000000000e+00  0
2.8800000000001699e+01  4.2956613918706654e-03  7.4993851786932077e-03  1  1.0157860138472992e+00  0.0000000000000000e+00  1.5049863746323725e-05  nan  1  5  5  1.3695898217474365e-04  0.0000000000000000e+00  0
2.9600000000001799e+01  4.2847927706163849e-03  7.4888144917372029e-03  1  1.0157736863760378e+00  0.0000000000000000e+00  1.5697492497803474e-05  nan  1  5  5  1.3692308119448541e-04  0.0000000000000000e+00  0
3.0400000000001999e+01  4.2745676252153586e-03  7.4797417859282251e-03  1  1.0157656227162515e+00  0.0000000000000000e+00  1.5203053436007296e-05  nan  1  5  5  1.3696554137258951e-04  0.0000000000000000e+00  0
3.1200000000002099e+01  4.2659702712159169e-03  7.4732366042080164e-03  1  1.0157626724215769e+00  0.0000000000000000e+00  1.4938769564908980e-05  nan  1  5  5  1.3705350866070277e-04  0.0000000000000000e+00  0
3.2000000000002203e+01  4.2593267900830969e-03  7.4685867642986107e-03  1  1.0157601823597868e+00  0.0000000000000000e+00  1.4576914985045398e-05  nan  1  5  5  1.3707522416132108e-04  0.0000000000000000e+00  0
3.2800000000002001e+01  4.2539501827573841e-03  7.4644071935143271e-03  1  1.0157557105858286e+00  0.0000000000000000e+00  1.5812388742166411e-05  nan  1  5  5  1.3700990638729018e-04  0.0000000000000000e+00  0
3.3600000000001899e+01  4.2496327342405570e-03  7.4612488826883722e-03  1  1.0157519803142485e+00  0.0000000000000000e+00  1.6573180538047215e-05  nan  1  5  5  1.3696616513284921e-04  0.0000000000000000e+00  0
3.4400000000001697e+01  4.2467289211962399e-03  7.4601936210384580e-03  1  1.0157531149938928e+00  0.0000000000000000e+00  1.5875217686090812e-05  nan  1  5  5  1.3703335530120578e-04  0.0000000000000000e+00  0
3.5200000000001602e+01  4.2455082920726753e-03  7.4610328088552261e-03  1  1.0157588298797100e+00  0.0000000000000000e+00  1.5128081546930593e-05  nan  1  5  5  1.3715393416476135e-04  0.0000000000000000e+00  0
3.6000000000001400e+01  4.2456458186007134e-03  7.4627857646219417e-03  1  1.0157648236791612e+00  0.0000000000000000e+00  1.4624845008962480e-05  nan  1  5  5  1.3720520467345025e-04  0.0000000000000000e+00  0
3.6800000000001198e+01  4.2464018038332555e-03  7.4647904000747613e-03  1  1.0157680121779618e+00  0.0000000000000000e+00  1.5442648731209521e-05  nan  1  5  5  1.3717591724562981e-04  0.0000000000000000e+00  0
3.7600000000001103e+01  4.2477311485198972e-03  7.4674555106267618e-03  1  1.0157711943395196e+00  0.0000000000000000e+00  1.5838197965739833e-05  nan  1  5  5  1.3716567155333358e-04  0.0000000000000000e+00  0
3.8400000000000901e+01  4.2498453122615590e-03  7.4712287963518689e-03  1  1.0157774279390792e+00  0.0000000000000000e+00  1.5031151781993145e-05  nan  1  5  5  1.3723659808129011e-04  0.0000000000000000e+00  0
3.9200000000000799e+01  4.2519547343988920e-03  7.4748424803267651e-03  1  1.0157854896114724e+00  0.0000000000000000e+00  1.4420871570911958e-05  nan  1  5  5  1.3732872690082592e-04  0.0000000000000000e+00  0
4.0000000000000597e+01  4.2536490055399773e-03  7.4774891744189267e-03  1  1.0157922862646747e+00  0.0000000000000000e+00  1.4534049641212676e-05  nan  1  5  5  1.3736451553442139e-04  0.0000000000000000e+00  0
4.0800000000000502e+01  4.2557750433289167e-03  7.4805072707987775e-03  1  1.0157973179723851e+00  0.0000000000000000e+00  1.5311551156458241e-05  nan  1  5  5  1.3734986586970996e-04  0.0000000000000000e+00  0
4.1600000000000300e+01  4.2584007560076895e-03  7.4843003466265280e-03  1  1.0158018802148634e+00  0.0000000000000000e+00  1.5543847258682311e-05  nan  1  5  5  1.3734415922265117e-04  0.0000000000000000e+00  0
4.2400000000000098e+01  4.2606504356144338e-03  7.4879343245935898e-03  1  1.0158074563022743e+00  0.0000000000000000e+00  1.5061232885208707e-05  nan  1  5  5  1.3738811288412369e-04  0.0000000000000000e+00  0
4.3200000000000003e+01  4.2621274695676219e-03  7.4910785003796162e-03  1  1.0158140228190129e+00  0.0000000000000000e+00  1.4700496594655378e-05  nan  1  5  5  1.3745824083984657e-04  0.0000000000000000e+00  0
4.3999999999999801e+01  4.2631043668240436e-03  7.4938885422773062e-03  1  1.0158200071206918e+00  0.0000000000000000e+00  1.4796611507614387e-05  nan  1  5  5  1.3750006591525796e-04  0.0000000000000000e+00  0
4.4799999999999699e+01  4.2644157916543347e-03  7.4969658395423397e-03  1  1.0158247360711259e+00  0.0000000000000000e+00  1.5433207866013965e-05  nan  1  5  5  1.3749763856782114e-04  0.0000000000000000e+00  0
4.5599999999999497e+01  4.2662639604698262e-03  7.5003574485960674e-03  1  1.0158285889154508e+00  0.0000000000000000e+00  1.5590275626481770e-05  nan  1  5  5  1.3749365027083127e-04  0.0000000000000000e+00  0
4.6399999999999302e+01  4.2673647379162126e-03  7.5027283848477164e-03  1  1.0158325156797468e+00  0.0000000000000000e+00  1.5301129047573000e-05  nan  1  5  5  1.3752980744633088e-04  0.0000000000000000e+00  0
4.7199999999999200e+01  4.2672468813388350e-03  7.5039468463859249e-03  1  1.0158378125319543e+00  0.0000000000000000e+00  1.5162816437666100e-05  nan  1  5  5  1.3758687032330256e-04  0.0000000000000000e+00  0
4.7999999999998998e+01  4.2673640079171158e-03  7.5057861494558994e-03  1  1.0158438243437307e+00  0.0000000000000000e+00  1.5185924878876004e-05  nan  1  5  5  1.3762178893522877e-04  0.0000000000000000e+00  0
4.8799999999998903e+01  4.2682956209368081e-03  7.5085181194749981e-03  1  1.0158482865753384e+00  0.0000000000000000e+00  1.5479848540951820e-05  nan  1  5  5  1.3762172192976644e-04  0.0000000000000000e+00  0
4.9599999999998701e+01  4.2689231715119444e-03  7.5108440390717979e-03  1  1.0158510929247515e+00  0.0000000000000000e+00  1.5691301881655608e-05  nan  1  5  5  1.3762168284059368e-04  0.0000000000000000e+00  0
5.0399999999998499e+01  4.2688560279738955e-03  7.5127021957752411e-03  1  1.0158548147107307e+00  0.0000000000000000e+00  1.5568406800141171e-05  nan  1  5  5  1.3765928530446242e-04  0.0000000000000000e+00  0
5.1199999999998397e+01  4.2688443272893327e-03  7.5147497888465109e-03  1  1.0158601708096910e+00  0.0000000000000000e+00  1.5538521779521478e-05  nan  1  5  5  1.3769710201678480e-04  0.0000000000000000e+00  0
5.1999999999998202e+01  4.2691795047245292e-03  7.5168564714591891e-03  1  1.0158659084350576e+00  0.0000000000000000e+00  1.5537804116080983e-05  nan  1  5  5  1.3772291705697691e-04  0.0000000000000000e+00  0
5.2799999999998100e+01  4.2694626223308248e-03  7.5186264867960814e-03  1  1.0158710685459411e+00  0.0000000000000000e+00  1.5712024771587930e-05  nan  1  5  5  1.3776105402419945e-04  0.0000000000000000e+00  0
5.3599999999997898e+01  4.2694432985849306e-03  7.5201009058753782e-03  1  1.0158739306976770e+00  0.0000000000000000e+00  1.5800801001819124e-05  nan  1  5  5  1.3778111140071712e-04  0.0000000000000000e+00  0
5.4399999999997704e+01  4.2694608921046498e-03  7.5216944110708291e-03  1  1.0158767704845166e+00  0.0000000000000000e+00  1.5851441087862037e-05  nan  1  5  5  1.3779518657780382e-04  0.0000000000000000e+00  0
5.5199999999997601e+01  4.2699203951013232e-03  7.5236402256444943e-03  1  1.0158818870975750e+00  0.0000000000000000e+00  1.5724992742640779e-05  nan  1  5  5  1.3783606149770167e-04  0.0000000000000000e+00  0
5.5999999999997399e+01  4.2703174747337038e-03  7.5252814979164112e-03  1  1.0158873404119102e+00  0.0000000000000000e+00  1.5600282601294735e-05  nan  1  5  5  1.3787973579660961e-04  0.0000000000000000e+00  0
5.6799999999997297e+01  4.2701881874279632e-03  7.5269395189672362e-03  1  1.0158915992480437e+00  0.0000000000000000e+00  1.6022159691456615e-05  nan  1  5  5  1.3790617710216237e-04  0.0000000000000000e+00  0
5.7599999999997102e+01  4.2699968230734730e-03  7.5297517059067249e-03  1  1.0158955999007586e+00  0.0000000000000000e+00  1.6075296985821770e-05  nan  1  5  5  1.3791922592824258e-04  0.0000000000000000e+00  0
5.8399999999997000e+01  4.2698702569603083e-03  7.5320853291482850e-03  1  1.0158993097454301e+00  0.0000000000000000e+00  1.5939489833411362e-05  nan  1  5  5  1.3792802949976640e-04  0.0000000000000000e+00  0
5.9199999999996798e+01  4.2699782264445556e-03  7.5330508626846177e-03  1  1.0159037860340268e+00  0.0000000000000000e+00  1.6045391073130456e-05  nan  1  5  5  1.3796124799163721e-04  0.0000000000000000e+00  0
5.9999999999996597e+01  4.2706438857491400e-03  7.5343875301518226e-03  1  1.0159101260045267e+00  0.0000000000000000e+00  1.6046749447381699e-05  nan  1  5  5  1.3802332134943166e-04  0.0000000000000000e+00  0
6.0799999999996501e+01  4.2708385700957413e-03  7.5362766783043031e-03  1  1.0159147231838213e+00  0.0000000000000000e+00  1.6124176971535344e-05  nan  1  5  5  1.3805462624444847e-04  0.0000000000000000e+00  0
6.1599999999996299e+01  4.2703821184777923e-03  7.5382243193538520e-03  1  1.0159177345196233e+00  0.0000000000000000e+00  1.6529216763416363e-05  nan  1  5  5  1.3803571630384480e-04  0.0000000000000000e+00  0
6.2399999999996197e+01  4.2705946801012435e-03  7.5400326558636450e-03  1  1.0159229268488414e+00  0.0000000000000000e+00  1.6472722412829045e-05  nan  1  5  5  1.3805634809767336e-04  0.0000000000000000e+00  0
6.3199999999996002e+01  4.2712509302495942e-03  7.5410142699590850e-03  1  1.0159291255332823e+00  0.0000000000000000e+00  1.6195081001877989e-05  nan  1  5  5  1.3814055447474149e-04  0.0000000000000000e+00  0
6.3999999999995801e+01  4.2717845301139170e-03  7.5424871595483906e-03  1  1.0159343311594278e+00  0.0000000000000000e+00  1.6366320706880701e-05  nan  1  5  5  1.3817145945457397e-04  0.0000000000000000e+00  0
6.4799999999996203e+01  4.2726269211187549e-03  7.5467164748093604e-03  1  1.0159396765026967e+00  0.0000000000000000e+00  1.6728964671862112e-05  nan  1  5  5  1.3814737953077877e-04  0.0000000000000000e+00  0
6.5599999999996697e+01  4.2731378382866187e-03  7.5512682545698763e-03  1  1.0159452801304700e+00  0.0000000000000000e+00  1.6545724338095795e-05  nan  1  5  5  1.3817670951597592e-04  0.0000000000000000e+00  0
6.6399999999997107e+01  4.2730178438572476e-03  7.5531555585799867e-03  1  1.0159503383902300e+00  0.0000000000000000e+00  1.6178337300444425e-05  nan  1  5  5  1.3826006538841608e-04  0.0000000000000000e+00  0
6.7199999999997502e+01  4.2741444025776003e-03  7.5551677073520326e-03  1  1.0159550429448729e+00  0.0000000000000000e+00  1.6288827790038427e-05  nan  1  5  5  1.3830517141255854e-04  0.0000000000000000e+00  0
6.7999999999997897e+01  4.2765388501201963e-03  7.5592939294435680e-03  1  1.0159595091027374e+00  0.0000000000000000e+00  1.6397427159399990e-05  nan  1  5  5  1.3831696547231400e-04  0.0000000000000000e+00  0
6.8799999999998306e+01  4.2777335120193615e-03  7.5628529094769643e-03  1  1.0159639907867621e+00  0.0000000000000000e+00  1.6489892011418503e-05  nan  1  5  5  1.3833289714309000e-04  0.0000000000000000e+00  0
6.9599999999998701e+01  4.2774805233527502e-03  7.5642578753730566e-03  1  1.0159677247467265e+00  0.0000000000000000e+00  1.6660474674251636e-05  nan  1  5  5  1.3834002339441101e-04  0.0000000000000000e+00  0
7.0399999999999096e+01  4.2769112109953796e-03  7.5647142822536173e-03  1  1.0159720813307656e+00  0.0000000000000000e+00  1.6711564880281307e-05  nan  1  5  5  1.3837933273493590e-04  0.0000000000000000e+00  0
7.1199999999999505e+01  4.2760463258260531e-03  7.5652336012701727e-03  1  1.0159767178943275e+00  0.0000000000000000e+00  1.6582531739488949e-05  nan  1  5  5  1.3841926605876468e-04  0.0000000000000000e+00  0
7.1999999999999901e+01  4.2748372974126684e-03  7.5659264905194824e-03  1  1.0159805648154816e+00  0.0000000000000000e+00  1.6585400256163487e-05  nan  1  5  5  1.3842041094119158e-04  0.0000000000000000e+00  0
7.2800000000000296e+01  4.2734355200665540e-03  7.5665149388191993e-03  1  1.0159838979637674e+00  0.0000000000000000e+00  1.6772601962575582e-05  nan  1  5  5  1.3844660577893843e-04  0.0000000000000000e+00  0
7.3600000000000705e+01  4.2717203816462724e-03  7.5665581523974706e-03  1  1.0159878456602933e+00  0.0000000000000000e+00  1.6913525326213105e-05  nan  1  5  5  1.3850175338980163e-04  0.0000000000000000e+00  0
7.4400000000001199e+01  4.2695879705057851e-03  7.5660424843257707e-03  1  1.0159918412065980e+00  0.0000000000000000e+00  1.6534040136639090e-05  nan  1  5  5  1.3853474240677858e-04  0.0000000000000000e+00  0
7.5200000000001594e+01  4.2673399983251840e-03  7.5656296723611589e-03  1  1.0159944302461588e+00  0.0000000000000000e+00  1.6617565593668716e-05  nan  1  5  5  1.3853707132935103e-04  0.0000000000000000e+00  0
7.6000000000002004e+01  4.2653286255662833e-03  7.5658516134921878e-03  1  1.0159978180841289e+00  0.0000000000000000e+00  1.6880556432886717e-05  nan  1  5  5  1.3852074855665245e-04  0.0000000000000000e+00  0
7.6800000000002399e+01  4.2637424513319415e-03  7.5664121356843056e-03  1  1.0160021367355192e+00  0.0000000000000000e+00  1.7096129527696295e-05  nan  1  5  5  1.3856196222846015e-04  0.0000000000000000e+00  0
7.7600000000002794e+01  4.2623868704849358e-03  7.5666147520725415e-03  1  1.0160056194515532e+00  0.0000000000000000e+00  1.7082096017521008e-05  nan  1  5  5  1.3861778509280631e-04  0.0000000000000000e+00  0
7.8400000000003203e+01  4.2608826627735822e-03  7.5664954629389089e-03  1  1.0160088973012125e+00  0.0000000000000000e+00  1.7197540674755016e-05  nan  1  5  5  1.3861483404791557e-04  0.0000000000000000e+00  0
7.9200000000003598e+01  4.2595452664348863e-03  7.5670161281207416e-03  1  1.0160128199007232e+00  0.0000000000000000e+00  1.7296467733572920e-05  nan  1  5  5  1.3863150113548259e-04  0.0000000000000000e+00  0
8.0000000000003993e+01  4.2587550804732872e-03  7.5684345128400471e-03  1  1.0160170147474856e+00  0.0000000000000000e+00  1.7300009302467319e-05  nan  1  5  5  1.3865813451694874e-04  0.0000000000000000e+00  0
8.0800000000004403e+01  4.2583756737603748e-03  7.5699895336364970e-03  1  1.0160212577046457e+00  0.0000000000000000e+00  1.7405232479469117e-05  nan  1  5  5  1.3868162140458836e-04  0.0000000000000000e+00  0
8.1600000000004798e+01  4.2581693543982130e-03  7.5714472868700540e-03  1  1.0160258749050615e+00  0.0000000000000000e+00  1.7437612800313744e-05  nan  1  5  5  1.3872093305020578e-04  0.0000000000000000e+00  0
8.2400000000005207e+01  4.2580535664558010e-03  7.5732562853418140e-03  1  1.0160301945677137e+00  0.0000000000000000e+00  1.7379861059931707e-05  nan  1  5  5  1.3874816815519030e-04  0.0000000000000000e+00  0
8.3200000000005701e+01  4.2580506363821425e-03  7.5754453560977139e-03  1  1.0160340745184722e+00  0.0000000000000000e+00  1.7509375672530096e-05  nan  1  5  5  1.3873461271833278e-04  0.0000000000000000e+00  0
8.4000000000006096e+01  4.2582156888682039e-03  7.5776866269441591e-03  1  1.0160394746784889e+00  0.0000000000000000e+00  1.7591233611985596e-05  nan  1  5  5  1.3876923666358097e-04  0.0000000000000000e+00  0
8.4800000000006506e+01  4.2585599010747429e-03  7.5798435381954927e-03  1  1.0160453909476999e+00  0.0000000000000000e+00  1.7397606253538775e-05  nan  1  5  5  1.3885963725977719e-04  0.0000000000000000e+00  0
8.5600000000006901e+01  4.2590003256235461e-03  7.5819839966856980e-03  1  1.0160500883304899e+00  0.0000000000000000e+00  1.7347765900664649e-05  nan  1  5  5  1.3886957499063327e-04  0.0000000000000000e+00  0
8.6400000000007296e+01  4.2595862324719177e-03  7.5843498989773073e-03  1  1.0160551060587975e+00  0.0000000000000000e+00  1.7558161570017436e-05  nan  1  5  5  1.3886378625803381e-04  0.0000000000000000e+00  0
8.7200000000007705e+01  4.2602677946639066e-03  7.5869302233384003e-03  1  1.0160610095128586e+00  0.0000000000000000e+00  1.7431691131557386e-05  nan  1  5  5  1.3890377565126889e-04  0.0000000000000000e+00  0
8.8000000000008100e+01  4.2608220797647877e-03  7.5894137781500823e-03  1  1.0160669836335887e+00  0.0000000000000000e+00  1.7318618208260760e-05  nan  1  5  5  1.3893357803342429e-04  0.0000000000000000e+00  0
8.8800000000008495e+01  4.2613109951612398e-03  7.5918272798944659e-03  1  1.0160724761459303e+00  0.0000000000000000e+00  1.7460394464976067e-05  nan  1  5  5  1.3895039235198783e-04  0.0000000000000000e+00  0
8.9600000000008905e+01  4.2620384125599533e-03  7.5944539202135409e-03  1  1.0160776976241357e+00  0.0000000000000000e+00  1.7660304294268965e-05  nan  1  5  5  1.3896718784169295e-04  0.0000000000000000e+00  0
9.0400000000009300e+01  4.2630250496895096e-03  7.5973174014602263e-03  1  1.0160836593242233e+00  0.0000000000000000e+00  1.7731177946176623e-05  nan  1  5  5  1.3899037146062747e-04  0.0000000000000000e+00  0
9.1200000000009794e+01  4.2639530804416698e-03  7.6003333817431509e-03  1  1.0160905903515207e+00  0.0000000000000000e+00  1.7623070672678214e-05  nan  1  5  5  1.3902820700730415e-04  0.0000000000000000e+00  0
9.2000000000010203e+01  4.2648791985899675e-03  7.6033441563055290e-03  1  1.0160974105051435e+00  0.0000000000000000e+00  1.7457309816620661e-05  nan  1  5  5  1.3906694717389327e-04  0.0000000000000000e+00  0
9.2800000000010598e+01  4.2661997599848980e-03  7.6061044558696335e-03  1  1.0161029783356299e+00  0.0000000000000000e+00  1.7581309537921797e-05  nan  1  5  5  1.3908011222755334e-04  0.0000000000000000e+00  0
9.3600000000010994e+01  4.2676969011320670e-03  7.6089929821210314e-03  1  1.0161081825510996e+00  0.0000000000000000e+00  1.7925821296077674e-05  nan  1  5  5  1.3908037006747374e-04  0.0000000000000000e+00  0
9.4400000000011403e+01  4.2689199301237371e-03  7.6125848864783121e-03  1  1.0161147178946530e+00  0.0000000000000000e+00  1.7942368587990467e-05  nan  1  5  5  1.3911139702270592e-04  0.0000000000000000e+00  0
9.5200000000011798e+01  4.2701160300770034e-03  7.6164127089424945e-03  1  1.0161220247392040e+00  0.0000000000000000e+00  1.7609928701557501e-05  nan  1  5  5  1.3916558297655398e-04  0.0000000000000000e+00  0
9.6000000000012193e+01  4.2715525019676607e-03  7.6197044752970523e-03  1  1.0161284732029574e+00  0.0000000000000000e+00  1.7448723997482286e-05  nan  1  5  5  1.3919372874648828e-04  0.0000000000000000e+00  0
9.6800000000012602e+01  4.2729944982409706e-03  7.6225166640378162e-03  1  1.0161339111994281e+00  0.0000000000000000e+00  1.7665679488008744e-05  nan  1  5  5  1.3919898304738041e-04  0.0000000000000000e+00  0
9.7600000000012997e+01  4.2743157531276894e-03  7.6254223730540544e-03  1  1.0161393748421572e+00  0.0000000000000000e+00  1.7998833858531252e-05  nan  1  5  5  1.3921349706298377e-04  0.0000000000000000e+00  0
9.8400000000013407e+01  4.2755277928924690e-03  7.6289127130372636e-03  1  1.0161460289762534e+00  0.0000000000000000e+00  1.8037052844208712e-05  nan  1  5  5  1.3923963994658058e-04  0.0000000000000000e+00  0
9.9200000000013802e+01  4.2766671531955947e-03  7.6325818625075665e-03  1  1.0161536153402717e+00  0.0000000000000000e+00  1.7665940953836374e-05  nan  1  5  5  1.3927993149972948e-04  0.0000000000000000e+00  0
1.0000000000001400e+02  4.2779496530556647e-03  7.6353772009955323e-03  1  1.0161599805983133e+00  0.0000000000000000e+00  1.7494655094256960e-05  nan  1  5  5  1.3931615690564706e-04  0.0000000000000000e+00  0
1.0080000000001500e+02  4.2792633000983838e-03  7.6375897341509858e-03  1  1.0161648233071299e+00  0.0000000000000000e+00  1.7912095357920633e-05  nan  1  5  5  1.3931510167937021e-04  0.0000000000000000e+00  0
1.0160000000001500e+02  4.2802307033572738e-03  7.6405542569585923e-03  1  1.0161708685503370e+00  0.0000000000000000e+00  1.8253933297397766e-05  nan  1  5  5  1.3932148156204643e-04  0.0000000000000000e+00  0
1.0240000000001500e+02  4.2810242690388663e-03  7.6441367175412219e-03  1  1.0161785396180234e+00  0.0000000000000000e+00  1.7938219945179504e-05  nan  1  5  5  1.3937853392363432e-04  0.0000000000000000e+00  0
1.0320000000001600e+02  4.2819734063573936e-03  7.6472070095546909e-03  1  1.0161850551904987e+00  0.0000000000000000e+00  1.7578039039493558e-05  nan  1  5  5  1.3941578822783429e-04  0.0000000000000000e+00  0
1.0400000000001600e+02  4.2829197583640821e-03  7.6498104140812163e-03  1  1.0161900373229007e+00  0.0000000000000000e+00  1.7885973645009878e-05  nan  1  5  5  1.3940260485360460e-04  0.0000000000000000e+00  0
1.0480000000001699e+02  4.2837227050907213e-03  7.6525921696965777e-03  1  1.0161958164443501e+00  0.0000000000000000e+00  1.8251282953792468e-05  nan  1  5  5  1.3941725772152644e-04  0.0000000000000000e+00  0
1.0560000000001700e+02  4.2845287662326400e-03  7.6554720306782394e-03  1  1.0162026394797963e+00  0.0000000000000000e+00  1.8298109284445286e-05  nan  1  5  5  1.3946099960420922e-04  0.0000000000000000e+00  0
1.0640000000001800e+02  4.2854312524219099e-03  7.6582162538182015e-03  1  1.0162095262970576e+00  0.0000000000000000e+00  1.8016541074923620e-05  nan  1  5  5  1.3947625986389609e-04  0.0000000000000000e+00  0
1.0720000000001799e+02  4.2863300565083870e-03  7.6608421083850728e-03  1  1.0162152118539591e+00  0.0000000000000000e+00  1.7972155282412183e-05  nan  1  5  5  1.3949067707820333e-04  0.0000000000000000e+00  0
1.0800000000001801e+02  4.2869785925943845e-03  7.6632402749459635e-03  1  1.0162201880214585e+00  0.0000000000000000e+00  1.8097696950090416e-05  nan  1  5  5  1.3952287186082065e-04  0.0000000000000000e+00  0
1.0880000000001900e+02  4.2873397890669457e-03  7.6655324469440973e-03  1  1.0162252424943514e+00  0.0000000000000000e+00  1.8405533322750584e-05  nan  1  5  5  1.3954249560388173e-04  0.0000000000000000e+00  0
1.0960000000001899e+02  4.2877995084146985e-03  7.6680829563721981e-03  1  1.0162313683621049e+00  0.0000000000000000e+00  1.8375625260150505e-05  nan  1  5  5  1.3956595665899206e-04  0.0000000000000000e+00  0
1.1040000000002000e+02  4.2886217291812911e-03  7.6707901531525282e-03  1  1.0162373988055029e+00  0.0000000000000000e+00  1.8191485282725953e-05  nan  1  5  5  1.3959228749270346e-04  0.0000000000000000e+00  0
1.1120000000002000e+02  4.2896341218937057e-03  7.6734619824683449e-03  1  1.0162424883157475e+00  0.0000000000000000e+00  1.8380519547382479e-05  nan  1  5  5  1.3958942127074701e-04  0.0000000000000000e+00  0
1.1200000000001999e+02  4.2905991471623656e-03  7.6763199012613234e-03  1  1.0162483887960747e+00  0.0000000000000000e+00  1.8667446579969425e-05  nan  1  5  5  1.3960246988603669e-04  0.0000000000000000e+00  0
1.1280000000002100e+02  4.2913953252128323e-03  7.6792787038580806e-03  1  1.0162555733060332e+00  0.0000000000000000e+00  1.8586524795724233e-05  nan  1  5  5  1.3965511853157415e-04  0.0000000000000000e+00  0
1.1360000000002100e+02  4.2920143196010611e-03  7.6819028657202099e-03  1  1.0162619495243297e+00  0.0000000000000000e+00  1.8397270016446841e-05  nan  1  5  5  1.3967389226059317e-04  0.0000000000000000e+00  0
1.1440000000002200e+02  4.2926904936550006e-03  7.6843703244437256e-03  1  1.0162671292389720e+00  0.0000000000000000e+00  1.8583807616414274e-05  nan  1  5  5  1.3965856761003642e-04  0.0000000000000000e+00  0
1.1520000000002200e+02  4.2937462974080784e-03  7.6872998179553249e-03  1  1.0162730962594442e+00  0.0000000000000000e+00  1.8708507356345275e-05  nan  1  5  5  1.3968567138567607e-04  0.0000000000000000e+00  0
1.1600000000002200e+02  4.2951024532521557e-03  7.6906857877321062e-03  1  1.0162801549641984e+00  0.0000000000000000e+00  1.8606914026463787e-05  nan  1  5  5  1.3974010933868225e-04  0.0000000000000000e+00  0
1.1680000000002300e+02  4.2963218318061436e-03  7.6939055000916712e-03  1  1.0162867559233340e+00  0.0000000000000000e+00  1.8477739339377656e-05  nan  1  5  5  1.3975874298643372e-04  0.0000000000000000e+00  0
1.1760000000002300e+02  4.2973244916028079e-03  7.6968476662093218e-03  1  1.0162928324316605e+00  0.0000000000000000e+00  1.8656739979767019e-05  nan  1  5  5  1.3975658885879495e-04  0.0000000000000000e+00  0
1.1840000000002399e+02  4.2984148828227337e-03  7.6999567894581785e-03  1  1.0162993218325060e+00  0.0000000000000000e+00  1.8749375394888094e-05  nan  1  5  5  1.3977981186156672e-04  0.0000000000000000e+00  0
1.1920000000002400e+02  4.2996045017925340e-03  7.7030895439187137e-03  1  1.0163058060748413e+00  0.0000000000000000e+00  1.8632009892644847e-05  nan  1  5  5  1.3981363801489314e-04  0.0000000000000000e+00  0
1.2000000000002400e+02  4.3006981781436053e-03  7.7058802302911967e-03  1  1.0163116760020270e+00  0.0000000000000000e+00  1.8635010214643632e-05  nan  1  5  5  1.3982703432207809e-04  0.0000000000000000e+00  0
1.2080000000002499e+02  4.3017267295614855e-03  7.7086115466688332e-03  1  1.0163176245190439e+00  0.0000000000000000e+00  1.8802758146795896e-05  nan  1  5  5  1.3983574240869799e-04  0.0000000000000000e+00  0
1.2160000000002501e+02  4.3027146439632308e-03  7.7115657267429801e-03  1  1.0163240688636053e+00  0.0000000000000000e+00  1.8869731818054769e-05  nan  1  5  5  1.3985729140435229e-04  0.0000000000000000e+00  0
1.2240000000002600e+02  4.3036505339585198e-03  7.7146558924252092e-03  1  1.0163306869862920e+00  0.0000000000000000e+00  1.8758715782119803e-05  nan  1  5  5  1.3988671981185504e-04  0.0000000000000000e+00  0
1.2320000000002599e+02  4.3046864151810218e-03  7.7176750412698419e-03  1  1.0163368662990624e+00  0.0000000000000000e+00  1.8691188954406613e-05  nan  1  5  5  1.3991101191477195e-04  0.0000000000000000e+00  0
1.2400000000002700e+02  4.3057181382248145e-03  7.7204197339868982e-03  1  1.0163425931020793e+00  0.0000000000000000e+00  1.8835388048550458e-05  nan  1  5  5  1.3992260453594654e-04  0.0000000000000000e+00  0
1.2480000000002700e+02  4.3065325911082761e-03  7.7231351973262698e-03  1  1.0163488427715961e+00  0.0000000000000000e+00  1.8953782408549210e-05  nan  1  5  5  1.3994426992779984e-04  0.0000000000000000e+00  0
1.2560000000002699e+02  4.3073692940013451e-03  7.7261360650735262e-03  1  1.0163551616914885e+00  0.0000000000000000e+00  1.8881989972239263e-05  nan  1  5  5  1.3996804940519874e-04  0.0000000000000000e+00  0
1.2640000000002800e+02  4.3082747523270808e-03  7.7290077993308328e-03  1  1.0163606406682835e+00  0.0000000000000000e+00  1.8911215886699894e-05  nan  1  5  5  1.3996770390369644e-04  0.0000000000000000e+00  0
1.2720000000002800e+02  4.3089185372039499e-03  7.7314044757759151e-03  1  1.0163665292434647e+00  0.0000000000000000e+00  1.9058262927904708e-05  nan  1  5  5  1.3998875342985232e-04  0.0000000000000000e+00  0
1.2800000000002899e+02  4.3095376465600724e-03  7.7337669562260727e-03  1  1.0163730875632484e+00  0.0000000000000000e+00  1.9025526245256412e-05  nan  1  5  5  1.4003171114882474e-04  0.0000000000000000e+00  0
1.2880000000002801e+02  4.3104952792914260e-03  7.7365213229198095e-03  1  1.0163790965997819e+00  0.0000000000000000e+00  1.8964500224159176e-05  nan  1  5  5  1.4004134100105195e-04  0.0000000000000000e+00  0
1.2960000000002699e+02  4.3114356542330303e-03  7.7395354202220486e-03  1  1.0163848434302052e+00  0.0000000000000000e+00  1.9067739826221318e-05  nan  1  5  5  1.4004680148539173e-04  0.0000000000000000e+00  0
1.3040000000002601e+02  4.3121581678228667e-03  7.7424149611973426e-03  1  1.0163906257127249e+00  0.0000000000000000e+00  1.9202547801145781e-05  nan  1  5  5  1.4006357871461562e-04  0.0000000000000000e+00  0
1.3120000000002599e+02  4.3130171424182627e-03  7.7450913287993263e-03  1  1.0163966566328053e+00  0.0000000000000000e+00  1.9289372050805330e-05  nan  1  5  5  1.4007560398670448e-04  0.0000000000000000e+00  0
1.3200000000002501e+02  4.3140469748561422e-03  7.7479483982644121e-03  1  1.0164036019543861e+00  0.0000000000000000e+00  1.9180110965935607e-05  nan  1  5  5  1.4011674316346739e-04  0.0000000000000000e+00  0
1.3280000000002400e+02  4.3150763333419107e-03  7.7510196370481977e-03  1  1.0164098796877954e+00  0.0000000000000000e+00  1.9024029854659468e-05  nan  1  5  5  1.4014472034267538e-04  0.0000000000000000e+00  0
1.3360000000002299e+02  4.3162011028903321e-03  7.7539700156179243e-03  1  1.0164147783066382e+00  0.0000000000000000e+00  1.9299384519019289e-05  nan  1  5  5  1.4011267868455811e-04  0.0000000000000000e+00  0
1.3440000000002300e+02  4.3174034932771908e-03  7.7569234604376210e-03  1  1.0164211839388846e+00  0.0000000000000000e+00  1.9655928124719417e-05  nan  1  5  5  1.4012267817063354e-04  0.0000000000000000e+00  0
1.3520000000002199e+02  4.3185783666226957e-03  7.7601148150388223e-03  1  1.0164291515785737e+00  0.0000000000000000e+00  1.9383755702076237e-05  nan  1  5  5  1.4019244888395207e-04  0.0000000000000000e+00  0
1.3600000000002100e+02  4.3198393748498948e-03  7.7634472267613160e-03  1  1.0164357510988455e+00  0.0000000000000000e+00  1.9125684405713520e-05  nan  1  5  5  1.4020905560804066e-04  0.0000000000000000e+00  0
1.3680000000002099e+02  4.3212243701517732e-03  7.7668815794999313e-03  1  1.0164415238265447e+00  0.0000000000000000e+00  1.9347744596532889e-05  nan  1  5  5  1.4019631867453767e-04  0.0000000000000000e+00  0
1.3760000000002000e+02  4.3226332488143018e-03  7.7702619339409858e-03  1  1.0164481813745072e+00  0.0000000000000000e+00  1.9542384809974257e-05  nan  1  5  5  1.4022112574027098e-04  0.0000000000000000e+00  0
1.3840000000001899e+02  4.3240994031917808e-03  7.7733527295468586e-03  1  1.0164551247999718e+00  0.0000000000000000e+00  1.9471876587417132e-05  nan  1  5  5  1.4024316220336193e-04  0.0000000000000000e+00  0
1.3920000000001801e+02  4.3256460580708448e-03  7.7765119991637611e-03  1  1.0164619803386261e+00  0.0000000000000000e+00  1.9426254459744200e-05  nan  1  5  5  1.4025291475194804e-04  0.0000000000000000e+00  0
1.4000000000001799e+02  4.3271856845038849e-03  7.7801520266200042e-03  1  1.0164689490970078e+00  0.0000000000000000e+00  1.9430117559792296e-05  nan  1  5  5  1.4027538051757807e-04  0.0000000000000000e+00  0
1.4080000000001701e+02  4.3287521246060537e-03  7.7839037426138021e-03  1  1.0164755768299580e+00  0.0000000000000000e+00  1.9448158002185907e-05  nan  1  5  5  1.4029230658456734e-04  0.0000000000000000e+00  0
1.4160000000001600e+02  4.3303836404930962e-03  7.7873380186056608e-03  1  1.0164819040623554e+00  0.0000000000000000e+00  1.9555926581478392e-05  nan  1  5  5  1.4030013239678797e-04  0.0000000000000000e+00  0
1.4240000000001501e+02  4.3319430428438903e-03  7.7906499585103329e-03  1  1.0164886161341120e+00  0.0000000000000000e+00  1.9649025859754294e-05  nan  1  5  5  1.4031620205244360e-04  0.0000000000000000e+00  0
1.4320000000001500e+02  4.3334168297855680e-03  7.7941248993428219e-03  1  1.0164958536772348e+00  0.0000000000000000e+00  1.9585467504174400e-05  nan  1  5  5  1.4034029096938341e-04  0.0000000000000000e+00  0
1.4400000000001401e+02  4.3349369236134003e-03  7.7976780000979197e-03  1  1.0165029373641803e+00  0.0000000000000000e+00  1.9485611251039199e-05  nan  1  5  5  1.4036345936021221e-04  0.0000000000000000e+00  0
1.4480000000001300e+02  4.3364979623278632e-03  7.8011239336651774e-03  1  1.0165092925927173e+00  0.0000000000000000e+00  1.9573538607799339e-05  nan  1  5  5  1.4036953007214194e-04  0.0000000000000000e+00  0
1.4560000000001301e+02  4.3380604523782854e-03  7.8045255192327181e-03  1  1.0165158975638218e+00  0.0000000000000000e+00  1.9724295246743787e-05  nan  1  5  5  1.4037758039899212e-04  0.0000000000000000e+00  0
1.4640000000001200e+02  4.3396238284526710e-03  7.8079625514520454e-03  1  1.0165233095711053e+00  0.0000000000000000e+00  1.9701961410491687e-05  nan  1  5  5  1.4041020040522341e-04  0.0000000000000000e+00  0
1.4720000000001099e+02  4.3411260941619480e-03  7.8113284875400441e-03  1  1.0165302064052839e+00  0.0000000000000000e+00  1.9657963511843087e-05  nan  1  5  5  1.4042187211462181e-04  0.0000000000000000e+00  0
1.4800000000001000e+02  4.3426030990947190e-03  7.8146872507786919e-03  1  1.0165366457835923e+00  0.0000000000000000e+00  1.9739178111991375e-05  nan  1  5  5  1.4041843370809966e-04  0.0000000000000000e+00  0
1.4880000000000999e+02  4.3441398292062778e-03  7.8181771614833136e-03  1  1.0165434176487336e+00  0.0000000000000000e+00  1.9794502906857543e-05  nan  1  5  5  1.4044294608845677e-04  0.0000000000000000e+00  0
1.4960000000000900e+02  4.3456257369386807e-03  7.8216915859630181e-03  1  1.0165500871096205e+00  0.0000000000000000e+00  1.9812066015206271e-05  nan  1  5  5  1.4046462816415058e-04  0.0000000000000000e+00  0
1.5040000000000799e+02  4.3470965879740886e-03  7.8252150256024541e-03  1  1.0165567839657292e+00  0.0000000000000000e+00  1.9864399020883895e-05  nan  1  5  5  1.4047582751070613e-04  0.0000000000000000e+00  0
1.5120000000000701e+02  4.3487485979600317e-03  7.8287554893272399e-03  1  1.0165637164467354e+00  0.0000000000000000e+00  1.9868532336535296e-05  nan  1  5  5  1.4049242195628622e-04  0.0000000000000000e+00  0
1.5200000000000699e+02  4.3503985906158992e-03  7.8320965871127128e-03  1  1.0165704145799630e+00  0.0000000000000000e+00  1.9890503710767762e-05  nan  1  5  5  1.4049620158561196e-04  0.0000000000000000e+00  0
1.5280000000000601e+02  4.3518583144196319e-03  7.8353887369924588e-03  1  1.0165772706193097e+00  0.0000000000000000e+00  1.9948919846428173e-05  nan  1  5  5  1.4050695416523867e-04  0.0000000000000000e+00  0
1.5360000000000500e+02  4.3533231541058905e-03  7.8389595121354343e-03  1  1.0165845470509809e+00  0.0000000000000000e+00  1.9883894345405790e-05  nan  1  5  5  1.4054629262200119e-04  0.0000000000000000e+00  0
1.5440000000000501e+02  4.3548960043477691e-03  7.8425176715097352e-03  1  1.0165910828438045e+00  0.0000000000000000e+00  1.9855918820985088e-05  nan  1  5  5  1.4055697203494620e-04  0.0000000000000000e+00  0
1.5520000000000400e+02  4.3565344087270847e-03  7.8458118679606646e-03  1  1.0165971553770365e+00  0.0000000000000000e+00  2.0035741074630851e-05  nan  1  5  5  1.4053557896297734e-04  0.0000000000000000e+00  0
1.5600000000000301e+02  4.3582231956744190e-03  7.8491531354827077e-03  1  1.0166041718914174e+00  0.0000000000000000e+00  2.0143327608528091e-05  nan  1  5  5  1.4055455533788750e-04  0.0000000000000000e+00  0
1.5680000000000200e+02  4.3597723693011327e-03  7.8527243527472083e-03  1  1.0166115425426852e+00  0.0000000000000000e+00  2.0043987744372209e-05  nan  1  5  5  1.4059256025735487e-04  0.0000000000000000e+00  0
1.5760000000000201e+02  4.3610814685123506e-03  7.8563918247088853e-03  1  1.0166184474419291e+00  0.0000000000000000e+00  1.9975090283832484e-05  nan  1  5  5  1.4060500977602686e-04  0.0000000000000000e+00  0
1.5840000000000100e+02  4.3624443923496858e-03  7.8598409443680281e-03  1  1.0166250774243599e+00  0.0000000000000000e+00  2.0030890534832016e-05  nan  1  5  5  1.4061182445599077e-04  0.0000000000000000e+00  0
1.5919999999999999e+02  4.3640544337433963e-03  7.8628601088503985e-03  1  1.0166316285299468e+00  0.0000000000000000e+00  2.0132447411686306e-05  nan  1  5  5  1.4062071462203707e-04  0.0000000000000000e+00  0
1.5999999999999901e+02  4.3657400924901665e-03  7.8659565720773355e-03  1  1.0166385072939450e+00  0.0000000000000000e+00  2.0183211183757801e-05  nan  1  5  5  1.4063288543439669e-04  0.0000000000000000e+00  0
1.6079999999999899e+02  4.3673189554848946e-03  7.8696483000792756e-03  1  1.0166455836674491e+00  0.0000000000000000e+00  2.0136969864507205e-05  nan  1  5  5  1.4065061850208446e-04  0.0000000000000000e+00  0
1.6159999999999800e+02  4.3687813123604868e-03  7.8734494180965325e-03  1  1.0166521231849219e+00  0.0000000000000000e+00  2.0162141806320559e-05  nan  1  5  5  1.4066163569430870e-04  0.0000000000000000e+00  0
1.6239999999999699e+02  4.3702764483895410e-03  7.8768054329428037e-03  1  1.0166583876769453e+00  0.0000000000000000e+00  2.0331348976841283e-05  nan  1  5  5  1.4066879687681135e-04  0.0000000000000000e+00  0
1.6319999999999700e+02  4.3719343257660297e-03  7.8799996320825603e-03  1  1.0166652104443201e+00  0.0000000000000000e+00  2.0397288950913497e-05  nan  1  5  5  1.4068135112881196e-04  0.0000000000000000e+00  0
1.6399999999999599e+02  4.3736313063905902e-03  7.8834729367776510e-03  1  1.0166724957694295e+00  0.0000000000000000e+00  2.0282418128501915e-05  nan  1  5  5  1.4069658531652100e-04  0.0000000000000000e+00  0
1.6479999999999501e+02  4.3752083625217793e-03  7.8872526700515498e-03  1  1.0166795989110529e+00  0.0000000000000000e+00  2.0215516464400806e-05  nan  1  5  5  1.4071213668786494e-04  0.0000000000000000e+00  0
1.6559999999999400e+02  4.3767735070145411e-03  7.8910726647970116e-03  1  1.0166862715995120e+00  0.0000000000000000e+00  2.0291425637930547e-05  nan  1  5  5  1.4072532971078896e-04  0.0000000000000000e+00  0
1.6639999999999401e+02  4.3784764052895841e-03  7.8946406397013055e-03  1  1.0166927806510251e+00  0.0000000000000000e+00  2.0403530819437299e-05  nan  1  5  5  1.4073397381889562e-04  0.0000000000000000e+00  0
1.6719999999999300e+02  4.3802421517675251e-03  7.8979758693842311e-03  1  1.0166996938372079e+00  0.0000000000000000e+00  2.0432082209660198e-05  nan  1  5  5  1.4074477591966822e-04  0.0000000000000000e+00  0
1.6799999999999201e+02  4.3819488525825819e-03  7.9013698012165949e-03  1  1.0167070676546046e+00  0.0000000000000000e+00  2.0346716375296219e-05  nan  1  5  5  1.4075977287877556e-04  0.0000000000000000e+00  0
1.6879999999999100e+02  4.3836090144851137e-03  7.9049869808466150e-03  1  1.0167140180683085e+00  0.0000000000000000e+00  2.0331132950008952e-05  nan  1  5  5  1.4076853851835647e-04  0.0000000000000000e+00  0
1.6959999999999101e+02  4.3852680924559495e-03  7.9087421769487125e-03  1  1.0167203460415699e+00  0.0000000000000000e+00  2.0500646381104322e-05  nan  1  5  5  1.4077223364092456e-04  0.0000000000000000e+00  0
1.7039999999999000e+02  4.3869384021588123e-03  7.9124268201287880e-03  1  1.0167271962776603e+00  0.0000000000000000e+00  2.0599214352520651e-05  nan  1  5  5  1.4078777771877303e-04  0.0000000000000000e+00  0
1.7119999999998899e+02  4.3886408763395071e-03  7.9159297414614169e-03  1  1.0167347313926280e+00  0.0000000000000000e+00  2.0489338977728092e-05  nan  1  5  5  1.4080982941643680e-04  0.0000000000000000e+00  0
1.7199999999998900e+02  4.3903720325521580e-03  7.9194154977975835e-03  1  1.0167418636461780e+00  0.0000000000000000e+00  2.0426452234164481e-05  nan  1  5  5  1.4081589508020345e-04  0.0000000000000000e+00  0
1.7279999999998799e+02  4.3920947353980073e-03  7.9230469906337794e-03  1  1.0167486007633506e+00  0.0000000000000000e+00  2.0500189766931874e-05  nan  1  5  5  1.4081807372311151e-04  0.0000000000000000e+00  0
1.7359999999998701e+02  4.3937903952174289e-03  7.9266743978864979e-03  1  1.0167554300513004e+00  0.0000000000000000e+00  2.0555608753909632e-05  nan  1  5  5  1.4083187643721754e-04  0.0000000000000000e+00  0
1.7439999999998599e+02  4.3954598164701267e-03  7.9301611372887635e-03  1  1.0167621221860326e+00  0.0000000000000000e+00  2.0606719969083252e-05  nan  1  5  5  1.4083767970301438e-04  0.0000000000000000e+00  0
1.7519999999998601e+02  4.3971493469468414e-03  7.9336812934595151e-03  1  1.0167690885476801e+00  0.0000000000000000e+00  2.0657141079563673e-05  nan  1  5  5  1.4084456783891702e-04  0.0000000000000000e+00  0
1.7599999999998499e+02  4.3989243648058351e-03  7.9373808492755309e-03  1  1.0167765834509952e+00  0.0000000000000000e+00  2.0602683236163813e-05  nan  1  5  5  1.4086966088579448e-04  0.0000000000000000e+00  0
1.7679999999998401e+02  4.4007263360393966e-03  7.9411020675505348e-03  1  1.0167836270605977e+00  0.0000000000000000e+00  2.0571210991942562e-05  nan  1  5  5  1.4087837557560731e-04  0.0000000000000000e+00  0
1.7759999999998300e+02  4.4024325052822774e-03  7.9446276784593071e-03  1  1.0167903065406796e+00  0.0000000000000000e+00  2.0670968072754182e-05  nan  1  5  5  1.4087210042547374e-04  0.0000000000000000e+00  0
1.7839999999998301e+02  4.4040850185576592e-03  7.9480609761585323e-03  1  1.0167974164574776e+00  0.0000000000000000e+00  2.0730119991998139e-05  nan  1  5  5  1.4088926314015319e-04  0.0000000000000000e+00  0
1.7919999999998200e+02  4.4058485830904218e-03  7.9517517914034427e-03  1  1.0168043497492234e+00  0.0000000000000000e+00  2.0733060742855874e-05  nan  1  5  5  1.4090521417744548e-04  0.0000000000000000e+00  0
1.7999999999998099e+02  4.4077427148401386e-03  7.9556747819373459e-03  1  1.0168110342860774e+00  0.0000000000000000e+00  2.0789760085043032e-05  nan  1  5  5  1.4090343339358280e-04  0.0000000000000000e+00  0
1.8079999999998100e+02  4.4096082932688985e-03  7.9593781868572376e-03  1  1.0168182856593233e+00  0.0000000000000000e+00  2.0789791739963006e-05  nan  1  5  5  1.4091762909643305e-04  0.0000000000000000e+00  0
1.8159999999998001e+02  4.4113606126289255e-03  7.9628141843710327e-03  1  1.0168254649633743e+00  0.0000000000000000e+00  2.0741476427953190e-05  nan  1  5  5  1.4093310957948027e-04  0.0000000000000000e+00  0
1.8239999999997900e+02  4.4131002417954323e-03  7.9664405079882244e-03  1  1.0168321207756179e+00  0.0000000000000000e+00  2.0811119087379417e-05  nan  1  5  5  1.4093208600161783e-04  0.0000000000000000e+00  0
1.8319999999997799e+02  4.4149451112228139e-03  7.9703707525942864e-03  1  1.0168391646972010e+00  0.0000000000000000e+00  2.0877388450342771e-05  nan  1  5  5  1.4094643868543897e-04  0.0000000000000000e+00  0
1.8399999999997800e+02  4.4168983574832633e-03  7.9742297103611998e-03  1  1.0168465123892498e+00  0.0000000000000000e+00  2.0837690285273793e-05  nan  1  5  5  1.4096397792906815e-04  0.0000000000000000e+00  0
1.8479999999997699e+02  4.4188595711733220e-03  7.9778561528180223e-03  1  1.0168536684511027e+00  0.0000000000000000e+00  2.0851449828392075e-05  nan  1  5  5  1.4096243848666387e-04  0.0000000000000000e+00  0
1.8559999999997601e+02  4.4207019155977452e-03  7.9815233268619584e-03  1  1.0168609641336936e+00  0.0000000000000000e+00  2.0882337927366141e-05  nan  1  5  5  1.4097424712008119e-04  0.0000000000000000e+00  0
1.8639999999997499e+02  4.4224490753543046e-03  7.9854144368913301e-03  1  1.0168679748209655e+00  0.0000000000000000e+00  2.0868502150093487e-05  nan  1  5  5  1.4099356721213922e-04  0.0000000000000000e+00  0
1.8719999999997501e+02  4.4243015054908508e-03  7.9892974009846771e-03  1  1.0168744187186511e+00  0.0000000000000000e+00  2.0991854502294751e-05  nan  1  5  5  1.4098658786566295e-04  0.0000000000000000e+00  0
1.8799999999997399e+02  4.4263332887729519e-03  7.9929637106791566e-03  1  1.0168815611384050e+00  0.0000000000000000e+00  2.1136035498706384e-05  nan  1  5  5  1.4098514340898200e-04  0.0000000000000000e+00  0
1.8879999999997301e+02  4.4283695447508561e-03  7.9966492322765710e-03  1  1.0168895207522810e+00  0.0000000000000000e+00  2.1012956612623938e-05  nan  1  5  5  1.4101236393923390e-04  0.0000000000000000e+00  0
1.8959999999997299e+02  4.4302629945524577e-03  8.0005646465999523e-03  1  1.0168966725962743e+00  0.0000000000000000e+00  2.0871235094591808e-05  nan  1  5  5  1.4102379044001977e-04  0.0000000000000000e+00  0
1.9039999999997201e+02  4.4320794875566984e-03  8.0044520817217843e-03  1  1.0169030246504758e+00  0.0000000000000000e+00  2.1036711154707960e-05  nan  1  5  5  1.4100919146963186e-04  0.0000000000000000e+00  0
1.9119999999997100e+02  4.4339914790662701e-03  8.0081101003494186e-03  1  1.0169101900208337e+00  0.0000000000000000e+00  2.1212289945599820e-05  nan  1  5  5  1.4101480909307540e-04  0.0000000000000000e+00  0
1.9199999999996999e+02  4.4360561584176729e-03  8.0117943829685311e-03  1  1.0169182194731954e+00  0.0000000000000000e+00  2.1078456814804866e-05  nan  1  5  5  1.4104325889943074e-04  0.0000000000000000e+00  0
1.9279999999997000e+02  4.4381234303570074e-03  8.0157071204217042e-03  1  1.0169255874658303e+00  0.0000000000000000e+00  2.0937484352359963e-05  nan  1  5  5  1.4105037655540056e-04  0.0000000000000000e+00  0
1.9359999999996899e+02  4.4400670124807324e-03  8.0196725242942506e-03  1  1.0169320206966781e+00  0.0000000000000000e+00  2.1078674855636245e-05  nan  1  5  5  1.4103530258316853e-04  0.0000000000000000e+00  0
1.9439999999996800e+02  4.4419950020685136e-03  8.0234908528193424e-03  1  1.0169389099267760e+00  0.0000000000000000e+00  2.1239394914305282e-05  nan  1  5  5  1.4103854374681479e-04  0.0000000000000000e+00  0
1.9519999999996699e+02  4.4440524944283754e-03  8.0272807928768071e-03  1  1.0169466873532100e+00  0.0000000000000000e+00  2.1195471561355837e-05  nan  1  5  5  1.4106166662233242e-04  0.0000000000000000e+00  0
1.9599999999996700e+02  4.4461915968470895e-03  8.0312759159706353e-03  1  1.0169543253196818e+00  0.0000000000000000e+00  2.1089938227168717e-05  nan  1  5  5  1.4107524567950883e-04  0.0000000000000000e+00  0
1.9679999999996599e+02  4.4482895766791630e-03  8.0353730477346168e-03  1  1.0169613475061565e+00  0.0000000000000000e+00  2.1070036870948951e-05  nan  1  5  5  1.4107457182611981e-04  0.0000000000000000e+00  0
1.9759999999996501e+02  4.4503283653269709e-03  8.0392618103920614e-03  1  1.0169682318657587e+00  0.0000000000000000e+00  2.1169668332704361e-05  nan  1  5  5  1.4107132689003080e-04  0.0000000000000000e+00  0
1.9839999999996499e+02  4.4523545195013390e-03  8.0430087865637455e-03  1  1.0169756092299085e+00  0.0000000000000000e+00  2.1261099635060410e-05  nan  1  5  5  1.4108158129509213e-04  0.0000000000000000e+00  0
1.9919999999996401e+02  4.4543817863075099e-03  8.0469163399666914e-03  1  1.0169833852210648e+00  0.0000000000000000e+00  2.1170789611762164e-05  nan  1  5  5  1.4110666386933293e-04  0.0000000000000000e+00  0
1.9999999999996299e+02  4.4564144718261950e-03  8.0509464265885195e-03  1  1.0169905796616978e+00  0.0000000000000000e+00  2.1102094945332709e-05  nan  1  5  5  1.4111304837375154e-04  0.0000000000000000e+00  0
2.0000999999996299e+02  4.4564400613925186e-03  8.0509965318117001e-03  1  1.0169906640608433e+00  0.0000000000000000e+00  2.1102841127554223e-05  nan  1  5  5  1.4111292816314423e-04  0.0000000000000000e+00  0
