# time  f_op  f_geo  geo_trustworthy  max_local_speed  superluminal_fraction  max_shift  structure_coherence  reachable  n_rays  n_reached  max_h_rel_drift  f_geo_evol  f_geo_evol_ok
0.0000000000000000e+00  0.0000000000000000e+00  0.0000000000000000e+00  0  9.8093610859135627e-01  0.0000000000000000e+00  0.0000000000000000e+00  nan  1  0  0  0.0000000000000000e+00  0.0000000000000000e+00  0
2.6666666666666600e-01  0.0000000000000000e+00  0.0000000000000000e+00  0  9.8161990226833229e-01  0.0000000000000000e+00  1.3649711317278690e-03  nan  1  0  0  0.0000000000000000e+00  0.0000000000000000e+00  0
5.3333333333333299e-01  0.0000000000000000e+00  0.0000000000000000e+00  0  9.8214693782630369e-01  0.0000000000000000e+00  4.1814946716952446e-03  nan  1  0  0  0.0000000000000000e+00  0.0000000000000000e+00  0
8.0000000000000104e-01  0.0000000000000000e+00  0.0000000000000000e+00  0  9.8241600332683443e-01  0.0000000000000000e+00  7.4934781764835539e-03  nan  1  0  0  0.0000000000000000e+00  0.0000000000000000e+00  0
1.0666666666666700e+00  0.0000000000000000e+00  0.0000000000000000e+00  0  9.8228108965191552e-01  0.0000000000000000e+00  1.0882593121436851e-02  nan  1  0  0  0.0000000000000000e+00  0.0000000000000000e+00  0
1.3333333333333299e+00  0.0000000000000000e+00  0.0000000000000000e+00  0  9.8155905460688397e-01  0.0000000000000000e+00  1.3416772816373445e-02  nan  1  0  0  0.0000000000000000e+00  0.0000000000000000e+00  0
1.6000000000000001e+00  0.0000000000000000e+00  0.0000000000000000e+00  0  9.8002147556061936e-01  0.0000000000000000e+00  1.5807086660981594e-02  nan  1  0  0  0.0000000000000000e+00  0.0000000000000000e+00  0
1.8666666666666600e+00  0.0000000000000000e+00  0.0000000000000000e+00  0  9.7753724059254721e-01  0.0000000000000000e+00  1.7626464180937430e-02  nan  1  0  0  0.0000000000000000e+00  0.0000000000000000e+00  0
2.1333333333333302e+00  0.0000000000000000e+00  0.0000000000000000e+00  0  9.7409834792905403e-01  0.0000000000000000e+00  1.8938985350405644e-02  nan  1  0  0  0.0000000000000000e+00  0.0000000000000000e+00  0
2.3999999999999999e+00  0.0000000000000000e+00  0.0000000000000000e+00  0  9.6966488688254293e-01  0.0000000000000000e+00  2.0177339659516833e-02  nan  1  0  0  0.0000000000000000e+00  0.0000000000000000e+00  0
2.6666666666666701e+00  0.0000000000000000e+00  0.0000000000000000e+00  0  9.6413290584722933e-01  0.0000000000000000e+00  2.1985199155650434e-02  nan  1  0  0  0.0000000000000000e+00  0.0000000000000000e+00  0
2.9333333333333500e+00  0.0000000000000000e+00  0.0000000000000000e+00  0  9.5755478315750608e-01  0.0000000000000000e+00  2.4125477131828048e-02  nan  1  0  0  0.0000000000000000e+00  0.0000000000000000e+00  0
3.2000000000000202e+00  0.0000000000000000e+00  0.0000000000000000e+00  0  9.5032827547324872e-01  0.0000000000000000e+00  2.6437317678305875e-02  nan  1  0  0  0.0000000000000000e+00  0.0000000000000000e+00  0
3.4666666666666899e+00  0.0000000000000000e+00  0.0000000000000000e+00  0  9.4305935832053644e-01  0.0000000000000000e+00  2.8851376638408734e-02  nan  1  0  0  0.0000000000000000e+00  0.0000000000000000e+00  0
3.7333333333333698e+00  0.0000000000000000e+00  0.0000000000000000e+00  0  9.3621901705369259e-01  0.0000000000000000e+00  3.1480528431826499e-02  nan  1  0  0  0.0000000000000000e+00  0.0000000000000000e+00  0
4.0000000000000400e+00  0.0000000000000000e+00  0.0000000000000000e+00  0  9.2996184411427318e-01  0.0000000000000000e+00  3.5093554893332664e-02  nan  1  0  0  0.0000000000000000e+00  0.0000000000000000e+00  0
4.2666666666667101e+00  0.0000000000000000e+00  0.0000000000000000e+00  0  9.2422583854050766e-01  0.0000000000000000e+00  3.8796540665780435e-02  nan  1  0  0  0.0000000000000000e+00  0.0000000000000000e+00  0
4.5333333333333803e+00  0.0000000000000000e+00  0.0000000000000000e+00  0  9.1891861567153188e-01  0.0000000000000000e+00  3.7380164941555681e-02  nan  1  0  0  0.0000000000000000e+00  0.0000000000000000e+00  0
4.8000000000000602e+00  0.0000000000000000e+00  0.0000000000000000e+00  0  9.1400575112369620e-01  0.0000000000000000e+00  3.0576277564490256e-02  nan  1  0  0  0.0000000000000000e+00  0.0000000000000000e+00  0
5.0666666666667304e+00  0.0000000000000000e+00  0.0000000000000000e+00  0  9.0949585273554423e-01  0.0000000000000000e+00  2.3765276485307383e-02  nan  1  0  0  0.0000000000000000e+00  0.0000000000000000e+00  0
5.3333333333333997e+00  0.0000000000000000e+00  0.0000000000000000e+00  0  9.0539947990935554e-01  0.0000000000000000e+00  2.0197529986751919e-02  nan  1  0  0  0.0000000000000000e+00  0.0000000000000000e+00  0
5.6000000000000796e+00  0.0000000000000000e+00  0.0000000000000000e+00  0  9.0170467779633034e-01  0.0000000000000000e+00  1.9259568577676217e-02  nan  1  0  0  0.0000000000000000e+00  0.0000000000000000e+00  0
5.8666666666667497e+00  0.0000000000000000e+00  0.0000000000000000e+00  0  8.9837017234749739e-01  0.0000000000000000e+00  2.0259860765731909e-02  nan  1  0  0  0.0000000000000000e+00  0.0000000000000000e+00  0
6.1333333333334199e+00  0.0000000000000000e+00  0.0000000000000000e+00  0  8.9532415937754184e-01  0.0000000000000000e+00  2.1934597380869045e-02  nan  1  0  0  0.0000000000000000e+00  0.0000000000000000e+00  0
6.4000000000000901e+00  0.0000000000000000e+00  0.0000000000000000e+00  0  8.9245371942202323e-01  0.0000000000000000e+00  2.2716163561272356e-02  nan  1  0  0  0.0000000000000000e+00  0.0000000000000000e+00  0
6.6666666666667700e+00  0.0000000000000000e+00  0.0000000000000000e+00  0  8.9011999881068538e-01  0.0000000000000000e+00  2.3034183644460044e-02  nan  1  0  0  0.0000000000000000e+00  0.0000000000000000e+00  0
6.9333333333334402e+00  0.0000000000000000e+00  0.0000000000000000e+00  0  8.8900661089684641e-01  0.0000000000000000e+00  2.2859430297753450e-02  nan  1  0  0  0.0000000000000000e+00  0.0000000000000000e+00  0
7.2000000000001103e+00  0.0000000000000000e+00  0.0000000000000000e+00  0  8.8772092486910692e-01  0.0000000000000000e+00  2.2469594767285151e-02  nan  1  0  0  0.0000000000000000e+00  0.0000000000000000e+00  0
7.4666666666667796e+00  0.0000000000000000e+00  0.0000000000000000e+00  0  8.8623118901508091e-01  0.0000000000000000e+00  2.1960342922444254e-02  nan  1  0  0  0.0000000000000000e+00  0.0000000000000000e+00  0
7.7333333333334604e+00  0.0000000000000000e+00  0.0000000000000000e+00  0  8.9195865701959265e-01  0.0000000000000000e+00  2.1710617730673953e-02  nan  1  0  0  0.0000000000000000e+00  0.0000000000000000e+00  0
8.0000000000001297e+00  0.0000000000000000e+00  0.0000000000000000e+00  0  8.9684588822166511e-01  0.0000000000000000e+00  2.1525051519476687e-02  nan  1  0  0  0.0000000000000000e+00  0.0000000000000000e+00  0
8.2666666666667705e+00  0.0000000000000000e+00  0.0000000000000000e+00  0  9.2010937645612156e-01  0.0000000000000000e+00  2.1576311764336532e-02  nan  1  0  0  0.0000000000000000e+00  0.0000000000000000e+00  0
8.5333333333334007e+00  0.0000000000000000e+00  0.0000000000000000e+00  0  9.4567087782271142e-01  0.0000000000000000e+00  2.3856310703888103e-02  nan  1  0  0  0.0000000000000000e+00  0.0000000000000000e+00  0
8.8000000000000398e+00  0.0000000000000000e+00  0.0000000000000000e+00  0  9.6235077567893368e-01  0.0000000000000000e+00  2.5934542041870901e-02  nan  1  0  0  0.0000000000000000e+00  0.0000000000000000e+00  0
9.0666666666666806e+00  0.0000000000000000e+00  0.0000000000000000e+00  0  9.7339785844640381e-01  0.0000000000000000e+00  2.7305709833398438e-02  nan  1  0  0  0.0000000000000000e+00  0.0000000000000000e+00  0
9.3333333333333197e+00  0.0000000000000000e+00  0.0000000000000000e+00  0  9.8036402252212440e-01  0.0000000000000000e+00  2.7993302342148172e-02  nan  1  0  0  0.0000000000000000e+00  0.0000000000000000e+00  0
9.5999999999999499e+00  0.0000000000000000e+00  0.0000000000000000e+00  0  9.8443725752867028e-01  0.0000000000000000e+00  2.8507410570569592e-02  nan  1  0  0  0.0000000000000000e+00  0.0000000000000000e+00  0
9.8666666666665908e+00  0.0000000000000000e+00  0.0000000000000000e+00  0  9.8691652805824648e-01  0.0000000000000000e+00  2.8683112699727831e-02  nan  1  0  0  0.0000000000000000e+00  0.0000000000000000e+00  0
1.0133333333333200e+01  0.0000000000000000e+00  0.0000000000000000e+00  0  9.8851736390720135e-01  0.0000000000000000e+00  2.8446876672916059e-02  nan  1  0  0  0.0000000000000000e+00  0.0000000000000000e+00  0
1.0399999999999901e+01  0.0000000000000000e+00  0.0000000000000000e+00  0  9.8949042535569731e-01  0.0000000000000000e+00  2.7874471585138328e-02  nan  1  0  0  0.0000000000000000e+00  0.0000000000000000e+00  0
1.0666666666666501e+01  0.0000000000000000e+00  0.0000000000000000e+00  0  9.8982977456310228e-01  0.0000000000000000e+00  2.7359508481635264e-02  nan  1  0  0  0.0000000000000000e+00  0.0000000000000000e+00  0
1.0933333333333101e+01  0.0000000000000000e+00  0.0000000000000000e+00  0  9.9027273044905884e-01  0.0000000000000000e+00  2.6714931456478908e-02  nan  1  0  0  0.0000000000000000e+00  0.0000000000000000e+00  0
1.1199999999999800e+01  0.0000000000000000e+00  0.0000000000000000e+00  0  9.9103381131067503e-01  0.0000000000000000e+00  2.5900099246725056e-02  nan  1  0  0  0.0000000000000000e+00  0.0000000000000000e+00  0
1.1466666666666400e+01  0.0000000000000000e+00  0.0000000000000000e+00  0  9.9201889578668201e-01  0.0000000000000000e+00  2.4974330996307234e-02  nan  1  0  0  0.0000000000000000e+00  0.0000000000000000e+00  0
1.1733333333333100e+01  0.0000000000000000e+00  0.0000000000000000e+00  0  9.9299315062928595e-01  0.0000000000000000e+00  2.3014217180725497e-02  nan  1  0  0  0.0000000000000000e+00  0.0000000000000000e+00  0
1.1999999999999700e+01  0.0000000000000000e+00  0.0000000000000000e+00  0  9.9408479575931086e-01  0.0000000000000000e+00  1.9670357545887005e-02  nan  1  0  0  0.0000000000000000e+00  0.0000000000000000e+00  0
1.2266666666666300e+01  0.0000000000000000e+00  0.0000000000000000e+00  0  9.9516161361595390e-01  0.0000000000000000e+00  1.7283069336333220e-02  nan  1  0  0  0.0000000000000000e+00  0.0000000000000000e+00  0
1.2533333333332999e+01  0.0000000000000000e+00  0.0000000000000000e+00  0  9.9620733403712669e-01  0.0000000000000000e+00  1.5930125559316288e-02  nan  1  0  0  0.0000000000000000e+00  0.0000000000000000e+00  0
1.2799999999999599e+01  0.0000000000000000e+00  0.0000000000000000e+00  0  9.9726240494708018e-01  0.0000000000000000e+00  1.5340991724792861e-02  nan  1  0  0  0.0000000000000000e+00  0.0000000000000000e+00  0
1.3066666666666199e+01  0.0000000000000000e+00  0.0000000000000000e+00  0  9.9860530244346191e-01  0.0000000000000000e+00  1.4925677546411638e-02  nan  1  0  0  0.0000000000000000e+00  0.0000000000000000e+00  0
1.3333333333332900e+01  0.0000000000000000e+00  0.0000000000000000e+00  0  9.9987080151262098e-01  0.0000000000000000e+00  1.4500854503728670e-02  nan  1  0  0  0.0000000000000000e+00  0.0000000000000000e+00  0
1.3599999999999500e+01  0.0000000000000000e+00  0.0000000000000000e+00  1  1.0009865024880396e+00  0.0000000000000000e+00  1.3889446574937885e-02  nan  1  5  5  1.4814978669803401e-04  0.0000000000000000e+00  0
1.3866666666666200e+01  0.0000000000000000e+00  0.0000000000000000e+00  1  1.0018854883807236e+00  0.0000000000000000e+00  1.3217898831980360e-02  nan  1  5  5  1.2392126648715600e-04  0.0000000000000000e+00  0
1.4133333333332800e+01  0.0000000000000000e+00  0.0000000000000000e+00  1  1.0025625532069418e+00  0.0000000000000000e+00  1.2975999218836876e-02  nan  1  5  5  9.6966979060152334e-05  0.0000000000000000e+00  0
1.4399999999999400e+01  0.0000000000000000e+00  0.0000000000000000e+00  1  1.0030637942012299e+00  0.0000000000000000e+00  1.2845763416104329e-02  nan  1  5  5  7.5894820816227787e-05  0.0000000000000000e+00  0
1.4666666666666099e+01  0.0000000000000000e+00  0.0000000000000000e+00  1  1.0036632190915740e+00  0.0000000000000000e+00  1.2641819489073636e-02  nan  1  5  5  6.4259706610814236e-05  0.0000000000000000e+00  0
1.4933333333332699e+01  0.0000000000000000e+00  0.0000000000000000e+00  1  1.0040348509500712e+00  0.0000000000000000e+00  1.2563697942568269e-02  nan  1  5  5  5.7415598062352278e-05  0.0000000000000000e+00  0
1.5199999999999299e+01  0.0000000000000000e+00  0.0000000000000000e+00  1  1.0042530379178456e+00  0.0000000000000000e+00  1.2028664741894294e-02  nan  1  5  5  5.1443959364618788e-05  0.0000000000000000e+00  0
1.5466666666666001e+01  0.0000000000000000e+00  0.0000000000000000e+00  1  1.0051406362396829e+00  0.0000000000000000e+00  1.0543712298029483e-02  nan  1  5  5  4.7399192664031747e-05  0.0000000000000000e+00  0
1.5733333333332601e+01  0.0000000000000000e+00  3.4456097073211188e-04  1  1.0060356062319227e+00  0.0000000000000000e+00  8.8037120346717256e-03  nan  1  5  5  5.6293049703905011e-05  0.0000000000000000e+00  0
1.5999999999999201e+01  2.4910743062535589e-04  7.1699518375946240e-04  1  1.0069874397589524e+00  0.0000000000000000e+00  6.7383982013673807e-03  nan  1  5  5  1.0405225109395608e-04  0.0000000000000000e+00  0
1.6266666666666001e+01  9.3802538713458989e-04  8.7693003782480291e-04  1  1.0077467167222940e+00  0.0000000000000000e+00  5.6551524540304028e-03  nan  1  5  5  1.4271605568903970e-04  0.0000000000000000e+00  0
1.6533333333332699e+01  1.6048712786746692e-03  7.5763685298441737e-04  1  1.0085357553156491e+00  0.0000000000000000e+00  6.2076691428018874e-03  nan  1  5  5  1.1803734013266373e-04  0.0000000000000000e+00  0
1.6799999999999400e+01  2.1334430153571670e-03  2.8776280363795864e-04  1  1.0092404733351614e+00  0.0000000000000000e+00  6.6856352488296085e-03  nan  1  5  5  1.3767541122350612e-04  0.0000000000000000e+00  0
1.7066666666666102e+01  2.4172708555909063e-03  0.0000000000000000e+00  1  1.0098814031844900e+00  0.0000000000000000e+00  7.2512098970399083e-03  nan  1  5  5  2.0544491665232487e-04  0.0000000000000000e+00  0
1.7333333333332799e+01  2.4009465408316062e-03  0.0000000000000000e+00  1  1.0104778371063747e+00  0.0000000000000000e+00  7.7109348570162843e-03  nan  1  5  5  2.3240057952678952e-04  0.0000000000000000e+00  0
1.7599999999999500e+01  2.1259814960144664e-03  0.0000000000000000e+00  1  1.0110246446962516e+00  0.0000000000000000e+00  8.4576741363356165e-03  nan  1  5  5  2.7908905583912726e-04  0.0000000000000000e+00  0
1.7866666666666202e+01  1.7913419846306178e-03  0.0000000000000000e+00  1  1.0115963453215859e+00  0.0000000000000000e+00  9.6368776902655742e-03  nan  1  5  5  2.3396129730438619e-04  0.0000000000000000e+00  0
1.8133333333332899e+01  1.4417861248559843e-03  0.0000000000000000e+00  1  1.0122296625977352e+00  0.0000000000000000e+00  1.0856885483641759e-02  nan  1  5  5  2.7297038288551006e-04  0.0000000000000000e+00  0
1.8399999999999601e+01  8.1545565457372777e-04  0.0000000000000000e+00  1  1.0129777243291453e+00  0.0000000000000000e+00  1.1838479444410242e-02  nan  1  5  5  3.4477484810813667e-04  0.0000000000000000e+00  0
1.8666666666666298e+01  0.0000000000000000e+00  0.0000000000000000e+00  1  1.0137791081109457e+00  0.0000000000000000e+00  1.2496877203501596e-02  nan  1  5  5  3.3413335983286963e-04  0.0000000000000000e+00  0
1.8933333333333000e+01  0.0000000000000000e+00  0.0000000000000000e+00  1  1.0145948353022332e+00  0.0000000000000000e+00  1.3058311149676724e-02  nan  1  5  5  4.2475377411919717e-04  0.0000000000000000e+00  0
1.9199999999999701e+01  0.0000000000000000e+00  0.0000000000000000e+00  1  1.0153743389199044e+00  0.0000000000000000e+00  1.3720871526758549e-02  nan  1  5  5  3.9412571019999137e-04  0.0000000000000000e+00  0
1.9466666666666502e+01  0.0000000000000000e+00  0.0000000000000000e+00  1  1.0161080515176897e+00  0.0000000000000000e+00  1.4591262980553731e-02  nan  1  5  5  5.1689278627705792e-04  0.0000000000000000e+00  0
1.9733333333333199e+01  0.0000000000000000e+00  0.0000000000000000e+00  1  1.0167968996672243e+00  0.0000000000000000e+00  1.5524759276509341e-02  nan  1  5  5  5.1154021452708240e-04  0.0000000000000000e+00  0
1.9999999999999901e+01  0.0000000000000000e+00  0.0000000000000000e+00  1  1.0174733410813972e+00  0.0000000000000000e+00  1.6302644400511834e-02  nan  1  5  5  4.0847352352386680e-04  0.0000000000000000e+00  0
2.0266666666666602e+01  0.0000000000000000e+00  0.0000000000000000e+00  1  1.0180969749577351e+00  0.0000000000000000e+00  1.6750410450817575e-02  nan  1  5  5  4.9676430157723976e-04  0.0000000000000000e+00  0
2.0533333333333299e+01  0.0000000000000000e+00  0.0000000000000000e+00  1  1.0186378498370847e+00  0.0000000000000000e+00  1.6824703615466813e-02  nan  1  5  5  5.2737631930967774e-04  0.0000000000000000e+00  0
2.0800000000000001e+01  0.0000000000000000e+00  0.0000000000000000e+00  1  1.0191300761335904e+00  0.0000000000000000e+00  1.6702906060527881e-02  nan  1  5  5  3.5207886001276497e-04  0.0000000000000000e+00  0
2.1066666666666698e+01  0.0000000000000000e+00  0.0000000000000000e+00  1  1.0195330487254184e+00  0.0000000000000000e+00  1.6811232737448095e-02  nan  1  5  5  2.2659008436370855e-04  0.0000000000000000e+00  0
2.1333333333333400e+01  0.0000000000000000e+00  0.0000000000000000e+00  1  1.0198410440254682e+00  0.0000000000000000e+00  1.7296133004572136e-02  nan  1  5  5  2.7957296705641884e-04  0.0000000000000000e+00  0
2.1600000000000101e+01  0.0000000000000000e+00  0.0000000000000000e+00  1  1.0201265950074985e+00  0.0000000000000000e+00  1.7917468420816117e-02  nan  1  5  5  2.6835531979134300e-04  0.0000000000000000e+00  0
2.1866666666666799e+01  0.0000000000000000e+00  0.0000000000000000e+00  1  1.0203579118476969e+00  0.0000000000000000e+00  1.8549862250736356e-02  nan  1  5  5  3.2578834864097506e-04  0.0000000000000000e+00  0
2.2133333333333500e+01  0.0000000000000000e+00  0.0000000000000000e+00  1  1.0205795983523291e+00  0.0000000000000000e+00  1.9198692802257937e-02  nan  1  5  5  3.2915668744756533e-04  0.0000000000000000e+00  0
2.2400000000000201e+01  0.0000000000000000e+00  0.0000000000000000e+00  1  1.0208351591866238e+00  0.0000000000000000e+00  1.8896615162177062e-02  nan  1  5  5  3.8983756667278555e-04  0.0000000000000000e+00  0
2.2666666666666998e+01  0.0000000000000000e+00  0.0000000000000000e+00  1  1.0211462722925910e+00  0.0000000000000000e+00  1.7481760177085186e-02  nan  1  5  5  4.2123841154157078e-04  0.0000000000000000e+00  0
2.2933333333333699e+01  0.0000000000000000e+00  0.0000000000000000e+00  1  1.0215056696237448e+00  0.0000000000000000e+00  1.8075275618771310e-02  nan  1  5  5  4.3954257348248650e-04  0.0000000000000000e+00  0
2.3200000000000401e+01  0.0000000000000000e+00  0.0000000000000000e+00  1  1.0218916379170901e+00  0.0000000000000000e+00  1.8274940349020795e-02  nan  1  5  5  3.2307161107134681e-04  0.0000000000000000e+00  0
2.3466666666667098e+01  0.0000000000000000e+00  0.0000000000000000e+00  1  1.0222639628907393e+00  0.0000000000000000e+00  1.8857546446413392e-02  nan  1  5  5  2.3687989036055658e-04  0.0000000000000000e+00  0
2.3733333333333800e+01  0.0000000000000000e+00  0.0000000000000000e+00  1  1.0225729657833422e+00  0.0000000000000000e+00  1.9343030957761891e-02  nan  1  5  5  2.5293361983595177e-04  0.0000000000000000e+00  0
2.4000000000000501e+01  0.0000000000000000e+00  0.0000000000000000e+00  1  1.0227838006929963e+00  0.0000000000000000e+00  1.9696973255091631e-02  nan  1  5  5  3.0164674356095622e-04  0.0000000000000000e+00  0
2.4266666666667199e+01  0.0000000000000000e+00  0.0000000000000000e+00  1  1.0228873151072573e+00  0.0000000000000000e+00  1.9918656365234023e-02  nan  1  5  5  3.2328775867641895e-04  0.0000000000000000e+00  0
2.4533333333333900e+01  0.0000000000000000e+00  0.0000000000000000e+00  1  1.0228938098263620e+00  0.0000000000000000e+00  2.0047252667840725e-02  nan  1  5  5  3.0662688769887101e-04  0.0000000000000000e+00  0
2.4800000000000601e+01  0.0000000000000000e+00  0.0000000000000000e+00  1  1.0228167639429611e+00  0.0000000000000000e+00  2.0241746196940101e-02  nan  1  5  5  2.7443014200130599e-04  0.0000000000000000e+00  0
2.5066666666667299e+01  0.0000000000000000e+00  0.0000000000000000e+00  1  1.0226616908167618e+00  0.0000000000000000e+00  2.0504969484367724e-02  nan  1  5  5  2.6318800061869062e-04  0.0000000000000000e+00  0
2.5333333333334000e+01  0.0000000000000000e+00  0.0000000000000000e+00  1  1.0224288945487405e+00  0.0000000000000000e+00  2.0843424876230136e-02  nan  1  5  5  3.0533746883900422e-04  0.0000000000000000e+00  0
2.5600000000000701e+01  0.0000000000000000e+00  0.0000000000000000e+00  1  1.0221231327133589e+00  0.0000000000000000e+00  2.1149638186139845e-02  nan  1  5  5  3.1367201634541051e-04  0.0000000000000000e+00  0
2.5866666666667498e+01  0.0000000000000000e+00  0.0000000000000000e+00  1  1.0217544479623744e+00  0.0000000000000000e+00  2.1330673122198180e-02  nan  1  5  5  2.9630219596990547e-04  0.0000000000000000e+00  0
2.6133333333334200e+01  0.0000000000000000e+00  0.0000000000000000e+00  1  1.0213285779729568e+00  0.0000000000000000e+00  2.1376802678007983e-02  nan  1  5  5  2.8394144310608108e-04  0.0000000000000000e+00  0
2.6400000000000901e+01  0.0000000000000000e+00  0.0000000000000000e+00  1  1.0208427961389390e+00  0.0000000000000000e+00  2.1543182495064310e-02  nan  1  5  5  3.2903282225170302e-04  0.0000000000000000e+00  0
2.6666666666667599e+01  0.0000000000000000e+00  0.0000000000000000e+00  1  1.0202915581348695e+00  0.0000000000000000e+00  2.1925028030834817e-02  nan  1  5  5  3.1455090626807337e-04  0.0000000000000000e+00  0
2.6933333333334300e+01  0.0000000000000000e+00  0.0000000000000000e+00  1  1.0196660471512482e+00  0.0000000000000000e+00  2.2278510578675036e-02  nan  1  5  5  2.5813698835916991e-04  0.0000000000000000e+00  0
2.7200000000001001e+01  0.0000000000000000e+00  0.0000000000000000e+00  1  1.0189450585461475e+00  0.0000000000000000e+00  2.2565372854496210e-02  nan  1  5  5  2.5338835026393668e-04  0.0000000000000000e+00  0
2.7466666666667699e+01  0.0000000000000000e+00  0.0000000000000000e+00  1  1.0180991990188475e+00  0.0000000000000000e+00  2.2616857739463276e-02  nan  1  5  5  3.0330373114425608e-04  0.0000000000000000e+00  0
2.7733333333334400e+01  0.0000000000000000e+00  0.0000000000000000e+00  1  1.0171151930604287e+00  0.0000000000000000e+00  2.2645564954065788e-02  nan  1  5  5  2.1778948057711142e-04  0.0000000000000000e+00  0
2.8000000000001101e+01  0.0000000000000000e+00  0.0000000000000000e+00  1  1.0160139527512908e+00  0.0000000000000000e+00  2.2416464661712064e-02  nan  1  5  5  2.0995599438124516e-04  0.0000000000000000e+00  0
2.8266666666667799e+01  0.0000000000000000e+00  0.0000000000000000e+00  1  1.0148424530174454e+00  0.0000000000000000e+00  2.2191939139123477e-02  nan  1  5  5  1.9590108742180320e-04  0.0000000000000000e+00  0
2.8533333333334500e+01  0.0000000000000000e+00  0.0000000000000000e+00  1  1.0136595723945445e+00  0.0000000000000000e+00  2.1910562456452152e-02  nan  1  5  5  1.9626894341094031e-04  0.0000000000000000e+00  0
2.8800000000001202e+01  0.0000000000000000e+00  0.0000000000000000e+00  1  1.0125506927890275e+00  0.0000000000000000e+00  2.1872560651495343e-02  nan  1  5  5  2.6337566291628994e-04  0.0000000000000000e+00  0
2.9066666666667999e+01  0.0000000000000000e+00  0.0000000000000000e+00  1  1.0116532213692404e+00  0.0000000000000000e+00  2.1854509882145601e-02  nan  1  5  5  2.1478659892358308e-04  0.0000000000000000e+00  0
2.9333333333334700e+01  0.0000000000000000e+00  0.0000000000000000e+00  1  1.0111116152382591e+00  0.0000000000000000e+00  2.1893733926022986e-02  nan  1  5  5  2.3236101219532338e-04  0.0000000000000000e+00  0
2.9600000000001401e+01  0.0000000000000000e+00  0.0000000000000000e+00  1  1.0109450164217020e+00  0.0000000000000000e+00  2.2068615118206420e-02  nan  1  5  5  3.0370930855862449e-04  0.0000000000000000e+00  0
2.9866666666668099e+01  0.0000000000000000e+00  0.0000000000000000e+00  1  1.0109751376373750e+00  0.0000000000000000e+00  2.2224607345872668e-02  nan  1  5  5  2.5800220353786372e-04  0.0000000000000000e+00  0
3.0133333333334800e+01  0.0000000000000000e+00  0.0000000000000000e+00  1  1.0109536450935646e+00  0.0000000000000000e+00  2.2324024639449547e-02  nan  1  5  5  1.9295144359845510e-04  0.0000000000000000e+00  0
3.0400000000001501e+01  0.0000000000000000e+00  0.0000000000000000e+00  1  1.0107752839314452e+00  0.0000000000000000e+00  2.2416264353074797e-02  nan  1  5  5  2.1791464588636172e-04  0.0000000000000000e+00  0
3.0666666666668199e+01  0.0000000000000000e+00  0.0000000000000000e+00  1  1.0105244415530692e+00  0.0000000000000000e+00  2.2872286068362238e-02  nan  1  5  5  1.9610419225910816e-04  0.0000000000000000e+00  0
3.0933333333334900e+01  0.0000000000000000e+00  0.0000000000000000e+00  1  1.0103167746491868e+00  0.0000000000000000e+00  2.3348710407042696e-02  nan  1  5  5  1.8345360804016513e-04  0.0000000000000000e+00  0
3.1200000000001602e+01  0.0000000000000000e+00  0.0000000000000000e+00  1  1.0101588273005009e+00  0.0000000000000000e+00  2.3799487583359123e-02  nan  1  5  5  2.2046757444060794e-04  0.0000000000000000e+00  0
3.1466666666668299e+01  0.0000000000000000e+00  0.0000000000000000e+00  1  1.0099875668036979e+00  0.0000000000000000e+00  2.4226309435813272e-02  nan  1  5  5  2.9150975341174555e-04  0.0000000000000000e+00  0
3.1733333333335001e+01  0.0000000000000000e+00  0.0000000000000000e+00  1  1.0097973162247453e+00  0.0000000000000000e+00  2.4647864843116471e-02  nan  1  5  5  2.6225294658172932e-04  0.0000000000000000e+00  0
3.2000000000001698e+01  0.0000000000000000e+00  0.0000000000000000e+00  1  1.0096798933146474e+00  0.0000000000000000e+00  2.5083478525657430e-02  nan  1  5  5  1.7836060513453546e-04  0.0000000000000000e+00  0
3.2266666666668499e+01  0.0000000000000000e+00  0.0000000000000000e+00  1  1.0097478276266147e+00  0.0000000000000000e+00  2.5540595082012764e-02  nan  1  5  5  1.2435485024809109e-04  0.0000000000000000e+00  0
3.2533333333335200e+01  0.0000000000000000e+00  0.0000000000000000e+00  1  1.0100447586460231e+00  0.0000000000000000e+00  2.6011611091463591e-02  nan  1  5  5  1.3560974364537848e-04  0.0000000000000000e+00  0
3.2800000000001901e+01  0.0000000000000000e+00  0.0000000000000000e+00  1  1.0105315713466292e+00  0.0000000000000000e+00  2.6478676706557919e-02  nan  1  5  5  1.4561062995520463e-04  0.0000000000000000e+00  0
3.3066666666668603e+01  0.0000000000000000e+00  0.0000000000000000e+00  1  1.0111417051870473e+00  0.0000000000000000e+00  2.6925375299151160e-02  nan  1  5  5  1.4092212584540970e-04  0.0000000000000000e+00  0
3.3333333333335297e+01  0.0000000000000000e+00  0.0000000000000000e+00  1  1.0118410844064403e+00  0.0000000000000000e+00  2.7351171360179415e-02  nan  1  5  5  1.4990461631434393e-04  0.0000000000000000e+00  0
3.3600000000001998e+01  0.0000000000000000e+00  0.0000000000000000e+00  1  1.0126439971878900e+00  0.0000000000000000e+00  2.7775873170480195e-02  nan  1  5  5  1.5160909844414257e-04  0.0000000000000000e+00  0
3.3866666666668699e+01  0.0000000000000000e+00  0.0000000000000000e+00  1  1.0135847176031487e+00  0.0000000000000000e+00  2.8224431785572750e-02  nan  1  5  5  1.4643125288305272e-04  0.0000000000000000e+00  0
3.4133333333335401e+01  0.0000000000000000e+00  0.0000000000000000e+00  1  1.0146741239042973e+00  0.0000000000000000e+00  2.8702507233601054e-02  nan  1  5  5  1.5458011526193064e-04  0.0000000000000000e+00  0
3.4400000000002102e+01  0.0000000000000000e+00  0.0000000000000000e+00  1  1.0158723430122367e+00  0.0000000000000000e+00  2.9187730533086802e-02  nan  1  5  5  1.6240312082574891e-04  0.0000000000000000e+00  0
3.4666666666668803e+01  0.0000000000000000e+00  0.0000000000000000e+00  1  1.0170978333331240e+00  0.0000000000000000e+00  2.9649541045423004e-02  nan  1  5  5  1.6899677007495945e-04  0.0000000000000000e+00  0
3.4933333333335497e+01  0.0000000000000000e+00  0.0000000000000000e+00  1  1.0182718882328186e+00  0.0000000000000000e+00  3.0094631944462796e-02  nan  1  5  5  1.7482581368248297e-04  0.0000000000000000e+00  0
3.5200000000002198e+01  0.0000000000000000e+00  0.0000000000000000e+00  1  1.0194679569514928e+00  0.0000000000000000e+00  3.0527908149834682e-02  nan  1  5  5  1.8020151667322924e-04  0.0000000000000000e+00  0
3.5466666666668999e+01  0.0000000000000000e+00  0.0000000000000000e+00  1  1.0206622738784812e+00  0.0000000000000000e+00  3.1012655657804287e-02  nan  1  5  5  1.8453527313344907e-04  0.0000000000000000e+00  0
3.5733333333335700e+01  0.0000000000000000e+00  0.0000000000000000e+00  1  1.0218841911189653e+00  0.0000000000000000e+00  3.1598361210379795e-02  nan  1  5  5  1.8703469630143961e-04  0.0000000000000000e+00  0
3.6000000000002402e+01  0.0000000000000000e+00  0.0000000000000000e+00  1  1.0231225166377527e+00  0.0000000000000000e+00  3.2261808758757067e-02  nan  1  5  5  1.8722494262431950e-04  0.0000000000000000e+00  0
3.6266666666669103e+01  0.0000000000000000e+00  0.0000000000000000e+00  1  1.0243113236401933e+00  0.0000000000000000e+00  3.2942761963157395e-02  nan  1  5  5  1.8478047150691438e-04  0.0000000000000000e+00  0
3.6533333333335797e+01  0.0000000000000000e+00  0.0000000000000000e+00  1  1.0253719422925218e+00  0.0000000000000000e+00  3.3565237689786087e-02  nan  1  5  5  1.8444439119102396e-04  0.0000000000000000e+00  0
3.6800000000002498e+01  0.0000000000000000e+00  0.0000000000000000e+00  1  1.0262691224530540e+00  0.0000000000000000e+00  3.4081726604946454e-02  nan  1  5  5  1.8906003114602587e-04  0.0000000000000000e+00  0
3.7066666666669200e+01  0.0000000000000000e+00  0.0000000000000000e+00  1  1.0270297122236631e+00  0.0000000000000000e+00  3.4503125858525233e-02  nan  1  5  5  2.0247489844220021e-04  0.0000000000000000e+00  0
3.7333333333335901e+01  0.0000000000000000e+00  0.0000000000000000e+00  1  1.0277127644099464e+00  0.0000000000000000e+00  3.4888995506128652e-02  nan  1  5  5  2.1949193004496535e-04  0.0000000000000000e+00  0
3.7600000000002602e+01  0.0000000000000000e+00  0.0000000000000000e+00  1  1.0283654132748599e+00  0.0000000000000000e+00  3.5404624510263299e-02  nan  1  5  5  2.1762456443130346e-04  0.0000000000000000e+00  0
3.7866666666669303e+01  0.0000000000000000e+00  0.0000000000000000e+00  1  1.0290013320650795e+00  0.0000000000000000e+00  3.5993150907894046e-02  nan  1  5  5  2.1400456593485598e-04  0.0000000000000000e+00  0
3.8133333333335997e+01  0.0000000000000000e+00  0.0000000000000000e+00  1  1.0296089373425203e+00  0.0000000000000000e+00  3.6562737160163353e-02  nan  1  5  5  2.1047430622726074e-04  0.0000000000000000e+00  0
3.8400000000002699e+01  0.0000000000000000e+00  0.0000000000000000e+00  1  1.0301735373600900e+00  0.0000000000000000e+00  3.7096305351359903e-02  nan  1  5  5  2.2134260308557304e-04  0.0000000000000000e+00  0
3.8666666666669499e+01  0.0000000000000000e+00  0.0000000000000000e+00  1  1.0306958176406655e+00  0.0000000000000000e+00  3.7627560907804343e-02  nan  1  5  5  2.1524325918048667e-04  0.0000000000000000e+00  0
3.8933333333336201e+01  0.0000000000000000e+00  0.0000000000000000e+00  1  1.0311969804782353e+00  0.0000000000000000e+00  3.8258348367946490e-02  nan  1  5  5  2.3348913493948388e-04  0.0000000000000000e+00  0
3.9200000000002902e+01  0.0000000000000000e+00  0.0000000000000000e+00  1  1.0317092812797461e+00  0.0000000000000000e+00  3.8951620295837444e-02  nan  1  5  5  2.1750287610240062e-04  0.0000000000000000e+00  0
3.9466666666669603e+01  0.0000000000000000e+00  0.0000000000000000e+00  1  1.0322594716931768e+00  0.0000000000000000e+00  3.9693463541885153e-02  nan  1  5  5  2.2745557910267553e-04  0.0000000000000000e+00  0
3.9733333333336297e+01  0.0000000000000000e+00  0.0000000000000000e+00  1  1.0328579826902908e+00  0.0000000000000000e+00  4.0452745999440723e-02  nan  1  5  5  2.4399223887972482e-04  0.0000000000000000e+00  0
4.0000000000002998e+01  0.0000000000000000e+00  0.0000000000000000e+00  1  1.0335015567888710e+00  0.0000000000000000e+00  4.1199089490015231e-02  nan  1  5  5  2.4893008672759414e-04  0.0000000000000000e+00  0
4.0266666666669700e+01  0.0000000000000000e+00  0.0000000000000000e+00  1  1.0341846339932361e+00  0.0000000000000000e+00  4.1917415316861557e-02  nan  1  5  5  2.9001114752771651e-04  0.0000000000000000e+00  0
4.0533333333336401e+01  0.0000000000000000e+00  0.0000000000000000e+00  1  1.0349079346984826e+00  0.0000000000000000e+00  4.2612701478931606e-02  nan  1  5  5  2.8328636152244213e-04  0.0000000000000000e+00  0
4.0800000000003102e+01  0.0000000000000000e+00  0.0000000000000000e+00  1  1.0356775485435021e+00  0.0000000000000000e+00  4.3346901381646492e-02  nan  1  5  5  3.0302498668818091e-04  0.0000000000000000e+00  0
4.1066666666669803e+01  0.0000000000000000e+00  0.0000000000000000e+00  1  1.0364969924599372e+00  0.0000000000000000e+00  4.4134677247873670e-02  nan  1  5  5  3.1338459130657949e-04  0.0000000000000000e+00  0
4.1333333333336498e+01  0.0000000000000000e+00  0.0000000000000000e+00  1  1.0373584495525774e+00  0.0000000000000000e+00  4.4942720542189195e-02  nan  1  5  5  3.0295524104430842e-04  0.0000000000000000e+00  0
4.1600000000003199e+01  0.0000000000000000e+00  0.0000000000000000e+00  1  1.0382373092271202e+00  0.0000000000000000e+00  4.5755518595122481e-02  nan  1  5  5  3.1817453116278954e-04  0.0000000000000000e+00  0
4.1866666666670000e+01  0.0000000000000000e+00  0.0000000000000000e+00  1  1.0390918263218270e+00  0.0000000000000000e+00  4.6562831757571567e-02  nan  1  5  5  3.0101472514768311e-04  0.0000000000000000e+00  0
4.2133333333336701e+01  0.0000000000000000e+00  0.0000000000000000e+00  1  1.0398691015814594e+00  0.0000000000000000e+00  4.7458942907251174e-02  nan  1  5  5  3.4237692632104686e-04  0.0000000000000000e+00  0
4.2400000000003402e+01  0.0000000000000000e+00  0.0000000000000000e+00  1  1.0405168340358721e+00  0.0000000000000000e+00  4.8368604015339961e-02  nan  1  5  5  3.8087208310420763e-04  0.0000000000000000e+00  0
4.2666666666670103e+01  0.0000000000000000e+00  0.0000000000000000e+00  1  1.0409968168830659e+00  0.0000000000000000e+00  4.9284520224253198e-02  nan  1  5  5  4.1796271160084793e-04  0.0000000000000000e+00  0
4.2933333333336797e+01  0.0000000000000000e+00  0.0000000000000000e+00  1  1.0412945630404291e+00  0.0000000000000000e+00  5.0174900116858552e-02  nan  1  5  5  3.7759542458625563e-04  0.0000000000000000e+00  0
4.3200000000003499e+01  0.0000000000000000e+00  0.0000000000000000e+00  1  1.0414219645953622e+00  0.0000000000000000e+00  5.0991938046540522e-02  nan  1  5  5  3.6618402286605245e-04  0.0000000000000000e+00  0
4.3466666666670200e+01  0.0000000000000000e+00  0.0000000000000000e+00  1  1.0414139260323636e+00  0.0000000000000000e+00  5.1699193357394056e-02  nan  1  5  5  4.4417045238011863e-04  0.0000000000000000e+00  0
4.3733333333336901e+01  0.0000000000000000e+00  0.0000000000000000e+00  1  1.0413216000109857e+00  0.0000000000000000e+00  5.2299300299954311e-02  nan  1  5  5  4.4982671547303234e-04  0.0000000000000000e+00  0
4.4000000000003602e+01  0.0000000000000000e+00  0.0000000000000000e+00  1  1.0412036292489566e+00  0.0000000000000000e+00  5.2840037078662104e-02  nan  1  5  5  4.4783130629351186e-04  0.0000000000000000e+00  0
4.4266666666670297e+01  0.0000000000000000e+00  0.0000000000000000e+00  1  1.0411152371005883e+00  0.0000000000000000e+00  5.3380348199865778e-02  nan  1  5  5  4.4943761486565759e-04  0.0000000000000000e+00  0
4.4533333333336998e+01  0.0000000000000000e+00  0.0000000000000000e+00  1  1.0410953025484311e+00  0.0000000000000000e+00  5.3933450535817801e-02  nan  1  5  5  4.5564837194413739e-04  0.0000000000000000e+00  0
4.4800000000003699e+01  0.0000000000000000e+00  0.0000000000000000e+00  1  1.0411536264958225e+00  0.0000000000000000e+00  5.4445173904650222e-02  nan  1  5  5  4.7614610558986334e-04  0.0000000000000000e+00  0
4.5066666666670500e+01  0.0000000000000000e+00  0.0000000000000000e+00  1  1.0412631115548237e+00  0.0000000000000000e+00  5.4847411773969873e-02  nan  1  5  5  5.0711908019655078e-04  0.0000000000000000e+00  0
4.5333333333337201e+01  0.0000000000000000e+00  0.0000000000000000e+00  1  1.0413626906344744e+00  0.0000000000000000e+00  5.5147671349212668e-02  nan  1  5  5  5.3665658660703925e-04  0.0000000000000000e+00  0
4.5600000000003902e+01  0.0000000000000000e+00  0.0000000000000000e+00  1  1.0413742818161547e+00  0.0000000000000000e+00  5.5439887645164845e-02  nan  1  5  5  5.1831223685703956e-04  0.0000000000000000e+00  0
4.5866666666670604e+01  0.0000000000000000e+00  0.0000000000000000e+00  1  1.0412302294670404e+00  0.0000000000000000e+00  5.5808712866149073e-02  nan  1  5  5  4.8615208356655412e-04  0.0000000000000000e+00  0
4.6133333333337298e+01  0.0000000000000000e+00  0.0000000000000000e+00  1  1.0409001675729512e+00  0.0000000000000000e+00  5.6268579643195323e-02  nan  1  5  5  4.9680028126073566e-04  0.0000000000000000e+00  0
4.6400000000003999e+01  0.0000000000000000e+00  0.0000000000000000e+00  1  1.0404039001493564e+00  0.0000000000000000e+00  5.6822297198427907e-02  nan  1  5  5  5.3377277969560947e-04  0.0000000000000000e+00  0
4.6666666666670700e+01  0.0000000000000000e+00  0.0000000000000000e+00  1  1.0398026891355898e+00  0.0000000000000000e+00  5.7525599685350072e-02  nan  1  5  5  5.4791533566368560e-04  0.0000000000000000e+00  0
4.6933333333337401e+01  0.0000000000000000e+00  0.0000000000000000e+00  1  1.0391723775224382e+00  0.0000000000000000e+00  5.8327232342342737e-02  nan  1  5  5  5.6700741807341054e-04  0.0000000000000000e+00  0
4.7200000000004103e+01  0.0000000000000000e+00  0.0000000000000000e+00  1  1.0385714638777590e+00  0.0000000000000000e+00  5.9358293772471676e-02  nan  1  5  5  5.8419807374964275e-04  0.0000000000000000e+00  0
4.7466666666670797e+01  0.0000000000000000e+00  0.0000000000000000e+00  1  1.0380195523848978e+00  0.0000000000000000e+00  6.0493666664070946e-02  nan  1  5  5  5.9183763694195340e-04  0.0000000000000000e+00  0
4.7733333333337498e+01  0.0000000000000000e+00  0.0000000000000000e+00  1  1.0374944161877937e+00  0.0000000000000000e+00  6.1549787053165099e-02  nan  1  5  5  5.8736238408450348e-04  0.0000000000000000e+00  0
4.8000000000004199e+01  0.0000000000000000e+00  0.0000000000000000e+00  1  1.0369436045185136e+00  0.0000000000000000e+00  6.2387083889884502e-02  nan  1  5  5  5.2835250253047031e-04  0.0000000000000000e+00  0
4.8266666666671000e+01  0.0000000000000000e+00  0.0000000000000000e+00  1  1.0362994519776407e+00  0.0000000000000000e+00  6.2960464701654464e-02  nan  1  5  5  4.9423947855079550e-04  0.0000000000000000e+00  0
4.8533333333337701e+01  0.0000000000000000e+00  0.0000000000000000e+00  1  1.0354919066024750e+00  0.0000000000000000e+00  6.3315799131658801e-02  nan  1  5  5  4.9813430993231290e-04  0.0000000000000000e+00  0
4.8800000000004403e+01  0.0000000000000000e+00  0.0000000000000000e+00  1  1.0344649605499827e+00  0.0000000000000000e+00  6.3673916506433559e-02  nan  1  5  5  4.9568554288228681e-04  0.0000000000000000e+00  0
4.9066666666671097e+01  0.0000000000000000e+00  0.0000000000000000e+00  1  1.0332037410958184e+00  0.0000000000000000e+00  6.3940568306722470e-02  nan  1  5  5  4.9011982630017218e-04  0.0000000000000000e+00  0
4.9333333333337798e+01  0.0000000000000000e+00  0.0000000000000000e+00  1  1.0317660536725233e+00  0.0000000000000000e+00  6.4470835461354709e-02  nan  1  5  5  5.5194587669014623e-04  0.0000000000000000e+00  0
4.9600000000004499e+01  0.0000000000000000e+00  0.0000000000000000e+00  1  1.0302977811901359e+00  0.0000000000000000e+00  6.5493726361949209e-02  nan  1  5  5  6.1181017091385583e-04  0.0000000000000000e+00  0
4.9866666666671200e+01  0.0000000000000000e+00  0.0000000000000000e+00  1  1.0290102045563518e+00  0.0000000000000000e+00  6.6509391372842994e-02  nan  1  5  5  6.2425181689556946e-04  0.0000000000000000e+00  0
5.0133333333337902e+01  0.0000000000000000e+00  0.0000000000000000e+00  1  1.0281123326413837e+00  0.0000000000000000e+00  6.7452010939073687e-02  nan  1  5  5  6.4142028729704181e-04  0.0000000000000000e+00  0
5.0400000000004603e+01  0.0000000000000000e+00  0.0000000000000000e+00  1  1.0277197078701674e+00  0.0000000000000000e+00  6.8368125683408568e-02  nan  1  5  5  6.8969338037022133e-04  0.0000000000000000e+00  0
5.0666666666671297e+01  0.0000000000000000e+00  0.0000000000000000e+00  1  1.0277902430909505e+00  0.0000000000000000e+00  6.9365791209064498e-02  nan  1  5  5  7.3895925583875792e-04  0.0000000000000000e+00  0
5.0933333333337998e+01  0.0000000000000000e+00  0.0000000000000000e+00  1  1.0281388036730057e+00  0.0000000000000000e+00  7.0820850644885497e-02  nan  1  5  5  7.9110964399186625e-04  0.0000000000000000e+00  0
5.1200000000004700e+01  0.0000000000000000e+00  0.0000000000000000e+00  1  1.0285354717228852e+00  0.0000000000000000e+00  7.2385099333445738e-02  nan  1  5  5  8.1517736615766511e-04  0.0000000000000000e+00  0
5.1466666666671500e+01  0.0000000000000000e+00  0.0000000000000000e+00  1  1.0288254498373197e+00  0.0000000000000000e+00  7.3877830203996103e-02  nan  1  5  5  8.5752440276833932e-04  0.0000000000000000e+00  0
5.1733333333338201e+01  0.0000000000000000e+00  0.0000000000000000e+00  1  1.0289859137845039e+00  0.0000000000000000e+00  7.5204058906006316e-02  nan  1  5  5  8.1842106300300608e-04  0.0000000000000000e+00  0
5.2000000000004903e+01  0.0000000000000000e+00  0.0000000000000000e+00  1  1.0290875280883849e+00  0.0000000000000000e+00  7.6351242990907772e-02  nan  1  5  5  8.0378725277727950e-04  0.0000000000000000e+00  0
5.2266666666671597e+01  0.0000000000000000e+00  0.0000000000000000e+00  1  1.0292070238146924e+00  0.0000000000000000e+00  7.7374945660952571e-02  nan  1  5  5  8.4153985531527985e-04  0.0000000000000000e+00  0
5.2533333333338298e+01  0.0000000000000000e+00  0.0000000000000000e+00  1  1.0293646296631493e+00  0.0000000000000000e+00  7.8365563516164333e-02  nan  1  5  5  8.2981825960241201e-04  0.0000000000000000e+00  0
5.2800000000004999e+01  0.0000000000000000e+00  0.0000000000000000e+00  1  1.0295193287355096e+00  0.0000000000000000e+00  7.9432215488207586e-02  nan  1  5  5  8.4646566139004291e-04  0.0000000000000000e+00  0
5.3066666666671701e+01  0.0000000000000000e+00  0.0000000000000000e+00  1  1.0296010694918620e+00  0.0000000000000000e+00  8.0629591029345402e-02  nan  1  5  5  9.3698671768351993e-04  0.0000000000000000e+00  0
5.3333333333338402e+01  0.0000000000000000e+00  0.0000000000000000e+00  1  1.0295455019621478e+00  0.0000000000000000e+00  8.2076028988521274e-02  nan  1  5  5  1.0577245899398000e-03  0.0000000000000000e+00  0
5.3600000000005103e+01  0.0000000000000000e+00  0.0000000000000000e+00  1  1.0293185842134878e+00  0.0000000000000000e+00  8.3748325490027434e-02  nan  1  5  5  1.1604327743066330e-03  0.0000000000000000e+00  0
5.3866666666671797e+01  0.0000000000000000e+00  0.0000000000000000e+00  1  1.0289348963395788e+00  0.0000000000000000e+00  8.5516815915940875e-02  nan  1  5  5  1.1776021008248559e-03  0.0000000000000000e+00  0
5.4133333333338499e+01  0.0000000000000000e+00  0.0000000000000000e+00  1  1.0284652060183204e+00  0.0000000000000000e+00  8.7315295628638129e-02  nan  1  5  5  1.2076044338226819e-03  0.0000000000000000e+00  0
5.4400000000005200e+01  0.0000000000000000e+00  0.0000000000000000e+00  1  1.0280164410862156e+00  0.0000000000000000e+00  8.9112892291071874e-02  nan  1  5  5  1.2522335576370459e-03  0.0000000000000000e+00  0
5.4666666666672000e+01  0.0000000000000000e+00  0.0000000000000000e+00  1  1.0276790340477895e+00  0.0000000000000000e+00  9.0856440705935029e-02  nan  1  5  5  1.2413480446487716e-03  0.0000000000000000e+00  0
5.4933333333338702e+01  0.0000000000000000e+00  0.0000000000000000e+00  1  1.0274693081384823e+00  0.0000000000000000e+00  9.2520402501039309e-02  nan  1  5  5  1.2483888284781502e-03  0.0000000000000000e+00  0
5.5200000000005403e+01  0.0000000000000000e+00  0.0000000000000000e+00  1  1.0273137442306033e+00  0.0000000000000000e+00  9.4097658940068385e-02  nan  1  5  5  1.2323772151596414e-03  0.0000000000000000e+00  0
5.5466666666672097e+01  0.0000000000000000e+00  0.0000000000000000e+00  1  1.0270998881754427e+00  0.0000000000000000e+00  9.5609812962041990e-02  nan  1  5  5  1.1086160064250625e-03  0.0000000000000000e+00  0
5.5733333333338798e+01  0.0000000000000000e+00  0.0000000000000000e+00  1  1.0267666126631450e+00  0.0000000000000000e+00  9.7113274046688611e-02  nan  1  5  5  1.2242509667499759e-03  0.0000000000000000e+00  0
5.6000000000005500e+01  0.0000000000000000e+00  0.0000000000000000e+00  1  1.0263680327559008e+00  0.0000000000000000e+00  9.8868343050389648e-02  nan  1  5  5  1.3487781339010917e-03  0.0000000000000000e+00  0
5.6266666666672201e+01  0.0000000000000000e+00  0.0000000000000000e+00  1  1.0260576745000356e+00  0.0000000000000000e+00  1.0093889156124480e-01  nan  1  5  5  1.4645083432950985e-03  0.0000000000000000e+00  0
5.6533333333338902e+01  0.0000000000000000e+00  0.0000000000000000e+00  1  1.0259976671644300e+00  0.0000000000000000e+00  1.0316336878158985e-01  nan  1  5  5  1.4890789562884193e-03  0.0000000000000000e+00  0
5.6800000000005603e+01  0.0000000000000000e+00  0.0000000000000000e+00  1  1.0262560484185923e+00  0.0000000000000000e+00  1.0549845751268661e-01  nan  1  5  5  1.5108803625510556e-03  0.0000000000000000e+00  0
5.7066666666672297e+01  0.0000000000000000e+00  0.0000000000000000e+00  1  1.0267656573686619e+00  0.0000000000000000e+00  1.0791131476917352e-01  nan  1  5  5  1.5513988274128661e-03  0.0000000000000000e+00  0
5.7333333333338999e+01  0.0000000000000000e+00  0.0000000000000000e+00  1  1.0273716384688354e+00  0.0000000000000000e+00  1.1034309243850184e-01  nan  1  5  5  1.4145759353412976e-03  0.0000000000000000e+00  0
5.7600000000005700e+01  0.0000000000000000e+00  0.0000000000000000e+00  1  1.0279291730165510e+00  0.0000000000000000e+00  1.1271930612701955e-01  nan  1  5  5  1.6053587754269133e-03  0.0000000000000000e+00  0
5.7866666666672501e+01  0.0000000000000000e+00  0.0000000000000000e+00  1  1.0283812713104432e+00  0.0000000000000000e+00  1.1502114601829908e-01  nan  1  5  5  1.8117853020188975e-03  0.0000000000000000e+00  0
5.8133333333339202e+01  0.0000000000000000e+00  0.0000000000000000e+00  1  1.0287706772985135e+00  0.0000000000000000e+00  1.1727808670775212e-01  nan  1  5  5  1.9185850738913002e-03  0.0000000000000000e+00  0
5.8400000000005903e+01  0.0000000000000000e+00  0.0000000000000000e+00  1  1.0291935683951383e+00  0.0000000000000000e+00  1.1970635883374467e-01  nan  1  5  5  1.9274752467522143e-03  0.0000000000000000e+00  0
5.8666666666672597e+01  0.0000000000000000e+00  0.0000000000000000e+00  1  1.0297376214379284e+00  0.0000000000000000e+00  1.2232878199352684e-01  nan  1  5  5  2.0820023247377002e-03  0.0000000000000000e+00  0
5.8933333333339299e+01  0.0000000000000000e+00  0.0000000000000000e+00  1  1.0304411758646792e+00  0.0000000000000000e+00  1.2504204898028476e-01  nan  1  5  5  1.9119768335040151e-03  0.0000000000000000e+00  0
5.9200000000006000e+01  0.0000000000000000e+00  0.0000000000000000e+00  1  1.0312838809844991e+00  0.0000000000000000e+00  1.2786050110882399e-01  nan  1  5  5  2.0571964681158055e-03  0.0000000000000000e+00  0
5.9466666666672701e+01  0.0000000000000000e+00  0.0000000000000000e+00  1  1.0322032843353102e+00  0.0000000000000000e+00  1.3081180686831143e-01  nan  1  5  5  2.1128163043904547e-03  0.0000000000000000e+00  0
5.9733333333339402e+01  0.0000000000000000e+00  0.0000000000000000e+00  1  1.0331305358386793e+00  0.0000000000000000e+00  1.3394591344800597e-01  nan  1  5  5  2.2295224903720848e-03  0.0000000000000000e+00  0
6.0000000000006096e+01  0.0000000000000000e+00  0.0000000000000000e+00  1  1.0340330014128367e+00  0.0000000000000000e+00  1.3718131277158732e-01  nan  1  5  5  2.3634560444419361e-03  0.0000000000000000e+00  0
