# time  total_activity  peak_activity  rms_radius  confined_frac  bary_x  bary_y  bary_z  r_conf  total_activity_proper  rms_radius_proper  confined_frac_proper  rms_radius_canon  confined_frac_canon  rms_radius_phantom  confined_frac_phantom  canon_mass_frac  min_chi
0.0000000000000000e+00  1.1732686421345488e+01  3.4192534077047684e-02  6.6438447096449051e+00  2.6923808530206700e-01  3.2000223457346145e+01  3.2000152192395646e+01  3.2000152192395646e+01  4.7999999999999998e+00  1.1551544176965329e+01  6.6517993067122818e+00  2.6858442117178977e-01  nan  nan  nan  nan  nan  1.0000000010101013e+00
8.0000000000000004e-01  1.1852864360146274e+01  3.4579928868063423e-02  6.6428792921211217e+00  2.6944730123060229e-01  3.2000244980758417e+01  3.2000164561652305e+01  3.2000164561652902e+01  4.7999999999999998e+00  1.1669808283612925e+01  6.6508335424764224e+00  2.6879321955467994e-01  nan  nan  nan  nan  nan  1.0002278800609878e+00
1.6000000000000001e+00  1.1814791648453882e+01  3.4322794783024149e-02  6.6418662675948488e+00  2.6978113561961076e-01  3.2000300201853875e+01  3.2000211849942190e+01  3.2000211849943845e+01  4.7999999999999998e+00  1.1632204624105373e+01  6.6498276151730709e+00  2.6912565301510311e-01  nan  nan  nan  nan  nan  1.0002059060519484e+00
2.3999999999999901e+00  1.1794171448652417e+01  3.4001859915109692e-02  6.6405943526785416e+00  2.7028604813687984e-01  3.2000311151933204e+01  3.2000266187870011e+01  3.2000266187870011e+01  4.7999999999999998e+00  1.1611617313827736e+01  6.6485885365143176e+00  2.6962646663346174e-01  nan  nan  nan  nan  nan  1.0001525370980606e+00
3.1999999999999802e+00  1.1910281351862142e+01  3.4347129330897043e-02  6.6373347163618268e+00  2.7135081491690699e-01  3.2000373313878072e+01  3.2000364532515071e+01  3.2000364532510410e+01  4.7999999999999998e+00  1.1725550976391268e+01  6.6453675410705833e+00  2.7068621367297258e-01  nan  nan  nan  nan  nan  1.0001270022979214e+00
3.9999999999999600e+00  1.1804157828627925e+01  3.4050963643891562e-02  6.6346478647221954e+00  2.7251720848151273e-01  3.2000379854170539e+01  3.2000455471486362e+01  3.2000455471477920e+01  4.7999999999999998e+00  1.1620838588939169e+01  6.6427004792280204e+00  2.7184922448459231e-01  nan  nan  nan  nan  nan  1.0001432346081296e+00
4.7999999999999403e+00  1.1880563546890118e+01  3.4273545644812067e-02  6.6302850473707338e+00  2.7407056853114542e-01  3.2000406812768276e+01  3.2000603874901046e+01  3.2000603874880646e+01  4.7999999999999998e+00  1.1695952903486283e+01  6.6383384996593788e+00  2.7339948941922088e-01  nan  nan  nan  nan  nan  1.0001457136699232e+00
5.5999999999999304e+00  1.1912076409281694e+01  3.4366860175297748e-02  6.6237918885219003e+00  2.7603800570304760e-01  3.2000645874887034e+01  3.2000886355519619e+01  3.2000886355473966e+01  4.7999999999999998e+00  1.1726909335606138e+01  6.6318461436296641e+00  2.7536368152070645e-01  nan  nan  nan  nan  nan  1.0001461857158456e+00
6.3999999999999098e+00  1.1824102683675569e+01  3.4093639056657118e-02  6.6192288514707567e+00  2.7781865322806321e-01  3.2000730416863050e+01  3.2001112842901911e+01  3.2001112842828789e+01  4.7999999999999998e+00  1.1640210234053612e+01  6.6273067109108075e+00  2.7713971124886705e-01  nan  nan  nan  nan  nan  1.0001711222570633e+00
7.1999999999998900e+00  1.1952272315360519e+01  3.4443508458805554e-02  6.6113259986225854e+00  2.8009117713134346e-01  3.2001009173065015e+01  3.2001490616639259e+01  3.2001490616529388e+01  4.7999999999999998e+00  1.1766216589810821e+01  6.6194319566617228e+00  2.7940591084903460e-01  nan  nan  nan  nan  nan  1.0002063222670787e+00
7.9999999999998703e+00  1.1883935366655990e+01  3.4215615519814918e-02  6.6022915106856317e+00  2.8257107656405717e-01  3.2001437994503384e+01  3.2001995248558146e+01  3.2001995248408669e+01  4.7999999999999998e+00  1.1698764489367099e+01  6.6104275706352977e+00  2.8187918050222677e-01  nan  nan  nan  nan  nan  1.0002351916783130e+00
8.7999999999998604e+00  1.1884847050812162e+01  3.4198626477168786e-02  6.5938710663637199e+00  2.8488680048240883e-01  3.2001802937395411e+01  3.2002526740241450e+01  3.2002526740048978e+01  4.7999999999999998e+00  1.1699490883913494e+01  6.6020430020259200e+00  2.8418885309843522e-01  nan  nan  nan  nan  nan  1.0002559934486983e+00
9.5999999999998398e+00  1.1981818857582086e+01  3.4465953203105686e-02  6.5802372040835433e+00  2.8778963800094493e-01  3.2002530350021928e+01  3.2003322581827497e+01  3.2003322581561449e+01  4.7999999999999998e+00  1.1794757802440966e+01  6.5884329801942219e+00  2.8708434389186216e-01  nan  nan  nan  nan  nan  1.0002704710206940e+00
1.0399999999999800e+01  1.1867683026481490e+01  3.4086946170101891e-02  6.5690626111732282e+00  2.9037886242730443e-01  3.2003045337643634e+01  3.2004003572949074e+01  3.2004003572621109e+01  4.7999999999999998e+00  1.1682252339053008e+01  6.5772964340658371e+00  2.8966426816484037e-01  nan  nan  nan  nan  nan  1.0002790604935834e+00
1.1199999999999800e+01  1.1963315109079662e+01  3.4340893642540657e-02  6.5574220052354972e+00  2.9308902402362913e-01  3.2003588203568597e+01  3.2004733963858577e+01  3.2004733963433480e+01  4.7999999999999998e+00  1.1776228447275798e+01  6.5657087142622625e+00  2.9236381035553616e-01  nan  nan  nan  nan  nan  1.0002836488444313e+00
1.1999999999999799e+01  1.1968113848505000e+01  3.4342738522228217e-02  6.5419098953446246e+00  2.9655053595734115e-01  3.2004564144154372e+01  3.2005849228164827e+01  3.2005849227592378e+01  4.7999999999999998e+00  1.1780775844987147e+01  6.5502520514976217e+00  2.9581376601517123e-01  nan  nan  nan  nan  nan  1.0002872421999678e+00
1.2799999999999800e+01  1.1895032567225517e+01  3.4113160212952763e-02  6.5317618293393345e+00  2.9957306233776126e-01  3.2005296968532171e+01  3.2006887263818655e+01  3.2006887263075690e+01  4.7999999999999998e+00  1.1708704504487812e+01  6.5401979635857668e+00  2.9882287235531840e-01  nan  nan  nan  nan  nan  1.0002913486676195e+00
1.3599999999999801e+01  1.2031688919373780e+01  3.4486121306582344e-02  6.5209420989543050e+00  3.0337080356791407e-01  3.2006298987707105e+01  3.2008065119476278e+01  3.2008065118469936e+01  4.7999999999999998e+00  1.1843085011795218e+01  6.5295174354246424e+00  3.0260409647415260e-01  nan  nan  nan  nan  nan  1.0002959139777363e+00
1.4399999999999700e+01  1.1954974753895186e+01  3.4203387432943967e-02  6.5150628361303751e+00  3.0734994233345581e-01  3.2007508061844995e+01  3.2009392932182010e+01  3.2009392930907055e+01  4.7999999999999998e+00  1.1767481849988709e+01  6.5238414354322538e+00  3.0682794382053513e-01  nan  nan  nan  nan  nan  1.0003007145335068e+00
1.5199999999999701e+01  1.1985715869447118e+01  3.4232250392668542e-02  6.5171432469058104e+00  3.1167999965630977e-01  3.2008614701217326e+01  3.2010520794475546e+01  3.2010520792975377e+01  4.7999999999999998e+00  1.1797670874456760e+01  6.5261977867746657e+00  3.1087522468790757e-01  nan  nan  nan  nan  nan  1.0003056795452621e+00
1.5999999999999700e+01  1.2080713756156323e+01  3.4437499051026402e-02  6.5144349536280215e+00  3.1699195064384744e-01  3.2009921699120682e+01  3.2011798586885831e+01  3.2011798585024700e+01  4.7999999999999998e+00  1.1891059428729417e+01  6.5237958363822619e+00  3.1661266902597429e-01  nan  nan  nan  nan  nan  1.0003105960930636e+00
1.6799999999999802e+01  1.1981428249572843e+01  3.4061175503409633e-02  6.5254468609371612e+00  3.2223659216655381e-01  3.2010963188397255e+01  3.2013069963194219e+01  3.2013069960930807e+01  4.7999999999999998e+00  1.1793306462572236e+01  6.5352365010328608e+00  3.2185652662187358e-01  nan  nan  nan  nan  nan  1.0003152337388539e+00
1.7600000000000001e+01  1.2103224938302457e+01  3.4353119290809378e-02  6.5348710847687421e+00  3.2814933510934147e-01  3.2012103422056228e+01  3.2014153050230306e+01  3.2014153047905715e+01  4.7999999999999998e+00  1.1913099033847367e+01  6.5451153291643571e+00  3.2798453897244706e-01  nan  nan  nan  nan  nan  1.0003195632299637e+00
1.8400000000000102e+01  1.2111122928241683e+01  3.4258349332883797e-02  6.5460739260459819e+00  3.3556245563618747e-01  3.2013180989310591e+01  3.2015170302323298e+01  3.2015170299999120e+01  4.7999999999999998e+00  1.1920781261969168e+01  6.5568552695392608e+00  3.3488840781795115e-01  nan  nan  nan  nan  nan  1.0003236646880973e+00
1.9200000000000198e+01  1.2062232517559462e+01  3.4006199967281839e-02  6.5715064714438016e+00  3.4148905325796458e-01  3.2013885255377950e+01  3.2016012562564079e+01  3.2016012560257309e+01  4.7999999999999998e+00  1.1872615143641699e+01  6.5829284010560798e+00  3.4122683311010943e-01  nan  nan  nan  nan  nan  1.0003275870479444e+00
2.0000000000000298e+01  1.2203268805181768e+01  3.4388583642225537e-02  6.5828202246368726e+00  3.4995570491678180e-01  3.2014902995578737e+01  3.2016930477668573e+01  3.2016930475502534e+01  4.7999999999999998e+00  1.2011190511021127e+01  6.5948526761931436e+00  3.4899813178558914e-01  nan  nan  nan  nan  nan  1.0003313575677388e+00
2.0800000000000502e+01  1.2127934274263968e+01  3.4080977369570276e-02  6.6089676724174948e+00  3.5801762051593955e-01  3.2015647160057561e+01  3.2017806849674379e+01  3.2017806847573972e+01  4.7999999999999998e+00  1.1936875298351712e+01  6.6217797829938867e+00  3.5699407205124806e-01  nan  nan  nan  nan  nan  1.0003350135650446e+00
2.1600000000000598e+01  1.2164988188831234e+01  3.4132563368001523e-02  6.6414099953121584e+00  3.6555021126902493e-01  3.2016125893935993e+01  3.2018355025398044e+01  3.2018355023423496e+01  4.7999999999999998e+00  1.1973110632746742e+01  6.6550573117749323e+00  3.6454706505428286e-01  nan  nan  nan  nan  nan  1.0003385821659652e+00
2.2400000000000698e+01  1.2259014302159816e+01  3.4337970655008113e-02  6.6638830726625482e+00  3.7603765075391771e-01  3.2016622650538707e+01  3.2019074955315752e+01  3.2019074953378414e+01  4.7999999999999998e+00  1.2065235794209363e+01  6.6784162965068354e+00  3.7492682190211557e-01  nan  nan  nan  nan  nan  1.0003420678846144e+00
2.3200000000000799e+01  1.2152749321729599e+01  3.3919186426119095e-02  6.7094596546845429e+00  3.8538997797643565e-01  3.2017130825707540e+01  3.2019821498205445e+01  3.2019821496362077e+01  4.7999999999999998e+00  1.1960331877596742e+01  6.7250689126067424e+00  3.8422922831370121e-01  nan  nan  nan  nan  nan  1.0003454688317444e+00
2.4000000000000998e+01  1.2254992807729357e+01  3.4157880593535306e-02  6.7442514530838817e+00  3.9592777619921549e-01  3.2017612841660501e+01  3.2020524741515288e+01  3.2020524739759757e+01  4.7999999999999998e+00  1.2060396782839533e+01  6.7609130310458063e+00  3.9537768974212212e-01  nan  nan  nan  nan  nan  1.0003487899566097e+00
2.4800000000001098e+01  1.2264083322348558e+01  3.4022710364475406e-02  6.7803954122140766e+00  4.0932551266778089e-01  3.2017761975607883e+01  3.2021372710379744e+01  3.2021372708729714e+01  4.7999999999999998e+00  1.2068677056769452e+01  6.7982698976301403e+00  4.0870761640030101e-01  nan  nan  nan  nan  nan  1.0003520396917323e+00
2.5600000000001199e+01  1.2179195409681981e+01  3.3693873445661458e-02  6.8462032744953181e+00  4.2087415757461377e-01  3.2018067306426254e+01  3.2021985061339436e+01  3.2021985059814583e+01  4.7999999999999998e+00  1.1984598890271592e+01  6.8654830377795246e+00  4.1952692511798589e-01  nan  nan  nan  nan  nan  1.0003552235654234e+00
2.6400000000001299e+01  1.2294372841098475e+01  3.4010879555132253e-02  6.8829183807992607e+00  4.3590954382662173e-01  3.2018726918948531e+01  3.2022817716983440e+01  3.2022817715571989e+01  4.7999999999999998e+00  1.2096925453108689e+01  6.9035571882591702e+00  4.3458857517803495e-01  nan  nan  nan  nan  nan  1.0003583449275855e+00
2.7200000000001499e+01  1.2232649310693347e+01  3.3615554040297292e-02  6.9339492235010329e+00  4.5344320261117377e-01  3.2019317472101491e+01  3.2023838140627610e+01  3.2023838139361636e+01  4.7999999999999998e+00  1.2035119897845330e+01  6.9562164252552900e+00  4.5194162803711058e-01  nan  nan  nan  nan  nan  1.0003614074115279e+00
2.8000000000001599e+01  1.2140569362012254e+01  3.3324051442470734e-02  7.0089127390435539e+00  4.6703003627616418e-01  3.2020219379270628e+01  3.2024792303667041e+01  3.2024792302572152e+01  4.7999999999999998e+00  1.1943473143721409e+01  7.0329344681323223e+00  4.6539286233227617e-01  nan  nan  nan  nan  nan  1.0003644170307195e+00
2.8800000000001699e+01  1.2182387198125364e+01  3.3364638106854569e-02  7.0493694610459636e+00  4.8763427731768250e-01  3.2021155110323974e+01  3.2025922516341808e+01  3.2025922515421854e+01  4.7999999999999998e+00  1.1982915462953173e+01  7.0752000800093979e+00  4.8654408752511324e-01  nan  nan  nan  nan  nan  1.0003673846136265e+00
2.9600000000001799e+01  1.2048416775653463e+01  3.3382707091380477e-02  7.1179378712577206e+00  5.0981035261750551e-01  3.2022055058892526e+01  3.2027103257460681e+01  3.2027103256778027e+01  4.7999999999999998e+00  1.1849475008230360e+01  7.1459193521484003e+00  5.0763201606452701e-01  nan  nan  nan  nan  nan  1.0003703173811493e+00
3.0400000000001999e+01  1.1785502700591492e+01  3.3505302049321048e-02  7.2295582001837486e+00  5.2534785461790479e-01  3.2023232943776534e+01  3.2028331826232638e+01  3.2028331825868619e+01  4.7999999999999998e+00  1.1589447536615712e+01  7.2599007410521459e+00  5.2341991731728565e-01  nan  nan  nan  nan  nan  1.0003732165212822e+00
3.1200000000002099e+01  1.1600111474618936e+01  3.3837400224178103e-02  7.3213724740697153e+00  5.4866963867082719e-01  3.2024199056592785e+01  3.2029686695886234e+01  3.2029686696021201e+01  4.7999999999999998e+00  1.1405396847886912e+01  7.3541626643837734e+00  5.4662361222637390e-01  nan  nan  nan  nan  nan  1.0003760877127215e+00
3.2000000000002203e+01  1.1395737739708661e+01  3.4767560138211889e-02  7.4269079860358893e+00  5.7433948515898325e-01  3.2025318739746986e+01  3.2031179833172686e+01  3.2031179833701430e+01  4.7999999999999998e+00  1.1203215073955150e+01  7.4621839281085753e+00  5.7218858166481101e-01  nan  nan  nan  nan  nan  1.0003789300802106e+00
3.2800000000002001e+01  1.1118818457860254e+01  3.4950852715359138e-02  7.5691393086920362e+00  5.9486590903172487e-01  3.2026568000588405e+01  3.2032674882616497e+01  3.2032674883591405e+01  4.7999999999999998e+00  1.0930313560083608e+01  7.6069328403606749e+00  5.9260423026227460e-01  nan  nan  nan  nan  nan  1.0003817821354424e+00
3.3600000000001899e+01  1.1047132782474037e+01  3.5625513630418229e-02  7.6832716080503598e+00  6.1354793949292397e-01  3.2028136111834336e+01  3.2034167649530055e+01  3.2034167650824607e+01  4.7999999999999998e+00  1.0859429536396469e+01  7.7231792650246609e+00  6.1117352988983165e-01  nan  nan  nan  nan  nan  1.0003846091443345e+00
3.4400000000001697e+01  1.1071777080700411e+01  3.6054291496970162e-02  7.8114733734056951e+00  6.1763428843910517e-01  3.2030319453876075e+01  3.2035805177986063e+01  3.2035805179743932e+01  4.7999999999999998e+00  1.0884323957505069e+01  7.8529733128512245e+00  6.1513345619496573e-01  nan  nan  nan  nan  nan  1.0003871726851112e+00
3.5200000000001602e+01  1.1147983309800912e+01  3.5948945584735666e-02  7.9721604465339206e+00  6.0531774927075899e-01  3.2032361942849995e+01  3.2037444756659660e+01  3.2037444758715395e+01  4.7999999999999998e+00  1.0961139350842007e+01  8.0147147811261412e+00  6.0265962110340521e-01  nan  nan  nan  nan  nan  1.0003901069259631e+00
3.6000000000001400e+01  1.1471628408314357e+01  3.6362151455061005e-02  8.1066359427029386e+00  5.8286689258655044e-01  3.2033880344976957e+01  3.2038718985587444e+01  3.2038718987949302e+01  4.7999999999999998e+00  1.1281847355781240e+01  8.1495077791695980e+00  5.8004940071747491e-01  nan  nan  nan  nan  nan  1.0003939054016799e+00
3.6800000000001198e+01  1.1956469741357266e+01  3.6111595115549913e-02  8.2445387449171275e+00  5.4810687495114419e-01  3.2035196940868353e+01  3.2040198546855464e+01  3.2040198549519403e+01  4.7999999999999998e+00  1.1762437106892477e+01  8.2869601031417233e+00  5.4513800242901744e-01  nan  nan  nan  nan  nan  1.0003958913219448e+00
3.7600000000001103e+01  1.2730632199492035e+01  3.5189853424855075e-02  8.3396130817919012e+00  5.1452129074853392e-01  3.2036157355609966e+01  3.2041442604187466e+01  3.2041442607040409e+01  4.7999999999999998e+00  1.2527802210110448e+01  8.3810964118291924e+00  5.1144293065874524e-01  nan  nan  nan  nan  nan  1.0003954065024945e+00
3.8400000000000901e+01  1.3895607091728262e+01  3.3558723026552328e-02  8.3616839187243137e+00  4.9065007993757997e-01  3.2036989697847062e+01  3.2042695945768635e+01  3.2042695948751451e+01  4.7999999999999998e+00  1.3677081461976915e+01  8.4019840714977949e+00  4.8771382705271865e-01  nan  nan  nan  nan  nan  1.0003982564497580e+00
3.9200000000000799e+01  1.5059351388858939e+01  3.0546236234718839e-02  8.4196139518494757e+00  4.6333422743257280e-01  3.2038121455577915e+01  3.2044027464921562e+01  3.2044027468080721e+01  4.7999999999999998e+00  1.4826882509994128e+01  8.4585953415702058e+00  4.6019105697584384e-01  nan  nan  nan  nan  nan  1.0004061025749742e+00
4.0000000000000597e+01  1.6260285810041733e+01  2.7397676202003098e-02  8.4879457084137293e+00  4.3875985946578461e-01  3.2039279930997012e+01  3.2045250565466809e+01  3.2045250568896094e+01  4.7999999999999998e+00  1.6013259563064072e+01  8.5259031461449890e+00  4.3572096599861193e-01  nan  nan  nan  nan  nan  1.0004116306541615e+00
4.0800000000000502e+01  1.7731821725397666e+01  2.7894104177701676e-02  8.5240373977380663e+00  4.2326522577998743e-01  3.2040358358720098e+01  3.2046499719433299e+01  3.2046499723035218e+01  4.7999999999999998e+00  1.7464471730088114e+01  8.5613355493379171e+00  4.2014554894807576e-01  nan  nan  nan  nan  nan  1.0004110755042928e+00
4.1600000000000300e+01  1.8850060469014274e+01  2.9531915636553246e-02  8.6519433434452804e+00  4.0272982647394096e-01  3.2041776534718572e+01  3.2047986423453253e+01  3.2047986427296848e+01  4.7999999999999998e+00  1.8569990049900884e+01  8.6888170467085768e+00  3.9951539248417489e-01  nan  nan  nan  nan  nan  1.0004095584106005e+00
4.2400000000000098e+01  1.9362717631396876e+01  2.9582156616051833e-02  8.9010747135261195e+00  3.7578107535560729e-01  3.2043465769551034e+01  3.2049309717648612e+01  3.2049309721910703e+01  4.7999999999999998e+00  1.9082062263154196e+01  8.9377594717853146e+00  3.7275473758875999e-01  nan  nan  nan  nan  nan  1.0004129042061587e+00
4.3200000000000003e+01  1.9749721307869329e+01  3.0083373432578366e-02  9.1741061913650377e+00  3.5539386527648703e-01  3.2045042460001113e+01  3.2050403031494326e+01  3.2050403036094671e+01  4.7999999999999998e+00  1.9470106448596045e+01  9.2108771367573041e+00  3.5240680926117091e-01  nan  nan  nan  nan  nan  1.0004199713348945e+00
4.3999999999999801e+01  2.0019098556783931e+01  3.2037048962928569e-02  9.4708443182177326e+00  3.3943462421807880e-01  3.2046857319314576e+01  3.2051658215853941e+01  3.2051658220837318e+01  4.7999999999999998e+00  1.9742651328735388e+01  9.5078024169126980e+00  3.3655335397407704e-01  nan  nan  nan  nan  nan  1.0004238697752910e+00
4.4799999999999699e+01  2.0038636518604303e+01  3.3854226877582209e-02  9.8320195082005348e+00  3.1897577837979518e-01  3.2048824750741993e+01  3.2052553804538640e+01  3.2052553809980040e+01  4.7999999999999998e+00  1.9771781789882255e+01  9.8687714502106640e+00  3.1606226332555171e-01  nan  nan  nan  nan  nan  1.0004236623990581e+00
4.5599999999999497e+01  2.0240885449053117e+01  3.7636867333407334e-02  1.0173305255770584e+01  3.0467327482405721e-01  3.2050543261879071e+01  3.2053440910429813e+01  3.2053440916332200e+01  4.7999999999999998e+00  1.9981151289760877e+01  1.0209630758905469e+01  3.0180858214997924e-01  nan  nan  nan  nan  nan  1.0004250262926560e+00
4.6399999999999302e+01  2.0578990010685331e+01  4.1072082258830550e-02  1.0500383892878949e+01  2.9570463886869697e-01  3.2052445678430772e+01  3.2054346075832285e+01  3.2054346082108026e+01  4.7999999999999998e+00  2.0323826056164989e+01  1.0536358130969164e+01  2.9285487482980715e-01  nan  nan  nan  nan  nan  1.0004283227270581e+00
4.7199999999999200e+01  2.0838050522390628e+01  3.9292382536874608e-02  1.0859751940727957e+01  2.8603622758445668e-01  3.2054194263118973e+01  3.2055273771104723e+01  3.2055273777798476e+01  4.7999999999999998e+00  2.0587859333715247e+01  1.0895609609204230e+01  2.8315073180767342e-01  nan  nan  nan  nan  nan  1.0004307901232017e+00
4.7999999999998998e+01  2.1480961044948614e+01  3.4431640636549875e-02  1.1148455729691763e+01  2.8703462032600030e-01  3.2055744849962586e+01  3.2055977951183884e+01  3.2055977958214967e+01  4.7999999999999998e+00  2.1227494801232510e+01  1.1184737246812832e+01  2.8403707786262883e-01  nan  nan  nan  nan  nan  1.0004329037479305e+00
4.8799999999998903e+01  2.2495996764123795e+01  3.1863153842850725e-02  1.1376042110841540e+01  2.8918691753446824e-01  3.2056795825318851e+01  3.2056635243129428e+01  3.2056635250172995e+01  4.7999999999999998e+00  2.2233823246646701e+01  1.1412730904776682e+01  2.8610581052264034e-01  nan  nan  nan  nan  nan  1.0004353469441036e+00
4.9599999999998701e+01  2.3848528623897998e+01  3.2209022239667637e-02  1.1558396600476671e+01  2.8458303943710139e-01  3.2057669138788285e+01  3.2057440859239676e+01  3.2057440866119549e+01  4.7999999999999998e+00  2.3574816000186942e+01  1.1595077627715661e+01  2.8149617227473661e-01  nan  nan  nan  nan  nan  1.0004378211925435e+00
5.0399999999998499e+01  2.5594825188045210e+01  3.3177767429398132e-02  1.1685768727184241e+01  2.8035409558117597e-01  3.2058786283948329e+01  3.2058428152426373e+01  3.2058428158880957e+01  4.7999999999999998e+00  2.5304389413657166e+01  1.1722499161821467e+01  2.7727168207841130e-01  nan  nan  nan  nan  nan  1.0004402604290519e+00
5.1199999999998397e+01  2.7146669076670680e+01  3.2575218233653558e-02  1.1881033313003426e+01  2.6809807040502975e-01  3.2060169742472567e+01  3.2059521113205300e+01  3.2059521119265085e+01  4.7999999999999998e+00  2.6845325866751303e+01  1.1917445419910734e+01  2.6508606933767576e-01  nan  nan  nan  nan  nan  1.0004425936859760e+00
5.1999999999998202e+01  2.8332120251314166e+01  3.0203401729048215e-02  1.2165936799291602e+01  2.4946185072431687e-01  3.2061675309922471e+01  3.2060584674540749e+01  3.2060584680318705e+01  4.7999999999999998e+00  2.8027836630283772e+01  1.2201727149543109e+01  2.4657088254395976e-01  nan  nan  nan  nan  nan  1.0004448487067601e+00
5.2799999999998100e+01  2.9581683364004277e+01  2.9977699674435476e-02  1.2447318848164080e+01  2.3644419828063443e-01  3.2063098751807075e+01  3.2061532222300976e+01  3.2061532227674356e+01  4.7999999999999998e+00  2.9272264949307818e+01  1.2482953307408147e+01  2.3362224621955363e-01  nan  nan  nan  nan  nan  1.0004471838888611e+00
5.3599999999997898e+01  3.0711825126974233e+01  3.1072979769288699e-02  1.2759577782221996e+01  2.2412561832548034e-01  3.2064615394994362e+01  3.2062476879165686e+01  3.2062476884133652e+01  4.7999999999999998e+00  3.0399687075047794e+01  1.2795045403854463e+01  2.2137141278385755e-01  nan  nan  nan  nan  nan  1.0004495781597926e+00
5.4399999999997704e+01  3.1623786295999693e+01  3.3176489382026886e-02  1.3119979179537022e+01  2.0910651361975430e-01  3.2066190640816885e+01  3.2063319836251139e+01  3.2063319840831184e+01  4.7999999999999998e+00  3.1314228794672182e+01  1.3154865804739877e+01  2.0647081004333717e-01  nan  nan  nan  nan  nan  1.0004518963576898e+00
5.5199999999997601e+01  3.2670315183534555e+01  3.7302146167921338e-02  1.3465556070145784e+01  1.9970918533498672e-01  3.2067549014904586e+01  3.2063963362187295e+01  3.2063963366321559e+01  4.7999999999999998e+00  3.2360921857285888e+01  1.3500073806902975e+01  1.9716372253593989e-01  nan  nan  nan  nan  nan  1.0004541006714955e+00
5.5999999999997399e+01  3.3600033647828361e+01  3.8396786943673017e-02  1.3844654842683756e+01  1.9034078748632002e-01  3.2068925473972882e+01  3.2064885973770991e+01  3.2064885977411635e+01  4.7999999999999998e+00  3.3292916034389322e+01  1.3878742315899617e+01  1.8788404142539256e-01  nan  nan  nan  nan  nan  1.0004562899074037e+00
5.6799999999997297e+01  3.4338744419809409e+01  3.4734590388803700e-02  1.4263161220436960e+01  1.8035674027859899e-01  3.2070063220118875e+01  3.2065709240141182e+01  3.2065709243326907e+01  4.7999999999999998e+00  3.4036220506976719e+01  1.4296817000546193e+01  1.7797025708734521e-01  nan  nan  nan  nan  nan  1.0004585635023173e+00
5.7599999999997102e+01  3.5465397005476873e+01  3.2978496981787862e-02  1.4615613101481134e+01  1.7857121966022488e-01  3.2071110279957615e+01  3.2066286799002157e+01  3.2066286801598139e+01  4.7999999999999998e+00  3.5159149194887505e+01  1.4649612807259972e+01  1.7616350308173917e-01  nan  nan  nan  nan  nan  1.0004608744667318e+00
5.8399999999997000e+01  3.6763552242561232e+01  3.2461574061623436e-02  1.4946175251134292e+01  1.7852552606116101e-01  3.2072328238977853e+01  3.2067144982873984e+01  3.2067144984874659e+01  4.7999999999999998e+00  3.6451387236519089e+01  1.4980591498348657e+01  1.7609453463951780e-01  nan  nan  nan  nan  nan  1.0004630977853404e+00
5.9199999999996798e+01  3.8125089812272392e+01  3.3316438906382549e-02  1.5275185233868504e+01  1.7710277196441263e-01  3.2073367222863396e+01  3.2067897423201330e+01  3.2067897424726823e+01  4.7999999999999998e+00  3.7807212903671669e+01  1.5309877889135848e+01  1.7469206792163722e-01  nan  nan  nan  nan  nan  1.0004652427974818e+00
5.9999999999996597e+01  3.9697857795076175e+01  3.3268241147428088e-02  1.5574549653891619e+01  1.7819819729508293e-01  3.2074337750786896e+01  3.2068797433971163e+01  3.2068797434892758e+01  4.7999999999999998e+00  3.9370175310003660e+01  1.5609930539151845e+01  1.7584577313225019e-01  nan  nan  nan  nan  nan  1.0004674557691395e+00
6.0799999999996501e+01  4.1002128425209342e+01  3.1426545694771275e-02  1.5929519171436564e+01  1.7427122361582650e-01  3.2075369823932327e+01  3.2069731404225386e+01  3.2069731404636102e+01  4.7999999999999998e+00  4.0670030115296811e+01  1.5965160710307202e+01  1.7186625440546971e-01  nan  nan  nan  nan  nan  1.0004697893130299e+00
6.1599999999996299e+01  4.2039765076076918e+01  3.0217345511985405e-02  1.6338765280076348e+01  1.6519503725430207e-01  3.2076399000543816e+01  3.2070355863020957e+01  3.2070355862920124e+01  4.7999999999999998e+00  4.1709103013448562e+01  1.6374129805485317e+01  1.6286810733465409e-01  nan  nan  nan  nan  nan  1.0004721318122607e+00
6.2399999999996197e+01  4.3249544603111886e+01  3.0593684369354966e-02  1.6720022008447014e+01  1.5934792867582540e-01  3.2077460883202306e+01  3.2071097088252415e+01  3.2071097087547756e+01  4.7999999999999998e+00  4.2917004428174721e+01  1.6755446973414575e+01  1.5705676238019298e-01  nan  nan  nan  nan  nan  1.0004744150911864e+00
6.3199999999996002e+01  4.4353910472482454e+01  3.3547822740690056e-02  1.7124115307886857e+01  1.5288878790247076e-01  3.2078540532197039e+01  3.2071885312305305e+01  3.2071885311040312e+01  4.7999999999999998e+00  4.4022363878986638e+01  1.7159303560692660e+01  1.5065213796582297e-01  nan  nan  nan  nan  nan  1.0004767523103846e+00
6.3999999999995801e+01  4.5247781321503396e+01  3.6352495705025842e-02  1.7570492968591655e+01  1.4432375375819329e-01  3.2079280250199780e+01  3.2072428573496751e+01  3.2072428571783519e+01  4.7999999999999998e+00  4.4922315090574841e+01  1.7604892475477062e+01  1.4218797874968372e-01  nan  nan  nan  nan  nan  1.0004792849082280e+00
6.4799999999996203e+01  4.6286070895824665e+01  3.7367682746703296e-02  1.7991187316932745e+01  1.3963717841618817e-01  3.2079962956675800e+01  3.2073084701278887e+01  3.2073084699106296e+01  4.7999999999999998e+00  4.5963512255596584e+01  1.8025157336039619e+01  1.3755979355819553e-01  nan  nan  nan  nan  nan  1.0004819897119643e+00
6.5599999999996697e+01  4.7178422405905366e+01  3.5835440694979001e-02  1.8435498120751220e+01  1.3463302454127318e-01  3.2080563707476436e+01  3.2073761390204467e+01  3.2073761387566023e+01  4.7999999999999998e+00  4.6860632857519477e+01  1.8468933027742978e+01  1.3260113843485091e-01  nan  nan  nan  nan  nan  1.0004847388389968e+00
6.6399999999997107e+01  4.8090855123268142e+01  3.4275914151651238e-02  1.8875086428912081e+01  1.3033500802099571e-01  3.2080932966365665e+01  3.2074294343412390e+01  3.2074294340329487e+01  4.7999999999999998e+00  4.7776909341511271e+01  1.8908106137459928e+01  1.2833036854382956e-01  nan  nan  nan  nan  nan  1.0004873999089696e+00
6.7199999999997502e+01  4.9517033970420982e+01  3.3811651810766841e-02  1.9214706511688828e+01  1.3146885888007026e-01  3.2081055251633018e+01  3.2075068485568188e+01  3.2075068481962575e+01  4.7999999999999998e+00  4.9197536807135386e+01  1.9248241610342482e+01  1.2943498954920807e-01  nan  nan  nan  nan  nan  1.0004896684147231e+00
6.7999999999997897e+01  5.1003017914603163e+01  3.4813765663278956e-02  1.9543591511223067e+01  1.3063337918761200e-01  3.2080869496375485e+01  3.2075810979023906e+01  3.2075810974985352e+01  4.7999999999999998e+00  5.0678521228109119e+01  1.9577414451275082e+01  1.2860984065218545e-01  nan  nan  nan  nan  nan  1.0004904743515706e+00
6.8799999999998306e+01  5.2518228301679812e+01  3.3562185798761135e-02  1.9868735707607151e+01  1.2783848121073574e-01  3.2080737039947159e+01  3.2076695939300556e+01  3.2076695934861462e+01  4.7999999999999998e+00  5.2189361529946623e+01  1.9902674405867227e+01  1.2585578004148049e-01  nan  nan  nan  nan  nan  1.0004878727214201e+00
6.9599999999998701e+01  5.4279635877927149e+01  3.1697955925224605e-02  2.0140637546497395e+01  1.2753675988523208e-01  3.2080500001226625e+01  3.2077615428057321e+01  3.2077615423259452e+01  4.7999999999999998e+00  5.3941204670491160e+01  2.0175266146675582e+01  1.2555822584815937e-01  nan  nan  nan  nan  nan  1.0004818245580727e+00
7.0399999999999096e+01  5.5901396092564390e+01  3.0311037630681333e-02  2.0432896413407676e+01  1.2425322010576602e-01  3.2079849036067799e+01  3.2078524810089732e+01  3.2078524805018709e+01  4.7999999999999998e+00  5.5556701586976850e+01  2.0467805393584577e+01  1.2231266858672990e-01  nan  nan  nan  nan  nan  1.0004754773874744e+00
7.1199999999999505e+01  5.7404755067784137e+01  3.0332976694589356e-02  2.0740933620742378e+01  1.1953423588068002e-01  3.2079146675754508e+01  3.2079557945106735e+01  3.2079557939705580e+01  4.7999999999999998e+00  5.7056601656016980e+01  2.0775796154396822e+01  1.1765016229929753e-01  nan  nan  nan  nan  nan  1.0004704213291093e+00
7.1999999999999901e+01  5.9065235675826514e+01  3.3021709783140375e-02  2.1011932159683671e+01  1.1805016856352214e-01  3.2078059679175396e+01  3.2080381813186079e+01  3.2080381807463667e+01  4.7999999999999998e+00  5.8710185243467940e+01  2.1047152284158891e+01  1.1618318759883471e-01  nan  nan  nan  nan  nan  1.0004650408787403e+00
7.2800000000000296e+01  6.0421239515612143e+01  3.4514748495431014e-02  2.1328151598112473e+01  1.1428544085047557e-01  3.2077282130500663e+01  3.2081410306205875e+01  3.2081410300304611e+01  4.7999999999999998e+00  6.0065233954372502e+01  2.1363125889551714e+01  1.1247321833112682e-01  nan  nan  nan  nan  nan  1.0004587419465287e+00
7.3600000000000705e+01  6.1456854057858635e+01  3.4107296324720753e-02  2.1687550217050166e+01  1.0844342273211616e-01  3.2076543904659360e+01  3.2082145217625722e+01  3.2082145211534190e+01  4.7999999999999998e+00  6.1105355063958939e+01  2.1721758794685439e+01  1.0671353317299086e-01  nan  nan  nan  nan  nan  1.0004534047073446e+00
7.4400000000001199e+01  6.2550597161061631e+01  3.3858993557012704e-02  2.2021168696892204e+01  1.0567040963138093e-01  3.2075493377041624e+01  3.2082587946185427e+01  3.2082587939984144e+01  4.7999999999999998e+00  6.2200748826319696e+01  2.2055022504556913e+01  1.0397272021064910e-01  nan  nan  nan  nan  nan  1.0004510767592740e+00
7.5200000000001594e+01  6.3434347395416054e+01  3.3886278083081020e-02  2.2372439635957729e+01  1.0244839974846129e-01  3.2074052843147520e+01  3.2083159943152374e+01  3.2083159936868149e+01  4.7999999999999998e+00  6.3088671099403584e+01  2.2405741448242917e+01  1.0078298236447129e-01  nan  nan  nan  nan  nan  1.0004520914688679e+00
7.6000000000002004e+01  6.4284860096769592e+01  3.4181504070643652e-02  2.2707850346646261e+01  9.9968220749963935e-02  3.2071880678873605e+01  3.2083240094618226e+01  3.2083240088150774e+01  4.7999999999999998e+00  6.3942723133136816e+01  2.2740706456019485e+01  9.8327168146050414e-02  nan  nan  nan  nan  nan  1.0004559765387731e+00
7.6800000000002399e+01  6.5372673367627513e+01  3.6117919724294706e-02  2.2977186263369873e+01  1.0107375734904950e-01  3.2070218752529534e+01  3.2083413212982606e+01  3.2083413206444902e+01  4.7999999999999998e+00  6.5028302753422196e+01  2.3010260743750806e+01  9.9412912847020182e-02  nan  nan  nan  nan  nan  1.0004646468725735e+00
7.7600000000002794e+01  6.6237975800440012e+01  3.5245831012372178e-02  2.3264201177468518e+01  1.0042019292854777e-01  3.2070624050997942e+01  3.2083709183728025e+01  3.2083709177015315e+01  4.7999999999999998e+00  6.5894837903042557e+01  2.3297100523247440e+01  9.8767284417632509e-02  nan  nan  nan  nan  nan  1.0004806618879667e+00
7.8400000000003203e+01  6.7086205817755513e+01  3.2116061070608243e-02  2.3541768048346608e+01  9.9485266553213367e-02  3.2071042912850714e+01  3.2083609688371048e+01  3.2083609681735076e+01  4.7999999999999998e+00  6.6743908564960492e+01  2.3574541245300935e+01  9.7841951341983452e-02  nan  nan  nan  nan  nan  1.0005003653634708e+00
7.9200000000003598e+01  6.8209934024447918e+01  3.1416618222565723e-02  2.3755814021472336e+01  1.0125875775837145e-01  3.2070767244406227e+01  3.2083690599769817e+01  3.2083690593157705e+01  4.7999999999999998e+00  6.7862078977882902e+01  2.3789218562920677e+01  9.9583052490556559e-02  nan  nan  nan  nan  nan  1.0005105454209899e+00
8.0000000000003993e+01  6.9182728592984319e+01  3.1111465385732381e-02  2.3977433314869842e+01  1.0058845610930855e-01  3.2070986844883855e+01  3.2083461532270761e+01  3.2083461525772755e+01  4.7999999999999998e+00  6.8832442561189993e+01  2.4011050836850050e+01  9.8918943296949405e-02  nan  nan  nan  nan  nan  1.0005034779290127e+00
8.0800000000004403e+01  7.0155657714989019e+01  3.2397924106306819e-02  2.4187809934535032e+01  9.9128722999251684e-02  3.2071087878560796e+01  3.2082800163472001e+01  3.2082800156965241e+01  4.7999999999999998e+00  6.9803696100100183e+01  2.4221469315112177e+01  9.7482371627229100e-02  nan  nan  nan  nan  nan  1.0004952888140115e+00
8.1600000000004798e+01  7.1157808731736168e+01  3.3875045150989352e-02  2.4367229845931138e+01  9.9578610314808802e-02  3.2071099441259037e+01  3.2082965158785584e+01  3.2082965152131877e+01  4.7999999999999998e+00  7.0801719935886666e+01  2.4401274124463431e+01  9.7930516103238857e-02  nan  nan  nan  nan  nan  1.0004910037924291e+00
8.2400000000005207e+01  7.1704143011092853e+01  3.3198187471059987e-02  2.4605488156157961e+01  9.6999012079029778e-02  3.2072996299221053e+01  3.2083270614694861e+01  3.2083270607861806e+01  4.7999999999999998e+00  7.1351231507556349e+01  2.4639157367791430e+01  9.5391944963667125e-02  nan  nan  nan  nan  nan  1.0004861463379091e+00
8.3200000000005701e+01  7.2079947469543299e+01  3.2326418441660502e-02  2.4877137129663549e+01  9.3178568629148570e-02  3.2074013290987644e+01  3.2083561584347727e+01  3.2083561577511965e+01  4.7999999999999998e+00  7.1733228522014969e+01  2.4910108558840989e+01  9.1624662543469931e-02  nan  nan  nan  nan  nan  1.0004777767159925e+00
8.4000000000006096e+01  7.2703232432240569e+01  3.3422552743542583e-02  2.5111536329002401e+01  9.2084119956969079e-02  3.2075373304481204e+01  3.2083994179110292e+01  3.2083994172210311e+01  4.7999999999999998e+00  7.2357943041858135e+01  2.5144353949708371e+01  9.0538867044558102e-02  nan  nan  nan  nan  nan  1.0004702792510725e+00
8.4800000000006506e+01  7.3221505321054849e+01  3.4634389999418105e-02  2.5373167293231070e+01  8.9931723270641764e-02  3.2077147890995498e+01  3.2084554402736494e+01  3.2084554395916278e+01  4.7999999999999998e+00  7.2880561942971937e+01  2.5405445617836740e+01  8.8413190577049480e-02  nan  nan  nan  nan  nan  1.0004633499976154e+00
8.5600000000006901e+01  7.3751888305876619e+01  3.6409249422885176e-02  2.5632870831066853e+01  8.8436444495952282e-02  3.2079270730797759e+01  3.2085079677886831e+01  3.2085079671312862e+01  4.7999999999999998e+00  7.3414617942677467e+01  2.5664708180843377e+01  8.6939698174082133e-02  nan  nan  nan  nan  nan  1.0004565135481227e+00
8.6400000000007296e+01  7.4489010789423759e+01  3.6164576852289299e-02  2.5860441928101455e+01  8.9192683830932040e-02  3.2081964066485583e+01  3.2085376955903286e+01  3.2085376949410104e+01  4.7999999999999998e+00  7.4150785351398568e+01  2.5892427130662696e+01  8.7683535082353783e-02  nan  nan  nan  nan  nan  1.0004568044325657e+00
8.7200000000007705e+01  7.5049928641097864e+01  3.3402622664767886e-02  2.6130320210879567e+01  8.7979985991076107e-02  3.2083999587915599e+01  3.2085473383209504e+01  3.2085473376920838e+01  4.7999999999999998e+00  7.4714224729565927e+01  2.6162046175919869e+01  8.6481577148488642e-02  nan  nan  nan  nan  nan  1.0004680942503379e+00
8.8000000000008100e+01  7.5848408571411738e+01  3.2415812874916766e-02  2.6365827267940460e+01  8.7667714407815719e-02  3.2084614603635835e+01  3.2085690167569531e+01  3.2085690161312002e+01  4.7999999999999998e+00  7.5511542308500864e+01  2.6397686590661078e+01  8.6164702630011483e-02  nan  nan  nan  nan  nan  1.0004859601803862e+00
8.8800000000008495e+01  7.7009078082994691e+01  3.2819769767349662e-02  2.6536392843096440e+01  8.9411100330196072e-02  3.2086216270439593e+01  3.2086414956973741e+01  3.2086414950619513e+01  4.7999999999999998e+00  7.6664765801082552e+01  2.6569091647380652e+01  8.7877210888469268e-02  nan  nan  nan  nan  nan  1.0004949590576759e+00
8.9600000000008905e+01  7.7987010588260887e+01  3.3338281404183497e-02  2.6738808383449957e+01  8.8524180581741094e-02  3.2086747794278615e+01  3.2086855945683290e+01  3.2086855939225337e+01  4.7999999999999998e+00  7.7639966673019799e+01  2.6771716497610697e+01  8.7007860190232433e-02  nan  nan  nan  nan  nan  1.0005015307278036e+00
9.0400000000009300e+01  7.8925823738343439e+01  3.3271374781839530e-02  2.6935048080779861e+01  8.7721863686581705e-02  3.2086997442033166e+01  3.2086805416797709e+01  3.2086805410230085e+01  4.7999999999999998e+00  7.8576237259402433e+01  2.6968158874207759e+01  8.6225966151287775e-02  nan  nan  nan  nan  nan  1.0005016471286856e+00
9.1200000000009794e+01  7.9955575624271063e+01  3.2486797136475218e-02  2.7105985994266039e+01  8.8279743528931379e-02  3.2086934415229138e+01  3.2086423938783362e+01  3.2086423932192830e+01  4.7999999999999998e+00  7.9600889836573771e+01  2.7139638042070349e+01  8.6782053490948891e-02  nan  nan  nan  nan  nan  1.0005062911255398e+00
9.2000000000010203e+01  8.0640088457994580e+01  3.1121183837774166e-02  2.7324898541681154e+01  8.6142911127291777e-02  3.2086350188866909e+01  3.2085783477685240e+01  3.2085783471040848e+01  4.7999999999999998e+00  8.0286682112681632e+01  2.7358345612081859e+01  8.4680274247145429e-02  nan  nan  nan  nan  nan  1.0005074902711399e+00
9.2800000000010598e+01  8.1169521915586941e+01  3.1270178772176291e-02  2.7545798574321214e+01  8.4271063532360718e-02  3.2084790671157705e+01  3.2085075828203031e+01  3.2085075821606999e+01  4.7999999999999998e+00  8.0818283601079628e+01  2.7579019446515154e+01  8.2836734413991114e-02  nan  nan  nan  nan  nan  1.0004984223788931e+00
9.3600000000010994e+01  8.1758565508771198e+01  3.3953226757755320e-02  2.7734363085096263e+01  8.4523155443680428e-02  3.2083518486707256e+01  3.2084349119370479e+01  3.2084349112755639e+01  4.7999999999999998e+00  8.1406539283182695e+01  2.7767775387987317e+01  8.3086422933420973e-02  nan  nan  nan  nan  nan  1.0004915217854649e+00
9.4400000000011403e+01  8.1991668061626129e+01  3.5688075111255893e-02  2.7962593744785810e+01  8.2563023572058553e-02  3.2081879169141196e+01  3.2082701176875283e+01  3.2082701170406523e+01  4.7999999999999998e+00  8.1644885221017134e+01  2.7995479275287622e+01  8.1161059523425616e-02  nan  nan  nan  nan  nan  1.0004845060973744e+00
9.5200000000011798e+01  8.2057750180136580e+01  3.5585089462313729e-02  2.8195234492145222e+01  8.0865112104683348e-02  3.2079419434170141e+01  3.2080678538574467e+01  3.2080678532230316e+01  4.7999999999999998e+00  8.1716895528213570e+01  2.8227588466196174e+01  7.9491705292257867e-02  nan  nan  nan  nan  nan  1.0004805853531504e+00
9.6000000000012193e+01  8.2076146750201559e+01  3.4278940166439426e-02  2.8402166258390018e+01  8.1279564652422767e-02  3.2077556475418056e+01  3.2078766026327003e+01  3.2078766020151491e+01  4.7999999999999998e+00  8.1737941728070638e+01  2.8434541138831488e+01  7.9894833712408270e-02  nan  nan  nan  nan  nan  1.0004845601471635e+00
9.6800000000012602e+01  8.1831179307722550e+01  3.3088728299343326e-02  2.8630603813902386e+01  8.0616748188478429e-02  3.2075736296896501e+01  3.2076170409663369e+01  3.2076170403657216e+01  4.7999999999999998e+00  8.1498155179588892e+01  2.8662760014524668e+01  7.9230752734416696e-02  nan  nan  nan  nan  nan  1.0004928047017894e+00
9.7600000000012997e+01  8.1779023073507773e+01  3.3116811735850418e-02  2.8802336948402353e+01  8.1830460226551952e-02  3.2073072627792797e+01  3.2073472597438553e+01  3.2073472591611761e+01  4.7999999999999998e+00  8.1446124449604270e+01  2.8834924388837816e+01  8.0416017784174232e-02  nan  nan  nan  nan  nan  1.0005007492862734e+00
9.8400000000013407e+01  8.1855007447963033e+01  3.4700922864543855e-02  2.8927739755363113e+01  8.4694977086320011e-02  3.2071637179750866e+01  3.2071165342073179e+01  3.2071165336378321e+01  4.7999999999999998e+00  8.1518372336748925e+01  2.8961277653326061e+01  8.3232522246571738e-02  nan  nan  nan  nan  nan  1.0005039875441841e+00
9.9200000000013802e+01  8.1573144755136610e+01  3.3902203842607788e-02  2.9086191220967340e+01  8.4750526543378876e-02  3.2070358419656536e+01  3.2068442462880746e+01  3.2068442457393331e+01  4.7999999999999998e+00  8.1238252027543041e+01  2.9120003850278398e+01  8.3286397009941240e-02  nan  nan  nan  nan  nan  1.0005051019082514e+00
1.0000000000001400e+02  8.1232005729782401e+01  3.1938466237141493e-02  2.9217926630982188e+01  8.5529109465167355e-02  3.2068020061324944e+01  3.2065186858120100e+01  3.2065186852847347e+01  4.7999999999999998e+00  8.0897129180555311e+01  2.9252328617619796e+01  8.4050962502457638e-02  nan  nan  nan  nan  nan  1.0005093930554427e+00
1.0080000000001500e+02  8.1001186506334761e+01  3.1476095394373405e-02  2.9305422768746567e+01  8.7461060893102155e-02  3.2066837051708482e+01  3.2061596214132045e+01  3.2061596209038761e+01  4.7999999999999998e+00  8.0663135640253529e+01  2.9340842723530550e+01  8.5948761645278607e-02  nan  nan  nan  nan  nan  1.0005142579232484e+00
1.0160000000001500e+02  8.0513993986121562e+01  3.1187959868209082e-02  2.9422354660687926e+01  8.6709816013481628e-02  3.2065521507627139e+01  3.2058278333993321e+01  3.2058278329096112e+01  4.7999999999999998e+00  8.0178143507667016e+01  2.9458041782905120e+01  8.5186835354206805e-02  nan  nan  nan  nan  nan  1.0005074048122631e+00
1.0240000000001500e+02  7.9970484076268747e+01  3.2823798029668450e-02  2.9523100773951352e+01  8.6918075530864641e-02  3.2063436385999943e+01  3.2057074966186960e+01  3.2057074961332006e+01  4.7999999999999998e+00  7.9636033293156970e+01  2.9559216258398184e+01  8.5395614711635037e-02  nan  nan  nan  nan  nan  1.0005002643043872e+00
1.0320000000001600e+02  7.9433912311282711e+01  3.4992490960028072e-02  2.9601156123396510e+01  8.8376715041653189e-02  3.2062592532667118e+01  3.2057853651419599e+01  3.2057853646412546e+01  4.7999999999999998e+00  7.9099602991644645e+01  2.9637881079610199e+01  8.6842116208294295e-02  nan  nan  nan  nan  nan  1.0004930327292694e+00
1.0400000000001600e+02  7.8563647050858521e+01  3.4706983064021653e-02  2.9736401764092353e+01  8.6867697220133072e-02  3.2061016408200025e+01  3.2056976051918383e+01  3.2056976046827167e+01  4.7999999999999998e+00  7.8236483862504031e+01  2.9772741858786159e+01  8.5379916492011820e-02  nan  nan  nan  nan  nan  1.0004895201340234e+00
1.0480000000001699e+02  7.7647291178895287e+01  3.3575725529341342e-02  2.9865116509434465e+01  8.6181153740386041e-02  3.2058594301660804e+01  3.2055090316594203e+01  3.2055090311553641e+01  4.7999999999999998e+00  7.7326346122057529e+01  2.9901246381486178e+01  8.4705526035596099e-02  nan  nan  nan  nan  nan  1.0004936890256466e+00
1.0560000000001700e+02  7.6879869996677940e+01  3.3809786825941032e-02  2.9951171849841508e+01  8.7495307417542245e-02  3.2059511517704664e+01  3.2053573576149539e+01  3.2053573571208553e+01  4.7999999999999998e+00  7.6561303856298423e+01  2.9987626474924024e+01  8.5995521043696663e-02  nan  nan  nan  nan  nan  1.0004993659968076e+00
1.0640000000001800e+02  7.5966749128684057e+01  3.3742627105938491e-02  3.0055686004139762e+01  8.7547907967834751e-02  3.2060637134456677e+01  3.2051648697221083e+01  3.2051648692436849e+01  4.7999999999999998e+00  7.5653241180096103e+01  3.0092063957794085e+01  8.6042897906098800e-02  nan  nan  nan  nan  nan  1.0005037499712879e+00
1.0720000000001799e+02  7.5296327020922433e+01  3.5093771286832193e-02  3.0095859858859985e+01  8.9668845575036696e-02  3.2061871474193993e+01  3.2048970047131974e+01  3.2048970042496400e+01  4.7999999999999998e+00  7.4982805596234172e+01  3.0132865986047008e+01  8.8131430307331338e-02  nan  nan  nan  nan  nan  1.0005082418230724e+00
1.0800000000001801e+02  7.4744965339184461e+01  3.4990297082697491e-02  3.0100204503771625e+01  9.2473006429855426e-02  3.2062842771161890e+01  3.2045809413223651e+01  3.2045809408792927e+01  4.7999999999999998e+00  7.4429210868759256e+01  3.0138136233643667e+01  9.0894042777197398e-02  nan  nan  nan  nan  nan  1.0005136297697155e+00
1.0880000000001900e+02  7.3884241449219772e+01  3.2295733512020225e-02  3.0149715273237355e+01  9.2475539107832072e-02  3.2061404499880133e+01  3.2041768873738476e+01  3.2041768869543446e+01  4.7999999999999998e+00  7.3571434360708480e+01  3.0187870427875676e+01  9.0893969892853282e-02  nan  nan  nan  nan  nan  1.0005197256569702e+00
1.0960000000001899e+02  7.3168941717410405e+01  3.1499652607549507e-02  3.0141025587636932e+01  9.4326161321847610e-02  3.2060116243026606e+01  3.2038592574319779e+01  3.2038592570267582e+01  4.7999999999999998e+00  7.2854740530112423e+01  3.0180101800234375e+01  9.2711728815407249e-02  nan  nan  nan  nan  nan  1.0005248005682368e+00
1.1040000000002000e+02  7.2637934343002982e+01  3.2196108940924180e-02  3.0082673415823475e+01  9.7093178801930857e-02  3.2059409486324554e+01  3.2036177687973534e+01  3.2036177684121149e+01  4.7999999999999998e+00  7.2319682396082328e+01  3.0122995036903742e+01  9.5435117709344458e-02  nan  nan  nan  nan  nan  1.0005229362330867e+00
1.1120000000002000e+02  7.1804478861612452e+01  3.2741807188583917e-02  3.0063375614952427e+01  9.7168788077816398e-02  3.2057053728240568e+01  3.2033382783106454e+01  3.2033382779421842e+01  4.7999999999999998e+00  7.1488132668023823e+01  3.0104057842606569e+01  9.5515370414947606e-02  nan  nan  nan  nan  nan  1.0005156210280914e+00
1.1200000000001999e+02  7.1028812416643717e+01  3.3667396287520121e-02  3.0010182955268874e+01  9.8832542896738096e-02  3.2055579631823818e+01  3.2032192298818615e+01  3.2032192295177701e+01  4.7999999999999998e+00  7.0712481737470867e+01  3.0051542794051020e+01  9.7179847651867546e-02  nan  nan  nan  nan  nan  1.0005082064439121e+00
1.1280000000002100e+02  7.0302442079770771e+01  3.3633221206151358e-02  2.9944236190914300e+01  1.0095835757227560e-01  3.2055546190990533e+01  3.2033224766259075e+01  3.2033224762543497e+01  4.7999999999999998e+00  6.9985777886259172e+01  2.9986300024391912e+01  9.9270110394893585e-02  nan  nan  nan  nan  nan  1.0005015842090557e+00
1.1360000000002100e+02  6.9228304989861215e+01  3.2152264071068276e-02  2.9949746124228550e+01  9.9890956010352389e-02  3.2054002612396786e+01  3.2034303791059479e+01  3.2034303787311011e+01  4.7999999999999998e+00  6.8918138627619697e+01  2.9991500358975784e+01  9.8223335927600103e-02  nan  nan  nan  nan  nan  1.0005009008021351e+00
1.1440000000002200e+02  6.8199648408678655e+01  3.2228512030479564e-02  2.9929346272769191e+01  1.0041160505546630e-01  3.2051821355269141e+01  3.2034916020434110e+01  3.2034916016626731e+01  4.7999999999999998e+00  6.7893658993781372e+01  2.9971185708646296e+01  9.8735874827350162e-02  nan  nan  nan  nan  nan  1.0005008505710373e+00
1.1520000000002200e+02  6.7314962223546061e+01  3.4068037626661815e-02  2.9883713554092882e+01  1.0237048898449388e-01  3.2051427191884997e+01  3.2036695590058059e+01  3.2036695586086068e+01  4.7999999999999998e+00  6.7010888725836892e+01  2.9925921969749105e+01  1.0067354481234078e-01  nan  nan  nan  nan  nan  1.0004990004738155e+00
1.1600000000002200e+02  6.6240471827314082e+01  3.5438422836126422e-02  2.9888096220380994e+01  1.0194410418516169e-01  3.2050266566425144e+01  3.2036469189913070e+01  3.2036469185886972e+01  4.7999999999999998e+00  6.5942820637807429e+01  2.9929900152414977e+01  1.0025394765425608e-01  nan  nan  nan  nan  nan  1.0005007663541190e+00
1.1680000000002300e+02  6.5272677958084984e+01  3.5680754570868597e-02  2.9847637617511079e+01  1.0375838373579353e-01  3.2050653423053760e+01  3.2037783139180441e+01  3.2037783134901559e+01  4.7999999999999998e+00  6.4977815261564729e+01  2.9889650407089341e+01  1.0203230361309008e-01  nan  nan  nan  nan  nan  1.0005093343549523e+00
1.1760000000002300e+02  6.4446870087955915e+01  3.4094431652212653e-02  2.9799469795525095e+01  1.0637178125968685e-01  3.2053170612774068e+01  3.2040429460823887e+01  3.2040429456261613e+01  4.7999999999999998e+00  6.4152850284418548e+01  2.9841976214626563e+01  1.0460091120984302e-01  nan  nan  nan  nan  nan  1.0005210944372243e+00
1.1840000000002399e+02  6.3511173354765091e+01  3.2200765657919184e-02  2.9789467346181688e+01  1.0693371726994395e-01  3.2053706059877534e+01  3.2040256898773819e+01  3.2040256894092238e+01  4.7999999999999998e+00  6.3220814680935661e+01  2.9831993112287716e+01  1.0516384521967923e-01  nan  nan  nan  nan  nan  1.0005309918916325e+00
1.1920000000002400e+02  6.2940400896373745e+01  3.2348304415240482e-02  2.9688467584446304e+01  1.1037450828785765e-01  3.2057169827508567e+01  3.2041932899013119e+01  3.2041932894067244e+01  4.7999999999999998e+00  6.2647196327043929e+01  2.9731999860074879e+01  1.0852494130139759e-01  nan  nan  nan  nan  nan  1.0005367639967218e+00
1.2000000000002400e+02  6.2601471964161398e+01  3.3663806977059701e-02  2.9579536743856089e+01  1.1378474144050006e-01  3.2062409643835643e+01  3.2045145434385809e+01  3.2045145429263840e+01  4.7999999999999998e+00  6.2304329758630566e+01  2.9624082955386008e+01  1.1188637966729605e-01  nan  nan  nan  nan  nan  1.0005377057895299e+00
1.2080000000002499e+02  6.2043164908421275e+01  3.3435661979116939e-02  2.9532789788183351e+01  1.1355917039026087e-01  3.2063798815239508e+01  3.2047415932143544e+01  3.2047415926818779e+01  4.7999999999999998e+00  6.1747964000447695e+01  2.9577327329971297e+01  1.1167185611286667e-01  nan  nan  nan  nan  nan  1.0005340544966592e+00
1.2160000000002501e+02  6.1646003376248473e+01  3.2634419065055334e-02  2.9441509733966839e+01  1.1513949418312422e-01  3.2066004802875170e+01  3.2051490383904792e+01  3.2051490378281109e+01  4.7999999999999998e+00  6.1349615378575542e+01  2.9486547558879632e+01  1.1321201992830368e-01  nan  nan  nan  nan  nan  1.0005289238550674e+00
1.2240000000002600e+02  6.1426285709861872e+01  3.2189259621495082e-02  2.9354876908751873e+01  1.1642361732083095e-01  3.2070250261859655e+01  3.2055239756472254e+01  3.2055239750664001e+01  4.7999999999999998e+00  6.1128226518942341e+01  2.9400357444027041e+01  1.1450868335939232e-01  nan  nan  nan  nan  nan  1.0005259270152398e+00
1.2320000000002599e+02  6.0977013022024636e+01  3.1531595694165832e-02  2.9332546941624088e+01  1.1440567889984439e-01  3.2071468413894841e+01  3.2055263128590802e+01  3.2055263122929844e+01  4.7999999999999998e+00  6.0682764364703338e+01  2.9377544621613456e+01  1.1249647368383055e-01  nan  nan  nan  nan  nan  1.0005243303919891e+00
1.2400000000002700e+02  6.0685754579387016e+01  3.3083324090257597e-02  2.9254794296494843e+01  1.1484093855678867e-01  3.2074563315004106e+01  3.2056751425828331e+01  3.2056751420109244e+01  4.7999999999999998e+00  6.0391680801725187e+01  2.9299896028960703e+01  1.1295272307438890e-01  nan  nan  nan  nan  nan  1.0005211316450637e+00
1.2480000000002700e+02  6.0494060604986466e+01  3.5280938964371344e-02  2.9187450500423356e+01  1.1581507029868693e-01  3.2076578824155106e+01  3.2058402884642021e+01  3.2058402879026943e+01  4.7999999999999998e+00  6.0199897533124854e+01  2.9232621843708490e+01  1.1389537275633806e-01  nan  nan  nan  nan  nan  1.0005174594369899e+00
1.2560000000002699e+02  5.9984369736527270e+01  3.5271737167452126e-02  2.9205313659495058e+01  1.1368208015679056e-01  3.2076548326115265e+01  3.2057716240520740e+01  3.2057716235199095e+01  4.7999999999999998e+00  5.9695951141797025e+01  2.9249661060844584e+01  1.1181966896666365e-01  nan  nan  nan  nan  nan  1.0005182289406500e+00
1.2640000000002800e+02  5.9605001331893519e+01  3.4037262901069711e-02  2.9169785495763314e+01  1.1421667436880088e-01  3.2074910578197581e+01  3.2058568965409677e+01  3.2058568960161253e+01  4.7999999999999998e+00  5.9318183839564057e+01  2.9214053273625812e+01  1.1234338046877458e-01  nan  nan  nan  nan  nan  1.0005252132011608e+00
1.2720000000002800e+02  5.9287050662750673e+01  3.3459572514768415e-02  2.9132953261531135e+01  1.1578301006266387e-01  3.2073920508432025e+01  3.2060810964192278e+01  3.2060810958908903e+01  4.7999999999999998e+00  5.9000202886616606e+01  2.9177479105688558e+01  1.1387677697163648e-01  nan  nan  nan  nan  nan  1.0005343736845493e+00
1.2800000000002899e+02  5.8893838481957445e+01  3.2801019129905538e-02  2.9135410989457341e+01  1.1564013859380762e-01  3.2071464231654375e+01  3.2061531281287095e+01  3.2061531276026969e+01  4.7999999999999998e+00  5.8609273058452388e+01  2.9179798804808332e+01  1.1372498553667369e-01  nan  nan  nan  nan  nan  1.0005409812223209e+00
1.2880000000002801e+02  5.8825574418851048e+01  3.3982261144762015e-02  2.9028097136075388e+01  1.1882826442370106e-01  3.2069732388909053e+01  3.2064167153801499e+01  3.2064167148239768e+01  4.7999999999999998e+00  5.8536771073510003e+01  2.9073366486298625e+01  1.1686609386475166e-01  nan  nan  nan  nan  nan  1.0005442706655607e+00
1.2960000000002699e+02  5.8787066884966023e+01  3.4383079606233477e-02  2.8940472795406169e+01  1.2112820118409071e-01  3.2071391781766351e+01  3.2067011713561946e+01  3.2067011707641278e+01  4.7999999999999998e+00  5.8494893970555353e+01  2.8986411941600732e+01  1.1913809632368096e-01  nan  nan  nan  nan  nan  1.0005461413974273e+00
1.3040000000002601e+02  5.8470652089433713e+01  3.2417979405126716e-02  2.8941397331619694e+01  1.1992556822240497e-01  3.2071814807340992e+01  3.2065839812964491e+01  3.2065839807054722e+01  4.7999999999999998e+00  5.8180987241701033e+01  2.8987067497109681e+01  1.1795666660579986e-01  nan  nan  nan  nan  nan  1.0005479968511544e+00
1.3120000000002599e+02  5.8367959730840056e+01  3.1579667093640192e-02  2.8865646222863322e+01  1.2140338586295174e-01  3.2073386866539863e+01  3.2065213907120359e+01  3.2065213901247184e+01  4.7999999999999998e+00  5.8075854001203254e+01  2.8911866279093594e+01  1.1941568607234927e-01  nan  nan  nan  nan  nan  1.0005495206825052e+00
1.3200000000002501e+02  5.8337021305425964e+01  3.1964884145663799e-02  2.8793230368693685e+01  1.2270758708040409e-01  3.2075444317675220e+01  3.2064159005946394e+01  3.2064159000221245e+01  4.7999999999999998e+00  5.8042209411304654e+01  2.8839999325805618e+01  1.2070349673591395e-01  nan  nan  nan  nan  nan  1.0005491056226365e+00
1.3280000000002400e+02  5.8106347732506940e+01  3.2354465395532037e-02  2.8795430954945207e+01  1.2106848886722861e-01  3.2076075135122835e+01  3.2061789582266513e+01  3.2061789576853236e+01  4.7999999999999998e+00  5.7813995015003684e+01  2.8841872374798346e+01  1.1909363366911842e-01  nan  nan  nan  nan  nan  1.0005457658529553e+00
1.3360000000002299e+02  5.7946957093109468e+01  3.4034516628168046e-02  2.8744133364549583e+01  1.2251018288048726e-01  3.2075027524425224e+01  3.2058718786170338e+01  3.2058718781097951e+01  4.7999999999999998e+00  5.7653664511250135e+01  2.8790885694247542e+01  1.2052699835035939e-01  nan  nan  nan  nan  nan  1.0005418889858626e+00
1.3440000000002300e+02  5.7660565648191977e+01  3.4628268084237260e-02  2.8733281177156936e+01  1.2369601603473475e-01  3.2076038468628894e+01  3.2058558454742737e+01  3.2058558449798220e+01  4.7999999999999998e+00  5.7368117628304830e+01  2.8780139762124023e+01  1.2170767063701320e-01  nan  nan  nan  nan  nan  1.0005425192220680e+00
1.3520000000002199e+02  5.7030130322260689e+01  3.3204635318502096e-02  2.8828936980767239e+01  1.2152836687890291e-01  3.2073673155054209e+01  3.2055025380119240e+01  3.2055025375345188e+01  4.7999999999999998e+00  5.6744674386739732e+01  2.8875011541833583e+01  1.1957244254007610e-01  nan  nan  nan  nan  nan  1.0005490251656033e+00
1.3600000000002100e+02  5.6478159066731436e+01  3.2954431157997295e-02  2.8857498098243909e+01  1.2257538885393619e-01  3.2071099273093203e+01  3.2052122198296530e+01  3.2052122193588616e+01  4.7999999999999998e+00  5.6195379077233213e+01  2.8903644301164721e+01  1.2059917987437153e-01  nan  nan  nan  nan  nan  1.0005563677643845e+00
1.3680000000002099e+02  5.5967060993611142e+01  3.3575168517864004e-02  2.8891028019249525e+01  1.2433527266529529e-01  3.2070344233025182e+01  3.2050632053168627e+01  3.2050632048620336e+01  4.7999999999999998e+00  5.5686050590770989e+01  2.8937462336003872e+01  1.2230740051729132e-01  nan  nan  nan  nan  nan  1.0005599831609555e+00
1.3760000000002000e+02  5.5345872057872405e+01  3.4360883803371309e-02  2.8968559215773737e+01  1.2407000137797289e-01  3.2067128642516366e+01  3.2047579832070461e+01  3.2047579827971909e+01  4.7999999999999998e+00  5.5069511053911633e+01  2.9014766122590469e+01  1.2202466964416384e-01  nan  nan  nan  nan  nan  1.0005610767253195e+00
1.3840000000001899e+02  5.4924058310013940e+01  3.5115890792972344e-02  2.8944055698334736e+01  1.2746225782605652e-01  3.2065004337969420e+01  3.2047572516678549e+01  3.2047572512691971e+01  4.7999999999999998e+00  5.4646810322153200e+01  2.8991024047463387e+01  1.2536694144836208e-01  nan  nan  nan  nan  nan  1.0005628623865437e+00
1.3920000000001801e+02  5.4538993799764910e+01  3.3897008169452125e-02  2.8933898868872781e+01  1.2986454867848099e-01  3.2064283603609283e+01  3.2050220265076980e+01  3.2050220261007063e+01  4.7999999999999998e+00  5.4261316905538635e+01  2.8981514219328606e+01  1.2776701776116314e-01  nan  nan  nan  nan  nan  1.0005656733315804e+00
1.4000000000001799e+02  5.4071819211399927e+01  3.1686927470664462e-02  2.8958972716214770e+01  1.2926504638789099e-01  3.2061196126737968e+01  3.2051897299222745e+01  3.2051897295091010e+01  4.7999999999999998e+00  5.3796656156671574e+01  2.9006643229505666e+01  1.2718881815883615e-01  nan  nan  nan  nan  nan  1.0005670103405695e+00
1.4080000000001701e+02  5.3965256853200060e+01  3.1935571297216817e-02  2.8860389285603983e+01  1.3204679733329455e-01  3.2060069993890863e+01  3.2055578217853991e+01  3.2055578213336283e+01  4.7999999999999998e+00  5.3685783971388091e+01  2.8909207824321129e+01  1.2987956107651133e-01  nan  nan  nan  nan  nan  1.0005646009531335e+00
1.4160000000001600e+02  5.3909113155618670e+01  3.3026536000980093e-02  2.8763109308123930e+01  1.3381085438080798e-01  3.2060819498052062e+01  3.2060230743490457e+01  3.2060230738539772e+01  4.7999999999999998e+00  5.3625873922753243e+01  2.8812862575082210e+01  1.3165235601456174e-01  nan  nan  nan  nan  nan  1.0005586978961813e+00
1.4240000000001501e+02  5.3673943936945633e+01  3.3534485391038760e-02  2.8729447912396932e+01  1.3226723515935079e-01  3.2061056724749108e+01  3.2062684173300916e+01  3.2062684168129756e+01  4.7999999999999998e+00  5.3392110479756425e+01  2.8779117335021692e+01  1.3013733802952884e-01  nan  nan  nan  nan  nan  1.0005524142042983e+00
1.4320000000001500e+02  5.3622094361243285e+01  3.3790546736199460e-02  2.8626125630272377e+01  1.3374853287923213e-01  3.2061693237588443e+01  3.2065247414283007e+01  3.2065247408901470e+01  4.7999999999999998e+00  5.3337650642852580e+01  2.8676360498539903e+01  1.3160803765413365e-01  nan  nan  nan  nan  nan  1.0005509177401948e+00
1.4400000000001401e+02  5.3488216862669120e+01  3.3066904066540483e-02  2.8553696067137491e+01  1.3424501379300952e-01  3.2064007654200175e+01  3.2068327516297849e+01  3.2068327510616562e+01  4.7999999999999998e+00  5.3202956711977350e+01  2.8604169712869009e+01  1.3210232008508338e-01  nan  nan  nan  nan  nan  1.0005565613121017e+00
1.4480000000001300e+02  5.3139583594927814e+01  3.2094668320181922e-02  2.8558152495828299e+01  1.3173059715047492e-01  3.2066274239013197e+01  3.2069367562294090e+01  3.2069367556490533e+01  4.7999999999999998e+00  5.2858469984044802e+01  2.8607968312234924e+01  1.2959422883843646e-01  nan  nan  nan  nan  nan  1.0005637039398767e+00
1.4560000000001301e+02  5.2994160276517718e+01  3.2841420466238780e-02  2.8485268600065861e+01  1.3296233861477347e-01  3.2067744728997390e+01  3.2068685263680287e+01  3.2068685257903134e+01  4.7999999999999998e+00  5.2712234633680197e+01  2.8535292480356599e+01  1.3083006517678528e-01  nan  nan  nan  nan  nan  1.0005653896243227e+00
1.4640000000001200e+02  5.2830511039800463e+01  3.4589996970778726e-02  2.8432720831405032e+01  1.3422070741380784e-01  3.2072322850763612e+01  3.2070230389822584e+01  3.2070230384012703e+01  4.7999999999999998e+00  5.2548808661522870e+01  2.8482739738080721e+01  1.3200785653332991e-01  nan  nan  nan  nan  nan  1.0005638928765421e+00
1.4720000000001099e+02  5.2463712844523123e+01  3.4809768461188710e-02  2.8456530350875394e+01  1.3245161903508462e-01  3.2074813266353992e+01  3.2068181571924747e+01  3.2068181566461988e+01  4.7999999999999998e+00  5.2186856237802729e+01  2.8505744887083619e+01  1.3030389089918895e-01  nan  nan  nan  nan  nan  1.0005665046703269e+00
1.4800000000001000e+02  5.2279957126096548e+01  3.4039428416493614e-02  2.8407014930038219e+01  1.3432443125727844e-01  3.2077483169124129e+01  3.2067090610195173e+01  3.2067090604919130e+01  4.7999999999999998e+00  5.2002815140935624e+01  2.8456410782729463e+01  1.3217863039979608e-01  nan  nan  nan  nan  nan  1.0005742791818248e+00
1.4880000000000999e+02  5.2095971621846630e+01  3.3029672719282956e-02  2.8383985030596161e+01  1.3569440067768912e-01  3.2082097363407961e+01  3.2070522425186248e+01  3.2070522419809173e+01  4.7999999999999998e+00  5.1819039508402938e+01  2.8433502096436985e+01  1.3352664922078411e-01  nan  nan  nan  nan  nan  1.0005811924438535e+00
1.4960000000000900e+02  5.1800108033243248e+01  3.2056248565953925e-02  2.8415420788960198e+01  1.3486829791668345e-01  3.2082695184521619e+01  3.2070467776037667e+01  3.2070467770757539e+01  4.7999999999999998e+00  5.1526245254471299e+01  2.8464563640434235e+01  1.3267378260909729e-01  nan  nan  nan  nan  nan  1.0005816950534541e+00
1.5040000000000799e+02  5.1853050525549662e+01  3.3135295900427575e-02  2.8340953254223731e+01  1.3795834903205600e-01  3.2084286708474572e+01  3.2072226490303613e+01  3.2072226484746345e+01  4.7999999999999998e+00  5.1575544009645398e+01  2.8390851256330009e+01  1.3573029932737471e-01  nan  nan  nan  nan  nan  1.0005761945014986e+00
1.5120000000000701e+02  5.1881956850904849e+01  3.4198460284640193e-02  2.8278809397970878e+01  1.3959520571156214e-01  3.2086048720195414e+01  3.2073851338661107e+01  3.2073851332892168e+01  4.7999999999999998e+00  5.1602300803794762e+01  2.8329117621455818e+01  1.3738727125461617e-01  nan  nan  nan  nan  nan  1.0005699576718607e+00
1.5200000000000699e+02  5.1717543823780275e+01  3.3294134150492052e-02  2.8282584206555750e+01  1.3759651286666230e-01  3.2086919572439797e+01  3.2074201756811057e+01  3.2074201751133607e+01  4.7999999999999998e+00  5.1440554033541403e+01  2.8332406046383117e+01  1.3543933064214739e-01  nan  nan  nan  nan  nan  1.0005673093118219e+00
1.5280000000000601e+02  5.1776773031642620e+01  3.2507826815892531e-02  2.8210081175159306e+01  1.3891516036494650e-01  3.2087184005025172e+01  3.2074868677134852e+01  3.2074868671487991e+01  4.7999999999999998e+00  5.1497227653398809e+01  2.8260361528745872e+01  1.3671765568387687e-01  nan  nan  nan  nan  nan  1.0005677573362337e+00
1.5360000000000500e+02  5.1765279973224537e+01  3.2248711620183321e-02  2.8141915467699533e+01  1.3957082368137769e-01  3.2088398877584197e+01  3.2077109029030936e+01  3.2077109023287143e+01  4.7999999999999998e+00  5.1484026001845464e+01  2.8192519081028689e+01  1.3736325552064879e-01  nan  nan  nan  nan  nan  1.0005680558034580e+00
1.5440000000000501e+02  5.1595125947292360e+01  3.2130074690745525e-02  2.8136776981654290e+01  1.3749224816629432e-01  3.2087828765758736e+01  3.2078549171794222e+01  3.2078549166064590e+01  4.7999999999999998e+00  5.1316328505779971e+01  2.8186914862477206e+01  1.3530990710178026e-01  nan  nan  nan  nan  nan  1.0005661588220831e+00
1.5520000000000400e+02  5.1604012979791733e+01  3.3981763328429129e-02  2.8062794837689157e+01  1.3930374920555497e-01  3.2086143566785893e+01  3.2078958016468370e+01  3.2078958010552064e+01  4.7999999999999998e+00  5.1322931615982867e+01  2.8113349939091254e+01  1.3710020246473245e-01  nan  nan  nan  nan  nan  1.0005631855517600e+00
1.5600000000000301e+02  5.1434264176816640e+01  3.4977821875725082e-02  2.8019353519582157e+01  1.4019102196420105e-01  3.2084874977220451e+01  3.2079246395214675e+01  3.2079246389166556e+01  4.7999999999999998e+00  5.1153375863957613e+01  2.8069979104647132e+01  1.3798045415799465e-01  nan  nan  nan  nan  nan  1.0005632360734940e+00
1.5680000000000200e+02  5.0986390843410774e+01  3.3856121355978042e-02  2.8062111708385110e+01  1.3787703638631107e-01  3.2081709307009191e+01  3.2077691997693300e+01  3.2077691991690060e+01  4.7999999999999998e+00  5.0710939378161811e+01  2.8111974372825035e+01  1.3569550085836005e-01  nan  nan  nan  nan  nan  1.0005690976477839e+00
1.5760000000000201e+02  5.0730845322622777e+01  3.3104562535316573e-02  2.8041784320985688e+01  1.3937643355289939e-01  3.2078236056861357e+01  3.2073944704692053e+01  3.2073944698878158e+01  4.7999999999999998e+00  5.0455559830467877e+01  2.8091936424281737e+01  1.3716670529197356e-01  nan  nan  nan  nan  nan  1.0005773186932949e+00
1.5840000000000100e+02  5.0427427947392964e+01  3.2967002105049437e-02  2.8013183640360928e+01  1.4087334082261391e-01  3.2075024588280314e+01  3.2070846192921387e+01  3.2070846187358690e+01  4.7999999999999998e+00  5.0152378483989203e+01  2.8063663872992691e+01  1.3861226329051665e-01  nan  nan  nan  nan  nan  1.0005816770889480e+00
1.5919999999999999e+02  5.0043310529648608e+01  3.3020090080776415e-02  2.8018842871911183e+01  1.4039424832107272e-01  3.2072712338267259e+01  3.2067287120936562e+01  3.2067287115823873e+01  4.7999999999999998e+00  4.9770963577567755e+01  2.8069160943647947e+01  1.3816161948818997e-01  nan  nan  nan  nan  nan  1.0005809052555368e+00
1.5999999999999901e+02  4.9952248844405062e+01  3.4371901936322530e-02  2.7934259586553964e+01  1.4417093760462310e-01  3.2068817471852519e+01  3.2062376053034896e+01  3.2062376048303015e+01  4.7999999999999998e+00  4.9676623931484777e+01  2.7985468918125132e+01  1.4188158952050614e-01  nan  nan  nan  nan  nan  1.0005790881182495e+00
1.6079999999999899e+02  4.9696919895564072e+01  3.3960815410687455e-02  2.7872718761922780e+01  1.4633128833107853e-01  3.2064679118229350e+01  3.2059089277288351e+01  3.2059089272825055e+01  4.7999999999999998e+00  4.9420556986442662e+01  2.7924408087482075e+01  1.4401988181973835e-01  nan  nan  nan  nan  nan  1.0005797015394247e+00
1.6159999999999800e+02  4.9300904946533663e+01  3.1845739075051352e-02  2.7872022069427985e+01  1.4497995868526034e-01  3.2060461448413349e+01  3.2056160484424289e+01  3.2056160480319846e+01  4.7999999999999998e+00  4.9027865009817106e+01  2.7923392183865477e+01  1.4270346469422251e-01  nan  nan  nan  nan  nan  1.0005814365124708e+00
1.6239999999999699e+02  4.9239139864916275e+01  3.1785878393572234e-02  2.7769831550510084e+01  1.4722457430465846e-01  3.2057576822967008e+01  3.2054465439677827e+01  3.2054465435743253e+01  4.7999999999999998e+00  4.8962838579277758e+01  2.7821993292087637e+01  1.4490246447642530e-01  nan  nan  nan  nan  nan  1.0005803592658709e+00
1.6319999999999700e+02  4.9209903646855921e+01  3.2460503411738319e-02  2.7664518245946343e+01  1.4839430156606012e-01  3.2057554079383394e+01  3.2057516475538762e+01  3.2057516471502943e+01  4.7999999999999998e+00  4.8931132158159528e+01  2.7717157022572493e+01  1.4595226852028764e-01  nan  nan  nan  nan  nan  1.0005755998598680e+00
1.6399999999999599e+02  4.9082817880717243e+01  3.3138387686352765e-02  2.7623649984039762e+01  1.4606176014106123e-01  3.2057123648232796e+01  3.2060650359137981e+01  3.2060650355019526e+01  4.7999999999999998e+00  4.8806077380079131e+01  2.7675772829540271e+01  1.4376183650190527e-01  nan  nan  nan  nan  nan  1.0005707299318936e+00
1.6479999999999501e+02  4.9210084579217778e+01  3.4330864189330373e-02  2.7524812746518016e+01  1.4732799475266259e-01  3.2058592057601373e+01  3.2063600728477546e+01  3.2063600724150866e+01  4.7999999999999998e+00  4.8930774772219529e+01  2.7577188668489608e+01  1.4502286108929291e-01  nan  nan  nan  nan  nan  1.0005698074078191e+00
1.6559999999999400e+02  4.9203200462947336e+01  3.4117225080258391e-02  2.7471345815455571e+01  1.4730759506000438e-01  3.2061235457704910e+01  3.2068042394950368e+01  3.2068042390371858e+01  4.7999999999999998e+00  4.8923839899970936e+01  2.7523576646844916e+01  1.4501044525403550e-01  nan  nan  nan  nan  nan  1.0005732186572369e+00
1.6639999999999401e+02  4.8998573989067943e+01  3.2770516305573899e-02  2.7517006846957507e+01  1.4407585374637596e-01  3.2063639366978222e+01  3.2072605339315544e+01  3.2072605334633664e+01  4.7999999999999998e+00  4.8723923360142223e+01  2.7568299190117710e+01  1.4180213648771650e-01  nan  nan  nan  nan  nan  1.0005771661430793e+00
1.6719999999999300e+02  4.9076585387904267e+01  3.3037735916166364e-02  2.7497068784020616e+01  1.4499281410724174e-01  3.2065760036387395e+01  3.2076683451519415e+01  3.2076683446612648e+01  4.7999999999999998e+00  4.8800746655005554e+01  2.7548515091402031e+01  1.4271801093744119e-01  nan  nan  nan  nan  nan  1.0005783920322482e+00
1.6799999999999201e+02  4.9136958617099836e+01  3.3867725647321191e-02  2.7495664719743612e+01  1.4553571890903502e-01  3.2069391814606639e+01  3.2081893079740411e+01  3.2081893074523649e+01  4.7999999999999998e+00  4.8860547947720796e+01  2.7547180916366859e+01  1.4324903793192223e-01  nan  nan  nan  nan  nan  1.0005780603301848e+00
1.6879999999999100e+02  4.9040268125960154e+01  3.4416641363375675e-02  2.7557978350935169e+01  1.4397689581973996e-01  3.2071168350592338e+01  3.2084621185423131e+01  3.2084621180113153e+01  4.7999999999999998e+00  4.8766794501513374e+01  2.7608982469006747e+01  1.4170954499112012e-01  nan  nan  nan  nan  nan  1.0005789137118402e+00
1.6959999999999101e+02  4.9244171445548695e+01  3.4444697379325144e-02  2.7542293685213842e+01  1.4617611457357638e-01  3.2072334285164359e+01  3.2085423048839388e+01  3.2085423043349508e+01  4.7999999999999998e+00  4.8967756094755302e+01  2.7593811934033205e+01  1.4388267908667998e-01  nan  nan  nan  nan  nan  1.0005816700674499e+00
1.7039999999999000e+02  4.9302501627974472e+01  3.2993920669459990e-02  2.7555218549025355e+01  1.4706758990165245e-01  3.2074366121026827e+01  3.2085092724574082e+01  3.2085092719095684e+01  4.7999999999999998e+00  4.9025101870042548e+01  2.7606988239576644e+01  1.4475940380238048e-01  nan  nan  nan  nan  nan  1.0005848561331936e+00
1.7119999999998899e+02  4.9147192753936523e+01  3.1586572738617681e-02  2.7618993180551488e+01  1.4552493596794314e-01  3.2075233335474294e+01  3.2083509407914860e+01  3.2083509402536258e+01  4.7999999999999998e+00  4.8872296944048813e+01  2.7670479223650940e+01  1.4322760977768617e-01  nan  nan  nan  nan  nan  1.0005854674305241e+00
1.7199999999998900e+02  4.9362633737560493e+01  3.2273604920296385e-02  2.7569420789514957e+01  1.4804321214169222e-01  3.2076767924294991e+01  3.2082111659096853e+01  3.2082111653781276e+01  4.7999999999999998e+00  4.9083228175226452e+01  2.7621755977107750e+01  1.4570679545037032e-01  nan  nan  nan  nan  nan  1.0005817709829832e+00
1.7279999999998799e+02  4.9454350567525935e+01  3.3349795586505269e-02  2.7519883582604223e+01  1.4934756705635102e-01  3.2078596673713264e+01  3.2081999939768806e+01  3.2081999934387163e+01  4.7999999999999998e+00  4.9172403524213067e+01  2.7572681669904210e+01  1.4699549151708841e-01  nan  nan  nan  nan  nan  1.0005765840663696e+00
1.7359999999998701e+02  4.9249157892545682e+01  3.3254009817396429e-02  2.7535034849215069e+01  1.4731268332501157e-01  3.2079707409537825e+01  3.2081048639223610e+01  3.2081048633858032e+01  4.7999999999999998e+00  4.8970190311034585e+01  2.7587349842297535e+01  1.4499313830019508e-01  nan  nan  nan  nan  nan  1.0005744987482279e+00
1.7439999999998599e+02  4.9299107028667201e+01  3.3083606190810154e-02  2.7472181244682702e+01  1.4865245962642501e-01  3.2080528815098496e+01  3.2079558689622985e+01  3.2079558684360180e+01  4.7999999999999998e+00  4.9018101431343538e+01  2.7524833274994791e+01  1.4632224421035211e-01  nan  nan  nan  nan  nan  1.0005761837223088e+00
1.7519999999998601e+02  4.9218901862436297e+01  3.2661868598893966e-02  2.7417900616193219e+01  1.4918282443644473e-01  3.2081123173670228e+01  3.2077472139865939e+01  3.2077472134759716e+01  4.7999999999999998e+00  4.8937490071437566e+01  2.7470645193399122e+01  1.4684740687675932e-01  nan  nan  nan  nan  nan  1.0005781947375927e+00
1.7599999999998499e+02  4.8838762866283091e+01  3.2048591205201732e-02  2.7432643203155177e+01  1.4685310911521279e-01  3.2080754422728937e+01  3.2075223069629438e+01  3.2075223064851933e+01  4.7999999999999998e+00  4.8561915831715055e+01  2.7484717743857786e+01  1.4454517140120829e-01  nan  nan  nan  nan  nan  1.0005774419530180e+00
1.7679999999998401e+02  4.8733760107214010e+01  3.3479264839481236e-02  2.7370946868168772e+01  1.4849354322394798e-01  3.2081988829391889e+01  3.2074600422589185e+01  3.2074600418219660e+01  4.7999999999999998e+00  4.8456069331429433e+01  2.7423268193369704e+01  1.4616488980809783e-01  nan  nan  nan  nan  nan  1.0005744550922693e+00
1.7759999999998300e+02  4.8499156125111860e+01  3.5013492257822743e-02  2.7324784159840281e+01  1.4980822283850331e-01  3.2083282986753851e+01  3.2074253725052287e+01  3.2074253720997746e+01  4.7999999999999998e+00  4.8222245931366729e+01  2.7377132152853363e+01  1.4748821568672313e-01  nan  nan  nan  nan  nan  1.0005730092378777e+00
1.7839999999998301e+02  4.7950383228347938e+01  3.4798323284830887e-02  2.7359681404684274e+01  1.4828818310982675e-01  3.2083032597313561e+01  3.2073466592358365e+01  3.2073466588589078e+01  4.7999999999999998e+00  4.7679248075747964e+01  2.7411329808238413e+01  1.4592350300195564e-01  nan  nan  nan  nan  nan  1.0005759832747356e+00
1.7919999999998200e+02  4.7683983253861214e+01  3.3926223448085963e-02  2.7320354016963901e+01  1.5051220985843189e-01  3.2082785254982831e+01  3.2072847208114240e+01  3.2072847204519462e+01  4.7999999999999998e+00  4.7412799018124375e+01  2.7372357656598584e+01  1.4815923897134375e-01  nan  nan  nan  nan  nan  1.0005812648946510e+00
1.7999999999998099e+02  4.7371667675364144e+01  3.3008482370981487e-02  2.7291609094682684e+01  1.5246949420326308e-01  3.2082937522245089e+01  3.2074134167451533e+01  3.2074134163848989e+01  4.7999999999999998e+00  4.7100779058761397e+01  2.7343976005734632e+01  1.5010881946883950e-01  nan  nan  nan  nan  nan  1.0005838574192270e+00
1.8079999999998100e+02  4.6991035410024423e+01  3.2221400032919213e-02  2.7298263154822603e+01  1.5227439208012425e-01  3.2083113763915357e+01  3.2077630317165060e+01  3.2077630313376261e+01  4.7999999999999998e+00  4.6722453629892641e+01  2.7350609979969406e+01  1.4988158044151026e-01  nan  nan  nan  nan  nan  1.0005819608540623e+00
1.8159999999998001e+02  4.7143123018431105e+01  3.3520295450308435e-02  2.7180733541958755e+01  1.5584074765683112e-01  3.2085836584855443e+01  3.2082799285365390e+01  3.2082799281239815e+01  4.7999999999999998e+00  4.6869016940956499e+01  2.7234163418443352e+01  1.5340535712627495e-01  nan  nan  nan  nan  nan  1.0005788629215517e+00
1.8239999999997900e+02  4.7204672125219041e+01  3.3931265799148000e-02  2.7092423365330486e+01  1.5754389793578374e-01  3.2088840507945136e+01  3.2086965021416333e+01  3.2086965017116583e+01  4.7999999999999998e+00  4.6927265120220113e+01  2.7146490741634786e+01  1.5509588795588564e-01  nan  nan  nan  nan  nan  1.0005788341956947e+00
1.8319999999997799e+02  4.6975986501980657e+01  3.2399103833120856e-02  2.7095648915939901e+01  1.5549105268411939e-01  3.2090553447086329e+01  3.2089530789549904e+01  3.2089530785205788e+01  4.7999999999999998e+00  4.6700847411770425e+01  2.7149447186415426e+01  1.5307462295562380e-01  nan  nan  nan  nan  nan  1.0005819701261831e+00
1.8399999999997800e+02  4.7077817417640041e+01  3.1845941454031863e-02  2.7019404616731343e+01  1.5690066864499638e-01  3.2092584180655159e+01  3.2092270519251706e+01  3.2092270514547693e+01  4.7999999999999998e+00  4.6799165109107633e+01  2.7073857033814711e+01  1.5447881103386615e-01  nan  nan  nan  nan  nan  1.0005839908228213e+00
1.8479999999997699e+02  4.7095790964634254e+01  3.2051950926630102e-02  2.6952244773067367e+01  1.5763726546274975e-01  3.2094723782370885e+01  3.2093532179546422e+01  3.2093532174478341e+01  4.7999999999999998e+00  4.6814824366896367e+01  2.7007155389477887e+01  1.5519254012848754e-01  nan  nan  nan  nan  nan  1.0005815839487238e+00
1.8559999999997601e+02  4.6852389835117151e+01  3.2223759801985094e-02  2.6960699793171742e+01  1.5515508402155076e-01  3.2095527318088195e+01  3.2093498994013864e+01  3.2093498988684750e+01  4.7999999999999998e+00  4.6574356917805616e+01  2.7015184081114544e+01  1.5274197928842353e-01  nan  nan  nan  nan  nan  1.0005765253969676e+00
1.8639999999997499e+02  4.6906998229710567e+01  3.3908915494340025e-02  2.6892692615535417e+01  1.5655688217542740e-01  3.2096927355668051e+01  3.2093633745612898e+01  3.2093633740099406e+01  4.7999999999999998e+00  4.6626820309206749e+01  2.6947527894713726e+01  1.5409676287630500e-01  nan  nan  nan  nan  nan  1.0005737126003393e+00
1.8719999999997501e+02  4.6785998967349968e+01  3.4658814073499258e-02  2.6851596117662261e+01  1.5741863117188992e-01  3.2097800903952241e+01  3.2092513747242037e+01  3.2092513741657122e+01  4.7999999999999998e+00  4.6505838263478232e+01  2.6906526914801699e+01  1.5501956818440124e-01  nan  nan  nan  nan  nan  1.0005755737180462e+00
1.8799999999997399e+02  4.6304033007676075e+01  3.3478989670066156e-02  2.6913682967907931e+01  1.5489343828366137e-01  3.2097261693610491e+01  3.2092275639593950e+01  3.2092275634062624e+01  4.7999999999999998e+00  4.6029913897346226e+01  2.6967844159198918e+01  1.5249547476304695e-01  nan  nan  nan  nan  nan  1.0005793322174905e+00
1.8879999999997301e+02  4.6147631954101371e+01  3.3170283214245658e-02  2.6902091075715994e+01  1.5616367075124837e-01  3.2097357405005894e+01  3.2092960895056166e+01  3.2092960889447909e+01  4.7999999999999998e+00  4.5873877383304908e+01  2.6956401457837686e+01  1.5374258842844837e-01  nan  nan  nan  nan  nan  1.0005806488305091e+00
1.8959999999997299e+02  4.5924784608371041e+01  3.3374828860339309e-02  2.6884007721701298e+01  1.5811915319757672e-01  3.2097897237719522e+01  3.2093568234684732e+01  3.2093568229010060e+01  4.7999999999999998e+00  4.5651412411479484e+01  2.6938565387090353e+01  1.5566300648303441e-01  nan  nan  nan  nan  nan  1.0005785239691791e+00
1.9039999999997201e+02  4.5513071698537388e+01  3.3462573187529404e-02  2.6927877604566618e+01  1.5779032923321676e-01  3.2097892526241139e+01  3.2095740208384051e+01  3.2095740202602272e+01  4.7999999999999998e+00  4.5243848925739485e+01  2.6982048825513790e+01  1.5533353841642888e-01  nan  nan  nan  nan  nan  1.0005758837551502e+00
1.9119999999997100e+02  4.5491452168350143e+01  3.4349019761993428e-02  2.6876094613229299e+01  1.6116671717141032e-01  3.2099408806176797e+01  3.2098615500428103e+01  3.2098615494455032e+01  4.7999999999999998e+00  4.5220099473583218e+01  2.6930825408709662e+01  1.5871668309954676e-01  nan  nan  nan  nan  nan  1.0005767127257190e+00
1.9199999999996999e+02  4.5387789687671685e+01  3.3706926566902051e-02  2.6851980844116589e+01  1.6347033732791047e-01  3.2101298656378539e+01  3.2100048065532945e+01  3.2100048059525378e+01  4.7999999999999998e+00  4.5115871692287286e+01  2.6907014582288674e+01  1.6094541139197388e-01  nan  nan  nan  nan  nan  1.0005812607951721e+00
1.9279999999997000e+02  4.5104384514431409e+01  3.1766957367029718e-02  2.6897006352311429e+01  1.6189272088150858e-01  3.2103462276547319e+01  3.2102201355195923e+01  3.2102201349168418e+01  4.7999999999999998e+00  4.4836334451589849e+01  2.6951491451602646e+01  1.5934565017989114e-01  nan  nan  nan  nan  nan  1.0005840338964489e+00
1.9359999999996899e+02  4.5325868964474743e+01  3.1925509651636728e-02  2.6822496731555624e+01  1.6347959091328604e-01  3.2104714748491048e+01  3.2104097196689651e+01  3.2104097190626355e+01  4.7999999999999998e+00  4.5054283346750559e+01  2.6877445820287974e+01  1.6094699661584516e-01  nan  nan  nan  nan  nan  1.0005805176758713e+00
1.9439999999996800e+02  4.5645945741879530e+01  3.2689833614440278e-02  2.6732275645218188e+01  1.6406797388516295e-01  3.2106866263517830e+01  3.2106407103749198e+01  3.2106407097479646e+01  4.7999999999999998e+00  4.5370502388855073e+01  2.6787553393750631e+01  1.6154702238292487e-01  nan  nan  nan  nan  nan  1.0005743498312711e+00
1.9519999999996699e+02  4.5741018191568514e+01  3.3151807368482368e-02  2.6717906977180679e+01  1.6075121461576955e-01  3.2108605631504588e+01  3.2108292332246684e+01  3.2108292325989453e+01  4.7999999999999998e+00  4.5467119802082308e+01  2.6772495005271864e+01  1.5826110706947089e-01  nan  nan  nan  nan  nan  1.0005724042535291e+00
1.9599999999996700e+02  4.6157918790108518e+01  3.3833950538434653e-02  2.6634591522527103e+01  1.6081554840716344e-01  3.2110729261018591e+01  3.2110728274050963e+01  3.2110728267741507e+01  4.7999999999999998e+00  4.5880588956785999e+01  2.6689218788204851e+01  1.5833535771377585e-01  nan  nan  nan  nan  nan  1.0005752155393008e+00
1.9679999999996599e+02  4.6518579983319071e+01  3.3596098582817258e-02  2.6576124513020972e+01  1.6035986358060239e-01  3.2112266359758038e+01  3.2112578388392762e+01  3.2112578382244891e+01  4.7999999999999998e+00  4.6238669258203601e+01  2.6630704772936813e+01  1.5789029358273185e-01  nan  nan  nan  nan  nan  1.0005777015650095e+00
1.9759999999996501e+02  4.6562376847337148e+01  3.2370240378125997e-02  2.6624477105723322e+01  1.5624377945921172e-01  3.2113640735409163e+01  3.2112914337395139e+01  3.2112914331347703e+01  4.7999999999999998e+00  4.6285731304291403e+01  2.6678143109450303e+01  1.5382042629289980e-01  nan  nan  nan  nan  nan  1.0005768359517031e+00
1.9839999999996499e+02  4.6902562419469170e+01  3.2864473939804642e-02  2.6609704371380456e+01  1.5591653461573940e-01  3.2112884963799601e+01  3.2113195691111677e+01  3.2113195684846922e+01  4.7999999999999998e+00  4.6623862923816269e+01  2.6663341633591084e+01  1.5348979198684115e-01  nan  nan  nan  nan  nan  1.0005741964766082e+00
1.9919999999996401e+02  4.7200559877793992e+01  3.4141837949929962e-02  2.6601191449813520e+01  1.5628087747132413e-01  3.2110547897287013e+01  3.2112021410506316e+01  3.2112021404127418e+01  4.7999999999999998e+00  4.6919830108227423e+01  2.6654898640959555e+01  1.5384498761669696e-01  nan  nan  nan  nan  nan  1.0005730109272257e+00
1.9999999999996299e+02  4.7192930184303023e+01  3.4418398912949906e-02  2.6682446310610661e+01  1.5355420709419937e-01  3.2107917558505399e+01  3.2108982510396757e+01  3.2108982504097256e+01  4.7999999999999998e+00  4.6915641534298331e+01  2.6735408823359766e+01  1.5105819042058749e-01  nan  nan  nan  nan  nan  1.0005751911750873e+00
2.0000999999996299e+02  4.7193735894394649e+01  3.4418217235236102e-02  2.6683291777485792e+01  1.5353267651289165e-01  3.2107883231902022e+01  3.2108946071653371e+01  3.2108946065355113e+01  4.7999999999999998e+00  4.6916473435974332e+01  2.6736247859362457e+01  1.5103690886577295e-01  nan  nan  nan  nan  nan  1.0005752382282120e+00
