# downsampled to dt=0.5 from the every-step stream
# time matter_min_NEC matter_min_WEC matter_min_SEC matter_min_DEC matter_integral_NEC_violation
   0.0066667    4.0993933203e-36    6.5733724243e-36    8.8356758336e-37    5.7990372860e-36    0.0000000000e+00
   0.5066667    1.4769654162e-39    1.2715378638e-35   -2.2183633031e-20    1.1216565196e-35    0.0000000000e+00
   1.0066667    6.8633006692e-39    2.4643954396e-35   -3.3841470384e-20    1.9113808893e-35    0.0000000000e+00
   1.5066667    2.5783432718e-38    4.6904725321e-35   -3.5355438480e-20    2.2611547048e-35    0.0000000000e+00
   2.0066667    3.4226553486e-39    7.7247216882e-35   -3.4847196471e-20    2.4649077695e-35    0.0000000000e+00
   2.5066667    1.2002727920e-39    1.0051765498e-34   -3.1998208834e-20    2.6816789242e-35    0.0000000000e+00
   3.0066667    6.0547165422e-39    1.2035878904e-34   -2.9259722661e-20    2.8871178210e-35    0.0000000000e+00
   3.5066667    1.2778526016e-39    1.6425916172e-34   -2.7334543111e-20    4.2681917094e-35    0.0000000000e+00
   4.0066667    1.0771378148e-40    2.1831467444e-34   -2.6468438439e-20    5.7211606064e-35    0.0000000000e+00
   4.5066667    3.5484898751e-39    2.6376742452e-34   -2.6372067943e-20    6.6585733679e-35    0.0000000000e+00
   5.0066667    1.4538241831e-39    2.9568870662e-34   -2.7431543140e-20    5.9689786309e-35    0.0000000000e+00
   5.5066667    2.0104941130e-39    2.2933351909e-34   -2.8942431354e-20    4.6232590244e-35    0.0000000000e+00
   6.0066667    1.0417600312e-38    1.7103995493e-34   -2.9847070643e-20    3.5699314623e-35    0.0000000000e+00
   6.5066667    2.2184614289e-39    1.2525236449e-34   -2.7654250621e-09    2.5994003041e-35    0.0000000000e+00
   7.0066667    6.6325488525e-39    8.8103185600e-35   -2.5034076105e-09    1.8032943635e-35    0.0000000000e+00
   7.5066667    1.0683800607e-39    5.7053160782e-35   -1.3009795269e-09    1.1189209835e-35    0.0000000000e+00
   8.0066667    1.5120793038e-39    3.5052527282e-35   -4.3877485987e-10    6.5539301170e-36    0.0000000000e+00
   8.5066667    2.6909879804e-39    2.4298030645e-35   -2.7514341921e-10    4.5023796440e-36    0.0000000000e+00
   9.0066667    4.6214086709e-39    1.4544493339e-35   -8.3216380073e-10    1.8113438278e-36    0.0000000000e+00
   9.5066667    7.6568151038e-40    9.3366004559e-36   -1.2527438063e-09    1.1043470532e-36    0.0000000000e+00
  10.0066667    2.7705292319e-39    8.2606765100e-36   -1.2107768495e-09    1.0150343230e-36    0.0000000000e+00
  10.5066667    4.9640670653e-41    9.9395558216e-36   -8.8646511658e-10    1.5669060356e-36    0.0000000000e+00
  11.0066667    1.7200913560e-39    1.3053835631e-35   -5.4668028766e-10    1.6202861650e-36    0.0000000000e+00
  11.5066667    2.2490229051e-39    1.0071417580e-35   -2.8583457893e-10    1.1836985057e-36    0.0000000000e+00
  12.0066667    5.5857955458e-39    1.2565459817e-35   -1.2952245412e-10    1.9878757748e-36    0.0000000000e+00
  12.5066667    2.9687824780e-39    1.5504053360e-35   -6.1202338891e-11    3.7448800792e-36    0.0000000000e+00
  13.0066667    2.1464128960e-39    2.0889989930e-35   -7.6350663424e-10    5.0877305480e-36    0.0000000000e+00
  13.5066667    2.3860951775e-39    2.8057377388e-35   -1.1978636585e-09    6.9891137009e-36    0.0000000000e+00
  14.0066667    2.7314667867e-39    3.6272544344e-35   -1.2002371106e-09    8.1951258389e-36    0.0000000000e+00
  14.5066667    8.3001873211e-40    4.4570789424e-35   -8.7899773162e-10    1.0030132192e-35    0.0000000000e+00
  15.0066667    8.8874983889e-40    5.1657145477e-35   -5.1917031004e-10    1.1273490515e-35    0.0000000000e+00
  15.5066667    1.6310835323e-39    5.3920893953e-35   -2.7667147479e-10    1.0878750720e-35    0.0000000000e+00
  16.0066667    4.8187258460e-40    5.2946290679e-35   -1.7686029250e-10    1.0676918367e-35    0.0000000000e+00
  16.5066667    2.5622037323e-40    5.2594802284e-35   -1.1587739255e-10    1.0694538897e-35    0.0000000000e+00
  17.0066667    1.6879227934e-40    5.0737865275e-35   -1.0864933899e-10    1.0588266282e-35    0.0000000000e+00
  17.5066667    9.8673378067e-40    5.0047183916e-35   -4.0493895876e-10    1.0575709406e-35    0.0000000000e+00
  18.0066667    1.3114243461e-39    5.0326405974e-35   -8.8863521649e-10    1.0808979503e-35    0.0000000000e+00
  18.5066667    1.7535702059e-39    5.0762490956e-35   -8.9485575243e-10    1.0828589689e-35    0.0000000000e+00
  19.0066667    1.7147308474e-39    5.0842711096e-35   -6.1951408694e-10    1.0851832756e-35    0.0000000000e+00
  19.5066667    1.7034827802e-39    5.0620812316e-35   -3.2809124973e-10    1.0857091404e-35    0.0000000000e+00
  20.0066667    1.6579537132e-39    5.0557837710e-35   -1.5247381681e-10    1.0784088994e-35    0.0000000000e+00
  20.5066667    1.6487086761e-39    5.1136749029e-35   -6.3588189155e-11    1.0916722742e-35    0.0000000000e+00
  21.0066667    1.0704096576e-40    5.2561861093e-35   -4.4612227553e-11    1.1285255349e-35    0.0000000000e+00
  21.5066667    4.7384477331e-40    5.4317009840e-35   -4.0429137560e-10    1.1814483311e-35    0.0000000000e+00
  22.0066667    3.1895207030e-39    5.6355724313e-35   -7.2764520452e-10    1.2379245574e-35    0.0000000000e+00
  22.5066667    2.1121489191e-39    5.8326586615e-35   -6.5613195403e-10    1.2853720748e-35    0.0000000000e+00
  23.0066667    2.2775157581e-39    5.9788222683e-35   -3.4644601590e-10    1.3024162763e-35    0.0000000000e+00
  23.5066667    2.2653432616e-39    6.0588225631e-35   -1.1901611884e-10    1.3205418605e-35    0.0000000000e+00
  24.0066667    4.6801238014e-39    6.1062074086e-35   -6.1079290370e-11    1.3377260907e-35    0.0000000000e+00
  24.5066667    2.2629860951e-39    6.1843360908e-35   -8.5576342646e-11    1.3553261052e-35    0.0000000000e+00
  25.0066667    1.0757824739e-39    6.3320564322e-35   -5.6205031208e-11    1.3906971399e-35    0.0000000000e+00
  25.5066667    5.5952393605e-39    6.5241812938e-35   -1.0951683814e-10    1.4398034947e-35    0.0000000000e+00
  26.0066667    2.8091353147e-39    6.7407948783e-35   -9.5778037701e-11    1.3940781294e-35    0.0000000000e+00
  26.5066667    3.0086730366e-39    6.8493409113e-35   -5.0001903540e-11    1.4101557701e-35    0.0000000000e+00
  27.0066667    9.3734461829e-40    6.6544313545e-35   -6.8982449346e-11    1.4758029031e-35    0.0000000000e+00
  27.5066667    6.7511410355e-39    6.2065644228e-35   -1.2666814073e-10    1.4948972074e-35    0.0000000000e+00
  28.0066667    3.6123721460e-39    3.8371613082e-35   -5.8752587996e-08    7.6548349470e-36    0.0000000000e+00
  28.5066667    1.1970768915e-39    2.5250559701e-35   -2.0047961233e-07    7.0602110423e-36    0.0000000000e+00
  29.0066667    9.2111050762e-39    2.8910940786e-35   -4.6481345026e-07    7.9862086230e-36    0.0000000000e+00
  29.5066667    8.9190342794e-39    2.6038311167e-35   -8.8761345674e-07    6.7942235006e-36    0.0000000000e+00
  30.0066667    1.3024849937e-38    2.5976094596e-35   -1.5621269349e-06    5.4057263832e-36    0.0000000000e+00
  30.5066667    1.1481266643e-38    2.7729352855e-35   -2.5282121309e-06    5.8761254839e-36    0.0000000000e+00
  31.0066667    2.3940306300e-39    2.5658213459e-35   -3.8047630090e-06    5.6617679290e-36    0.0000000000e+00
  31.5066667    1.2961019539e-38    5.6440966365e-35   -5.3159612321e-06    1.7679428010e-35    0.0000000000e+00
  32.0066667    1.5898514678e-38    2.1333046781e-34   -7.0560895231e-06    1.1327602162e-35    0.0000000000e+00
  32.5066667    1.3917052223e-38    2.8118642403e-34   -7.9811259124e-06    1.0822007519e-35    0.0000000000e+00
  33.0066667    6.2586183468e-39    1.7676778005e-34   -7.8464378725e-06    8.6862444060e-36    0.0000000000e+00
  33.5066667    7.6416540382e-38    9.8701858590e-35   -6.9886430147e-06    1.1514423336e-35    0.0000000000e+00
  34.0066667    2.5335019199e-38    8.2006649435e-35   -6.6476608805e-06    6.7194067119e-36    0.0000000000e+00
  34.5066667    1.0582280442e-36    7.8891787147e-35   -8.1114629285e-06    1.1128368406e-35    0.0000000000e+00
  35.0066667    9.0998273544e-37    4.8925281647e-34   -1.1226961859e-05    5.2012057550e-35    0.0000000000e+00
  35.5066667    8.3842564307e-38    6.8276462284e-34   -1.2859906116e-05    1.4261283113e-34    0.0000000000e+00
  36.0066667    7.8599465771e-35    9.4936122750e-34   -1.5826580267e-05    5.2625580732e-34    0.0000000000e+00
  36.5066667    4.0439214586e-34    1.5378443874e-32   -1.6107773417e-05    4.5011166801e-33    0.0000000000e+00
  37.0066667    6.1917046076e-34    9.6406987930e-32   -1.3563768509e-05    1.0348721080e-32    0.0000000000e+00
  37.5066667    7.4603724633e-33    2.3024365842e-31   -1.2699442562e-05    4.8487793819e-32    0.0000000000e+00
  38.0066667    3.8341178523e-32    2.1184778587e-30   -8.8962311682e-06    2.4514537024e-31    0.0000000000e+00
  38.5066667    5.3730535869e-31    1.6940536767e-29   -1.0165144161e-05    1.9405994746e-30    0.0000000000e+00
  39.0066667    2.3941318127e-30    1.6877953464e-28   -1.1440872011e-05    1.4604317092e-29    0.0000000000e+00
  39.5066667    8.3919168621e-30    2.0998428655e-28   -1.2965382545e-05    8.8511905429e-29    0.0000000000e+00
  40.0066667    8.6911616143e-29    2.0563806169e-27   -1.2445927228e-05    4.8366342391e-28    0.0000000000e+00
  40.5066667    4.0086910560e-28    2.1794850045e-26   -1.0195294531e-05    2.3032592975e-27    0.0000000000e+00
  41.0066667    1.2024359822e-27    2.7388270753e-26   -6.9611354667e-06    1.2902382293e-26    0.0000000000e+00
  41.5066667    3.9750204927e-27    2.9127884460e-25   -4.3015572980e-06    2.3190425412e-26    0.0000000000e+00
  42.0066667    2.7588607935e-26    2.4001398592e-24   -2.5511443065e-06    2.7808697995e-25    0.0000000000e+00
  42.5066667    3.4754650933e-25    4.1522318127e-24   -1.7407276314e-06    7.0560428263e-25    0.0000000000e+00
  43.0066667    4.2593876904e-25    2.5915768745e-23   -1.9007342434e-06    5.0230878126e-24    0.0000000000e+00
  43.5066667    2.2751107985e-24    7.8691298614e-23   -3.3412885294e-06    1.9477037857e-23    0.0000000000e+00
  44.0066667    7.7325362002e-24    2.8883371787e-22   -8.0735487096e-06    2.0990254531e-23    0.0000000000e+00
  44.5066667    3.7652077976e-23    3.0519812850e-21   -8.6883977456e-06    2.1571333097e-22    0.0000000000e+00
  45.0066667    5.2315893429e-23    3.7660709660e-21   -5.3219203381e-06    9.1267338822e-22    0.0000000000e+00
  45.5066667    5.9419843281e-23    2.8070473085e-20   -2.4240701065e-06    2.6397905946e-21    0.0000000000e+00
  46.0066667    9.9705084530e-23    3.5061172062e-20   -1.6364432734e-06    8.6605971944e-21    0.0000000000e+00
  46.5066667    2.2334011158e-22    2.2094060821e-19   -1.8640554569e-06    1.9107419156e-20    0.0000000000e+00
  47.0066667    1.6872627206e-21    2.8049771954e-19   -2.6318512322e-06    7.8675940602e-20    0.0000000000e+00
  47.5066667    6.2024664356e-23    1.5616182203e-18   -3.9765797640e-06    1.1181725400e-19    0.0000000000e+00
  48.0066667    5.2697958689e-22    2.0538572907e-18   -5.2643280842e-06    2.9485414846e-19    0.0000000000e+00
  48.5066667    4.7500706254e-22    8.9225965663e-18   -5.9103194260e-06    7.4371219010e-19    0.0000000000e+00
  49.0066667    2.6856460843e-21    1.1195408399e-17   -5.2008240654e-06    7.2126510542e-19    0.0000000000e+00
  49.5066667    6.0625335330e-21    3.2389032366e-17   -3.4025453985e-06    1.9701139382e-18    0.0000000000e+00
  50.0066667    6.4507014145e-22    3.4928123990e-17   -1.7215111614e-06    2.1998576835e-18    0.0000000000e+00
  50.5066667    2.2687882398e-21    6.5800961102e-17   -9.3251555043e-07    2.3419405071e-18    0.0000000000e+00
  51.0066667    1.8754741855e-20    7.6734672502e-17   -7.2416655683e-07    2.4168977347e-18    0.0000000000e+00
  51.5066667    1.8328941047e-21    7.7650673755e-17   -9.7027817293e-07    2.7547899693e-18    0.0000000000e+00
  52.0066667    9.3080003448e-21    9.8936657925e-17   -3.2231048608e-06    5.4993034278e-18    0.0000000000e+00
  52.5066667    2.5121391193e-20    1.1429332992e-16   -4.6546371221e-06    1.0585765941e-17    0.0000000000e+00
  53.0066667    1.7363004642e-20    1.5400974698e-16   -4.6857215940e-06    1.5855407728e-17    0.0000000000e+00
  53.5066667    5.6701127370e-20    3.4520306080e-16   -2.8209904882e-06    5.6937991918e-17    0.0000000000e+00
  54.0066667    3.2043352104e-20    6.3531149044e-16   -4.4977343959e-07    8.6754283338e-17    0.0000000000e+00
  54.5066667    9.9169058283e-20    1.0110002964e-15   -2.0136155766e-07    2.3349839697e-16    0.0000000000e+00
  55.0066667    6.2989970253e-21    2.9255674172e-15   -1.6083176531e-07    2.0959360167e-16    0.0000000000e+00
  55.5066667    7.1635730098e-20    4.3676797575e-15   -6.2381446726e-06    4.0825186973e-16    0.0000000000e+00
  56.0066667    9.4955748048e-20    8.6323075496e-15   -9.0517914002e-06    7.8143456328e-16    0.0000000000e+00
  56.5066667    2.2045354043e-19    1.0322676788e-14   -1.2821950119e-05    1.2355374351e-15    0.0000000000e+00
  57.0066667    1.9913873299e-19    1.2748158680e-14   -1.2636249645e-05    9.9930572995e-16    0.0000000000e+00
  57.5066667    4.7618111253e-20    9.8968582736e-15   -1.0523426301e-05    1.1901523187e-15    0.0000000000e+00
  58.0066667    3.7431427738e-21    1.1176217297e-14   -6.1661812774e-06    6.6362171961e-16    0.0000000000e+00
  58.5066667    7.5495458562e-21    1.1379791727e-14   -2.5947775754e-06    4.7174112224e-16    0.0000000000e+00
  59.0066667    1.6332444107e-20    9.4354300600e-15   -1.0576724223e-06    4.9091248080e-16    0.0000000000e+00
  59.5066667    2.8731105604e-20    9.6027758537e-15   -9.6609626199e-07    2.0484591372e-16    0.0000000000e+00
  60.0066667    7.6589047978e-21    5.2007281910e-15   -1.6552426912e-06    1.4039029618e-16    0.0000000000e+00
  60.5066667    5.6302623340e-20    5.2198461300e-15   -3.1924004192e-06    5.3978059814e-16    0.0000000000e+00
  61.0066667    2.0692863699e-20    4.2462005384e-15   -4.4082359179e-06    3.1783210751e-16    0.0000000000e+00
  61.5066667    5.9459487567e-20    7.4901108626e-15   -4.1958691037e-06    3.7632296984e-16    0.0000000000e+00
  62.0066667    2.0722899079e-20    8.6203385338e-15   -3.4100819102e-06    5.1581027639e-16    0.0000000000e+00
  62.5066667    1.4754274228e-20    1.0612896401e-14   -2.5636875541e-06    4.4364696966e-16    0.0000000000e+00
  63.0066667    1.7696182614e-20    1.0705396323e-14   -2.9189556283e-07    4.9988169772e-16    0.0000000000e+00
  63.5066667    2.6206093163e-20    1.0443784327e-14   -4.3926664439e-07    7.3673329492e-16    0.0000000000e+00
  64.0066667    4.7504534708e-20    7.3271664823e-15   -3.2844659137e-07    2.0742766123e-16    0.0000000000e+00
  64.5066667    2.4864943847e-20    7.6578346391e-15   -2.4422240634e-07    2.1092464441e-16    0.0000000000e+00
  65.0066667    1.9118804020e-20    8.1911702189e-15   -3.0292650148e-06    5.1730490464e-16    0.0000000000e+00
  65.5066667    2.2255569657e-19    5.4998554954e-15   -5.1089491487e-06    6.1757864120e-16    0.0000000000e+00
  66.0066667    9.9325701496e-20    6.6060321253e-15   -5.8866843045e-06    2.9809465790e-16    0.0000000000e+00
  66.5066667    6.2692782091e-20    7.5010274761e-15   -4.9586191537e-06    3.7188072700e-16    0.0000000000e+00
  67.0066667    1.6496371958e-19    8.8314692782e-15   -2.8117300410e-06    1.2893603274e-16    0.0000000000e+00
  67.5066667    7.0418912757e-20    1.0103223370e-14   -1.2144704627e-06    2.1672825564e-16    0.0000000000e+00
  68.0066667    6.0402016154e-20    7.1398399045e-15   -6.9085608402e-07    1.4433893941e-16    0.0000000000e+00
  68.5066667    2.3431047611e-20    1.4464732423e-14   -6.5048966205e-07    1.3274847943e-15    0.0000000000e+00
  69.0066667    2.5351594961e-19    5.8308953826e-15   -8.9786710579e-07    3.3719486510e-16    0.0000000000e+00
  69.5066667    3.6404937695e-21    3.2159299719e-15   -2.1992322280e-06    3.3652596166e-16    0.0000000000e+00
  70.0066667    8.7914774229e-20    6.8182476383e-15   -3.3721207496e-06    5.4538879713e-16    0.0000000000e+00
  70.5066667    3.8636180985e-20    7.7610012478e-15   -3.2639582745e-06    3.2525996414e-16    0.0000000000e+00
  71.0066667    9.6094816469e-20    6.5270099662e-15   -1.9969007239e-06    1.1315053103e-15    0.0000000000e+00
  71.5066667    7.0729817153e-19    4.8465528835e-15   -5.3443161864e-07    4.5308443522e-16    0.0000000000e+00
  72.0066667    8.2670408907e-20    1.2594242225e-14   -1.7407448756e-07    5.3691980571e-16    0.0000000000e+00
  72.5066667    4.2597628481e-20    8.3251006838e-15   -9.9107250718e-08    1.3893194391e-15    0.0000000000e+00
  73.0066667    1.0104682566e-19    1.5091952239e-14   -7.2572656641e-08    9.7247924191e-16    0.0000000000e+00
  73.5066667    1.1419286362e-19    1.9732690819e-14   -6.7606953191e-08    1.1852091258e-15    0.0000000000e+00
  74.0066667    3.0117100156e-19    1.3862909356e-14   -2.3480724061e-06    8.1512090690e-16    0.0000000000e+00
  74.5066667    5.3404507813e-20    1.4273065365e-14   -7.1920031253e-06    6.8127994845e-16    0.0000000000e+00
  75.0066667    3.0151181966e-19    1.5292105152e-14   -9.2270237764e-06    9.6322274420e-16    0.0000000000e+00
  75.5066667    3.3821571358e-20    1.3347305117e-14   -8.1529596455e-06    6.1414560168e-16    0.0000000000e+00
  76.0066667    2.3587872427e-20    1.2463351224e-14   -4.2322078809e-06    1.6767702097e-15    0.0000000000e+00
  76.5066667    6.0603362193e-20    1.2991756225e-14   -1.1367932434e-06    1.8074880136e-15    0.0000000000e+00
  77.0066667    2.5896261235e-19    2.2775741611e-14   -4.3750765366e-07    2.7409344417e-15    0.0000000000e+00
  77.5066667    4.2332630186e-20    2.1746372297e-14   -1.2643567672e-06    2.8881975429e-15    0.0000000000e+00
  78.0066667    8.9751828097e-19    1.8222302664e-14   -3.8322672470e-06    2.7995330370e-15    0.0000000000e+00
  78.5066667    5.9696543495e-19    1.1437078155e-14   -6.5718224347e-06    2.8272511140e-15    0.0000000000e+00
  79.0066667    1.9083350603e-18    1.4385861306e-14   -7.5858491091e-06    1.8126586519e-15    0.0000000000e+00
  79.5066667    3.4082178022e-19    1.5144282031e-14   -6.3371125048e-06    1.7055830848e-15    0.0000000000e+00
  80.0066667    6.1075161236e-21    1.4480278564e-14   -4.0764598441e-06    2.0332546174e-15    0.0000000000e+00
  80.5066667    8.8024359792e-19    1.2988285994e-14   -1.4168442018e-06    6.4222716481e-16    0.0000000000e+00
  81.0066667    7.6456491250e-19    1.8101463368e-14   -1.2094622074e-07    1.5025036738e-15    0.0000000000e+00
  81.5066667    9.3503801069e-19    1.9018992771e-14   -8.8761891479e-08    1.9123997869e-15    0.0000000000e+00
  82.0066667    4.5817253376e-19    1.4871720985e-14   -7.7368736158e-08    2.0043256335e-15    0.0000000000e+00
  82.5066667    1.4161065457e-18    1.5429082840e-14   -1.7885312221e-07    1.5840788137e-15    0.0000000000e+00
  83.0066667    3.2605844493e-19    1.4529774489e-14   -9.6890954012e-07    3.1146950118e-15    0.0000000000e+00
  83.5066667    8.6702896076e-18    8.7685475554e-15   -3.1365811017e-06    1.3896246884e-15    0.0000000000e+00
  84.0066667    2.4777516769e-18    1.1168441303e-14   -3.6082288736e-06    1.0409227306e-15    0.0000000000e+00
  84.5066667    7.9601509777e-18    8.6716160210e-15   -2.5267565106e-06    1.3344150368e-15    0.0000000000e+00
  85.0066667    3.7254521089e-18    1.6798193494e-14   -1.0817420146e-06    1.2030631078e-15    0.0000000000e+00
  85.5066667    1.2363087447e-18    2.1373344850e-14   -3.7976262484e-07    3.7401605362e-15    0.0000000000e+00
  86.0066667    1.9652399994e-17    1.6992218970e-14   -3.4403223905e-07    2.9595563419e-15    0.0000000000e+00
  86.5066667    1.5740411144e-18    2.8979085718e-14   -8.2592432010e-07    8.0798483735e-15    0.0000000000e+00
  87.0066667    1.8359787441e-17    2.5432483244e-13   -1.9659059797e-06    4.4526339278e-14    0.0000000000e+00
  87.5066667    1.2999802512e-17    5.1222545876e-13   -3.0912285382e-06    1.0702282832e-13    0.0000000000e+00
  88.0066667    1.0728824384e-18    1.1862094561e-12   -3.3265800173e-06    4.7940859754e-14    0.0000000000e+00
  88.5066667    1.2347282094e-17    1.1457423236e-12   -2.5526396618e-06    2.0547702485e-14    0.0000000000e+00
  89.0066667    4.9396727747e-17    1.1051012345e-12   -1.2908978662e-06    4.1601570148e-14    0.0000000000e+00
  89.5066667    2.1250125064e-17    1.0513478951e-12   -4.5386306700e-07    6.1991851028e-14    0.0000000000e+00
  90.0066667    2.5448490719e-19    4.8006875610e-12   -2.1689588870e-07    1.0861294151e-13    0.0000000000e+00
  90.5066667    4.5275215968e-16    6.4945312294e-12   -1.7602949634e-07    4.8391322099e-13    0.0000000000e+00
  91.0066667    2.9570294488e-18    8.9051081556e-12   -3.2583390164e-07    9.4662337466e-13    0.0000000000e+00
  91.5066667    1.4196411762e-16    1.6390399371e-11   -9.8740541394e-07    9.7882585434e-13    0.0000000000e+00
  92.0066667    5.4697231565e-17    1.0762282431e-11   -1.3386104720e-06    1.0208060744e-12    0.0000000000e+00
  92.5066667    1.5017611642e-16    4.8932210888e-12   -1.2334997659e-06    5.4190567232e-13    0.0000000000e+00
  93.0066667    1.1738909840e-16    2.8760562370e-12   -3.9406339769e-07    1.9099985777e-13    0.0000000000e+00
  93.5066667    1.1557175044e-16    4.9689397869e-12   -3.1107820548e-08    9.1802378938e-13    0.0000000000e+00
  94.0066667    8.1191405246e-17    6.0935644317e-12   -2.4757000734e-08    7.7265491430e-13    0.0000000000e+00
  94.5066667    6.6617194160e-17    8.2133119482e-12   -1.1378192251e-07    1.1565980453e-12    0.0000000000e+00
  95.0066667    7.4073239687e-17    8.6959960335e-12   -1.8959894066e-06    1.2361927953e-12    0.0000000000e+00
  95.5066667    4.2495809660e-18    9.1540205882e-12   -3.8667040825e-06    1.2296700063e-12    0.0000000000e+00
  96.0066667    2.0301796522e-17    1.0210917370e-11   -5.6048461384e-06    1.1849237449e-12    0.0000000000e+00
  96.5066667    1.5322464437e-16    2.0285576630e-11   -6.4196575861e-06    9.0831486274e-13    0.0000000000e+00
  97.0066667    8.7391929915e-17    2.0994440374e-11   -5.6632626755e-06    6.3843029611e-13    0.0000000000e+00
  97.5066667    1.2212319988e-15    1.9224261586e-11   -3.8691708556e-06    6.6327143266e-13    0.0000000000e+00
  98.0066667    1.2101589599e-17    1.5423626060e-11   -2.0220410027e-06    1.6978124091e-12    0.0000000000e+00
  98.5066667    9.9595897754e-17    1.0051341030e-11   -1.0504912442e-06    1.3875849555e-12    0.0000000000e+00
  99.0066667    3.6222230277e-17    7.6019419407e-12   -9.2803235753e-07    1.0112960319e-12    0.0000000000e+00
  99.5066667    1.8569474862e-18    5.6524651872e-12   -1.3821112272e-06    7.1055444454e-13    0.0000000000e+00
 100.0066667    2.3992054169e-18    5.2060421612e-12   -2.3796440588e-06    8.6755548347e-13    0.0000000000e+00
 100.5066667    5.3346620987e-17    5.4154806837e-12   -3.1765759579e-06    1.0131534136e-12    0.0000000000e+00
 101.0066667    3.6784047791e-17    1.0397644244e-11   -3.0992541975e-06    2.3049529951e-12    0.0000000000e+00
 101.5066667    1.4102363826e-16    8.3509271082e-12   -2.0363873648e-06    2.0104623587e-12    0.0000000000e+00
 102.0066667    1.6633269489e-16    9.1859812600e-12   -7.7985997448e-07    2.1711194216e-12    0.0000000000e+00
 102.5066667    1.1004014439e-16    1.1340335154e-11   -3.6920269148e-08    2.0486911952e-12    0.0000000000e+00
 103.0066667    1.3577110447e-17    6.2330598544e-12   -2.2212332057e-08    1.1633815052e-12    0.0000000000e+00
 103.5066667    5.0954627344e-16    4.7653657718e-12   -1.6515514738e-08    6.6925241114e-13    0.0000000000e+00
 104.0066667    6.3917937168e-16    3.6587330415e-12   -4.4285662966e-07    3.5574053693e-13    0.0000000000e+00
 104.5066667    5.6755373644e-16    7.3275030933e-12   -1.7267618429e-06    5.3321296040e-13    0.0000000000e+00
 105.0066667    7.2729165800e-17    5.9594990562e-12   -2.7208012934e-06    5.0878066121e-13    0.0000000000e+00
 105.5066667    1.5901953319e-16    7.8791019652e-12   -2.9234401302e-06    1.3892757951e-13    0.0000000000e+00
 106.0066667    2.2729687810e-16    5.8172508245e-12   -2.2687528581e-06    2.1316282876e-13    0.0000000000e+00
 106.5066667    3.0455452469e-16    3.7262152818e-12   -1.2451727851e-06    6.9173634210e-13    0.0000000000e+00
 107.0066667    8.0709833198e-17    3.7828863091e-12   -5.7473992972e-07    5.8845832708e-13    0.0000000000e+00
 107.5066667    1.8494344018e-18    4.0376597969e-12   -3.9575900226e-07    6.3157681657e-13    0.0000000000e+00
 108.0066667    1.2282809377e-16    3.7917002438e-12   -5.0882540926e-07    1.0800505712e-12    0.0000000000e+00
 108.5066667    3.4234573643e-18    5.7384153634e-12   -9.8968951846e-07    1.2850343559e-12    0.0000000000e+00
 109.0066667    7.3255130351e-17    8.5783268642e-12   -1.6943519483e-06    1.7626600209e-12    0.0000000000e+00
 109.5066667    9.5141972223e-17    1.6806750180e-11   -2.0374616995e-06    4.1240755417e-12    0.0000000000e+00
 110.0066667    7.2527270762e-17    2.6889620552e-11   -1.7103950105e-06    5.8160694081e-12    0.0000000000e+00
 110.5066667    1.2638317630e-17    2.7045209331e-11   -9.3032247206e-07    6.2430678145e-12    0.0000000000e+00
 111.0066667    4.3184404827e-17    3.4687711345e-11   -1.5208297838e-07    7.7451828559e-12    0.0000000000e+00
 111.5066667    1.1715930597e-17    3.1775789639e-11   -4.5667529637e-08    6.0033972397e-12    0.0000000000e+00
 112.0066667    9.2874492000e-16    5.0677819367e-11   -3.2630419840e-08    8.5918792094e-12    0.0000000000e+00
 112.5066667    1.0118158742e-16    6.7318656584e-11   -2.5401968764e-08    1.0325912470e-11    0.0000000000e+00
 113.0066667    1.8407566485e-16    8.1412546019e-11   -2.1772866960e-08    1.5644307661e-11    0.0000000000e+00
 113.5066667    7.3881394169e-17    9.8088379582e-11   -2.1111652156e-06    1.3379863119e-11    0.0000000000e+00
 114.0066667    6.1586372623e-16    1.1419758793e-10   -3.9715536802e-06    1.1389154097e-11    0.0000000000e+00
 114.5066667    3.4170437367e-17    5.4288412066e-11   -4.3306133704e-06    8.0998996228e-12    0.0000000000e+00
 115.0066667    5.0340733081e-17    3.9413856991e-11   -3.2357785711e-06    7.4574749843e-12    0.0000000000e+00
 115.5066667    2.0895343631e-16    3.4522189284e-11   -1.6979451949e-06    6.3945913361e-12    0.0000000000e+00
 116.0066667    8.2506778854e-17    6.2200964659e-12   -9.1859149892e-07    3.2851368957e-13    0.0000000000e+00
 116.5066667    1.3391987943e-17    1.9353425251e-12   -1.1942328806e-06    3.5945618845e-13    0.0000000000e+00
 117.0066667    9.3010094313e-17    1.6511276133e-12   -2.3128728649e-06    3.4927342120e-13    0.0000000000e+00
 117.5066667    2.1521557950e-16    8.2610577883e-13   -4.0676068639e-06    1.4850868647e-13    0.0000000000e+00
 118.0066667    9.2606730958e-17    8.7619073583e-12   -5.1743089523e-06    1.1866716463e-12    0.0000000000e+00
 118.5066667    8.0777834682e-17    6.7452393386e-12   -4.9541490450e-06    6.6247894718e-13    0.0000000000e+00
 119.0066667    1.0630068292e-16    3.3579662155e-12   -3.4002109174e-06    2.2177138535e-13    0.0000000000e+00
 119.5066667    1.0139116217e-17    3.3945131880e-12   -1.9205290876e-06    5.9068278967e-13    0.0000000000e+00
 120.0066667    1.7049319836e-16    8.6931601273e-12   -7.8907727207e-07    9.4832743861e-13    0.0000000000e+00
 120.5066667    1.2092195020e-16    1.3842245213e-11   -3.0020377785e-07    2.6131105388e-12    0.0000000000e+00
 121.0066667    4.4700100596e-17    1.3137371351e-11   -1.7590316202e-07    1.6192947717e-12    0.0000000000e+00
 121.5066667    1.5825548914e-16    8.2162998165e-12   -3.0166405327e-07    8.0543427361e-13    0.0000000000e+00
 122.0066667    3.5386073084e-17    7.4445657821e-12   -6.4881437049e-07    6.0946433540e-13    0.0000000000e+00
 122.5066667    6.3534818153e-17    5.4299448970e-12   -1.0525943702e-06    4.7797481923e-13    0.0000000000e+00
 123.0066667    2.6271342837e-17    6.0461714902e-12   -1.9095428030e-06    1.0789702298e-12    0.0000000000e+00
 123.5066667    9.5958821971e-18    8.6746586885e-12   -1.6384194078e-06    6.9332047613e-13    0.0000000000e+00
 124.0066667    8.3200395738e-17    1.0459155455e-11   -8.3604700320e-07    8.9097567367e-13    0.0000000000e+00
 124.5066667    3.5771401188e-17    9.5500019868e-12   -2.7099455626e-07    7.7912882923e-13    0.0000000000e+00
 125.0066667    7.3911825730e-17    7.0863989576e-12   -1.6777468561e-07    1.4405929764e-12    0.0000000000e+00
 125.5066667    3.1097151819e-17    2.0598243591e-11   -4.1122147888e-07    2.3570343250e-12    0.0000000000e+00
 126.0066667    5.5683285610e-17    1.6404660055e-11   -1.0888687950e-06    2.0410415170e-12    0.0000000000e+00
 126.5066667    2.9683295631e-17    2.5791221797e-11   -1.9244794889e-06    1.9849407066e-12    0.0000000000e+00
 127.0066667    1.3014566109e-18    3.3585520842e-11   -2.4322262557e-06    1.4012962007e-12    0.0000000000e+00
 127.5066667    4.4248679391e-17    4.3629535272e-11   -2.1382139357e-06    3.6443701314e-12    0.0000000000e+00
 128.0066667    7.1715191830e-17    3.5603130820e-11   -1.3966803496e-06    4.3639439204e-12    0.0000000000e+00
 128.5066667    7.0434518081e-18    9.8978986744e-12   -6.4772368903e-07    1.5504105931e-12    0.0000000000e+00
 129.0066667    5.0813332591e-17    2.4802837022e-11   -2.6315621304e-07    1.1472914439e-12    0.0000000000e+00
 129.5066667    2.5267068504e-17    1.9153202898e-11   -1.8325123426e-07    1.6548657158e-12    0.0000000000e+00
 130.0066667    2.3820294922e-17    9.4233435098e-12   -2.5645181505e-07    1.4504211664e-12    0.0000000000e+00
 130.5066667    6.8753748675e-17    7.4618072885e-12   -5.6688515510e-07    5.2219045641e-13    0.0000000000e+00
 131.0066667    4.0426045757e-17    8.1484848533e-12   -1.0047358468e-06    1.4674867710e-12    0.0000000000e+00
 131.5066667    1.0160570484e-16    1.2785771705e-11   -1.1232018713e-06    1.8617270010e-12    0.0000000000e+00
 132.0066667    1.4910490207e-16    1.4971027799e-11   -8.3134961350e-07    1.1206753472e-12    0.0000000000e+00
 132.5066667    1.7230595094e-16    1.7942315494e-11   -2.4003726925e-07    1.9668083819e-12    0.0000000000e+00
 133.0066667    2.3386321443e-16    1.3323527556e-11   -1.8876330541e-08    1.4574561807e-12    0.0000000000e+00
 133.5066667    1.1970688764e-16    2.0217114390e-11   -1.0535729789e-08    1.0603172347e-12    0.0000000000e+00
 134.0066667    1.0901996372e-16    1.4158731216e-11   -5.9985849486e-09    1.0868992049e-12    0.0000000000e+00
 134.5066667    3.9960092436e-18    1.9007479680e-11   -1.1237458933e-06    5.7496570751e-13    0.0000000000e+00
 135.0066667    9.7811517067e-17    1.6069923211e-11   -2.8103576448e-06    1.5451970649e-12    0.0000000000e+00
 135.5066667    1.0161706273e-16    3.4412133606e-11   -4.3435677844e-06    3.0051837657e-12    0.0000000000e+00
 136.0066667    1.2269974290e-16    3.6894444617e-11   -4.6696011305e-06    2.5708437581e-12    0.0000000000e+00
 136.5066667    2.5318552473e-16    3.2153158500e-11   -3.8604285457e-06    1.9622909308e-12    0.0000000000e+00
 137.0066667    3.6579415147e-17    2.8318719674e-11   -2.4184669212e-06    2.7651001300e-12    0.0000000000e+00
 137.5066667    3.3316843223e-17    2.6322130099e-11   -1.1055842296e-06    4.8948697846e-12    0.0000000000e+00
 138.0066667    2.4058404807e-17    1.1035553199e-11   -6.8978853504e-07    1.9116668971e-12    0.0000000000e+00
 138.5066667    1.2474975490e-17    4.4007729543e-12   -8.2711759456e-07    6.8284402622e-13    0.0000000000e+00
 139.0066667    1.5366019423e-17    2.5743337480e-12   -1.6734352313e-06    4.2114014612e-13    0.0000000000e+00
 139.5066667    9.5664060295e-17    3.4235646625e-12   -2.8124108054e-06    4.0780250994e-13    0.0000000000e+00
 140.0066667    1.0222019870e-18    3.2179504094e-12   -3.3107353950e-06    1.9653778322e-13    0.0000000000e+00
 140.5066667    2.6792265916e-17    2.0632076881e-12   -2.8028641647e-06    1.2268794511e-13    0.0000000000e+00
 141.0066667    1.1088055543e-16    4.0513959706e-12   -1.6903221417e-06    5.4720507867e-13    0.0000000000e+00
 141.5066667    8.0786969341e-18    6.0950766530e-12   -6.1200620197e-07    1.1298293253e-12    0.0000000000e+00
 142.0066667    1.1096301181e-18    6.7820591486e-12   -9.9813044600e-08    2.3408071208e-13    0.0000000000e+00
 142.5066667    1.7274322925e-19    6.0414766882e-12   -2.9006534763e-08    8.8069974646e-13    0.0000000000e+00
 143.0066667    4.8315340406e-18    5.9326867958e-12   -3.1427885235e-08    7.8123387548e-13    0.0000000000e+00
 143.5066667    7.8578497918e-19    4.3817759003e-12   -3.3176595423e-08    6.2408022858e-13    0.0000000000e+00
 144.0066667    7.7541424103e-18    6.5522343117e-12   -1.0279664289e-06    1.2676886403e-12    0.0000000000e+00
 144.5066667    5.9607792993e-19    8.3277674169e-12   -1.9758283616e-06    1.6253738332e-12    0.0000000000e+00
 145.0066667    1.4910085948e-17    1.2397776202e-11   -2.2438341661e-06    2.0851696285e-12    0.0000000000e+00
 145.5066667    3.4010781246e-17    1.2367309585e-11   -1.6656947697e-06    2.0300986049e-12    0.0000000000e+00
 146.0066667    1.8918372439e-18    8.9100187295e-12   -8.3481045209e-07    1.3027774330e-12    0.0000000000e+00
 146.5066667    2.9286521778e-18    1.2546250631e-11   -3.5428330607e-07    2.1271212567e-12    0.0000000000e+00
 147.0066667    2.9497714559e-18    1.0966271242e-11   -2.8916289079e-07    1.7353324803e-12    0.0000000000e+00
 147.5066667    5.4478489532e-17    1.0886947806e-11   -4.8433822450e-07    1.5045471569e-12    0.0000000000e+00
 148.0066667    4.4498426208e-17    7.5524499042e-12   -1.0529880021e-06    1.1403456778e-12    0.0000000000e+00
 148.5066667    9.0384947511e-17    5.2685484160e-12   -1.8540287937e-06    1.0091503427e-12    0.0000000000e+00
 149.0066667    3.9056919438e-17    7.9306365345e-12   -2.1658581411e-06    1.1769690638e-12    0.0000000000e+00
 149.5066667    5.8921330279e-18    5.9362208031e-12   -1.7979953691e-06    1.0238912553e-12    0.0000000000e+00
 150.0066667    1.5664650339e-17    8.3285838066e-12   -9.5398437372e-07    1.7693171295e-12    0.0000000000e+00
 150.5066667    2.0707334018e-17    1.1930454257e-11   -2.9263887440e-07    9.7934073561e-13    0.0000000000e+00
 151.0066667    2.3109945144e-17    1.2222041899e-11   -6.2698829601e-08    9.9769065098e-13    0.0000000000e+00
 151.5066667    7.3662817896e-18    1.1130889623e-11   -2.6906425894e-08    7.4841427346e-13    0.0000000000e+00
 152.0066667    7.1332571735e-17    7.6800433022e-12   -4.3240999357e-08    1.2261303492e-12    0.0000000000e+00
 152.5066667    3.1470957633e-17    6.1283939951e-12   -2.2957452673e-07    4.9666178223e-13    0.0000000000e+00
 153.0066667    7.0787915953e-17    1.3579941535e-11   -6.3696660802e-07    2.4477218540e-12    0.0000000000e+00
 153.5066667    3.0145457983e-17    1.0000187129e-11   -1.6842728062e-06    1.9299943195e-12    0.0000000000e+00
 154.0066667    1.3073777119e-17    8.8193789178e-12   -2.3005981332e-06    5.8056343056e-13    0.0000000000e+00
 154.5066667    2.2474818810e-18    6.3896416134e-12   -1.8421477958e-06    9.2423521368e-13    0.0000000000e+00
 155.0066667    3.3400937919e-17    4.1157894705e-12   -9.1593516809e-07    2.9592720223e-13    0.0000000000e+00
 155.5066667    9.4436366068e-17    5.7504517982e-12   -4.8310475387e-07    4.9327034638e-13    0.0000000000e+00
 156.0066667    2.9005010243e-18    2.2799292839e-12   -5.2650510198e-07    2.3977666950e-13    0.0000000000e+00
 156.5066667    9.7465328797e-18    3.4555859235e-12   -1.5074876012e-06    1.4433713413e-13    0.0000000000e+00
 157.0066667    4.3915081793e-18    4.0965004412e-12   -3.2264388108e-06    4.0189996226e-13    0.0000000000e+00
 157.5066667    5.0097019203e-18    3.4360665313e-12   -4.2139934809e-06    3.2651047993e-13    0.0000000000e+00
 158.0066667    5.1312536840e-17    5.2868279251e-12   -4.2675862704e-06    8.1220118642e-13    0.0000000000e+00
 158.5066667    6.0946271934e-17    4.5098602141e-12   -3.4483418744e-06    9.1774204770e-13    0.0000000000e+00
 159.0066667    9.0042653142e-17    1.1940132403e-11   -2.0586056666e-06    2.1666610004e-12    0.0000000000e+00
 159.5066667    4.6318387854e-18    1.4315101739e-11   -9.7917117468e-07    1.6978782552e-12    0.0000000000e+00
 160.0066667    1.2333403580e-17    1.5356681654e-11   -6.3130125271e-07    3.3313632315e-12    0.0000000000e+00
 160.5066667    8.0359722800e-19    1.4392006555e-11   -7.0958775164e-07    2.7133640652e-12    0.0000000000e+00
 161.0066667    1.4972993835e-17    4.8963895534e-12   -1.1985393838e-06    6.5839699375e-13    0.0000000000e+00
 161.5066667    4.0417348056e-17    4.8766487102e-12   -1.6640982459e-06    8.8744377252e-13    0.0000000000e+00
 162.0066667    4.9825658674e-17    4.2344726862e-12   -1.5916355858e-06    7.5513089666e-13    0.0000000000e+00
 162.5066667    1.6101271525e-17    4.2540733025e-12   -9.7620409752e-07    7.2772934772e-13    0.0000000000e+00
 163.0066667    2.0939576763e-18    4.5653824445e-12   -7.0534960259e-07    7.4024378214e-13    0.0000000000e+00
 163.5066667    4.6840962929e-17    8.2377000326e-12   -3.2632366928e-07    1.5630178098e-12    0.0000000000e+00
 164.0066667    4.3891406850e-18    1.2474052538e-11   -1.0028587516e-08    1.6063416775e-12    0.0000000000e+00
 164.5066667    2.2328017205e-17    1.1869597524e-11   -8.3863413666e-09    2.1649909543e-12    0.0000000000e+00
 165.0066667    3.8768053002e-17    1.0187824455e-11   -2.1981965655e-08    1.8225323359e-12    0.0000000000e+00
 165.5066667    1.7236931673e-17    1.0878481383e-11   -5.5886958298e-07    1.9569992407e-12    0.0000000000e+00
 166.0066667    2.8666502061e-17    1.6085273211e-11   -1.4336621342e-06    2.6831253679e-12    0.0000000000e+00
 166.5066667    4.8986081726e-17    1.3722998570e-11   -2.1635058446e-06    8.7844738356e-13    0.0000000000e+00
 167.0066667    9.8021802857e-17    1.2796086839e-11   -2.2533923761e-06    1.5827175016e-12    0.0000000000e+00
 167.5066667    1.5977778319e-17    4.4852743268e-12   -1.6741503111e-06    5.9472965586e-13    0.0000000000e+00
 168.0066667    2.9548334345e-18    3.3111080796e-12   -8.9207486387e-07    9.1287587575e-14    0.0000000000e+00
 168.5066667    8.2290693222e-19    3.4632224032e-12   -4.2153272967e-07    2.2367449323e-13    0.0000000000e+00
 169.0066667    3.3400090447e-18    3.6776597085e-12   -3.0525302134e-07    7.3833650037e-13    0.0000000000e+00
 169.5066667    8.6097276861e-19    4.4585279500e-12   -3.9926012028e-07    5.9666853679e-13    0.0000000000e+00
 170.0066667    2.9269631163e-17    2.1784677391e-12   -8.0829396125e-07    3.7468688841e-13    0.0000000000e+00
 170.5066667    5.1427448487e-19    2.1554874101e-12   -1.3657514961e-06    3.0768763416e-13    0.0000000000e+00
 171.0066667    2.3455007569e-17    1.9802972422e-12   -1.5597635179e-06    2.4175663915e-13    0.0000000000e+00
 171.5066667    2.1023224161e-17    5.2275727593e-12   -1.1907177791e-06    4.5783093703e-13    0.0000000000e+00
 172.0066667    5.7481094061e-18    5.6820929470e-12   -5.2129250893e-07    1.1193926043e-12    0.0000000000e+00
 172.5066667    5.0679458786e-19    4.9831514531e-12   -2.0934276540e-08    6.2538769405e-13    0.0000000000e+00
 173.0066667    3.5238622014e-18    4.2740478649e-12   -9.3286855221e-09    7.2924152353e-13    0.0000000000e+00
 173.5066667    1.6337455785e-17    8.6346706026e-12   -5.2977543650e-09    1.5147362250e-12    0.0000000000e+00
 174.0066667    1.6624054635e-17    1.0057476941e-11   -4.2750390526e-09    1.2063341669e-12    0.0000000000e+00
 174.5066667    6.7317526584e-17    9.6480094786e-12   -8.2449645076e-07    1.4858317891e-12    0.0000000000e+00
 175.0066667    8.9949936690e-18    4.5936046806e-12   -2.5559000066e-06    7.5453120727e-13    0.0000000000e+00
 175.5066667    3.4986633383e-17    8.5034861710e-12   -3.4533210995e-06    1.2488495650e-12    0.0000000000e+00
 176.0066667    3.4156224129e-18    8.7021346618e-12   -3.5016334099e-06    1.2911286879e-12    0.0000000000e+00
 176.5066667    8.2390080394e-18    6.5136838618e-12   -2.5257759700e-06    9.4664509771e-13    0.0000000000e+00
 177.0066667    3.6715725465e-17    6.0003413255e-12   -1.5699091314e-06    7.8314644053e-13    0.0000000000e+00
 177.5066667    1.0574923575e-17    1.1026670327e-11   -9.6111241458e-07    1.4898153543e-12    0.0000000000e+00
 178.0066667    4.3134240226e-18    1.1138300574e-11   -9.6686224754e-07    1.4182002636e-12    0.0000000000e+00
 178.5066667    1.4954560244e-17    1.0272812099e-11   -1.5654918435e-06    1.3963984559e-12    0.0000000000e+00
 179.0066667    3.0639739758e-18    4.2752922952e-12   -2.7630785565e-06    3.5068128124e-13    0.0000000000e+00
 179.5066667    9.6054277579e-18    7.7267108398e-12   -3.4872417240e-06    1.0359603581e-12    0.0000000000e+00
 180.0066667    1.1494824192e-17    9.6180439776e-12   -3.3470446362e-06    6.8410241040e-13    0.0000000000e+00
 180.5066667    9.7167907213e-17    7.6415302109e-12   -2.3125671529e-06    9.9644009898e-13    0.0000000000e+00
 181.0066667    2.3247399039e-18    2.4866256941e-12   -1.2757266717e-06    9.3878507419e-14    0.0000000000e+00
 181.5066667    9.0966296869e-18    6.4907776997e-12   -4.6023823893e-07    6.8436323130e-13    0.0000000000e+00
 182.0066667    2.7272868372e-17    8.3076150031e-12   -1.5519290036e-07    6.5011739447e-13    0.0000000000e+00
 182.5066667    1.8485227247e-17    7.6374636018e-12   -9.2279851870e-08    5.6924878915e-13    0.0000000000e+00
 183.0066667    4.6182033076e-18    4.3867248703e-12   -1.7489665952e-07    2.8827205623e-13    0.0000000000e+00
 183.5066667    3.6478970437e-17    4.9572570118e-12   -4.5630171183e-07    6.9125526457e-13    0.0000000000e+00
 184.0066667    5.9842722627e-18    7.7690647550e-12   -1.0722647466e-06    6.5818421470e-13    0.0000000000e+00
 184.5066667    1.0997159449e-17    4.8685389714e-12   -1.4565762521e-06    3.5336383862e-13    0.0000000000e+00
 185.0066667    4.7800218849e-18    4.5937262458e-12   -1.3371113227e-06    4.8096954230e-13    0.0000000000e+00
 185.5066667    1.8046689277e-17    3.8547410385e-12   -8.1439389241e-07    5.0056933181e-13    0.0000000000e+00
 186.0066667    1.7625060843e-17    4.2184059945e-12   -3.7921000778e-07    5.3536123576e-13    0.0000000000e+00
 186.5066667    2.0022444601e-17    2.7258334527e-12   -2.4829979435e-07    2.9875579663e-13    0.0000000000e+00
 187.0066667    1.2859298879e-16    6.9577391250e-12   -3.6103702687e-07    9.3631729372e-13    0.0000000000e+00
 187.5066667    1.2578574614e-17    4.4330893389e-12   -7.3541158577e-07    6.8121611588e-13    0.0000000000e+00
 188.0066667    3.2947445454e-18    3.7915344321e-12   -1.4032234330e-06    4.8239716741e-13    0.0000000000e+00
 188.5066667    1.1599655059e-18    3.0080403441e-12   -1.9127637907e-06    4.9133371060e-13    0.0000000000e+00
 189.0066667    2.7765314633e-17    2.3147765669e-12   -1.8855420103e-06    6.5929187624e-13    0.0000000000e+00
 189.5066667    1.0248461733e-17    2.1826123973e-12   -1.4005963988e-06    5.7462422109e-13    0.0000000000e+00
 190.0066667    2.0851102972e-17    3.0752671101e-12   -7.3725954143e-07    4.0507453530e-13    0.0000000000e+00
 190.5066667    3.9011853553e-18    4.2535573023e-12   -3.0224995217e-07    4.3315210750e-13    0.0000000000e+00
 191.0066667    3.3157448310e-17    6.4050532328e-12   -1.5317521781e-07    1.6324227934e-13    0.0000000000e+00
 191.5066667    5.6616658268e-18    5.9018529850e-12   -1.8456396033e-07    2.2696174195e-13    0.0000000000e+00
 192.0066667    8.3685772099e-19    3.4457350935e-12   -3.5916054285e-07    3.7606314097e-13    0.0000000000e+00
 192.5066667    2.3938373559e-17    6.0167650573e-12   -6.2970339548e-07    8.5588720637e-13    0.0000000000e+00
 193.0066667    3.9513379750e-18    4.8920514635e-12   -9.1611185986e-07    6.8705760749e-13    0.0000000000e+00
 193.5066667    2.2709127024e-17    3.8812153456e-12   -1.0706789313e-06    6.9337536799e-13    0.0000000000e+00
 194.0066667    6.3901204170e-19    4.0288174688e-12   -9.6677862359e-07    7.4289669424e-13    0.0000000000e+00
 194.5066667    3.4070406842e-17    3.1399461673e-12   -5.8078270847e-07    3.2850307189e-13    0.0000000000e+00
 195.0066667    1.7353517300e-17    3.0485953407e-12   -2.8682896589e-07    3.8732413235e-13    0.0000000000e+00
 195.5066667    3.8105046854e-18    2.1183899117e-12   -3.2343362677e-07    4.6941731927e-13    0.0000000000e+00
 196.0066667    3.0416302248e-19    1.7605912876e-12   -9.4785153102e-07    1.7194295714e-13    0.0000000000e+00
 196.5066667    2.2962092491e-18    1.6842464698e-12   -2.1543034664e-06    2.9076773688e-13    0.0000000000e+00
 197.0066667    2.6728904940e-17    8.1232174031e-13   -3.4958518421e-06    1.3610515914e-13    0.0000000000e+00
 197.5066667    4.2003765118e-18    2.1003104427e-12   -4.1390954773e-06    3.3033827744e-13    0.0000000000e+00
 198.0066667    7.8992962451e-18    2.1247580027e-12   -3.7943228646e-06    2.9551190573e-13    0.0000000000e+00
 198.5066667    1.3031727780e-18    3.4875462543e-12   -2.6545161352e-06    6.1441559544e-13    0.0000000000e+00
 199.0066667    1.0234715102e-17    2.4749067498e-12   -1.6719616331e-06    3.2652945738e-13    0.0000000000e+00
 199.5066667    1.1256676923e-17    1.8865060763e-12   -1.1286498977e-06    3.7926154076e-13    0.0000000000e+00
 200.0066667    2.4313212722e-17    1.1840115225e-12   -8.8662096666e-07    1.8402735511e-13    0.0000000000e+00
