# time  f_op  f_geo  geo_trustworthy  max_local_speed  superluminal_fraction  max_shift  structure_coherence  reachable  n_rays  n_reached  max_h_rel_drift  f_geo_evol  f_geo_evol_ok
0.0000000000000000e+00  0.0000000000000000e+00  0.0000000000000000e+00  1  1.0109448041338911e+00  0.0000000000000000e+00  0.0000000000000000e+00  nan  1  5  5  1.3315432261133458e-04  0.0000000000000000e+00  0
8.0000000000000004e-01  0.0000000000000000e+00  0.0000000000000000e+00  1  1.0109597092485976e+00  0.0000000000000000e+00  1.0617129853084814e-05  nan  1  5  5  1.3281514700667338e-04  0.0000000000000000e+00  0
1.6000000000000001e+00  0.0000000000000000e+00  0.0000000000000000e+00  1  1.0109931548320041e+00  0.0000000000000000e+00  1.7743000520475755e-05  nan  1  5  5  1.3248402386718423e-04  0.0000000000000000e+00  0
2.3999999999999901e+00  0.0000000000000000e+00  0.0000000000000000e+00  1  1.0109547419161398e+00  0.0000000000000000e+00  3.0239918498301640e-05  nan  1  5  5  1.3485863811597677e-04  0.0000000000000000e+00  0
3.1999999999999802e+00  0.0000000000000000e+00  0.0000000000000000e+00  1  1.0108841481662560e+00  0.0000000000000000e+00  2.8402677649007316e-05  nan  1  5  5  1.3309652957764503e-04  0.0000000000000000e+00  0
3.9999999999999600e+00  0.0000000000000000e+00  0.0000000000000000e+00  1  1.0108472181875032e+00  0.0000000000000000e+00  4.3048362850609251e-05  nan  1  5  5  1.3142264103162605e-04  0.0000000000000000e+00  0
4.7999999999999403e+00  0.0000000000000000e+00  0.0000000000000000e+00  1  1.0109697268213909e+00  0.0000000000000000e+00  1.7859032553931223e-05  nan  1  5  5  1.3375107930233023e-04  0.0000000000000000e+00  0
5.5999999999999304e+00  0.0000000000000000e+00  0.0000000000000000e+00  1  1.0109835431989480e+00  0.0000000000000000e+00  2.2989738239843825e-05  nan  1  5  5  1.3299756222873280e-04  0.0000000000000000e+00  0
6.3999999999999098e+00  0.0000000000000000e+00  0.0000000000000000e+00  1  1.0109970095842937e+00  0.0000000000000000e+00  1.9630497181355110e-05  nan  1  5  5  1.3220895757300519e-04  0.0000000000000000e+00  0
7.1999999999998900e+00  0.0000000000000000e+00  0.0000000000000000e+00  1  1.0109776673503168e+00  0.0000000000000000e+00  1.9203852353500459e-05  nan  1  5  5  1.3260332446531387e-04  0.0000000000000000e+00  0
7.9999999999998703e+00  0.0000000000000000e+00  0.0000000000000000e+00  1  1.0109530970601930e+00  0.0000000000000000e+00  2.0748459273250231e-05  nan  1  5  5  1.3280775650402219e-04  0.0000000000000000e+00  0
8.7999999999998604e+00  0.0000000000000000e+00  0.0000000000000000e+00  1  1.0109519143759829e+00  0.0000000000000000e+00  2.4322135235419710e-05  nan  1  5  5  1.3249585026187292e-04  0.0000000000000000e+00  0
9.5999999999998398e+00  0.0000000000000000e+00  0.0000000000000000e+00  1  1.0109735481837125e+00  0.0000000000000000e+00  2.8593284553845170e-05  nan  1  5  5  1.3205260422149506e-04  0.0000000000000000e+00  0
1.0399999999999800e+01  0.0000000000000000e+00  0.0000000000000000e+00  1  1.0109829188061652e+00  0.0000000000000000e+00  2.7646937584949866e-05  nan  1  5  5  1.3201766727705802e-04  0.0000000000000000e+00  0
1.1199999999999800e+01  0.0000000000000000e+00  0.0000000000000000e+00  1  1.0109695442526598e+00  0.0000000000000000e+00  2.7228871241554993e-05  nan  1  5  5  1.3229641613174390e-04  0.0000000000000000e+00  0
1.1999999999999799e+01  0.0000000000000000e+00  0.0000000000000000e+00  1  1.0109579533319037e+00  0.0000000000000000e+00  3.0855983865520747e-05  nan  1  5  5  1.3248981472850592e-04  0.0000000000000000e+00  0
1.2799999999999800e+01  0.0000000000000000e+00  0.0000000000000000e+00  1  1.0109636549088066e+00  0.0000000000000000e+00  3.3216089829382060e-05  nan  1  5  5  1.3241558395274666e-04  0.0000000000000000e+00  0
1.3599999999999801e+01  0.0000000000000000e+00  0.0000000000000000e+00  1  1.0109801528901774e+00  0.0000000000000000e+00  3.8408724339788218e-05  nan  1  5  5  1.3205746277049189e-04  0.0000000000000000e+00  0
1.4399999999999700e+01  0.0000000000000000e+00  0.0000000000000000e+00  1  1.0109894105092940e+00  0.0000000000000000e+00  3.8783290544855473e-05  nan  1  5  5  1.3191689399650981e-04  0.0000000000000000e+00  0
1.5199999999999701e+01  0.0000000000000000e+00  0.0000000000000000e+00  1  1.0109837940774864e+00  0.0000000000000000e+00  3.8721047432563415e-05  nan  1  5  5  1.3225012253806112e-04  0.0000000000000000e+00  0
1.5999999999999700e+01  0.0000000000000000e+00  0.0000000000000000e+00  1  1.0109760638323368e+00  0.0000000000000000e+00  4.1432810974059641e-05  nan  1  5  5  1.3254018205008342e-04  0.0000000000000000e+00  0
1.6799999999999802e+01  0.0000000000000000e+00  0.0000000000000000e+00  1  1.0109806071917522e+00  0.0000000000000000e+00  4.2484451588146558e-05  nan  1  5  5  1.3238268858018241e-04  0.0000000000000000e+00  0
1.7600000000000001e+01  0.0000000000000000e+00  0.0000000000000000e+00  1  1.0109941849554549e+00  0.0000000000000000e+00  4.7812075687367278e-05  nan  1  5  5  1.3195450210536360e-04  0.0000000000000000e+00  0
1.8400000000000102e+01  0.0000000000000000e+00  0.0000000000000000e+00  1  1.0110021441964050e+00  0.0000000000000000e+00  4.9646489419006372e-05  nan  1  5  5  1.3177265691615984e-04  0.0000000000000000e+00  0
1.9200000000000198e+01  0.0000000000000000e+00  0.0000000000000000e+00  1  1.0109990913769862e+00  0.0000000000000000e+00  4.9713131608911062e-05  nan  1  5  5  1.3206626121418455e-04  0.0000000000000000e+00  0
2.0000000000000298e+01  0.0000000000000000e+00  0.0000000000000000e+00  1  1.0109949330154924e+00  0.0000000000000000e+00  5.2356192353369376e-05  nan  1  5  5  1.3238660466440686e-04  0.0000000000000000e+00  0
2.0800000000000502e+01  0.0000000000000000e+00  0.0000000000000000e+00  1  1.0110002115927770e+00  0.0000000000000000e+00  5.3011311121091060e-05  nan  1  5  5  1.3227245134530419e-04  0.0000000000000000e+00  0
2.1600000000000598e+01  0.0000000000000000e+00  0.0000000000000000e+00  1  1.0110127053556870e+00  0.0000000000000000e+00  5.6867852539541671e-05  nan  1  5  5  1.3192472682123192e-04  0.0000000000000000e+00  0
2.2400000000000698e+01  0.0000000000000000e+00  0.0000000000000000e+00  1  1.0110216431537082e+00  0.0000000000000000e+00  5.7599186438859694e-05  nan  1  5  5  1.3183056753067324e-04  0.0000000000000000e+00  0
2.3200000000000799e+01  0.0000000000000000e+00  0.0000000000000000e+00  1  1.0110221127399854e+00  0.0000000000000000e+00  6.1171219855157884e-05  nan  1  5  5  1.3207985026311478e-04  0.0000000000000000e+00  0
2.4000000000000998e+01  0.0000000000000000e+00  0.0000000000000000e+00  1  1.0110217668130035e+00  0.0000000000000000e+00  6.3892437974177979e-05  nan  1  5  5  1.3229431113873585e-04  0.0000000000000000e+00  0
2.4800000000001098e+01  0.0000000000000000e+00  0.0000000000000000e+00  1  1.0110292508978398e+00  0.0000000000000000e+00  6.5098399500278432e-05  nan  1  5  5  1.3216831168114514e-04  0.0000000000000000e+00  0
2.5600000000001199e+01  0.0000000000000000e+00  0.0000000000000000e+00  1  1.0110412799330442e+00  0.0000000000000000e+00  6.6496451167179227e-05  nan  1  5  5  1.3186638530628776e-04  0.0000000000000000e+00  0
2.6400000000001299e+01  0.0000000000000000e+00  0.0000000000000000e+00  1  1.0110485165188705e+00  0.0000000000000000e+00  6.7876160147760896e-05  nan  1  5  5  1.3177120663003896e-04  0.0000000000000000e+00  0
2.7200000000001499e+01  0.0000000000000000e+00  0.0000000000000000e+00  1  1.0110498417311944e+00  0.0000000000000000e+00  7.2040021262486449e-05  nan  1  5  5  1.3196641477920679e-04  0.0000000000000000e+00  0
2.8000000000001599e+01  0.0000000000000000e+00  0.0000000000000000e+00  1  1.0110524509648522e+00  0.0000000000000000e+00  7.5788954794469643e-05  nan  1  5  5  1.3214619740704604e-04  0.0000000000000000e+00  0
2.8800000000001699e+01  0.0000000000000000e+00  0.0000000000000000e+00  1  1.0110606936544646e+00  0.0000000000000000e+00  7.8009795151115231e-05  nan  1  5  5  1.3205395240676473e-04  0.0000000000000000e+00  0
2.9600000000001799e+01  0.0000000000000000e+00  0.0000000000000000e+00  1  1.0110719021209800e+00  0.0000000000000000e+00  7.9796581398286183e-05  nan  1  5  5  1.3180409724436996e-04  0.0000000000000000e+00  0
3.0400000000001999e+01  0.0000000000000000e+00  0.0000000000000000e+00  1  1.0110807298526492e+00  0.0000000000000000e+00  8.2269416948614897e-05  nan  1  5  5  1.3170025031611306e-04  0.0000000000000000e+00  0
3.1200000000002099e+01  0.0000000000000000e+00  0.0000000000000000e+00  1  1.0110853170844774e+00  0.0000000000000000e+00  8.5380737510299819e-05  nan  1  5  5  1.3184242135266000e-04  0.0000000000000000e+00  0
3.2000000000002203e+01  0.0000000000000000e+00  0.0000000000000000e+00  1  1.0110889692883906e+00  0.0000000000000000e+00  8.8277191290796810e-05  nan  1  5  5  1.3199056049194283e-04  0.0000000000000000e+00  0
3.2800000000002001e+01  0.0000000000000000e+00  0.0000000000000000e+00  1  1.0110952500265415e+00  0.0000000000000000e+00  9.0421527913014417e-05  nan  1  5  5  1.3190510170255052e-04  0.0000000000000000e+00  0
3.3600000000001899e+01  0.0000000000000000e+00  0.0000000000000000e+00  1  1.0111037512309267e+00  0.0000000000000000e+00  9.2153488518452453e-05  nan  1  5  5  1.3167683460362610e-04  0.0000000000000000e+00  0
3.4400000000001697e+01  0.0000000000000000e+00  0.0000000000000000e+00  1  1.0111114940448560e+00  0.0000000000000000e+00  9.4471159164800044e-05  nan  1  5  5  1.3156877057179971e-04  0.0000000000000000e+00  0
3.5200000000001602e+01  0.0000000000000000e+00  0.0000000000000000e+00  1  1.0111167632372609e+00  0.0000000000000000e+00  9.7666875845271888e-05  nan  1  5  5  1.3167161672993717e-04  0.0000000000000000e+00  0
3.6000000000001400e+01  0.0000000000000000e+00  0.0000000000000000e+00  1  1.0111208603541153e+00  0.0000000000000000e+00  1.0068025978851446e-04  nan  1  5  5  1.3180390472457355e-04  0.0000000000000000e+00  0
3.6800000000001198e+01  0.0000000000000000e+00  0.0000000000000000e+00  1  1.0111263018943379e+00  0.0000000000000000e+00  1.0264024599874726e-04  nan  1  5  5  1.3175214369382033e-04  0.0000000000000000e+00  0
3.7600000000001103e+01  0.0000000000000000e+00  0.0000000000000000e+00  1  1.0111336687301200e+00  0.0000000000000000e+00  1.0408031449124264e-04  nan  1  5  5  1.3155420544181136e-04  0.0000000000000000e+00  0
3.8400000000000901e+01  0.0000000000000000e+00  0.0000000000000000e+00  1  1.0111400029819986e+00  0.0000000000000000e+00  1.0627476656846928e-04  nan  1  5  5  1.3142576248951316e-04  0.0000000000000000e+00  0
3.9200000000000799e+01  0.0000000000000000e+00  0.0000000000000000e+00  1  1.0111428240254248e+00  0.0000000000000000e+00  1.0949096288423419e-04  nan  1  5  5  1.3147757763621746e-04  0.0000000000000000e+00  0
4.0000000000000597e+01  0.0000000000000000e+00  0.0000000000000000e+00  1  1.0111451404112977e+00  0.0000000000000000e+00  1.1250845413817134e-04  nan  1  5  5  1.3158938042782061e-04  0.0000000000000000e+00  0
4.0800000000000502e+01  0.0000000000000000e+00  0.0000000000000000e+00  1  1.0111500432792662e+00  0.0000000000000000e+00  1.1449052908270719e-04  nan  1  5  5  1.3154943978865635e-04  0.0000000000000000e+00  0
4.1600000000000300e+01  0.0000000000000000e+00  0.0000000000000000e+00  1  1.0111558620681593e+00  0.0000000000000000e+00  1.1617435705776401e-04  nan  1  5  5  1.3134898817116142e-04  0.0000000000000000e+00  0
4.2400000000000098e+01  0.0000000000000000e+00  0.0000000000000000e+00  1  1.0111601093148836e+00  0.0000000000000000e+00  1.1873405990690194e-04  nan  1  5  5  1.3119848908461779e-04  0.0000000000000000e+00  0
4.3200000000000003e+01  0.0000000000000000e+00  0.0000000000000000e+00  1  1.0111624354356954e+00  0.0000000000000000e+00  1.2205785197775489e-04  nan  1  5  5  1.3121833620917273e-04  0.0000000000000000e+00  0
4.3999999999999801e+01  0.0000000000000000e+00  0.0000000000000000e+00  1  1.0111668142429551e+00  0.0000000000000000e+00  1.2487741391184416e-04  nan  1  5  5  1.3130259471322902e-04  0.0000000000000000e+00  0
4.4799999999999699e+01  0.0000000000000000e+00  0.0000000000000000e+00  1  1.0111763848516642e+00  0.0000000000000000e+00  1.2685031741002599e-04  nan  1  5  5  1.3125731407892763e-04  0.0000000000000000e+00  0
4.5599999999999497e+01  0.0000000000000000e+00  0.0000000000000000e+00  1  1.0111863217599466e+00  0.0000000000000000e+00  1.2893562314623852e-04  nan  1  5  5  1.3105402277605716e-04  0.0000000000000000e+00  0
4.6399999999999302e+01  0.0000000000000000e+00  0.0000000000000000e+00  1  1.0111949521428221e+00  0.0000000000000000e+00  1.3179602174681301e-04  nan  1  5  5  1.3088290110153968e-04  0.0000000000000000e+00  0
4.7199999999999200e+01  0.0000000000000000e+00  0.0000000000000000e+00  1  1.0112032848202255e+00  0.0000000000000000e+00  1.3492570653749682e-04  nan  1  5  5  1.3087964410642022e-04  0.0000000000000000e+00  0
4.7999999999998998e+01  0.0000000000000000e+00  0.0000000000000000e+00  1  1.0112122858955439e+00  0.0000000000000000e+00  1.3752874483675099e-04  nan  1  5  5  1.3093136084434514e-04  0.0000000000000000e+00  0
4.8799999999998903e+01  0.0000000000000000e+00  0.0000000000000000e+00  1  1.0112213248806099e+00  0.0000000000000000e+00  1.3966467145898063e-04  nan  1  5  5  1.3085707653685721e-04  0.0000000000000000e+00  0
4.9599999999998701e+01  0.0000000000000000e+00  0.0000000000000000e+00  1  1.0112308325919621e+00  0.0000000000000000e+00  1.4202057806228939e-04  nan  1  5  5  1.3065758859354834e-04  0.0000000000000000e+00  0
5.0399999999998499e+01  0.0000000000000000e+00  0.0000000000000000e+00  1  1.0112411222934814e+00  0.0000000000000000e+00  1.4487110951298993e-04  nan  1  5  5  1.3048351412353295e-04  0.0000000000000000e+00  0
5.1199999999998397e+01  0.0000000000000000e+00  0.0000000000000000e+00  1  1.0112506341913021e+00  0.0000000000000000e+00  1.4786564838801888e-04  nan  1  5  5  1.3041605540243799e-04  0.0000000000000000e+00  0
5.1999999999998202e+01  0.0000000000000000e+00  0.0000000000000000e+00  1  1.0112589947841251e+00  0.0000000000000000e+00  1.5045227305988411e-04  nan  1  5  5  1.3040462881541077e-04  0.0000000000000000e+00  0
5.2799999999998100e+01  0.0000000000000000e+00  0.0000000000000000e+00  1  1.0112686941095652e+00  0.0000000000000000e+00  1.5243228921153233e-04  nan  1  5  5  1.3035177916238824e-04  0.0000000000000000e+00  0
5.3599999999997898e+01  0.0000000000000000e+00  0.0000000000000000e+00  1  1.0112801051481299e+00  0.0000000000000000e+00  1.5483946274234597e-04  nan  1  5  5  1.3018092270571381e-04  0.0000000000000000e+00  0
5.4399999999997704e+01  0.0000000000000000e+00  0.0000000000000000e+00  1  1.0112906463079965e+00  0.0000000000000000e+00  1.5807224823622293e-04  nan  1  5  5  1.2996854051805322e-04  0.0000000000000000e+00  0
5.5199999999997601e+01  0.0000000000000000e+00  0.0000000000000000e+00  1  1.0112995009904375e+00  0.0000000000000000e+00  1.6104539407264291e-04  nan  1  5  5  1.2985242265629073e-04  0.0000000000000000e+00  0
5.5999999999997399e+01  0.0000000000000000e+00  0.0000000000000000e+00  1  1.0113084483401049e+00  0.0000000000000000e+00  1.6333042309748410e-04  nan  1  5  5  1.2983178426243823e-04  0.0000000000000000e+00  0
5.6799999999997297e+01  0.0000000000000000e+00  0.0000000000000000e+00  1  1.0113186305921709e+00  0.0000000000000000e+00  1.6543909432982187e-04  nan  1  5  5  1.2977572808481753e-04  0.0000000000000000e+00  0
5.7599999999997102e+01  0.0000000000000000e+00  0.0000000000000000e+00  1  1.0113283153595085e+00  0.0000000000000000e+00  1.6838331589530916e-04  nan  1  5  5  1.2954729320509853e-04  0.0000000000000000e+00  0
5.8399999999997000e+01  0.0000000000000000e+00  0.0000000000000000e+00  1  1.0113368746019462e+00  0.0000000000000000e+00  1.7172695633434600e-04  nan  1  5  5  1.2927168793155046e-04  0.0000000000000000e+00  0
5.9199999999996798e+01  0.0000000000000000e+00  0.0000000000000000e+00  1  1.0113461218334356e+00  0.0000000000000000e+00  1.7403190210675675e-04  nan  1  5  5  1.2917270814203429e-04  0.0000000000000000e+00  0
5.9999999999996597e+01  0.0000000000000000e+00  0.0000000000000000e+00  1  1.0113568246197207e+00  0.0000000000000000e+00  1.7590483192026114e-04  nan  1  5  5  1.2915824190911902e-04  0.0000000000000000e+00  0
6.0799999999996501e+01  0.0000000000000000e+00  0.0000000000000000e+00  1  1.0113678311805707e+00  0.0000000000000000e+00  1.7855338521064276e-04  nan  1  5  5  1.2903789385382497e-04  0.0000000000000000e+00  0
6.1599999999996299e+01  0.0000000000000000e+00  0.0000000000000000e+00  1  1.0113770898546059e+00  0.0000000000000000e+00  1.8192969256549738e-04  nan  1  5  5  1.2878582140397107e-04  0.0000000000000000e+00  0
6.2399999999996197e+01  0.0000000000000000e+00  0.0000000000000000e+00  1  1.0113854956486614e+00  0.0000000000000000e+00  1.8495589802400563e-04  nan  1  5  5  1.2852857916458517e-04  0.0000000000000000e+00  0
6.3199999999996002e+01  0.0000000000000000e+00  0.0000000000000000e+00  1  1.0113952770807082e+00  0.0000000000000000e+00  1.8689108295738248e-04  nan  1  5  5  1.2842308740986565e-04  0.0000000000000000e+00  0
6.3999999999995801e+01  0.0000000000000000e+00  0.0000000000000000e+00  1  1.0114055893561056e+00  0.0000000000000000e+00  1.8889079281937448e-04  nan  1  5  5  1.2835021537300199e-04  0.0000000000000000e+00  0
6.4799999999996203e+01  0.0000000000000000e+00  0.0000000000000000e+00  1  1.0114143972644938e+00  0.0000000000000000e+00  1.9220592239755773e-04  nan  1  5  5  1.2810046673224755e-04  0.0000000000000000e+00  0
6.5599999999996697e+01  0.0000000000000000e+00  0.0000000000000000e+00  1  1.0114221512680144e+00  0.0000000000000000e+00  1.9576534920621847e-04  nan  1  5  5  1.2780081394584284e-04  0.0000000000000000e+00  0
6.6399999999997107e+01  0.0000000000000000e+00  0.0000000000000000e+00  1  1.0114314674860296e+00  0.0000000000000000e+00  1.9809264233472258e-04  nan  1  5  5  1.2763095714118128e-04  0.0000000000000000e+00  0
6.7199999999997502e+01  0.0000000000000000e+00  0.0000000000000000e+00  1  1.0114404984080445e+00  0.0000000000000000e+00  2.0036119358450699e-04  nan  1  5  5  1.2747803814908726e-04  0.0000000000000000e+00  0
6.7999999999997897e+01  0.0000000000000000e+00  0.0000000000000000e+00  1  1.0114467360705164e+00  0.0000000000000000e+00  2.0343168532460242e-04  nan  1  5  5  1.2727279740921683e-04  0.0000000000000000e+00  0
6.8799999999998306e+01  0.0000000000000000e+00  0.0000000000000000e+00  1  1.0114544445661633e+00  0.0000000000000000e+00  2.0626471750610390e-04  nan  1  5  5  1.2706620693860593e-04  0.0000000000000000e+00  0
6.9599999999998701e+01  0.0000000000000000e+00  0.0000000000000000e+00  1  1.0114648041862377e+00  0.0000000000000000e+00  2.0876895407818594e-04  nan  1  5  5  1.2680583482068360e-04  0.0000000000000000e+00  0
7.0399999999999096e+01  0.0000000000000000e+00  0.0000000000000000e+00  1  1.0114739360188572e+00  0.0000000000000000e+00  2.1120233403211852e-04  nan  1  5  5  1.2649494974017279e-04  0.0000000000000000e+00  0
7.1199999999999505e+01  0.0000000000000000e+00  0.0000000000000000e+00  1  1.0114828704192271e+00  0.0000000000000000e+00  2.1350694115817613e-04  nan  1  5  5  1.2627188823128180e-04  0.0000000000000000e+00  0
7.1999999999999901e+01  0.0000000000000000e+00  0.0000000000000000e+00  1  1.0114920689052267e+00  0.0000000000000000e+00  2.1604529644447606e-04  nan  1  5  5  1.2609722654511555e-04  0.0000000000000000e+00  0
7.2800000000000296e+01  0.0000000000000000e+00  0.0000000000000000e+00  1  1.0114997521002989e+00  0.0000000000000000e+00  2.1911272350691192e-04  nan  1  5  5  1.2582628497662026e-04  0.0000000000000000e+00  0
7.3600000000000705e+01  0.0000000000000000e+00  0.0000000000000000e+00  1  1.0115077107918955e+00  0.0000000000000000e+00  2.2189968196727810e-04  nan  1  5  5  1.2555233477750058e-04  0.0000000000000000e+00  0
7.4400000000001199e+01  0.0000000000000000e+00  0.0000000000000000e+00  1  1.0115160294127579e+00  0.0000000000000000e+00  2.2456233340523599e-04  nan  1  5  5  1.2527580333807092e-04  0.0000000000000000e+00  0
7.5200000000001594e+01  0.0000000000000000e+00  0.0000000000000000e+00  1  1.0115227274569780e+00  0.0000000000000000e+00  2.2737199651290567e-04  nan  1  5  5  1.2495327063786953e-04  0.0000000000000000e+00  0
7.6000000000002004e+01  0.0000000000000000e+00  0.0000000000000000e+00  1  1.0115299034337912e+00  0.0000000000000000e+00  2.2996901206388126e-04  nan  1  5  5  1.2465762918147075e-04  0.0000000000000000e+00  0
7.6800000000002399e+01  0.0000000000000000e+00  0.0000000000000000e+00  1  1.0115386250047351e+00  0.0000000000000000e+00  2.3269844372411928e-04  nan  1  5  5  1.2440679324116836e-04  0.0000000000000000e+00  0
7.7600000000002794e+01  0.0000000000000000e+00  0.0000000000000000e+00  1  1.0115461961424712e+00  0.0000000000000000e+00  2.3545306211609937e-04  nan  1  5  5  1.2409922952617407e-04  0.0000000000000000e+00  0
7.8400000000003203e+01  0.0000000000000000e+00  0.0000000000000000e+00  1  1.0115546070579153e+00  0.0000000000000000e+00  2.3811001760958941e-04  nan  1  5  5  1.2373545046925929e-04  0.0000000000000000e+00  0
7.9200000000003598e+01  0.0000000000000000e+00  0.0000000000000000e+00  1  1.0115636649272923e+00  0.0000000000000000e+00  2.4058991912905665e-04  nan  1  5  5  1.2344717513360093e-04  0.0000000000000000e+00  0
8.0000000000003993e+01  0.0000000000000000e+00  0.0000000000000000e+00  1  1.0115691069587769e+00  0.0000000000000000e+00  2.4345124007726850e-04  nan  1  5  5  1.2310875310509012e-04  0.0000000000000000e+00  0
8.0800000000004403e+01  0.0000000000000000e+00  0.0000000000000000e+00  1  1.0115739414374620e+00  0.0000000000000000e+00  2.4650781206891990e-04  nan  1  5  5  1.2274932126235468e-04  0.0000000000000000e+00  0
8.1600000000004798e+01  0.0000000000000000e+00  0.0000000000000000e+00  1  1.0115811502422296e+00  0.0000000000000000e+00  2.4892849529248464e-04  nan  1  5  5  1.2244472389440068e-04  0.0000000000000000e+00  0
8.2400000000005207e+01  0.0000000000000000e+00  0.0000000000000000e+00  1  1.0115872719138894e+00  0.0000000000000000e+00  2.5115916834984403e-04  nan  1  5  5  1.2205960006500725e-04  0.0000000000000000e+00  0
8.3200000000005701e+01  0.0000000000000000e+00  0.0000000000000000e+00  1  1.0115915224490071e+00  0.0000000000000000e+00  2.5407048348005787e-04  nan  1  5  5  1.2162544800245755e-04  0.0000000000000000e+00  0
8.4000000000006096e+01  0.0000000000000000e+00  0.0000000000000000e+00  1  1.0115973641526483e+00  0.0000000000000000e+00  2.5736262976155407e-04  nan  1  5  5  1.2127476037677235e-04  0.0000000000000000e+00  0
8.4800000000006506e+01  0.0000000000000000e+00  0.0000000000000000e+00  1  1.0116042225006481e+00  0.0000000000000000e+00  2.6001790264527631e-04  nan  1  5  5  1.2098892860225638e-04  0.0000000000000000e+00  0
8.5600000000006901e+01  0.0000000000000000e+00  0.0000000000000000e+00  1  1.0116103222393302e+00  0.0000000000000000e+00  2.6249040742975681e-04  nan  1  5  5  1.2058847681862318e-04  0.0000000000000000e+00  0
8.6400000000007296e+01  0.0000000000000000e+00  0.0000000000000000e+00  1  1.0116158972743878e+00  0.0000000000000000e+00  2.6523924941195020e-04  nan  1  5  5  1.2010123142685810e-04  0.0000000000000000e+00  0
8.7200000000007705e+01  0.0000000000000000e+00  0.0000000000000000e+00  1  1.0116204830660511e+00  0.0000000000000000e+00  2.6796120748911383e-04  nan  1  5  5  1.1967259446492564e-04  0.0000000000000000e+00  0
8.8000000000008100e+01  0.0000000000000000e+00  0.0000000000000000e+00  1  1.0116244666688914e+00  0.0000000000000000e+00  2.7069416033386964e-04  nan  1  5  5  1.1928713000152978e-04  0.0000000000000000e+00  0
8.8800000000008495e+01  0.0000000000000000e+00  0.0000000000000000e+00  1  1.0116289006093306e+00  0.0000000000000000e+00  2.7347705390118744e-04  nan  1  5  5  1.1933720403109025e-04  0.0000000000000000e+00  0
8.9600000000008905e+01  0.0000000000000000e+00  0.0000000000000000e+00  1  1.0116335579716351e+00  0.0000000000000000e+00  2.7626312732696761e-04  nan  1  5  5  1.1956727980116741e-04  0.0000000000000000e+00  0
9.0400000000009300e+01  0.0000000000000000e+00  0.0000000000000000e+00  1  1.0116375686001799e+00  0.0000000000000000e+00  2.7901791940932613e-04  nan  1  5  5  1.1921643981878606e-04  0.0000000000000000e+00  0
9.1200000000009794e+01  0.0000000000000000e+00  0.0000000000000000e+00  1  1.0116408105824206e+00  0.0000000000000000e+00  2.8159755552744980e-04  nan  1  5  5  1.1871503456672411e-04  0.0000000000000000e+00  0
9.2000000000010203e+01  0.0000000000000000e+00  0.0000000000000000e+00  1  1.0116438285851073e+00  0.0000000000000000e+00  2.8413698326972767e-04  nan  1  5  5  1.1825728140697509e-04  0.0000000000000000e+00  0
9.2800000000010598e+01  0.0000000000000000e+00  0.0000000000000000e+00  1  1.0116469036628835e+00  0.0000000000000000e+00  2.8698267680443484e-04  nan  1  5  5  1.1963047987283243e-04  0.0000000000000000e+00  0
9.3600000000010994e+01  0.0000000000000000e+00  0.0000000000000000e+00  1  1.0116498116828125e+00  0.0000000000000000e+00  2.8994681016296543e-04  nan  1  5  5  1.1912859677411641e-04  0.0000000000000000e+00  0
9.4400000000011403e+01  0.0000000000000000e+00  0.0000000000000000e+00  1  1.0116523504599462e+00  0.0000000000000000e+00  2.9258727004783985e-04  nan  1  5  5  1.1859005207237739e-04  0.0000000000000000e+00  0
9.5200000000011798e+01  0.0000000000000000e+00  0.0000000000000000e+00  1  1.0116544078384506e+00  0.0000000000000000e+00  2.9502387348226259e-04  nan  1  5  5  1.1808734028733165e-04  0.0000000000000000e+00  0
9.6000000000012193e+01  0.0000000000000000e+00  0.0000000000000000e+00  1  1.0116620707016952e+00  0.0000000000000000e+00  2.9770529091976516e-04  nan  1  5  5  1.1761157992707245e-04  0.0000000000000000e+00  0
9.6800000000012602e+01  0.0000000000000000e+00  0.0000000000000000e+00  1  1.0116750122994842e+00  0.0000000000000000e+00  3.0071095780567027e-04  nan  1  5  5  1.1710909746778606e-04  0.0000000000000000e+00  0
9.7600000000012997e+01  0.0000000000000000e+00  0.0000000000000000e+00  1  1.0116884898641474e+00  0.0000000000000000e+00  3.0365728730605913e-04  nan  1  5  5  1.1656397754843814e-04  0.0000000000000000e+00  0
9.8400000000013407e+01  0.0000000000000000e+00  0.0000000000000000e+00  1  1.0117020479534193e+00  0.0000000000000000e+00  3.0621031371306194e-04  nan  1  5  5  1.1598716907761083e-04  0.0000000000000000e+00  0
9.9200000000013802e+01  0.0000000000000000e+00  0.0000000000000000e+00  1  1.0117149323529635e+00  0.0000000000000000e+00  3.0854724469432909e-04  nan  1  5  5  1.1542097446085770e-04  0.0000000000000000e+00  0
1.0000000000001400e+02  0.0000000000000000e+00  0.0000000000000000e+00  1  1.0117275047556353e+00  0.0000000000000000e+00  3.1119429078130305e-04  nan  1  5  5  1.1489385832591920e-04  0.0000000000000000e+00  0
1.0080000000001500e+02  0.0000000000000000e+00  0.0000000000000000e+00  1  1.0117400615736298e+00  0.0000000000000000e+00  3.1431787773744657e-04  nan  1  5  5  1.1434488325562580e-04  0.0000000000000000e+00  0
1.0160000000001500e+02  0.0000000000000000e+00  0.0000000000000000e+00  1  1.0117517482992870e+00  0.0000000000000000e+00  3.1731893247088347e-04  nan  1  5  5  1.1372904887027891e-04  0.0000000000000000e+00  0
1.0240000000001500e+02  0.0000000000000000e+00  1.4286530441134615e-05  1  1.0117626159740976e+00  0.0000000000000000e+00  3.1966544278564160e-04  nan  1  5  5  4.5594018034116891e-06  0.0000000000000000e+00  0
1.0320000000001600e+02  0.0000000000000000e+00  3.0449557710933282e-05  1  1.0117739123368306e+00  0.0000000000000000e+00  3.2190673821763823e-04  nan  1  5  5  4.6746639156752191e-06  0.0000000000000000e+00  0
1.0400000000001600e+02  0.0000000000000000e+00  4.6702410320367501e-05  1  1.0117855978729817e+00  0.0000000000000000e+00  3.2486392938274708e-04  nan  1  5  5  4.7907212868224741e-06  0.0000000000000000e+00  0
1.0480000000001699e+02  0.0000000000000000e+00  6.3132246391391547e-05  1  1.0117967507842578e+00  0.0000000000000000e+00  3.2851705551623995e-04  nan  1  5  5  4.9050509679700962e-06  0.0000000000000000e+00  0
1.0560000000001700e+02  0.0000000000000000e+00  7.9780473679871529e-05  1  1.0118072991901301e+00  0.0000000000000000e+00  3.3157271173955133e-04  nan  1  5  5  5.0208829142159224e-06  0.0000000000000000e+00  0
1.0640000000001800e+02  0.0000000000000000e+00  9.6645991778511293e-05  1  1.0118174970916625e+00  0.0000000000000000e+00  3.3388880479459898e-04  nan  1  5  5  5.1398409275079498e-06  0.0000000000000000e+00  0
1.0720000000001799e+02  0.0000000000000000e+00  1.1376080699565526e-04  1  1.0118276123587713e+00  0.0000000000000000e+00  3.3645756042370079e-04  nan  1  5  5  5.2605539601523820e-06  0.0000000000000000e+00  0
1.0800000000001801e+02  0.0000000000000000e+00  1.3101790550979546e-04  1  1.0118378349436092e+00  0.0000000000000000e+00  3.3982059586091129e-04  nan  1  5  5  5.3830946367078263e-06  0.0000000000000000e+00  0
1.0880000000001900e+02  0.0000000000000000e+00  1.4819992226127669e-04  1  1.0118473796602843e+00  0.0000000000000000e+00  3.4334287890603503e-04  nan  1  5  5  5.5067478125927151e-06  0.0000000000000000e+00  0
1.0960000000001899e+02  0.0000000000000000e+00  1.6543156105614581e-04  1  1.0118556679450272e+00  0.0000000000000000e+00  3.4622171444153433e-04  nan  1  5  5  5.6289088695884011e-06  0.0000000000000000e+00  0
1.1040000000002000e+02  0.0000000000000000e+00  1.8307647400986026e-04  1  1.0118638609019812e+00  0.0000000000000000e+00  3.4862860980585324e-04  nan  1  5  5  5.7512289611768279e-06  0.0000000000000000e+00  0
1.1120000000002000e+02  0.0000000000000000e+00  2.0122554656640563e-04  1  1.0118728900748089e+00  0.0000000000000000e+00  3.5137797677031854e-04  nan  1  5  5  5.8788593665839953e-06  0.0000000000000000e+00  0
1.1200000000001999e+02  0.0000000000000000e+00  2.1963062015258508e-04  1  1.0118824200036969e+00  0.0000000000000000e+00  3.5465737241474051e-04  nan  1  5  5  6.0110870419540317e-06  0.0000000000000000e+00  0
1.1280000000002100e+02  0.0000000000000000e+00  2.3804238443922736e-04  1  1.0118908309140446e+00  0.0000000000000000e+00  3.5787488734484734e-04  nan  1  5  5  6.1421665276913776e-06  0.0000000000000000e+00  0
1.1360000000002100e+02  0.0000000000000000e+00  2.5642574037846677e-04  1  1.0118981181878222e+00  0.0000000000000000e+00  3.6070645929196983e-04  nan  1  5  5  6.2708322875658359e-06  0.0000000000000000e+00  0
1.1440000000002200e+02  0.0000000000000000e+00  2.7491030104810475e-04  1  1.0119052244487325e+00  0.0000000000000000e+00  3.6340731944247030e-04  nan  1  5  5  6.4007198757007001e-06  0.0000000000000000e+00  0
1.1520000000002200e+02  0.0000000000000000e+00  2.9354628677764118e-04  1  1.0119126125858677e+00  0.0000000000000000e+00  3.6628966640236445e-04  nan  1  5  5  6.5347450979827512e-06  0.0000000000000000e+00  0
1.1600000000002200e+02  0.0000000000000000e+00  3.1228915242221942e-04  1  1.0119197675650622e+00  0.0000000000000000e+00  3.6938166657598002e-04  nan  1  5  5  6.6722664792813993e-06  0.0000000000000000e+00  0
1.1680000000002300e+02  0.0000000000000000e+00  3.3115150794034887e-04  1  1.0119259785329042e+00  0.0000000000000000e+00  3.7243271859397329e-04  nan  1  5  5  6.8100107694927314e-06  0.0000000000000000e+00  0
1.1760000000002300e+02  0.0000000000000000e+00  3.5025888817257698e-04  1  1.0119315684165620e+00  0.0000000000000000e+00  3.7528963557716420e-04  nan  1  5  5  6.9473860436674849e-06  0.0000000000000000e+00  0
1.1840000000002399e+02  0.0000000000000000e+00  3.6966750583091975e-04  1  1.0119371802774251e+00  0.0000000000000000e+00  3.7801948095164109e-04  nan  1  5  5  7.0866398344961922e-06  0.0000000000000000e+00  0
1.1920000000002400e+02  0.0000000000000000e+00  3.8932257097575485e-04  1  1.0119426099528150e+00  0.0000000000000000e+00  3.8075886396227718e-04  nan  1  5  5  7.2275361345897770e-06  0.0000000000000000e+00  0
1.2000000000002400e+02  0.0000000000000000e+00  4.0904480780719799e-04  1  1.0119472641883915e+00  0.0000000000000000e+00  3.8379692552955002e-04  nan  1  5  5  7.3699545122719458e-06  0.0000000000000000e+00  0
1.2080000000002499e+02  0.0000000000000000e+00  4.2880820898477044e-04  1  1.0119510916473156e+00  0.0000000000000000e+00  3.8709727017955032e-04  nan  1  5  5  7.5155392898907475e-06  0.0000000000000000e+00  0
1.2160000000002501e+02  0.0000000000000000e+00  4.4886048298541239e-04  1  1.0119550177131500e+00  0.0000000000000000e+00  3.9004661741789812e-04  nan  1  5  5  7.6625836895245774e-06  0.0000000000000000e+00  0
1.2240000000002600e+02  1.1188700434348856e-05  4.6930469760909758e-04  1  1.0119593330877488e+00  0.0000000000000000e+00  3.9258245108369719e-04  nan  1  5  5  7.8089241328847291e-06  0.0000000000000000e+00  0
1.2320000000002599e+02  2.5816339624700723e-05  4.8991254561111153e-04  1  1.0119624623558472e+00  0.0000000000000000e+00  3.9545934327802100e-04  nan  1  5  5  7.9568782812072472e-06  0.0000000000000000e+00  0
1.2400000000002700e+02  4.0800681051708351e-05  5.1055350634691499e-04  1  1.0119639210614189e+00  0.0000000000000000e+00  3.9882110441440729e-04  nan  1  5  5  8.1086962285152453e-06  0.0000000000000000e+00  0
1.2480000000002700e+02  5.6041765802961999e-05  5.3134443186022803e-04  1  1.0119655117037685e+00  0.0000000000000000e+00  4.0184485227799205e-04  nan  1  5  5  8.2627414448062268e-06  0.0000000000000000e+00  0
1.2560000000002699e+02  7.1247705008167735e-05  5.5240680549246187e-04  1  1.0119678956499027e+00  0.0000000000000000e+00  4.0429174695482485e-04  nan  1  5  5  8.4170354925157809e-06  0.0000000000000000e+00  0
1.2640000000002800e+02  8.6479882012597544e-05  5.7371730518673825e-04  1  1.0119697324186903e+00  0.0000000000000000e+00  4.0702368044727265e-04  nan  1  5  5  8.5718721847714945e-06  0.0000000000000000e+00  0
1.2720000000002800e+02  1.0207064917034299e-04  5.9523577031218692e-04  1  1.0119837321382446e+00  0.0000000000000000e+00  4.1028141795828151e-04  nan  1  5  5  8.7285951694258487e-06  0.0000000000000000e+00  0
1.2800000000002899e+02  1.1803260070970261e-04  6.1689979669056320e-04  1  1.0119985086442593e+00  0.0000000000000000e+00  4.1323865768337159e-04  nan  1  5  5  8.8891954570928182e-06  0.0000000000000000e+00  0
1.2880000000002801e+02  1.3403711243910115e-04  6.3873869058594923e-04  1  1.0120130299234524e+00  0.0000000000000000e+00  4.1571423695598199e-04  nan  1  5  5  9.0534412070810760e-06  0.0000000000000000e+00  0
1.2960000000002699e+02  1.4998996470484252e-04  6.6079456579684300e-04  1  1.0120286188774152e+00  0.0000000000000000e+00  4.1842238577223035e-04  nan  1  5  5  9.2172148916088866e-06  0.0000000000000000e+00  0
1.3040000000002601e+02  1.6616457566732290e-04  6.8303391085334901e-04  1  1.0120442070033158e+00  0.0000000000000000e+00  4.2155352915892454e-04  nan  1  5  5  9.3788411446660221e-06  0.0000000000000000e+00  0
1.3120000000002599e+02  1.8267181286058922e-04  7.0546672518712039e-04  1  1.0120577415155669e+00  0.0000000000000000e+00  4.2446635770478525e-04  nan  1  5  5  9.5423345392091275e-06  0.0000000000000000e+00  0
1.3200000000002501e+02  1.9934989324819877e-04  7.2813785048395378e-04  1  1.0120696672796419e+00  0.0000000000000000e+00  4.2684579384198468e-04  nan  1  5  5  9.7115860075611670e-06  0.0000000000000000e+00  0
1.3280000000002400e+02  2.1614578873113335e-04  7.5105216145522462e-04  1  1.0120820198529827e+00  0.0000000000000000e+00  4.2941103742561912e-04  nan  1  5  5  9.8848534998258469e-06  0.0000000000000000e+00  0
1.3360000000002299e+02  2.3308801928465376e-04  7.7412572461163802e-04  1  1.0120951127515019e+00  0.0000000000000000e+00  4.3272905674225084e-04  nan  1  5  5  1.0058191119970196e-05  0.0000000000000000e+00  0
1.3440000000002300e+02  2.5013808963302698e-04  7.9727400466467191e-04  1  1.0121076175887578e+00  0.0000000000000000e+00  4.3593672855875575e-04  nan  1  5  5  1.0230862204926616e-05  0.0000000000000000e+00  0
1.3520000000002199e+02  2.6733370507284020e-04  8.2054967619248217e-04  1  1.0121187524779873e+00  0.0000000000000000e+00  4.3823044156476604e-04  nan  1  5  5  1.0403921556859263e-05  0.0000000000000000e+00  0
1.3600000000002100e+02  2.8477941108558498e-04  8.4404661201298292e-04  1  1.0121289679244501e+00  0.0000000000000000e+00  4.4049317153030550e-04  nan  1  5  5  1.0579478784551608e-05  0.0000000000000000e+00  0
1.3680000000002099e+02  3.0246981382192265e-04  8.6781828583829901e-04  1  1.0121391545213350e+00  0.0000000000000000e+00  4.4361297679396908e-04  nan  1  5  5  1.0759579052806298e-05  0.0000000000000000e+00  0
1.3760000000002000e+02  3.2031502156440759e-04  8.9181087779542786e-04  1  1.0121493916167004e+00  0.0000000000000000e+00  4.4693307583091495e-04  nan  1  5  5  1.0942678844579675e-05  0.0000000000000000e+00  0
1.3840000000001899e+02  3.3826152689791703e-04  9.1599077192756114e-04  1  1.0121587389885742e+00  0.0000000000000000e+00  4.4981699494324489e-04  nan  1  5  5  1.1126419579018105e-05  0.0000000000000000e+00  0
1.3920000000001801e+02  3.5634833921946858e-04  9.4035926806420201e-04  1  1.0121671044757801e+00  0.0000000000000000e+00  4.5262713966454104e-04  nan  1  5  5  1.1310921162948676e-05  0.0000000000000000e+00  0
1.4000000000001799e+02  3.7468340044761458e-04  9.6494076077443148e-04  1  1.0121752971310178e+00  0.0000000000000000e+00  4.5584018338284439e-04  nan  1  5  5  1.1496840556218831e-05  0.0000000000000000e+00  0
1.4080000000001701e+02  3.9328119030655485e-04  9.8975414493132304e-04  1  1.0121829474883957e+00  0.0000000000000000e+00  4.5923505841177846e-04  nan  1  5  5  1.1685544668207142e-05  0.0000000000000000e+00  0
1.4160000000001600e+02  4.1204988513907260e-04  1.0147897214540789e-03  1  1.0121894872649253e+00  0.0000000000000000e+00  4.6251572036249224e-04  nan  1  5  5  1.1878366815761619e-05  0.0000000000000000e+00  0
1.4240000000001501e+02  4.3096489118755582e-04  1.0400205924396585e-03  1  1.0121954916738565e+00  0.0000000000000000e+00  4.6575825036314372e-04  nan  1  5  5  1.2073228182462762e-05  0.0000000000000000e+00  0
1.4320000000001500e+02  4.5005553425654096e-04  1.0654753759779347e-03  1  1.0122015304687151e+00  0.0000000000000000e+00  4.6886056629033074e-04  nan  1  5  5  1.2268937766992545e-05  0.0000000000000000e+00  0
1.4400000000001401e+02  4.6935521211942594e-04  1.0912232734988029e-03  1  1.0122072193342688e+00  0.0000000000000000e+00  4.7167089543280618e-04  nan  1  5  5  1.2466489366867879e-05  0.0000000000000000e+00  0
1.4480000000001300e+02  4.8892445099434762e-04  1.1172182746530285e-03  1  1.0122116470560680e+00  0.0000000000000000e+00  4.7474563285286147e-04  nan  1  5  5  1.2666033884187658e-05  0.0000000000000000e+00  0
1.4560000000001301e+02  5.0873435209314907e-04  1.1433898660482029e-03  1  1.0122150815258693e+00  0.0000000000000000e+00  4.7828051265669784e-04  nan  1  5  5  1.2869280154623910e-05  0.0000000000000000e+00  0
1.4640000000001200e+02  5.2866671823136480e-04  1.1697376560567314e-03  1  1.0122184416690791e+00  0.0000000000000000e+00  4.8139731678072567e-04  nan  1  5  5  1.3075921423321089e-05  0.0000000000000000e+00  0
1.4720000000001099e+02  5.4875671186146232e-04  1.1962911251521082e-03  1  1.0122213498890669e+00  0.0000000000000000e+00  4.8410496775448859e-04  nan  1  5  5  1.3282804125722761e-05  0.0000000000000000e+00  0
1.4800000000001000e+02  5.6910800162125773e-04  1.2231282436276419e-03  1  1.0122232735793897e+00  0.0000000000000000e+00  4.8720653732803538e-04  nan  1  5  5  1.3490282487802425e-05  0.0000000000000000e+00  0
1.4880000000000999e+02  5.8967185886138007e-04  1.2503104256943328e-03  1  1.0122244867980734e+00  0.0000000000000000e+00  4.9041920611089904e-04  nan  1  5  5  1.3700528086957822e-05  0.0000000000000000e+00  0
1.4960000000000900e+02  6.1044773154647570e-04  1.2776814886776102e-03  1  1.0122247318329274e+00  0.0000000000000000e+00  4.9345412529541580e-04  nan  1  5  5  1.3913993844376488e-05  0.0000000000000000e+00  0
1.5040000000000799e+02  6.3147060976340098e-04  1.3051262090268965e-03  1  1.0122241788441546e+00  0.0000000000000000e+00  4.9665336429510602e-04  nan  1  5  5  1.4132043188623525e-05  0.0000000000000000e+00  0
1.5120000000000701e+02  6.5261457512041400e-04  1.3328160917872958e-03  1  1.0122255167313365e+00  0.0000000000000000e+00  4.9971855439880899e-04  nan  1  5  5  1.4352081629552074e-05  0.0000000000000000e+00  0
1.5200000000000699e+02  6.7390929354510173e-04  1.3608629862802174e-03  1  1.0122437231186061e+00  0.0000000000000000e+00  5.0258823720868791e-04  nan  1  5  5  1.4570531058210676e-05  0.0000000000000000e+00  0
1.5280000000000601e+02  6.9556114364823223e-04  1.3892032565470606e-03  1  1.0122611267135191e+00  0.0000000000000000e+00  5.0569158395390146e-04  nan  1  5  5  1.4792135125773243e-05  0.0000000000000000e+00  0
1.5360000000000500e+02  7.1748208024708662e-04  1.4177246922865271e-03  1  1.0122776729871830e+00  0.0000000000000000e+00  5.0861596783460371e-04  nan  1  5  5  1.5017790074819896e-05  0.0000000000000000e+00  0
1.5440000000000501e+02  7.3949552283462570e-04  1.4463310763684282e-03  1  1.0122933025445002e+00  0.0000000000000000e+00  5.1141604108590486e-04  nan  1  5  5  1.5245243659628112e-05  0.0000000000000000e+00  0
1.5520000000000400e+02  7.6165114013218398e-04  1.4750858031306908e-03  1  1.0123083916678761e+00  0.0000000000000000e+00  5.1467939487547432e-04  nan  1  5  5  1.5475330421877573e-05  0.0000000000000000e+00  0
1.5600000000000301e+02  7.8397868363430602e-04  1.5041850885502384e-03  1  1.0123230306900217e+00  0.0000000000000000e+00  5.1766362884734509e-04  nan  1  5  5  1.5707547617823010e-05  0.0000000000000000e+00  0
1.5680000000000200e+02  8.0656614605254862e-04  1.5336166624251794e-03  1  1.0123370011125863e+00  0.0000000000000000e+00  5.2006132188554181e-04  nan  1  5  5  1.5942613416709142e-05  0.0000000000000000e+00  0
1.5760000000000201e+02  8.2956193261011439e-04  1.5632955202013771e-03  1  1.0123501000687665e+00  0.0000000000000000e+00  5.2295922045110499e-04  nan  1  5  5  1.6179588841049849e-05  0.0000000000000000e+00  0
1.5840000000000100e+02  8.5278959536342800e-04  1.5932520845352014e-03  1  1.0123623041512460e+00  0.0000000000000000e+00  5.2634632009558547e-04  nan  1  5  5  1.6418652738416389e-05  0.0000000000000000e+00  0
1.5919999999999999e+02  8.7603774870242371e-04  1.6234202842001374e-03  1  1.0123738870906844e+00  0.0000000000000000e+00  5.2924399377048115e-04  nan  1  5  5  1.6660891819036513e-05  0.0000000000000000e+00  0
1.5999999999999901e+02  8.9946655011675480e-04  1.6537335054130535e-03  1  1.0123852119575973e+00  0.0000000000000000e+00  5.3166760152383930e-04  nan  1  5  5  1.6904329981488314e-05  0.0000000000000000e+00  0
1.6079999999999899e+02  9.2323712296028609e-04  1.6843087793216858e-03  1  1.0123958720495072e+00  0.0000000000000000e+00  5.3425811761058080e-04  nan  1  5  5  1.7151135398375772e-05  0.0000000000000000e+00  0
1.6159999999999800e+02  9.4731381776586617e-04  1.7152453614558783e-03  1  1.0124050056919409e+00  0.0000000000000000e+00  5.3730944117332978e-04  nan  1  5  5  1.7403333529254910e-05  0.0000000000000000e+00  0
1.6239999999999699e+02  9.7166049070423208e-04  1.7465077459762517e-03  1  1.0124132569483859e+00  0.0000000000000000e+00  5.4053808616313199e-04  nan  1  5  5  1.7657249984568911e-05  0.0000000000000000e+00  0
1.6319999999999700e+02  9.9619376328761024e-04  1.7780173567200689e-03  1  1.0124217302109026e+00  0.0000000000000000e+00  5.4327334733837642e-04  nan  1  5  5  1.7911586319787936e-05  0.0000000000000000e+00  0
1.6399999999999599e+02  1.0208599559301747e-03  1.8097190350668192e-03  1  1.0124296798854173e+00  0.0000000000000000e+00  5.4602429022001272e-04  nan  1  5  5  1.8169375353025441e-05  0.0000000000000000e+00  0
1.6479999999999501e+02  1.0457824459786191e-03  1.8416445722195063e-03  1  1.0124359304422155e+00  0.0000000000000000e+00  5.4928637023595134e-04  nan  1  5  5  1.8431520988498711e-05  0.0000000000000000e+00  0
1.6559999999999400e+02  1.0710353343797122e-03  1.8738824799170561e-03  1  1.0124409689132077e+00  0.0000000000000000e+00  5.5307942614711092e-04  nan  1  5  5  1.8695864064392973e-05  0.0000000000000000e+00  0
1.6639999999999401e+02  1.0965354462303472e-03  1.9064592994228527e-03  1  1.0124460002328037e+00  0.0000000000000000e+00  5.5663990426371409e-04  nan  1  5  5  1.8961907005972397e-05  0.0000000000000000e+00  0
1.6719999999999300e+02  1.1222338064925982e-03  1.9392991652285767e-03  1  1.0124507750102403e+00  0.0000000000000000e+00  5.5972961618450394e-04  nan  1  5  5  1.9231312969393378e-05  0.0000000000000000e+00  0
1.6799999999999201e+02  1.1481534457989586e-03  1.9723580125311870e-03  1  1.0124538693382419e+00  0.0000000000000000e+00  5.6279327998118073e-04  nan  1  5  5  1.9504260172288581e-05  0.0000000000000000e+00  0
1.6879999999999100e+02  1.1742977111120784e-03  2.0056294440967061e-03  1  1.0124554459628690e+00  0.0000000000000000e+00  5.6616198662296337e-04  nan  1  5  5  1.9779340347031606e-05  0.0000000000000000e+00  0
1.6959999999999101e+02  1.2006630027720404e-03  2.0391239816309869e-03  1  1.0124570739923393e+00  0.0000000000000000e+00  5.6973363090023017e-04  nan  1  5  5  2.0056168029550915e-05  0.0000000000000000e+00  0
1.7039999999999000e+02  1.2272705830177926e-03  2.0728637990144148e-03  1  1.0124584550974345e+00  0.0000000000000000e+00  5.7310199815989330e-04  nan  1  5  5  2.0335784632067531e-05  0.0000000000000000e+00  0
1.7119999999998899e+02  1.2541265239734718e-03  2.1069090998391020e-03  1  1.0124581784208391e+00  0.0000000000000000e+00  5.7603435475532473e-04  nan  1  5  5  2.0618965143282878e-05  0.0000000000000000e+00  0
1.7199999999998900e+02  1.2812154733538477e-03  2.1413002005010724e-03  1  1.0124566337745657e+00  0.0000000000000000e+00  5.7902334153592575e-04  nan  1  5  5  2.0905313342557112e-05  0.0000000000000000e+00  0
1.7279999999998799e+02  1.3085369184092479e-03  2.1759721526213053e-03  1  1.0124591243881900e+00  0.0000000000000000e+00  5.8250861843190727e-04  nan  1  5  5  2.1201296855337515e-05  0.0000000000000000e+00  0
1.7359999999998701e+02  1.3360975546779803e-03  2.2108321692119550e-03  1  1.0124785231318179e+00  0.0000000000000000e+00  5.8592645708407790e-04  nan  1  5  5  2.1510320241685708e-05  0.0000000000000000e+00  0
1.7439999999998599e+02  1.3639109062329139e-03  2.2459048035252914e-03  1  1.0124964807553467e+00  0.0000000000000000e+00  5.8890793897983264e-04  nan  1  5  5  2.1821267296070596e-05  0.0000000000000000e+00  0
1.7519999999998601e+02  1.3919804998085842e-03  2.2813025976348767e-03  1  1.0125138571957351e+00  0.0000000000000000e+00  5.9186354229495241e-04  nan  1  5  5  2.2134817933603458e-05  0.0000000000000000e+00  0
1.7599999999998499e+02  1.4202684644912102e-03  2.3170297804205502e-03  1  1.0125305526498063e+00  0.0000000000000000e+00  5.9489331099731035e-04  nan  1  5  5  2.2453782389181223e-05  0.0000000000000000e+00  0
1.7679999999998401e+02  1.4487654408818626e-03  2.3529874434982355e-03  1  1.0125466046806515e+00  0.0000000000000000e+00  5.9804317354828266e-04  nan  1  5  5  2.2778342279186379e-05  0.0000000000000000e+00  0
1.7759999999998300e+02  1.4775051317924299e-03  2.3891392336931419e-03  1  1.0125616679063356e+00  0.0000000000000000e+00  6.0134654061799395e-04  nan  1  5  5  2.3105164288136463e-05  0.0000000000000000e+00  0
1.7839999999998301e+02  1.5064835568304995e-03  2.4255521454024588e-03  1  1.0125748125849947e+00  0.0000000000000000e+00  6.0422443527112068e-04  nan  1  5  5  2.3432420175917553e-05  0.0000000000000000e+00  0
1.7919999999998200e+02  1.5356914942888720e-03  2.4622589727647027e-03  1  1.0125872481166363e+00  0.0000000000000000e+00  6.0676518280159710e-04  nan  1  5  5  2.3762654337713706e-05  0.0000000000000000e+00  0
1.7999999999998099e+02  1.5651398029108989e-03  2.4992613413572008e-03  1  1.0125999702376729e+00  0.0000000000000000e+00  6.0981378495093212e-04  nan  1  5  5  2.4098820837429076e-05  0.0000000000000000e+00  0
1.8079999999998100e+02  1.5948005644872184e-03  2.5365293863979475e-03  1  1.0126111386221146e+00  0.0000000000000000e+00  6.1310685756307674e-04  nan  1  5  5  2.4439944395618461e-05  0.0000000000000000e+00  0
1.8159999999998001e+02  1.6246563065612147e-03  2.5740095908360285e-03  1  1.0126204124466782e+00  0.0000000000000000e+00  6.1588304353391553e-04  nan  1  5  5  2.4783838133991927e-05  0.0000000000000000e+00  0
1.8239999999997900e+02  1.6547713145154651e-03  2.6117486433960583e-03  1  1.0126294484200364e+00  0.0000000000000000e+00  6.1838956882587616e-04  nan  1  5  5  2.5130065744493015e-05  0.0000000000000000e+00  0
1.8319999999997799e+02  1.6851994285655462e-03  2.6498165283965012e-03  1  1.0126380197374631e+00  0.0000000000000000e+00  6.2117760592211738e-04  nan  1  5  5  2.5479214623673246e-05  0.0000000000000000e+00  0
1.8399999999997800e+02  1.7158734603439074e-03  2.6882031342581290e-03  1  1.0126454508906904e+00  0.0000000000000000e+00  6.2422626962512493e-04  nan  1  5  5  2.5832302481348985e-05  0.0000000000000000e+00  0
1.8479999999997699e+02  1.7466900434059537e-03  2.7268543787194329e-03  1  1.0126519438194981e+00  0.0000000000000000e+00  6.2703248229623097e-04  nan  1  5  5  2.6189835168343679e-05  0.0000000000000000e+00  0
1.8559999999997601e+02  1.7776957603579397e-03  2.7657610762046557e-03  1  1.0126570009314633e+00  0.0000000000000000e+00  6.3014268327846689e-04  nan  1  5  5  2.6551635389357489e-05  0.0000000000000000e+00  0
1.8639999999997499e+02  1.8090336671466418e-03  2.8049278240919549e-03  1  1.0126608157660260e+00  0.0000000000000000e+00  6.3364354096831954e-04  nan  1  5  5  2.6917338179696889e-05  0.0000000000000000e+00  0
1.8719999999997501e+02  1.8406701244863201e-03  2.8443603934941776e-03  1  1.0126643918568443e+00  0.0000000000000000e+00  6.3757654568708238e-04  nan  1  5  5  2.7286191945796506e-05  0.0000000000000000e+00  0
1.8799999999997399e+02  1.8724240024437949e-03  2.8840913936938818e-03  1  1.0126669449334356e+00  0.0000000000000000e+00  6.4124566505563061e-04  nan  1  5  5  2.7657751800415450e-05  0.0000000000000000e+00  0
1.8879999999997301e+02  1.9042924033204173e-03  2.9241270487113786e-03  1  1.0126675988108553e+00  0.0000000000000000e+00  6.4441644023128435e-04  nan  1  5  5  2.8032321623707259e-05  0.0000000000000000e+00  0
1.8959999999997299e+02  1.9364567769204761e-03  2.9643813355665714e-03  1  1.0126674785990184e+00  0.0000000000000000e+00  6.4771523048365635e-04  nan  1  5  5  2.8410594272227965e-05  0.0000000000000000e+00  0
1.9039999999997201e+02  1.9689617940894899e-03  3.0048191479709664e-03  1  1.0126670189983313e+00  0.0000000000000000e+00  6.5140356765216567e-04  nan  1  5  5  2.8796701903029964e-05  0.0000000000000000e+00  0
1.9119999999997100e+02  2.0016293427384097e-03  3.0455331084121447e-03  1  1.0126650340907319e+00  0.0000000000000000e+00  6.5503977704130191e-04  nan  1  5  5  2.9186944457180518e-05  0.0000000000000000e+00  0
1.9199999999996999e+02  2.0343405212174047e-03  3.0865630420310684e-03  1  1.0126701377235710e+00  0.0000000000000000e+00  6.5827635409232963e-04  nan  1  5  5  2.9579771983307194e-05  0.0000000000000000e+00  0
1.9279999999997000e+02  2.0672222795745654e-03  3.1277921993691192e-03  1  1.0126897970810189e+00  0.0000000000000000e+00  6.6135668387177517e-04  nan  1  5  5  2.9974795121489864e-05  0.0000000000000000e+00  0
1.9359999999996899e+02  2.1004187529987828e-03  3.1691570198666415e-03  1  1.0127092220634462e+00  0.0000000000000000e+00  6.6472924620336095e-04  nan  1  5  5  3.0373225803992236e-05  0.0000000000000000e+00  0
1.9439999999996800e+02  2.1338489447142450e-03  3.2107359387412156e-03  1  1.0127276167233570e+00  0.0000000000000000e+00  6.6827817993477835e-04  nan  1  5  5  3.0775614290115238e-05  0.0000000000000000e+00  0
1.9519999999996699e+02  2.1673666511917828e-03  3.2525869044940240e-03  1  1.0127442314033053e+00  0.0000000000000000e+00  6.7143196199985857e-04  nan  1  5  5  3.1180835957153838e-05  0.0000000000000000e+00  0
1.9599999999996700e+02  2.2010014233677325e-03  3.2946997982367474e-03  1  1.0127597564879438e+00  0.0000000000000000e+00  6.7428463242639916e-04  nan  1  5  5  3.1588666704482044e-05  0.0000000000000000e+00  0
1.9679999999996599e+02  2.2348933874164739e-03  3.3370611015691590e-03  1  1.0127747038004666e+00  0.0000000000000000e+00  6.7743234898049896e-04  nan  1  5  5  3.2000269311362529e-05  0.0000000000000000e+00  0
1.9759999999996501e+02  2.2690660364643165e-03  3.3796323331561039e-03  1  1.0127883330935943e+00  0.0000000000000000e+00  6.8068213980294933e-04  nan  1  5  5  3.2415149867752750e-05  0.0000000000000000e+00  0
1.9839999999996499e+02  2.3033735882564540e-03  3.4223561612673537e-03  1  1.0128006925251347e+00  0.0000000000000000e+00  6.8358200944947133e-04  nan  1  5  5  3.2831857746996881e-05  0.0000000000000000e+00  0
1.9919999999996401e+02  2.3377144374691285e-03  3.4652401269397166e-03  1  1.0128123769656461e+00  0.0000000000000000e+00  6.8639673722926107e-04  nan  1  5  5  3.3251255270223786e-05  0.0000000000000000e+00  0
1.9999999999996299e+02  2.3721852568001022e-03  3.5083477493269562e-03  1  1.0128226736736652e+00  0.0000000000000000e+00  6.8933378066382144e-04  nan  1  5  5  3.3674298951922397e-05  0.0000000000000000e+00  0
2.0000999999996299e+02  2.3726176334342296e-03  3.5088881896855940e-03  1  1.0128227893244739e+00  0.0000000000000000e+00  6.8937029732230146e-04  nan  1  5  5  3.3679605740895791e-05  0.0000000000000000e+00  0
