# time  total_canon  bary_x_canon  bary_y_canon  bary_z_canon  rms_radius_canon  total_phantom  bary_x_phantom  bary_y_phantom  bary_z_phantom  rms_radius_phantom
0.0000000000000000e+00  3.9113795609614703e+00  3.7000184978347285e+01  3.1999999999999826e+01  3.1999999999999911e+01  4.3375261203622477e+00  3.5608619018678960e+00  2.7000584172935117e+01  3.1999999999967653e+01  3.1999999999988091e+01  5.5406866601558100e+00
8.0000000000000004e-01  3.9140955214342341e+00  3.7000205550832376e+01  3.1999999999999986e+01  3.2000000000000000e+01  4.3376941433893066e+00  3.5647973724484672e+00  2.7000625307999638e+01  3.1999999999998405e+01  3.1999999999999435e+01  5.5406388597853855e+00
1.6000000000000001e+00  3.9167735085863473e+00  3.7000246783193688e+01  3.1999999999999101e+01  3.2000000000000000e+01  4.3380356033389686e+00  3.5687042420083692e+00  2.7000731263020931e+01  3.1999999999980574e+01  3.1999999999994046e+01  5.5405162875709282e+00
2.3999999999999901e+00  3.9202085531329489e+00  3.7000277274427553e+01  3.1999999999997478e+01  3.2000000000000078e+01  4.3382692069739832e+00  3.5715732089001744e+00  2.7000837684946550e+01  3.1999999999968743e+01  3.1999999999992561e+01  5.5406073617920395e+00
3.1999999999999802e+00  3.9244975243235674e+00  3.7000301829268352e+01  3.1999999999999101e+01  3.2000000000000227e+01  4.3385258833903775e+00  3.5731695614436747e+00  2.7000980608483545e+01  3.1999999999968676e+01  3.1999999999997264e+01  5.5409963826776112e+00
3.9999999999999600e+00  3.9290648262375392e+00  3.7000363191776259e+01  3.2000000000012584e+01  3.2000000000000433e+01  4.3390515599855668e+00  3.5742409164289448e+00  2.7001229820348794e+01  3.1999999999979217e+01  3.2000000000006835e+01  5.5414590127271159e+00
4.7999999999999403e+00  3.9329934742144572e+00  3.7000494808337201e+01  3.2000000000035570e+01  3.2000000000000760e+01  4.3398746759300124e+00  3.5754650489823177e+00  2.7001560995981656e+01  3.2000000000011617e+01  3.2000000000023284e+01  5.5417394469228451e+00
5.5999999999999304e+00  3.9362101661647451e+00  3.7000682056609975e+01  3.2000000000052985e+01  3.2000000000001407e+01  4.3406628861198655e+00  3.5764955342730733e+00  2.7001901069822360e+01  3.2000000000076966e+01  3.2000000000051905e+01  5.5418634008800938e+00
6.3999999999999098e+00  3.9397370510833993e+00  3.7000890174360492e+01  3.2000000000060346e+01  3.2000000000002686e+01  4.3412202926349339e+00  3.5763455468730241e+00  2.7002266771658633e+01  3.2000000000174580e+01  3.2000000000099384e+01  5.5420719516673032e+00
7.1999999999998900e+00  3.9442550440579334e+00  3.7001127672443076e+01  3.2000000000081741e+01  3.2000000000005251e+01  4.3419365249772159e+00  3.5746733687383596e+00  2.7002743111445984e+01  3.2000000000331752e+01  3.2000000000177025e+01  5.5424080140513450e+00
7.9999999999998703e+00  3.9490006361678933e+00  3.7001449504581430e+01  3.2000000000156213e+01  3.2000000000010409e+01  4.3432910817305714e+00  3.5722090397055988e+00  2.7003335569421989e+01  3.2000000000607962e+01  3.2000000000305370e+01  5.5425655004014924e+00
8.7999999999998604e+00  3.9526293153249847e+00  3.7001884628308780e+01  3.2000000000305128e+01  3.2000000000020577e+01  4.3451333750786132e+00  3.5697064018249032e+00  2.7003964740813405e+01  3.2000000001062432e+01  3.2000000000517176e+01  5.5422433819964416e+00
9.5999999999998398e+00  3.9551159920738783e+00  3.7002393706841268e+01  3.2000000000522988e+01  3.2000000000041844e+01  4.3469755208797549e+00  3.5668880382160770e+00  2.7004617139139341e+01  3.2000000001773913e+01  3.2000000000863842e+01  5.5414734418362652e+00
1.0399999999999800e+01  3.9579536186947752e+00  3.7002923962909875e+01  3.2000000000796099e+01  3.2000000000079716e+01  4.3492623563187820e+00  3.5628306761759641e+00  2.7005379392703066e+01  3.2000000002883596e+01  3.2000000001428980e+01  5.5404570410361691e+00
1.1199999999999800e+01  3.9621973470559180e+00  3.7003481263884382e+01  3.2000000001177192e+01  3.2000000000168910e+01  4.3539145093890825e+00  3.5572445932633139e+00  2.7006288769739239e+01  3.2000000004622322e+01  3.2000000002346447e+01  5.5391632402617628e+00
1.1999999999999799e+01  3.9670197866400709e+00  3.7004117380370062e+01  3.2000000001806235e+01  3.2000000000432529e+01  4.3625152500636029e+00  3.5508760922875009e+00  2.7007268931894490e+01  3.2000000007362630e+01  3.2000000003840505e+01  5.5372805355663832e+00
1.2799999999999800e+01  3.9710968280360062e+00  3.7004819927651909e+01  3.2000000003245873e+01  3.2000000001196518e+01  4.3752699214829756e+00  3.5445015235797830e+00  2.7008272147809063e+01  3.2000000011693395e+01  3.2000000006245521e+01  5.5345980354956463e+00
1.3599999999999801e+01  3.9748421061044974e+00  3.7005530500653343e+01  3.2000000005696194e+01  3.2000000002606143e+01  4.3932414985543851e+00  3.5379328125764813e+00  2.7009374289365265e+01  3.2000000018735946e+01  3.2000000010166218e+01  5.5312436748711438e+00
1.4399999999999700e+01  3.9794171873906552e+00  3.7006287303245777e+01  3.2000000009274530e+01  3.2000000004599848e+01  4.4156845115517758e+00  3.5303696704338718e+00  2.7010646161353996e+01  3.2000000028875924e+01  3.2000000016136376e+01  5.5274028000001296e+00
1.5199999999999701e+01  3.9849977915412409e+00  3.7007174696057156e+01  3.2000000011284889e+01  3.2000000005912057e+01  4.4411217894556190e+00  3.5215844383709527e+00  2.7012027305779558e+01  3.2000000046897682e+01  3.2000000026281903e+01  5.5229744773862777e+00
1.5999999999999700e+01  3.9903009958554732e+00  3.7008249448284971e+01  3.2000000014174617e+01  3.2000000008703239e+01  4.4682260786768895e+00  3.5123344067137623e+00  2.7013432619096687e+01  3.2000000076892064e+01  3.2000000042700378e+01  5.5178877044335417e+00
1.6799999999999802e+01  3.9942226175481923e+00  3.7009456475126633e+01  3.2000000020308129e+01  3.2000000015078228e+01  4.4955349214140750e+00  3.5034684108743814e+00  2.7014899589426541e+01  3.2000000118521456e+01  3.2000000065925285e+01  5.5127024935291837e+00
1.7600000000000001e+01  3.9974565945998002e+00  3.7010702913292342e+01  3.2000000036359687e+01  3.2000000030386474e+01  4.5234448348811416e+00  3.4949264066121986e+00  2.7016518007335563e+01  3.2000000176303061e+01  3.2000000099248183e+01  5.5081368725457320e+00
1.8400000000000102e+01  4.0013954348552918e+00  3.7011962240186499e+01  3.2000000073130892e+01  3.2000000063058174e+01  4.5533687284066229e+00  3.4859882530161110e+00  2.7018263055260789e+01  3.2000000262682079e+01  3.2000000149591585e+01  5.5041169580076463e+00
1.9200000000000198e+01  4.0063540534975681e+00  3.7013348877060061e+01  3.2000000142181818e+01  3.2000000123561918e+01  4.5862631156486113e+00  3.4765642361673943e+00  2.7020006900636556e+01  3.2000000390870753e+01  3.2000000223363813e+01  5.5013190753978369e+00
2.0000000000000298e+01  4.0115799849451053e+00  3.7015069974891496e+01  3.2000000285492497e+01  3.2000000242292252e+01  4.6229784529680717e+00  3.4676382064085587e+00  2.7021722255587239e+01  3.2000000586224310e+01  3.2000000331590918e+01  5.5026142267115850e+00
2.0800000000000502e+01  4.0160890850569881e+00  3.7016846765557190e+01  3.2000000609153332e+01  3.2000000483586618e+01  4.6616467049753512e+00  3.4599987490283857e+00  2.7023534659678564e+01  3.2000000902522345e+01  3.2000000496029578e+01  5.5093422865132107e+00
2.1600000000000598e+01  4.0202830731334060e+00  3.7018450814371846e+01  3.2000001192851407e+01  3.2000000879719877e+01  4.7014985407603636e+00  3.4535523916182198e+00  2.7025383222606550e+01  3.2000001378470209e+01  3.2000000730750493e+01  5.5215543641484759e+00
2.2400000000000698e+01  4.0253369240100980e+00  3.7019877268539069e+01  3.2000001949117198e+01  3.2000001356675419e+01  4.7446466710139985e+00  3.4479598010969403e+00  2.7027190567437781e+01  3.2000001969497973e+01  3.2000001021418264e+01  5.5414614125601309e+00
2.3200000000000799e+01  4.0315931009462123e+00  3.7021068547363996e+01  3.2000002690476450e+01  3.2000001805819679e+01  4.7934540783870609e+00  3.4430296552340636e+00  2.7028989604378051e+01  3.2000002560038233e+01  3.2000001330124270e+01  5.5698856167268422e+00
2.4000000000000998e+01  4.0378638988448534e+00  3.7022210966744801e+01  3.2000003373565320e+01  3.2000002230097458e+01  4.8451823949774342e+00  3.4391339187073751e+00  2.7030847796746492e+01  3.2000003097592995e+01  3.2000001641943328e+01  5.6061547919984180e+00
2.4800000000001098e+01  4.0434649390966877e+00  3.7023235781330207e+01  3.2000004124129397e+01  3.2000002719382358e+01  4.8974069522422532e+00  3.4368359234358739e+00  2.7032955163152913e+01  3.2000003663581381e+01  3.2000001993191525e+01  5.6498217243266042e+00
2.5600000000001199e+01  4.0492695138278307e+00  3.7023764098724939e+01  3.2000005044008873e+01  3.2000003318924193e+01  4.9525152432256796e+00  3.4361446940295322e+00  2.7035366936952482e+01  3.2000004361398311e+01  3.2000002420558502e+01  5.7007517553903879e+00
2.6400000000001299e+01  4.0563451590088491e+00  3.7023971787347648e+01  3.2000006133743618e+01  3.2000004007035201e+01  5.0146062086551684e+00  3.4364229253516489e+00  2.7038086330840017e+01  3.2000005202626483e+01  3.2000002912452068e+01  5.7574891129712888e+00
2.7200000000001499e+01  4.0638557879472614e+00  3.7024047780515275e+01  3.2000007323615570e+01  3.2000004733311911e+01  5.0796692794059801e+00  3.4373743731068060e+00  2.7041110903462140e+01  3.2000006123913849e+01  3.2000003428295329e+01  5.8194877441714441e+00
2.8000000000001599e+01  4.0708683476948160e+00  3.7023838703039246e+01  3.2000008504002778e+01  3.2000005434097339e+01  5.1439971200269481e+00  3.4394943649289740e+00  2.7044547539542304e+01  3.2000007061498174e+01  3.2000003941063746e+01  5.8869612235607685e+00
2.8800000000001699e+01  4.0777061637146765e+00  3.7023018209412015e+01  3.2000009588159848e+01  3.2000006066557788e+01  5.2093208128593060e+00  3.4436031527487136e+00  2.7048241891910898e+01  3.2000007971426797e+01  3.2000004442033259e+01  5.9607682674922682e+00
2.9600000000001799e+01  4.0849222115106869e+00  3.7021910153875467e+01  3.2000010577693573e+01  3.2000006645436152e+01  5.2791025929093349e+00  3.4499926790485755e+00  2.7052124757800883e+01  3.2000008832943706e+01  3.2000004930517910e+01  6.0417476625875386e+00
3.0400000000001999e+01  4.0917266990561068e+00  3.7020777095569734e+01  3.2000011496540608e+01  3.2000007195062160e+01  5.3489260748535301e+00  3.4582289142826372e+00  2.7056145280226929e+01  3.2000009639449921e+01  3.2000005405720472e+01  6.1304549667186832e+00
3.1200000000002099e+01  4.0977662953003415e+00  3.7019472679099252e+01  3.2000012322499231e+01  3.2000007700674416e+01  5.4148005528336727e+00  3.4680130922711352e+00  2.7060778886707162e+01  3.2000010381340317e+01  3.2000005855792203e+01  6.2266532735732731e+00
3.2000000000002203e+01  4.1034282488973517e+00  3.7017896637714756e+01  3.2000013053300385e+01  3.2000008154623721e+01  5.4775186619009775e+00  3.4805632781382077e+00  2.7065836448816572e+01  3.2000011034328566e+01  3.2000006258617574e+01  6.3328003818419960e+00
3.2800000000002001e+01  4.1089497456739039e+00  3.7016281338439050e+01  3.2000013697174658e+01  3.2000008557608361e+01  5.5398088318834438e+00  3.4981211070481875e+00  2.7071000845215295e+01  3.2000011634096509e+01  3.2000006623176155e+01  6.4541417583438765e+00
3.3600000000001899e+01  4.1139328866457161e+00  3.7014811024833847e+01  3.2000014288054018e+01  3.2000008926254836e+01  5.6013307121303280e+00  3.5188497935161922e+00  2.7076187780172749e+01  3.2000012246532918e+01  3.2000006980423215e+01  6.5854054227763070e+00
3.4400000000001697e+01  4.1179983539485931e+00  3.7013718918931097e+01  3.2000014826492119e+01  3.2000009255147795e+01  5.6587297323322305e+00  3.5402992856340290e+00  2.7081995102546632e+01  3.2000012841884640e+01  3.2000007310684644e+01  6.7216084669404852e+00
3.5200000000001602e+01  4.1215307192723198e+00  3.7012586271314944e+01  3.2000015304201163e+01  3.2000009542348373e+01  5.7104390787091504e+00  3.5616466559175413e+00  2.7088387691899452e+01  3.2000013391441698e+01  3.2000007609135686e+01  6.8597192445886277e+00
3.6000000000001400e+01  4.1249606175121656e+00  3.7011343461830862e+01  3.2000015729475784e+01  3.2000009808026739e+01  5.7572326980441977e+00  3.5831828693092973e+00  2.7094777002197912e+01  3.2000013891683814e+01  3.2000007881977858e+01  7.0004245827167617e+00
3.6800000000001198e+01  4.1280888390786865e+00  3.7010319390052928e+01  3.2000016110857551e+01  3.2000010064126705e+01  5.8018865505037081e+00  3.6050594544434800e+00  2.7101479193576107e+01  3.2000014340797030e+01  3.2000008138806940e+01  7.1410449937311968e+00
3.7600000000001103e+01  4.1302460969417565e+00  3.7009564335535678e+01  3.2000016478241193e+01  3.2000010324483689e+01  5.8414184865358241e+00  3.6271160267206728e+00  2.7108766424711931e+01  3.2000014768887581e+01  3.2000008384809924e+01  7.2819732839524391e+00
3.8400000000000901e+01  4.1318481598532877e+00  3.7008888509408479e+01  3.2000016837141857e+01  3.2000010582033696e+01  5.8777997165692755e+00  3.6487343268342962e+00  2.7116574791609864e+01  3.2000015175350626e+01  3.2000008632704770e+01  7.4226722880354403e+00
3.9200000000000799e+01  4.1334961733568454e+00  3.7008417541852459e+01  3.2000017189274907e+01  3.2000010839421662e+01  5.9080989766919396e+00  3.6694149863592078e+00  2.7124759799569087e+01  3.2000015578822001e+01  3.2000008877830759e+01  7.5625203686434217e+00
4.0000000000000597e+01  4.1356022896097535e+00  3.7007930724828363e+01  3.2000017555223408e+01  3.2000011102554637e+01  5.9361218698847020e+00  3.6891624191878796e+00  2.7133157939122221e+01  3.2000015978030170e+01  3.2000009126403022e+01  7.7019822002273841e+00
4.0800000000000502e+01  4.1374843563125552e+00  3.7007642180586899e+01  3.2000017937606366e+01  3.2000011371685872e+01  5.9611863742393059e+00  3.7079394168049400e+00  2.7141925275995145e+01  3.2000016377254653e+01  3.2000009368789755e+01  7.8375167276823099e+00
4.1600000000000300e+01  4.1385505738683896e+00  3.7007709520010174e+01  3.2000018341470927e+01  3.2000011652117102e+01  5.9809477216049096e+00  3.7258358708483676e+00  2.7151175967719759e+01  3.2000016780361314e+01  3.2000009612400731e+01  7.9703861118735713e+00
4.2400000000000098e+01  4.1394457246893213e+00  3.7007694859045074e+01  3.2000018771729692e+01  3.2000011955221517e+01  5.9972635916676849e+00  3.7424256223734855e+00  2.7160838139799338e+01  3.2000017172221902e+01  3.2000009863408494e+01  8.0993041815178248e+00
4.3200000000000003e+01  4.1412790234729826e+00  3.7007837339140202e+01  3.2000019181853979e+01  3.2000012255608915e+01  6.0121244878062132e+00  3.7574372831176621e+00  2.7170545535885132e+01  3.2000017570704664e+01  3.2000010118356698e+01  8.2250182864055148e+00
4.3999999999999801e+01  4.1438899885136937e+00  3.7008181985897707e+01  3.2000019622350685e+01  3.2000012580617216e+01  6.0246100540832614e+00  3.7710135623193786e+00  2.7180669595300841e+01  3.2000017978832616e+01  3.2000010385860364e+01  8.3490932270683871e+00
4.4799999999999699e+01  4.1462721058434546e+00  3.7008901625047130e+01  3.2000020098499569e+01  3.2000012926561091e+01  6.0342919378541620e+00  3.7832383074375273e+00  2.7191035181082643e+01  3.2000018402680773e+01  3.2000010661935967e+01  8.4687102516889095e+00
4.5599999999999497e+01  4.1478454612300117e+00  3.7009728165381645e+01  3.2000020589226388e+01  3.2000013278219029e+01  6.0372779714003819e+00  3.7942833755867973e+00  2.7201735359716615e+01  3.2000018851815966e+01  3.2000010943344641e+01  8.5848552253305854e+00
4.6399999999999302e+01  4.1499520126646079e+00  3.7010431245642877e+01  3.2000021094729036e+01  3.2000013636408440e+01  6.0372301500564438e+00  3.8038666693454690e+00  2.7212312401896227e+01  3.2000019324749012e+01  3.2000011235486362e+01  8.6969281093128235e+00
4.7199999999999200e+01  4.1533884624259132e+00  3.7011641168552231e+01  3.2000021650579171e+01  3.2000014026906463e+01  6.0390031080304105e+00  3.8116445263054688e+00  2.7223176408483173e+01  3.2000019815143382e+01  3.2000011533743098e+01  8.8041695156757207e+00
4.7999999999998998e+01  4.1571042305159729e+00  3.7013118608098779e+01  3.2000022197106077e+01  3.2000014418200713e+01  6.0379676605483690e+00  3.8178064770640558e+00  2.7234517709323288e+01  3.2000020319652677e+01  3.2000011835370465e+01  8.9078120524243172e+00
4.8799999999998903e+01  4.1603510325142707e+00  3.7014857472596809e+01  3.2000022816304615e+01  3.2000014852997381e+01  6.0327492279262991e+00  3.8227286412831196e+00  2.7245956367732390e+01  3.2000020838300884e+01  3.2000012143266623e+01  9.0078482229778505e+00
4.9599999999998701e+01  4.1633486400764586e+00  3.7016614028330174e+01  3.2000023429074048e+01  3.2000015273633188e+01  6.0239401906732795e+00  3.8265557561065009e+00  2.7257677610225556e+01  3.2000021378537063e+01  3.2000012460359002e+01  9.1044135936080082e+00
5.0399999999998499e+01  4.1668686519167313e+00  3.7018901447429172e+01  3.2000024056417615e+01  3.2000015704320383e+01  6.0144419293318796e+00  3.8290585501533574e+00  2.7269469810830532e+01  3.2000021951083269e+01  3.2000012791288093e+01  9.1968351879376957e+00
5.1199999999998397e+01  4.1707168829576595e+00  3.7021751822389426e+01  3.2000024729604768e+01  3.2000016155886414e+01  6.0043440620216524e+00  3.8300722335154198e+00  2.7281508888794448e+01  3.2000022541486366e+01  3.2000013134619671e+01  9.2850906692335116e+00
5.1999999999998202e+01  4.1740876930467845e+00  3.7025384266791662e+01  3.2000025400844635e+01  3.2000016599812646e+01  5.9905694826054869e+00  3.8297561177548891e+00  2.7293748759916770e+01  3.2000023135061369e+01  3.2000013482960810e+01  9.3692409186189725e+00
5.2799999999998100e+01  4.1768221144254110e+00  3.7029302638591176e+01  3.2000026069939480e+01  3.2000017044368704e+01  5.9745240903248984e+00  3.8284326610007566e+00  2.7306018554176742e+01  3.2000023728139602e+01  3.2000013833062944e+01  9.4487894338545111e+00
5.3599999999997898e+01  4.1793269559446982e+00  3.7033527960409629e+01  3.2000026758456947e+01  3.2000017503256856e+01  5.9554642530365749e+00  3.8263731132282146e+00  2.7318333204607814e+01  3.2000024318691224e+01  3.2000014187476381e+01  9.5250232147547038e+00
5.4399999999997704e+01  4.1819557003901284e+00  3.7038352299498285e+01  3.2000027431969414e+01  3.2000017970078396e+01  5.9365781427238904e+00  3.8235174371889684e+00  2.7330852515477446e+01  3.2000024919002676e+01  3.2000014551811638e+01  9.5984363429229251e+00
5.5199999999997601e+01  4.1844575032148406e+00  3.7043298266166303e+01  3.2000028153842649e+01  3.2000018469450787e+01  5.9173286918040580e+00  3.8196959892234057e+00  2.7343512315900224e+01  3.2000025540315953e+01  3.2000014928588541e+01  9.6676064113590314e+00
5.5999999999997399e+01  4.1864744335201269e+00  3.7048378522544205e+01  3.2000028878491392e+01  3.2000018963728586e+01  5.8955862867251430e+00  3.8151399985750816e+00  2.7356077663152984e+01  3.2000026185703440e+01  3.2000015318517768e+01  9.7335026970897189e+00
5.6799999999997297e+01  4.1881777377367344e+00  3.7054277130838074e+01  3.2000029610556503e+01  3.2000019466055107e+01  5.8734598191424876e+00  3.8101766458398760e+00  2.7368610270656898e+01  3.2000026854620891e+01  3.2000015718522626e+01  9.7959908708420365e+00
5.7599999999997102e+01  4.1897187953129418e+00  3.7059799093147831e+01  3.2000030364760704e+01  3.2000019975488783e+01  5.8495145062265417e+00  3.8049743270621974e+00  2.7381216385919060e+01  3.2000027525931301e+01  3.2000016124370816e+01  9.8546064438479490e+00
5.8399999999997000e+01  4.1912185050568640e+00  3.7065675012388866e+01  3.2000031111187468e+01  3.2000020481324277e+01  5.8260731594904236e+00  3.7996350989994028e+00  2.7393780467486394e+01  3.2000028189061567e+01  3.2000016531312554e+01  9.9109231170217722e+00
5.9199999999996798e+01  4.1925183692447394e+00  3.7071778905963527e+01  3.2000031855116610e+01  3.2000020990605002e+01  5.8037593441504880e+00  3.7941534601447984e+00  2.7406614647656554e+01  3.2000028838634648e+01  3.2000016936175541e+01  9.9647163191694546e+00
5.9999999999996597e+01  4.1935827579828544e+00  3.7077452466533799e+01  3.2000032587698016e+01  3.2000021487411260e+01  5.7816914622993645e+00  3.7886327103293409e+00  2.7419292000378270e+01  3.2000029465398477e+01  3.2000017338856438e+01  1.0015249252765793e+01
6.0799999999996501e+01  4.1946225369204342e+00  3.7083340452263108e+01  3.2000033296587503e+01  3.2000021972601637e+01  5.7570761547124318e+00  3.7833978462506082e+00  2.7431708479643138e+01  3.2000030086541805e+01  3.2000017744122545e+01  1.0063680281478069e+01
6.1599999999996299e+01  4.1959590810920915e+00  3.7089304476329012e+01  3.2000033987517320e+01  3.2000022459156831e+01  5.7379141073331814e+00  3.7786766854889855e+00  2.7444412068700888e+01  3.2000030715747030e+01  3.2000018152581731e+01  1.0109570199969314e+01
6.2399999999996197e+01  4.1971084718042349e+00  3.7095175602929068e+01  3.2000034688537973e+01  3.2000022951012028e+01  5.7163772214304958e+00  3.7746002580152469e+00  2.7457147625528812e+01  3.2000031357435475e+01  3.2000018569464672e+01  1.0153345559659915e+01
6.3199999999996002e+01  4.1979894771771393e+00  3.7101187532044015e+01  3.2000035414734320e+01  3.2000023465672847e+01  5.6938603592274584e+00  3.7712504572521475e+00  2.7469782388891691e+01  3.2000032030749551e+01  3.2000018999395287e+01  1.0196242751975248e+01
6.3999999999995801e+01  4.1991524241143363e+00  3.7106607494338391e+01  3.2000036188982449e+01  3.2000024011962715e+01  5.6758983154615343e+00  3.7686736005672676e+00  2.7482432543690244e+01  3.2000032751156915e+01  3.2000019444496047e+01  1.0236831305748122e+01
6.4799999999996203e+01  4.2008039885623241e+00  3.7111878931713967e+01  3.2000037072546277e+01  3.2000024596416040e+01  5.6583676620122230e+00  3.7672258943992620e+00  2.7495304386265904e+01  3.2000033513497513e+01  3.2000019910184896e+01  1.0275906476097244e+01
6.5599999999996697e+01  4.2028096981143914e+00  3.7117671894044882e+01  3.2000037972215473e+01  3.2000025207391516e+01  5.6432403374238929e+00  3.7673577453087681e+00  2.7508302562506930e+01  3.2000034300342243e+01  3.2000020385689034e+01  1.0314569385617393e+01
6.6399999999997107e+01  4.2047174702725076e+00  3.7122687355051262e+01  3.2000038866628010e+01  3.2000025807284572e+01  5.6309042709357255e+00  3.7692654045400147e+00  2.7520959745254874e+01  3.2000035071021685e+01  3.2000020851782388e+01  1.0352182163441288e+01
6.7199999999997502e+01  4.2064664137664618e+00  3.7128331021964065e+01  3.2000039714874212e+01  3.2000026371646783e+01  5.6150146033282908e+00  3.7731241901206873e+00  2.7533744365061771e+01  3.2000035810110234e+01  3.2000021301203020e+01  1.0390001164831132e+01
6.7999999999997897e+01  4.2089604951135282e+00  3.7133682367532430e+01  3.2000040486328309e+01  3.2000026901792005e+01  5.6032939289909551e+00  3.7792810257012541e+00  2.7546897262551340e+01  3.2000036540756760e+01  3.2000021743430011e+01  1.0428592966072138e+01
6.8799999999998306e+01  4.2122965810091095e+00  3.7138302344839367e+01  3.2000041282013335e+01  3.2000027454160637e+01  5.5945920479017097e+00  3.7878540858391743e+00  2.7559514050237905e+01  3.2000037288657019e+01  3.2000022194196440e+01  1.0466621777696208e+01
6.9599999999998701e+01  4.2159832620247704e+00  3.7143370309045139e+01  3.2000042185924407e+01  3.2000028086126193e+01  5.5908665078013318e+00  3.7984569803754917e+00  2.7571811486345194e+01  3.2000038047167109e+01  3.2000022663082497e+01  1.0504666564044360e+01
7.0399999999999096e+01  4.2193875866217674e+00  3.7148627632470749e+01  3.2000043040514896e+01  3.2000028677958539e+01  5.5862964987349226e+00  3.8102090988764683e+00  2.7583929771695605e+01  3.2000038794857367e+01  3.2000023132663159e+01  1.0543273093292429e+01
7.1199999999999505e+01  4.2228999989496465e+00  3.7153931535442673e+01  3.2000043833147522e+01  3.2000029209357535e+01  5.5808373298598086e+00  3.8223804674674682e+00  2.7595808620785885e+01  3.2000039531161050e+01  3.2000023592348192e+01  1.0581630381137993e+01
7.1999999999999901e+01  4.2270047166763831e+00  3.7158959310682576e+01  3.2000044599568689e+01  3.2000029722907556e+01  5.5786691607133809e+00  3.8347084376888674e+00  2.7607984271480273e+01  3.2000040254669436e+01  3.2000024046648278e+01  1.0618574153863326e+01
7.2800000000000296e+01  4.2312828151721256e+00  3.7164366912022459e+01  3.2000045319068875e+01  3.2000030254298053e+01  5.5768108586908705e+00  3.8472398675966359e+00  2.7620244089451834e+01  3.2000040968257096e+01  3.2000024494159135e+01  1.0654780551471310e+01
7.3600000000000705e+01  4.2351417254187051e+00  3.7169624378480201e+01  3.2000046020261870e+01  3.2000030779347568e+01  5.5762906067393789e+00  3.8598835947290979e+00  2.7631914462471681e+01  3.2000041669366887e+01  3.2000024940871711e+01  1.0690288537087511e+01
7.4400000000001199e+01  4.2385870082258794e+00  3.7174697048653016e+01  3.2000046716037616e+01  3.2000031300689422e+01  5.5743971765686231e+00  3.8723703646925891e+00  2.7643517865742034e+01  3.2000042347371000e+01  3.2000025377324555e+01  1.0724968378397369e+01
7.5200000000001594e+01  4.2421724318953764e+00  3.7180347583879644e+01  3.2000047325485149e+01  3.2000031777296186e+01  5.5717989011696094e+00  3.8844799607538798e+00  2.7655684287097476e+01  3.2000043003933662e+01  3.2000025793637832e+01  1.0759669640990504e+01
7.6000000000002004e+01  4.2460241751764105e+00  3.7185961732568522e+01  3.2000047992635345e+01  3.2000032242042181e+01  5.5720280902996979e+00  3.8960443161331550e+00  2.7667692639271845e+01  3.2000043656206024e+01  3.2000026204370258e+01  1.0793466686819070e+01
7.6800000000002399e+01  4.2495083888854115e+00  3.7191695608226894e+01  3.2000048711141666e+01  3.2000032757608182e+01  5.5691700465917817e+00  3.9069617281897635e+00  2.7679459284459110e+01  3.2000044317372677e+01  3.2000026624952731e+01  1.0825644919963031e+01
7.7600000000002794e+01  4.2524236128328035e+00  3.7197258381141786e+01  3.2000049455570490e+01  3.2000033309601157e+01  5.5656225125527872e+00  3.9172076095934876e+00  2.7691480602200151e+01  3.2000044988155501e+01  3.2000027060932283e+01  1.0857368596307719e+01
7.8400000000003203e+01  4.2551270903731702e+00  3.7202963357850834e+01  3.2000050209003803e+01  3.2000033869042952e+01  5.5626353459491247e+00  3.9266935151439974e+00  2.7703485019056235e+01  3.2000045661365071e+01  3.2000027502730511e+01  1.0888484190911605e+01
7.9200000000003598e+01  4.2578796135956729e+00  3.7208769442251807e+01  3.2000051000823454e+01  3.2000034429587892e+01  5.5587507170052133e+00  3.9352945770461476e+00  2.7715500914870407e+01  3.2000046337825864e+01  3.2000027942406632e+01  1.0918654004934826e+01
8.0000000000003993e+01  4.2605870954489440e+00  3.7214615660484760e+01  3.2000051859396926e+01  3.2000034991945768e+01  5.5545167179192267e+00  3.9429322478984270e+00  2.7727720445468368e+01  3.2000047013570395e+01  3.2000028385860787e+01  1.0948257793310372e+01
8.0800000000004403e+01  4.2629341594426977e+00  3.7220623090256510e+01  3.2000052676919999e+01  3.2000035552795424e+01  5.5498363640894057e+00  3.9495485333798355e+00  2.7739795005488215e+01  3.2000047701334850e+01  3.2000028837343812e+01  1.0976600655317574e+01
8.1600000000004798e+01  4.2648966750426451e+00  3.7226626758405004e+01  3.2000053585798817e+01  3.2000036121729771e+01  5.5432307210873599e+00  3.9551655497954008e+00  2.7752064975804853e+01  3.2000048407511734e+01  3.2000029299260284e+01  1.1004134640682125e+01
8.2400000000005207e+01  4.2667574630263791e+00  3.7232663692199047e+01  3.2000054446784482e+01  3.2000036701910574e+01  5.5359450944854185e+00  3.9597912806673792e+00  2.7764627655031155e+01  3.2000049125140947e+01  3.2000029770410279e+01  1.1031161240571894e+01
8.3200000000005701e+01  4.2688023188363342e+00  3.7238873936649156e+01  3.2000055258752703e+01  3.2000037246988960e+01  5.5294817089121659e+00  3.9633595743390719e+00  2.7777044470994195e+01  3.2000049864038800e+01  3.2000030241018379e+01  1.1057129888448841e+01
8.4000000000006096e+01  4.2708491338444512e+00  3.7245100207295330e+01  3.2000056061766408e+01  3.2000037784689525e+01  5.5226616085643334e+00  3.9658178617821580e+00  2.7789340344314244e+01  3.2000050639237706e+01  3.2000030712405739e+01  1.1081850289627249e+01
8.4800000000006506e+01  4.2726187471662307e+00  3.7251246803347378e+01  3.2000056765494492e+01  3.2000038297661362e+01  5.5158158476597983e+00  3.9672227096464585e+00  2.7801909084245025e+01  3.2000051458414632e+01  3.2000031188469123e+01  1.1105719363861425e+01
8.5600000000006901e+01  4.2742025511619079e+00  3.7257376289634557e+01  3.2000057459537359e+01  3.2000038871648215e+01  5.5068600152980789e+00  3.9676590568810575e+00  2.7814772380403962e+01  3.2000052309994992e+01  3.2000031665920488e+01  1.1128984179160792e+01
8.6400000000007296e+01  4.2760201648318965e+00  3.7263975847241888e+01  3.2000058202656291e+01  3.2000039441439498e+01  5.4972683723155065e+00  3.9671690474413772e+00  2.7827757841707783e+01  3.2000053177647516e+01  3.2000032154445464e+01  1.1151466736406476e+01
8.7200000000007705e+01  4.2782394680588887e+00  3.7270267725264098e+01  3.2000058980449062e+01  3.2000040047398635e+01  5.4910502027980304e+00  3.9657417638796577e+00  2.7840578684715005e+01  3.2000054033983893e+01  3.2000032662269085e+01  1.1172669043324509e+01
8.8000000000008100e+01  4.2804001949991122e+00  3.7276744823340842e+01  3.2000059649880527e+01  3.2000040688425926e+01  5.4845911782772196e+00  3.9633953689854073e+00  2.7853326161688166e+01  3.2000054860577357e+01  3.2000033180115551e+01  1.1192804327498983e+01
8.8800000000008495e+01  4.2823285413918235e+00  3.7283253234674063e+01  3.2000060441085537e+01  3.2000041365951276e+01  5.4742622490123569e+00  3.9602284741970655e+00  2.7866412523790220e+01  3.2000055663051754e+01  3.2000033709008861e+01  1.1212196999371539e+01
8.9600000000008905e+01  4.2846723097771147e+00  3.7289645468358856e+01  3.2000061207593582e+01  3.2000042023837239e+01  5.4670285258634115e+00  3.9563574347857347e+00  2.7879744017665057e+01  3.2000056461089216e+01  3.2000034258099376e+01  1.1230333255716696e+01
9.0400000000009300e+01  4.2876984280027770e+00  3.7296337722499331e+01  3.2000062038568949e+01  3.2000042727285809e+01  5.4634493247096616e+00  3.9519165234948010e+00  2.7892975620630466e+01  3.2000057268361218e+01  3.2000034822154561e+01  1.1247663373440982e+01
9.1200000000009794e+01  4.2909055608121562e+00  3.7302911169856323e+01  3.2000062969348953e+01  3.2000043413899107e+01  5.4592219162112983e+00  3.9469534199563769e+00  2.7906235996841399e+01  3.2000058100061203e+01  3.2000035400088031e+01  1.1264567542312365e+01
9.2000000000010203e+01  4.2939429251293593e+00  3.7309704900254957e+01  3.2000063975738655e+01  3.2000044084552528e+01  5.4538894337215753e+00  3.9414656204557339e+00  2.7919771726821214e+01  3.2000058962869772e+01  3.2000035996220987e+01  1.1279946406398903e+01
9.2800000000010598e+01  4.2971948450771738e+00  3.7316281742035279e+01  3.2000064930058862e+01  3.2000044767906992e+01  5.4508020654936225e+00  3.9356172412083588e+00  2.7933375129257279e+01  3.2000059861851902e+01  3.2000036604486482e+01  1.1293801616762257e+01
9.3600000000010994e+01  4.3010109360963291e+00  3.7322944612145143e+01  3.2000065840206801e+01  3.2000045385682135e+01  5.4507035202663552e+00  3.9296401232803997e+00  2.7946853766143942e+01  3.2000060799458169e+01  3.2000037213772778e+01  1.1307281762323766e+01
9.4400000000011403e+01  4.3049239559542753e+00  3.7330113906879440e+01  3.2000066933681758e+01  3.2000046070011166e+01  5.4470454511813191e+00  3.9236158171319921e+00  2.7960420298634151e+01  3.2000061761254010e+01  3.2000037819529432e+01  1.1320137352890795e+01
9.5200000000011798e+01  4.3087111707516481e+00  3.7336826427796645e+01  3.2000067936559034e+01  3.2000046683434910e+01  5.4461975086154100e+00  3.9175615338569449e+00  2.7974118525636037e+01  3.2000062723516123e+01  3.2000038416723577e+01  1.1331508102255397e+01
9.6000000000012193e+01  4.3124277291764974e+00  3.7343881973941293e+01  3.2000068827041389e+01  3.2000047226765226e+01  5.4471148676900532e+00  3.9116429318545540e+00  2.7987886392876501e+01  3.2000063665561939e+01  3.2000038996147566e+01  1.1342215909808493e+01
9.6800000000012602e+01  4.3161234465194163e+00  3.7351069257271071e+01  3.2000069883808372e+01  3.2000047824414338e+01  5.4436142643149701e+00  3.9060738196509353e+00  2.8001593967148015e+01  3.2000064576716689e+01  3.2000039557375928e+01  1.1352743055725147e+01
9.7600000000012997e+01  4.3199206317969292e+00  3.7358164204687583e+01  3.2000070884272148e+01  3.2000048407425410e+01  5.4410041582211122e+00  3.9009272762303535e+00  2.8015085786025633e+01  3.2000065458576600e+01  3.2000040107888779e+01  1.1361893074049993e+01
9.8400000000013407e+01  4.3236365441344065e+00  3.7365382335923528e+01  3.2000071815396097e+01  3.2000048996197641e+01  5.4420094808585944e+00  3.8963045655847610e+00  2.8028571033070605e+01  3.2000066313304650e+01  3.2000040641091275e+01  1.1369919475202250e+01
9.9200000000013802e+01  4.3269011151008767e+00  3.7372709123033978e+01  3.2000072900363101e+01  3.2000049612446979e+01  5.4395716156553640e+00  3.8924150576222392e+00  2.8042267823460271e+01  3.2000067132816127e+01  3.2000041154552285e+01  1.1378057406331102e+01
1.0000000000001400e+02  4.3299798076464606e+00  3.7380116134433379e+01  3.2000073996034935e+01  3.2000050241810854e+01  5.4343046798593164e+00  3.8894113230949698e+00  2.8055979161848299e+01  3.2000067922769006e+01  3.2000041659491288e+01  1.1385542217424758e+01
1.0080000000001500e+02  4.3331637189359906e+00  3.7387550326757484e+01  3.2000074959751004e+01  3.2000050904244773e+01  5.4318488240541773e+00  3.8874564876127007e+00  2.8069440320547926e+01  3.2000068703492957e+01  3.2000042160154230e+01  1.1391863354954609e+01
1.0160000000001500e+02  4.3363238804240272e+00  3.7395098456066876e+01  3.2000076029577848e+01  3.2000051587528674e+01  5.4312460989481401e+00  3.8868531181249182e+00  2.8082732990406072e+01  3.2000069463215404e+01  3.2000042659535488e+01  1.1398389918784245e+01
1.0240000000001500e+02  4.3390680895398210e+00  3.7403043282912172e+01  3.2000077138949564e+01  3.2000052348709744e+01  5.4254952462253518e+00  3.8880372925685167e+00  2.8096198706873409e+01  3.2000070202327251e+01  3.2000043160877382e+01  1.1405518734544277e+01
1.0320000000001600e+02  4.3414809480008163e+00  3.7410483813037764e+01  3.2000078168783638e+01  3.2000053157800657e+01  5.4198930910410272e+00  3.8913645943656672e+00  2.8109847858927210e+01  3.2000070953985968e+01  3.2000043670955463e+01  1.1412288234748166e+01
1.0400000000001600e+02  4.3439016593623947e+00  3.7417911034884362e+01  3.2000079187054965e+01  3.2000053955846184e+01  5.4168527459104512e+00  3.8964812885292694e+00  2.8123359510480228e+01  3.2000071748431616e+01  3.2000044200031226e+01  1.1419228032751677e+01
1.0480000000001699e+02  4.3463657321990707e+00  3.7425847851857029e+01  3.2000080229888717e+01  3.2000054830410654e+01  5.4104958392345885e+00  3.9028933225495015e+00  2.8136764900637555e+01  3.2000072581999788e+01  3.2000044750064589e+01  1.1427367892349899e+01
1.0560000000001700e+02  4.3487241379584116e+00  3.7433632906337458e+01  3.2000081228117367e+01  3.2000055731320451e+01  5.4025553351611189e+00  3.9102219096997635e+00  2.8150237601696499e+01  3.2000073451567253e+01  3.2000045314862497e+01  1.1435589570664455e+01
1.0640000000001800e+02  4.3507895259159568e+00  3.7441239250654988e+01  3.2000082205288564e+01  3.2000056588896108e+01  5.3965803907244245e+00  3.9181921340924077e+00  2.8163924115786660e+01  3.2000074348832001e+01  3.2000045892214338e+01  1.1443137572970002e+01
1.0720000000001799e+02  4.3527935156392177e+00  3.7449304828831352e+01  3.2000083249287933e+01  3.2000057472706885e+01  5.3914521426918727e+00  3.9266183884179489e+00  2.8177719495160094e+01  3.2000075269311573e+01  3.2000046488103976e+01  1.1450972292724744e+01
1.0800000000001801e+02  4.3549254551765699e+00  3.7457674258230888e+01  3.2000084227115700e+01  3.2000058310381561e+01  5.3826717208735602e+00  3.9352695963573794e+00  2.8191319321727772e+01  3.2000076222749236e+01  3.2000047107498311e+01  1.1459133108442348e+01
1.0880000000001900e+02  4.3573188994740129e+00  3.7465923257849859e+01  3.2000085222548051e+01  3.2000059128246846e+01  5.3758919505328526e+00  3.9439258763591600e+00  2.8204895422707175e+01  3.2000077193191721e+01  3.2000047746224880e+01  1.1466961123380946e+01
1.0960000000001899e+02  4.3597014541456884e+00  3.7474199599503102e+01  3.2000086180698069e+01  3.2000059849189562e+01  5.3727304275664416e+00  3.9524869106299541e+00  2.8218655858469823e+01  3.2000078153008545e+01  3.2000048394823672e+01  1.1474817438605648e+01
1.1040000000002000e+02  4.3617828935884022e+00  3.7483026563539006e+01  3.2000087147938906e+01  3.2000060573707707e+01  5.3645953035214022e+00  3.9608991632638952e+00  2.8232239718388517e+01  3.2000079106123650e+01  3.2000049043791734e+01  1.1483312947405977e+01
1.1120000000002000e+02  4.3640045379372587e+00  3.7491744269011981e+01  3.2000088151367002e+01  3.2000061307520070e+01  5.3547408718218419e+00  3.9689918717605330e+00  2.8245352736713802e+01  3.2000080068697280e+01  3.2000049695043678e+01  1.1491668813129444e+01
1.1200000000001999e+02  4.3668460369806885e+00  3.7499702689081793e+01  3.2000089083517153e+01  3.2000061970052300e+01  5.3509371024931776e+00  3.9765548901615793e+00  2.8258223095464334e+01  3.2000081053106264e+01  3.2000050350090454e+01  1.1499086143572514e+01
1.1280000000002100e+02  4.3698602057386147e+00  3.7508101286750247e+01  3.2000090023090522e+01  3.2000062651851415e+01  5.3463905848291713e+00  3.9835181866997917e+00  2.8271152353178220e+01  3.2000082063678867e+01  3.2000051010498055e+01  1.1506215437624688e+01
1.1360000000002100e+02  4.3726927733616776e+00  3.7516900233677852e+01  3.2000091067750915e+01  3.2000063380907179e+01  5.3378017855084581e+00  3.9898399810794736e+00  2.8284079980345133e+01  3.2000083102863812e+01  3.2000051678209417e+01  1.1512951549549260e+01
1.1440000000002200e+02  4.3755923143076023e+00  3.7524948991617691e+01  3.2000092042160759e+01  3.2000064033510981e+01  5.3309243268861719e+00  3.9954047427267443e+00  2.8296879602619693e+01  3.2000084168364921e+01  3.2000052347938222e+01  1.1518157825889409e+01
1.1520000000002200e+02  4.3790839172037348e+00  3.7532542938815730e+01  3.2000093029612948e+01  3.2000064638720026e+01  5.3293339515762277e+00  4.0001287417976856e+00  2.8309895912329448e+01  3.2000085253808450e+01  3.2000053016431089e+01  1.1521933182431729e+01
1.1600000000002200e+02  4.3829685897976702e+00  3.7540850124777542e+01  3.2000093992497398e+01  3.2000065282601497e+01  5.3280295467695362e+00  4.0040022353644389e+00  2.8323452501042055e+01  3.2000086352358593e+01  3.2000053691174877e+01  1.1524918111060174e+01
1.1680000000002300e+02  4.3867637539332129e+00  3.7549236363535258e+01  3.2000094962050852e+01  3.2000065961464458e+01  5.3264256566932540e+00  4.0070482892089716e+00  2.8337409691500241e+01  3.2000087454677761e+01  3.2000054373453665e+01  1.1526985318377735e+01
1.1760000000002300e+02  4.3904870469272943e+00  3.7557349353997878e+01  3.2000095941510978e+01  3.2000066689427989e+01  5.3286167342795343e+00  4.0093009320991690e+00  2.8351765865392643e+01  3.2000088562342064e+01  3.2000055061976425e+01  1.1528395707930233e+01
1.1840000000002399e+02  4.3943016784469275e+00  3.7565798968798973e+01  3.2000097050680679e+01  3.2000067476766780e+01  5.3322406331386318e+00  4.0107982590714180e+00  2.8366633781728407e+01  3.2000089673324318e+01  3.2000055758487065e+01  1.1530135922439184e+01
1.1920000000002400e+02  4.3982656414919061e+00  3.7574762118408039e+01  3.2000098202645958e+01  3.2000068259507323e+01  5.3342268261446346e+00  4.0115794180554616e+00  2.8381862579576790e+01  3.2000090777855540e+01  3.2000056458433299e+01  1.1532811488326294e+01
1.2000000000002400e+02  4.4021965144389226e+00  3.7583898017258782e+01  3.2000099355355189e+01  3.2000069005006424e+01  5.3370208513184156e+00  4.0116741813106467e+00  2.8397295267171611e+01  3.2000091882460474e+01  3.2000057157794679e+01  1.1536379164088874e+01
1.2080000000002499e+02  4.4058745387715987e+00  3.7592821192766074e+01  3.2000100574250787e+01  3.2000069785865001e+01  5.3409980540493285e+00  4.0111073856496482e+00  2.8412862154599232e+01  3.2000092994206383e+01  3.2000057857930003e+01  1.1540959223556779e+01
1.2160000000002501e+02  4.4093165998736819e+00  3.7602206930235141e+01  3.2000101687258258e+01  3.2000070549821345e+01  5.3411766922040913e+00  4.0099097912756276e+00  2.8428359749644251e+01  3.2000094118881556e+01  3.2000058563670400e+01  1.1546828011435963e+01
1.2240000000002600e+02  4.4126000849144376e+00  3.7611926755886238e+01  3.2000102720252919e+01  3.2000071254102345e+01  5.3372314429777825e+00  4.0080815503306404e+00  2.8443639522402400e+01  3.2000095263457816e+01  3.2000059280823884e+01  1.1553502776607468e+01
1.2320000000002599e+02  4.4158503103615274e+00  3.7621271391389207e+01  3.2000103778500325e+01  3.2000071974451124e+01  5.3339611575618813e+00  4.0055912689239044e+00  2.8458735612010774e+01  3.2000096433494029e+01  3.2000060014653066e+01  1.1560025182531936e+01
1.2400000000002700e+02  4.4188782621030196e+00  3.7630813580533193e+01  3.2000104814156280e+01  3.2000072713895577e+01  5.3287628849320834e+00  4.0024577777766286e+00  2.8473717115699678e+01  3.2000097627596361e+01  3.2000060761636298e+01  1.1565768387250667e+01
1.2480000000002700e+02  4.4215112371701446e+00  3.7640775797044050e+01  3.2000105888991925e+01  3.2000073469747768e+01  5.3177884986787358e+00  3.9987430348834336e+00  2.8488508694458002e+01  3.2000098840201041e+01  3.2000061520347302e+01  1.1570320845807037e+01
1.2560000000002699e+02  4.4240016170347065e+00  3.7650726822019983e+01  3.2000106828938257e+01  3.2000074184204891e+01  5.3055839256693735e+00  3.9944581210356462e+00  2.8503010192526791e+01  3.2000100086007485e+01  3.2000062298335472e+01  1.1572788030528057e+01
1.2640000000002800e+02  4.4265962914077832e+00  3.7660224924608599e+01  3.2000107779297323e+01  3.2000074897920278e+01  5.2960749372566678e+00  3.9896404598821409e+00  2.8517367981176395e+01  3.2000101363791622e+01  3.2000063095340870e+01  1.1572553771628844e+01
1.2720000000002800e+02  4.4291377088900106e+00  3.7669956958160220e+01  3.2000108814779345e+01  3.2000075658739483e+01  5.2852215666159816e+00  3.9844317030314542e+00  2.8531813793592647e+01  3.2000102662500744e+01  3.2000063913616948e+01  1.1569834918120350e+01
1.2800000000002899e+02  4.4315089420017566e+00  3.7680089574868774e+01  3.2000109778336288e+01  3.2000076371204997e+01  5.2739198830482330e+00  3.9789744890696421e+00  2.8546217228133973e+01  3.2000103973312683e+01  3.2000064746978765e+01  1.1564716140524347e+01
1.2880000000002801e+02  4.4337859722672661e+00  3.7689930526135115e+01  3.2000110809273309e+01  3.2000077098965015e+01  5.2654318598278209e+00  3.9733813496547858e+00  2.8560347620730028e+01  3.2000105278767478e+01  3.2000065581869627e+01  1.1557353115203920e+01
1.2960000000002699e+02  4.4362750092454935e+00  3.7699567491596319e+01  3.2000111851034546e+01  3.2000077825749550e+01  5.2610671848086445e+00  3.9677978856571601e+00  2.8574438665511380e+01  3.2000106570285361e+01  3.2000066413503227e+01  1.1548500086295967e+01
1.3040000000002601e+02  4.4390320457724179e+00  3.7709490244656202e+01  3.2000112916355818e+01  3.2000078560832030e+01  5.2580897046106534e+00  3.9624366798168769e+00  2.8588662291672279e+01  3.2000107844115647e+01  3.2000067236584364e+01  1.1539107462968486e+01
1.3120000000002599e+02  4.4417060283945320e+00  3.7719572761270783e+01  3.2000114106824626e+01  3.2000079387480234e+01  5.2560610027843975e+00  3.9575264503089649e+00  2.8602707028357592e+01  3.2000109092343450e+01  3.2000068042876954e+01  1.1529807389794241e+01
1.3200000000002501e+02  4.4443129977294271e+00  3.7729281840080127e+01  3.2000115321683644e+01  3.2000080212929639e+01  5.2581951094616226e+00  3.9532271138395680e+00  2.8616445748889724e+01  3.2000110316760527e+01  3.2000068827700836e+01  1.1521134421137560e+01
1.3280000000002400e+02  4.4470462723212254e+00  3.7738904254109613e+01  3.2000116510250045e+01  3.2000081008996681e+01  5.2597566087730740e+00  3.9497048112675834e+00  2.8630115622409129e+01  3.2000111525723078e+01  3.2000069595972256e+01  1.1514102145043644e+01
1.3360000000002299e+02  4.4500973693240393e+00  3.7748844353540790e+01  3.2000117724730544e+01  3.2000081875485371e+01  5.2618043145324531e+00  3.9472013234399617e+00  2.8643861714333038e+01  3.2000112724137736e+01  3.2000070355376003e+01  1.1509137728806969e+01
1.3440000000002300e+02  4.4533250932373134e+00  3.7758710619437430e+01  3.2000119044246624e+01  3.2000082826534147e+01  5.2652778044664323e+00  3.9458906349970357e+00  2.8657723233347586e+01  3.2000113923930513e+01  3.2000071107597890e+01  1.1506023114576010e+01
1.3520000000002199e+02  4.4564767966611019e+00  3.7768314262819906e+01  3.2000120443550408e+01  3.2000083777439599e+01  5.2678986974557214e+00  3.9459313309538215e+00  2.8671791037844933e+01  3.2000115137523522e+01  3.2000071869806938e+01  1.1505197103278306e+01
1.3600000000002100e+02  4.4595910003335923e+00  3.7778150274357401e+01  3.2000121763966312e+01  3.2000084712982108e+01  5.2685399260900274e+00  3.9475231803245276e+00  2.8686400283030633e+01  3.2000116375442381e+01  3.2000072661130709e+01  1.1506483866823533e+01
1.3680000000002099e+02  4.4628763940357334e+00  3.7788229235586250e+01  3.2000123061279616e+01  3.2000085660800089e+01  5.2660977444588584e+00  3.9507286916648328e+00  2.8701971893556522e+01  3.2000117637316968e+01  3.2000073469429317e+01  1.1509266465506187e+01
1.3760000000002000e+02  4.4665431218736185e+00  3.7798070910760657e+01  3.2000124276598754e+01  3.2000086495195632e+01  5.2653305559362087e+00  3.9552677910450607e+00  2.8718265965247326e+01  3.2000118914100760e+01  3.2000074286519322e+01  1.1513110081569101e+01
1.3840000000001899e+02  4.4702743986744160e+00  3.7808204553674713e+01  3.2000125460758063e+01  3.2000087332291272e+01  5.2645001677699614e+00  3.9607789260501098e+00  2.8734905474062010e+01  3.2000120220884362e+01  3.2000075120546157e+01  1.1517176731592297e+01
1.3920000000001801e+02  4.4737627524559818e+00  3.7818857671349726e+01  3.2000126743576153e+01  3.2000088244078057e+01  5.2588892670966763e+00  3.9669381272647515e+00  2.8751879337651683e+01  3.2000121560886086e+01  3.2000075976096383e+01  1.1520979125788221e+01
1.4000000000001799e+02  4.4772085624657931e+00  3.7829428954464781e+01  3.2000127984974831e+01  3.2000089122002045e+01  5.2525969757170063e+00  3.9734604795796615e+00  2.8769282267435791e+01  3.2000122931735092e+01  3.2000076859952209e+01  1.1523803271454504e+01
1.4080000000001701e+02  4.4808880090838548e+00  3.7839884427063865e+01  3.2000129165082576e+01  3.2000089973766464e+01  5.2482812196429203e+00  3.9801745792695664e+00  2.8787214241910011e+01  3.2000124333255670e+01  3.2000077760652694e+01  1.1525266749981775e+01
1.4160000000001600e+02  4.4846321100861912e+00  3.7850795625356596e+01  3.2000130436134938e+01  3.2000090903507513e+01  5.2423837505153736e+00  3.9869626818365766e+00  2.8805664472054435e+01  3.2000125764349747e+01  3.2000078678901886e+01  1.1525344621033296e+01
1.4240000000001501e+02  4.4881247667576956e+00  3.7862120795892238e+01  3.2000131660052190e+01  3.2000091851426276e+01  5.2349401090200711e+00  3.9936589365548407e+00  2.8824410922644674e+01  3.2000127213258985e+01  3.2000079612795638e+01  1.1523652270444131e+01
1.4320000000001500e+02  4.4913947757608295e+00  3.7873270782352485e+01  3.2000132896909321e+01  3.2000092806735417e+01  5.2279111183094731e+00  4.0001335545336065e+00  2.8843376740672468e+01  3.2000128667835746e+01  3.2000080552499632e+01  1.1520106836135989e+01
1.4400000000001401e+02  4.4946925196617205e+00  3.7884481961290540e+01  3.2000134189339747e+01  3.2000093743415739e+01  5.2216310215675401e+00  4.0063152475079304e+00  2.8862555208216065e+01  3.2000130121577925e+01  3.2000081495272994e+01  1.1514886583410904e+01
1.4480000000001300e+02  4.4980418305936229e+00  3.7896213199293726e+01  3.2000135455621795e+01  3.2000094699913625e+01  5.2151983882842208e+00  4.0121309722686354e+00  2.8881762998692697e+01  3.2000131573827439e+01  3.2000082443099046e+01  1.1508081306467682e+01
1.4560000000001301e+02  4.5012385000632387e+00  3.7907832187513307e+01  3.2000136869280496e+01  3.2000095754693419e+01  5.2076957944273277e+00  4.0175070807762054e+00  2.8900787448156926e+01  3.2000133026303665e+01  3.2000083391494023e+01  1.1499849674210139e+01
1.4640000000001200e+02  4.5042224183976201e+00  3.7919398158197389e+01  3.2000138202942786e+01  3.2000096729227742e+01  5.2013343509507317e+00  4.0223852380559713e+00  2.8919528742719290e+01  3.2000134479091990e+01  3.2000084335788436e+01  1.1490391447637874e+01
1.4720000000001099e+02  4.5070922375825644e+00  3.7931287706948680e+01  3.2000139583215713e+01  3.2000097730029943e+01  5.1954240414551798e+00  4.0267163660614340e+00  2.8937950030712027e+01  3.2000135934636226e+01  3.2000085277477758e+01  1.1479991872236019e+01
1.4800000000001000e+02  4.5099275270361865e+00  3.7942994854462285e+01  3.2000141141868689e+01  3.2000098811064156e+01  5.1879062616802232e+00  4.0304756095520355e+00  2.8955981410285567e+01  3.2000137395469302e+01  3.2000086217748091e+01  1.1469056393468760e+01
1.4880000000000999e+02  4.5127730066847702e+00  3.7954675095460814e+01  3.2000142664229983e+01  3.2000099856761238e+01  5.1816938647420248e+00  4.0336474408714977e+00  2.8973571699995485e+01  3.2000138858479474e+01  3.2000087154741593e+01  1.1457764973293957e+01
1.4960000000000900e+02  4.5155236645582022e+00  3.7966580544221088e+01  3.2000144060830273e+01  3.2000100830190028e+01  5.1767055632360606e+00  4.0362054047443543e+00  2.8990724684422698e+01  3.2000140317648672e+01  3.2000088083715042e+01  1.1446353053913002e+01
1.5040000000000799e+02  4.5181214455127030e+00  3.7978525550536510e+01  3.2000145617127195e+01  3.2000101849913086e+01  5.1707551114660637e+00  4.0381444190304672e+00  2.9007430739677819e+01  3.2000141778400781e+01  3.2000089008765116e+01  1.1435430977016695e+01
1.5120000000000701e+02  4.5206677031165530e+00  3.7990322986986399e+01  3.2000147131235337e+01  3.2000102874524657e+01  5.1644916086777641e+00  4.0394834444615286e+00  2.9023764812824574e+01  3.2000143248616205e+01  3.2000089937726607e+01  1.1425336456334414e+01
1.5200000000000699e+02  4.5233614268324054e+00  3.8001995928252931e+01  3.2000148624114644e+01  3.2000103895558347e+01  5.1599290964866515e+00  4.0402353174818675e+00  2.9039828192606461e+01  3.2000144723114310e+01  3.2000090868543687e+01  1.1416054959395897e+01
1.5280000000000601e+02  4.5261426135696272e+00  3.8013879369795262e+01  3.2000149992871734e+01  3.2000104820130254e+01  5.1557669981918943e+00  4.0404171531150759e+00  2.9055562450418773e+01  3.2000146195138122e+01  3.2000091798563552e+01  1.1407926326070921e+01
1.5360000000000500e+02  4.5288322596473432e+00  3.8025806996630706e+01  3.2000151460204272e+01  3.2000105795692356e+01  5.1512855792174577e+00  4.0400471036656551e+00  2.9071010802585725e+01  3.2000147667749339e+01  3.2000092739506691e+01  1.1401115186221361e+01
1.5440000000000501e+02  4.5314686354156830e+00  3.8037505390012392e+01  3.2000152940767187e+01  3.2000106802441316e+01  5.1462852929469181e+00  4.0391564538361724e+00  2.9086290424514267e+01  3.2000149145052710e+01  3.2000093704019434e+01  1.1395615827089790e+01
1.5520000000000400e+02  4.5343259549675814e+00  3.8049225791034040e+01  3.2000154401732615e+01  3.2000107773737433e+01  5.1423188500048500e+00  4.0377915236636195e+00  2.9101464542674584e+01  3.2000150631504106e+01  3.2000094693596552e+01  1.1391518504101823e+01
1.5600000000000301e+02  4.5374936375384838e+00  3.8060985366945317e+01  3.2000155864687578e+01  3.2000108750810959e+01  5.1403378735649659e+00  4.0360136570043004e+00  2.9116503136187870e+01  3.2000152132790838e+01  3.2000095702614118e+01  1.1388896775839202e+01
1.5680000000000200e+02  4.5407084383732617e+00  3.8072856593387776e+01  3.2000157293710636e+01  3.2000109745241389e+01  5.1380816287405615e+00  4.0338822449101475e+00  2.9131405571547784e+01  3.2000153645094890e+01  3.2000096731878251e+01  1.1387738919172589e+01
1.5760000000000201e+02  4.5438631808967855e+00  3.8084720959377968e+01  3.2000158735215678e+01  3.2000110698012236e+01  5.1361340317192186e+00  4.0314444324133305e+00  2.9146250810425300e+01  3.2000155162218043e+01  3.2000097774055675e+01  1.1387901381025573e+01
1.5840000000000100e+02  4.5471996950766913e+00  3.8096530629337245e+01  3.2000160054115355e+01  3.2000111590142680e+01  5.1349256662871348e+00  4.0287753691433617e+00  2.9161163660006807e+01  3.2000156685254844e+01  3.2000098824423006e+01  1.1389144319230793e+01
1.5919999999999999e+02  4.5509033469417934e+00  3.8108511549096256e+01  3.2000161404407947e+01  3.2000112530168394e+01  5.1352762527968530e+00  4.0259938695831146e+00  2.9176220497284810e+01  3.2000158221010551e+01  3.2000099877757357e+01  1.1391440313971479e+01
1.5999999999999901e+02  4.5547678119464452e+00  3.8120520565063167e+01  3.2000163013720361e+01  3.2000113570474781e+01  5.1371764979080279e+00  4.0231867278819173e+00  2.9191390060894076e+01  3.2000159782954327e+01  3.2000100933423909e+01  1.1394616910773101e+01
1.6079999999999899e+02  4.5585446251309065e+00  3.8132661198356566e+01  3.2000164502756654e+01  3.2000114570237614e+01  5.1384058651128637e+00  4.0204136564009900e+00  2.9206734867810244e+01  3.2000161370614258e+01  3.2000101984695718e+01  1.1398199074886191e+01
1.6159999999999800e+02  4.5623413528712469e+00  3.8144888322728228e+01  3.2000166038135646e+01  3.2000115585862062e+01  5.1396253929853088e+00  4.0177927544651606e+00  2.9222460805527479e+01  3.2000162980039235e+01  3.2000103024204940e+01  1.1401907139747438e+01
1.6239999999999699e+02  4.5663108487511153e+00  3.8157035462399783e+01  3.2000167643458141e+01  3.2000116641399416e+01  5.1426553599393783e+00  4.0154779400239562e+00  2.9238594530241169e+01  3.2000164605081359e+01  3.2000104056504100e+01  1.1405630847117513e+01
1.6319999999999700e+02  4.5703751195126205e+00  3.8169354782696509e+01  3.2000169168505700e+01  3.2000117705621442e+01  5.1458944862067639e+00  4.0135753674475945e+00  2.9254976607831860e+01  3.2000166226685458e+01  3.2000105081833169e+01  1.1409068130430402e+01
1.6399999999999599e+02  4.5743663882300840e+00  3.8181877729334204e+01  3.2000170697993454e+01  3.2000118776923166e+01  5.1485002743801953e+00  4.0121294326521664e+00  2.9271696900425809e+01  3.2000167835274453e+01  3.2000106100225089e+01  1.1411975027524280e+01
1.6479999999999501e+02  4.5782432994375313e+00  3.8194471451969889e+01  3.2000172259918209e+01  3.2000119861425055e+01  5.1516175559962756e+00  4.0111764619862527e+00  2.9288904083470868e+01  3.2000169438156121e+01  3.2000107117034716e+01  1.1414032858804715e+01
1.6559999999999400e+02  4.5820475519173236e+00  3.8207204039513435e+01  3.2000173868987240e+01  3.2000120970213352e+01  5.1547032489882296e+00  4.0107980365208729e+00  2.9306627309949405e+01  3.2000171030737484e+01  3.2000108131229190e+01  1.1415310296102920e+01
1.6639999999999401e+02  4.5858084383524940e+00  3.8219996133527445e+01  3.2000175513902150e+01  3.2000122081695686e+01  5.1572787048930051e+00  4.0110961929016629e+00  2.9324959613009121e+01  3.2000172614820954e+01  3.2000109150793193e+01  1.1415899691793415e+01
1.6719999999999300e+02  4.5895475609252152e+00  3.8232783249638310e+01  3.2000177104832851e+01  3.2000123162689079e+01  5.1594396285288928e+00  4.0121856964962408e+00  2.9344175059492095e+01  3.2000174206010172e+01  3.2000110181533032e+01  1.1415480416277690e+01
1.6799999999999201e+02  4.5931790053282633e+00  3.8245897501186171e+01  3.2000178679660600e+01  3.2000124217584883e+01  5.1625804864740674e+00  4.0141586176909616e+00  2.9364448619557507e+01  3.2000175791665789e+01  3.2000111209602935e+01  1.1414075048783031e+01
1.6879999999999100e+02  4.5965240770516118e+00  3.8259149480279348e+01  3.2000180441755383e+01  3.2000125367717551e+01  5.1640866775363623e+00  4.0170180502864632e+00  2.9385528736696195e+01  3.2000177364608213e+01  3.2000112237170292e+01  1.1411910148250534e+01
1.6959999999999101e+02  4.5997371879304225e+00  3.8272085725831623e+01  3.2000182118837742e+01  3.2000126477398886e+01  5.1638074420797384e+00  4.0207198510043751e+00  2.9406966908967870e+01  3.2000178950461994e+01  3.2000113279465239e+01  1.1408902376940965e+01
1.7039999999999000e+02  4.6030260109484296e+00  3.8285274501924320e+01  3.2000183813749828e+01  3.2000127575091931e+01  5.1640318097753681e+00  4.0251736510533505e+00  2.9428385297228832e+01  3.2000180564629900e+01  3.2000114343289709e+01  1.1404673769149301e+01
1.7119999999998899e+02  4.6062228797533260e+00  3.8298821262198970e+01  3.2000185645790317e+01  3.2000128756404607e+01  5.1637527002976817e+00  4.0302249044595087e+00  2.9449554739554554e+01  3.2000182209287111e+01  3.2000115425903886e+01  1.1399232319013974e+01
1.7199999999998900e+02  4.6091442935459366e+00  3.8312324581168518e+01  3.2000187417931890e+01  3.2000129911344935e+01  5.1622072415626006e+00  4.0356788664655667e+00  2.9470440917348448e+01  3.2000183876518463e+01  3.2000116519367140e+01  1.1392745024564245e+01
1.7279999999998799e+02  4.6119084426727746e+00  3.8325766361565513e+01  3.2000189146746813e+01  3.2000131050478252e+01  5.1585055173997452e+00  4.0413058382995839e+00  2.9491154809686037e+01  3.2000185571592681e+01  3.2000117622792104e+01  1.1384831320815834e+01
1.7359999999998701e+02  4.6148152604261856e+00  3.8339387655465977e+01  3.2000190891196198e+01  3.2000132200425490e+01  5.1553426717868351e+00  4.0469191975331578e+00  2.9511848597186482e+01  3.2000187293894648e+01  3.2000118732599972e+01  1.1375344764951739e+01
1.7439999999998599e+02  4.6177912370368510e+00  3.8353315990724901e+01  3.2000192654182150e+01  3.2000133348934170e+01  5.1526424803865991e+00  4.0523739599936803e+00  2.9532517295239888e+01  3.2000189027305986e+01  3.2000119837994376e+01  1.1364546113639996e+01
1.7519999999998601e+02  4.6205824795544217e+00  3.8367388218045576e+01  3.2000194384702709e+01  3.2000134508026356e+01  5.1474737236709300e+00  4.0575602676595981e+00  2.9553209623455373e+01  3.2000190778880587e+01  3.2000120943863081e+01  1.1352693161007998e+01
1.7599999999998499e+02  4.6232647535033120e+00  3.8381251049061248e+01  3.2000196072864064e+01  3.2000135648413895e+01  5.1417579744805160e+00  4.0623709065529319e+00  2.9573983950965626e+01  3.2000192553271205e+01  3.2000122051186239e+01  1.1339641201087741e+01
1.7679999999998401e+02  4.6260962950824966e+00  3.8395265976197344e+01  3.2000197791356570e+01  3.2000136789412529e+01  5.1368858594059548e+00  4.0667251201164767e+00  2.9594864267481693e+01  3.2000194342842669e+01  3.2000123160520999e+01  1.1325504127219755e+01
1.7759999999998300e+02  4.6291529315389592e+00  3.8409725827664218e+01  3.2000199584229193e+01  3.2000137986803509e+01  5.1319019306177021e+00  4.0705907112447175e+00  2.9615826988679466e+01  3.2000196146346468e+01  3.2000124277634875e+01  1.1310821232985340e+01
1.7839999999998301e+02  4.6322762493151046e+00  3.8424108420184943e+01  3.2000201257091291e+01  3.2000139127059619e+01  5.1268475533370266e+00  4.0739002948889382e+00  2.9636709332799722e+01  3.2000197981099490e+01  3.2000125411520230e+01  1.1295565954986650e+01
1.7919999999998200e+02  4.6353611429220472e+00  3.8438444641255430e+01  3.2000202977268373e+01  3.2000140277408718e+01  5.1216589465867690e+00  4.0765979047886702e+00  2.9657497897067739e+01  3.2000199848861378e+01  3.2000126566659070e+01  1.1279580020829799e+01
1.7999999999998099e+02  4.6385175381818753e+00  3.8453129832852987e+01  3.2000204774999617e+01  3.2000141487904806e+01  5.1164506492959720e+00  4.0786708353440231e+00  2.9678193442868512e+01  3.2000201737895132e+01  3.2000127741597204e+01  1.1263027160483109e+01
1.8079999999998100e+02  4.6419009043097104e+00  3.8467915212385428e+01  3.2000206474211090e+01  3.2000142648183086e+01  5.1116052889292583e+00  4.0801234899874217e+00  2.9698551833261337e+01  3.2000203659548092e+01  3.2000128935261095e+01  1.1246124632940109e+01
1.8159999999998001e+02  4.6455004695148521e+00  3.8482406482845818e+01  3.2000208186840545e+01  3.2000143825750754e+01  5.1079098988813811e+00  4.0809483919252330e+00  2.9718500987529790e+01  3.2000205628417874e+01  3.2000130155673844e+01  1.1228856140534614e+01
1.8239999999997900e+02  4.6491193397383297e+00  3.8497126608294785e+01  3.2000210017847124e+01  3.2000145083688032e+01  5.1042282497829392e+00  4.0811390226083804e+00  2.9738226735662781e+01  3.2000207633216469e+01  3.2000131401789083e+01  1.1211090820851341e+01
1.8319999999997799e+02  4.6526531209661366e+00  3.8512358646289606e+01  3.2000211836573726e+01  3.2000146315820196e+01  5.0992889251068210e+00  4.0807308241957880e+00  2.9757762487410428e+01  3.2000209673512202e+01  3.2000132673244828e+01  1.1192920852038741e+01
1.8399999999997800e+02  4.6561816799937299e+00  3.8527541136908084e+01  3.2000213583224337e+01  3.2000147521311924e+01  5.0942791985714120e+00  4.0797937213687527e+00  2.9777076004887924e+01  3.2000211759373776e+01  3.2000133976527103e+01  1.1174568875552213e+01
1.8479999999997699e+02  4.6598020633274029e+00  3.8542325640689725e+01  3.2000215408115096e+01  3.2000148770138395e+01  5.0896477441666894e+00  4.0783518401062597e+00  2.9796305160594549e+01  3.2000213880270074e+01  3.2000135303673204e+01  1.1155889946970882e+01
1.8559999999997601e+02  4.6634577326457975e+00  3.8557600196721850e+01  3.2000217277788337e+01  3.2000150002131235e+01  5.0846405431352650e+00  4.0764179090195469e+00  2.9815717609711331e+01  3.2000216028100674e+01  3.2000136653965463e+01  1.1136567093984947e+01
1.8639999999997499e+02  4.6669762404215840e+00  3.8573664517330947e+01  3.2000219111109871e+01  3.2000151207920922e+01  5.0787107852526976e+00  4.0740998298354079e+00  2.9835436851644236e+01  3.2000218206404867e+01  3.2000138030861635e+01  1.1116889595834104e+01
1.8719999999997501e+02  4.6703668348731782e+00  3.8589130726850655e+01  3.2000220949352482e+01  3.2000152433293863e+01  5.0729436856888714e+00  4.0714820272314132e+00  2.9855366923386455e+01  3.2000220413954494e+01  3.2000139435231006e+01  1.1097106742227242e+01
1.8799999999997399e+02  4.6737585181016907e+00  3.8604246367814802e+01  3.2000222826597692e+01  3.2000153645605977e+01  5.0680078475870332e+00  4.0686079315318375e+00  2.9875617503467733e+01  3.2000222642461289e+01  3.2000140868886916e+01  1.1077115822228942e+01
1.8879999999997301e+02  4.6771415820578639e+00  3.8620309490393986e+01  3.2000224739117776e+01  3.2000154852082474e+01  5.0619426845972297e+00  4.0655614386596799e+00  2.9896402900707663e+01  3.2000224880896695e+01  3.2000142328249630e+01  1.1056916016937741e+01
1.8959999999997299e+02  4.6804610923679668e+00  3.8636504533016648e+01  3.2000226586002398e+01  3.2000156079536843e+01  5.0563441057780381e+00  4.0624389436227535e+00  2.9917527515681318e+01  3.2000227108950611e+01  3.2000143794997520e+01  1.1036959197941579e+01
1.9039999999997201e+02  4.6836331536684677e+00  3.8651913549097344e+01  3.2000228397514221e+01  3.2000157273061923e+01  5.0517879712380980e+00  4.0593257284826176e+00  2.9938809940439235e+01  3.2000229325961030e+01  3.2000145270849906e+01  1.1017546283338707e+01
1.9119999999997100e+02  4.6866656515293315e+00  3.8667436850061222e+01  3.2000230412752451e+01  3.2000158538114903e+01  5.0454213973730404e+00  4.0563129492476495e+00  2.9960459549789309e+01  3.2000231533469382e+01  3.2000146756003801e+01  1.0998699622507882e+01
1.9199999999996999e+02  4.6897421912696977e+00  3.8683776678509638e+01  3.2000232367675544e+01  3.2000159808380189e+01  5.0387590066444039e+00  4.0534681452540040e+00  2.9982419552596852e+01  3.2000233741377201e+01  3.2000148242065329e+01  1.0980400023997502e+01
1.9279999999997000e+02  4.6928137857993466e+00  3.8699879293158894e+01  3.2000234181898342e+01  3.2000161051217937e+01  5.0331693149062255e+00  4.0508902089703831e+00  3.0004508405173898e+01  3.2000235934582228e+01  3.2000149726816325e+01  1.0963124112268922e+01
1.9359999999996899e+02  4.6956874505345745e+00  3.8715433181116005e+01  3.2000236137311248e+01  3.2000162357478722e+01  5.0265180084032801e+00  4.0486929533939673e+00  3.0026950065829002e+01  3.2000238112133907e+01  3.2000151210747589e+01  1.0947146270697713e+01
1.9439999999996800e+02  4.6984949710701027e+00  3.8731750382614997e+01  3.2000238129260659e+01  3.2000163681080153e+01  5.0187345489629109e+00  4.0469335034071268e+00  3.0049903083535010e+01  3.2000240279381948e+01  3.2000152686912365e+01  1.0932075476990697e+01
1.9519999999996699e+02  4.7013762362043598e+00  3.8748286700568862e+01  3.2000239999476442e+01  3.2000165015631751e+01  5.0111546846560371e+00  4.0456725641123237e+00  3.0073401764726327e+01  3.2000242406590232e+01  3.2000154140440415e+01  1.0917715999504725e+01
1.9599999999996700e+02  4.7042786874617040e+00  3.8764105219778919e+01  3.2000241905746712e+01  3.2000166339422080e+01  5.0041943389888610e+00  4.0450457780820255e+00  3.0097644919859263e+01  3.2000244485981078e+01  3.2000155566297238e+01  1.0904383362188007e+01
1.9679999999996599e+02  4.7072099596248194e+00  3.8780223101264845e+01  3.2000243919072268e+01  3.2000167688810478e+01  4.9972913947814463e+00  4.0451904124761988e+00  3.0122811260413524e+01  3.2000246523373235e+01  3.2000156973897340e+01  1.0892062449729446e+01
1.9759999999996501e+02  4.7101524646875683e+00  3.8796912609048000e+01  3.2000245987118994e+01  3.2000169127958117e+01  4.9899820715895400e+00  4.0461670456642596e+00  3.0148690070941921e+01  3.2000248529254229e+01  3.2000158375166066e+01  1.0880451023982635e+01
1.9839999999996499e+02  4.7131270466307793e+00  3.8813016591716561e+01  3.2000247983055992e+01  3.2000170475693935e+01  4.9838920741695407e+00  4.0480437700505618e+00  3.0174930515837932e+01  3.2000250511996526e+01  3.2000159765544758e+01  1.0870125323606054e+01
1.9919999999996401e+02  4.7162664786567463e+00  3.8828878860007812e+01  3.2000249990894893e+01  3.2000171800868735e+01  4.9787816838269663e+00  4.0509458841633377e+00  3.0201220542681234e+01  3.2000252483579189e+01  3.2000161144236834e+01  1.0861779607548064e+01
1.9999999999996299e+02  4.7196310855675732e+00  3.8845333866220685e+01  3.2000252123969780e+01  3.2000173213724644e+01  4.9744301960689610e+00  4.0548054192195426e+00  3.0227231579165991e+01  3.2000254445867604e+01  3.2000162508028360e+01  1.0855311395216953e+01
2.0000999999996299e+02  4.7196744411872427e+00  3.8845541634565613e+01  3.2000252150419229e+01  3.2000173231305141e+01  4.9743895714777739e+00  4.0548589563905519e+00  3.0227554659612903e+01  3.2000254470285817e+01  3.2000162524904319e+01  1.0855242264629226e+01
