# downsampled to dt=0.5 from the every-step stream
# time L2_Ham L2_Mom min_rho_req max_rho_req integral_neg_rho L2_Ham_rel L2_Mom_rel pump_force_L2 governor pump_fi_L2 L2_Ham_amr L2_Mom_amr L2_Ham_amr_rel L2_Mom_amr_rel Linf_Ham_amr L2_Ham_amr_ref
   0.0050000    3.8621008287e-03    9.2577175986e-06   -9.2240725894e-04    1.0354286747e-03    5.2840692816e+00    9.8836640128e-01    8.6441510720e-01    0.0000000000e+00    9.9999999903e-01    0.0000000000e+00    2.9359740287e-03    9.5995622829e-06    9.7819947431e-01    8.6217592383e-01    5.2370042327e-02    0.0000000000e+00
   0.5050000    8.7737566124e-04    3.4734463932e-05   -2.9654895214e-04    2.3649433413e-04    4.9560377519e-01    8.2997768111e-01    5.4567424674e-01    0.0000000000e+00    9.9999999987e-01    0.0000000000e+00    1.2414646321e-04    3.3657385691e-05    1.9682371946e-01    5.2159230603e-01    4.1192449848e-03    0.0000000000e+00
   1.0050000    4.6414638628e-04    3.3800589685e-05   -1.9902239678e-04    1.9675666510e-04    3.0655648052e-01    6.1114079666e-01    5.6200719513e-01    0.0000000000e+00    9.9999999990e-01    0.0000000000e+00    1.0850580228e-04    3.3307293612e-05    1.6961154160e-01    5.4573946316e-01    2.0546116104e-03    0.0000000000e+00
   1.5050000    2.2285294204e-04    3.7628826207e-05   -2.2992492628e-04    1.6549660767e-04    1.9536519104e-01    3.3968681916e-01    5.7302499225e-01    0.0000000000e+00    9.9999999991e-01    0.0000000000e+00    9.7629446029e-05    3.8304163693e-05    1.4917475367e-01    5.6455306757e-01    2.3718198368e-03    0.0000000000e+00
   2.0050000    1.6817967095e-04    4.2095845497e-05   -1.5076660709e-04    1.4261445091e-04    1.6225079063e-01    2.5584406757e-01    5.7906652624e-01    0.0000000000e+00    9.9999999992e-01    0.0000000000e+00    1.1919579738e-04    4.3300201550e-05    1.7605307936e-01    5.7329734774e-01    3.0687056890e-03    0.0000000000e+00
   2.5050000    1.6793307220e-04    4.6501479981e-05   -1.3446045100e-04    1.4802781035e-04    1.5536011393e-01    2.4820156752e-01    5.4278010450e-01    0.0000000000e+00    9.9999999992e-01    0.0000000000e+00    1.4725191491e-04    4.8455458309e-05    2.0946476585e-01    5.4069943387e-01    3.6788987953e-03    0.0000000000e+00
   3.0050000    1.8043019405e-04    5.1557188454e-05   -1.4742297435e-04    1.6154244818e-04    1.4931492001e-01    2.5767946987e-01    5.4557080455e-01    0.0000000000e+00    9.9999999992e-01    0.0000000000e+00    1.7771102811e-04    5.3907824447e-05    2.4294686663e-01    5.4462988099e-01    4.3009635732e-03    0.0000000000e+00
   3.5050000    2.0430390236e-04    5.6670649270e-05   -1.6034431838e-04    1.7456254628e-04    1.4915363638e-01    2.8070022530e-01    5.4957594496e-01    0.0000000000e+00    9.9999999992e-01    0.0000000000e+00    2.0988881969e-04    5.9344435169e-05    2.7540158794e-01    5.4911924819e-01    4.9543113375e-03    0.0000000000e+00
   4.0050000    2.3401711782e-04    6.1648415668e-05   -1.7322510028e-04    1.8677819664e-04    1.5534871302e-01    3.0861256002e-01    5.5234723046e-01    0.0000000000e+00    9.9999999991e-01    0.0000000000e+00    2.4323974846e-04    6.4619043656e-05    3.0611605552e-01    5.5218212483e-01    5.5721496187e-03    0.0000000000e+00
   4.5050000    2.6603216146e-04    6.6464762373e-05   -1.8577041375e-04    1.9959211496e-04    1.6543018790e-01    3.3648378420e-01    5.5070524146e-01    0.0000000000e+00    9.9999999991e-01    0.0000000000e+00    2.7748837448e-04    6.9695350268e-05    3.3485716940e-01    5.5066119710e-01    6.1723440230e-03    0.0000000000e+00
   5.0050000    2.9916996122e-04    7.1109755972e-05   -1.9774154339e-04    2.1224384636e-04    1.7727491637e-01    3.6289153585e-01    5.3709468038e-01    0.0000000000e+00    9.9999999991e-01    0.0000000000e+00    3.1254360092e-04    7.4574786332e-05    3.6166694557e-01    5.3708445952e-01    6.7422667540e-03    0.0000000000e+00
   5.5050000    3.3315707148e-04    7.5582404932e-05   -2.0994450335e-04    2.2471000312e-04    1.8997960956e-01    3.8764619542e-01    5.1292456606e-01    0.0000000000e+00    9.9999999991e-01    0.0000000000e+00    3.4838764463e-04    7.9267391963e-05    3.8668469684e-01    5.1292047221e-01    7.3255718973e-03    0.0000000000e+00
   6.0050000    3.6794285798e-04    7.9886426616e-05   -2.2206932813e-04    2.3685593383e-04    2.0328354803e-01    4.1084029019e-01    4.9360226020e-01    0.0000000000e+00    9.9999999991e-01    0.0000000000e+00    3.8501960985e-04    8.3781884599e-05    4.1007016143e-01    4.9359951792e-01    7.9317365346e-03    0.0000000000e+00
   6.5050000    4.0351318589e-04    8.4031382390e-05   -2.3396440847e-04    2.4878696132e-04    2.1717105581e-01    4.3260180727e-01    4.7787067669e-01    0.0000000000e+00    9.9999999990e-01    0.0000000000e+00    4.2243913371e-04    8.8129306356e-05    4.3197372454e-01    4.7786867273e-01    8.5227853065e-03    0.0000000000e+00
   7.0050000    4.3986056038e-04    8.8025599433e-05   -2.4570067695e-04    2.6048135985e-04    2.3158568492e-01    4.5305458789e-01    4.5720605556e-01    0.0000000000e+00    9.9999999990e-01    0.0000000000e+00    4.6064774408e-04    9.2318551300e-05    4.5253366028e-01    4.5720461565e-01    9.1001077851e-03    0.0000000000e+00
   7.5050000    4.7696671630e-04    9.1876095711e-05   -2.5718413907e-04    2.7231375196e-04    2.4648749296e-01    4.7230776578e-01    4.3379318447e-01    0.0000000000e+00    9.9999999990e-01    0.0000000000e+00    4.9963355295e-04    9.6357001884e-05    4.7186941471e-01    4.3379215893e-01    9.6691592049e-03    0.0000000000e+00
   8.0050000    5.1480498430e-04    9.5584848160e-05   -2.6849055658e-04    2.8458614284e-04    2.6183150498e-01    4.9046210902e-01    4.1943542733e-01    0.0000000000e+00    9.9999999990e-01    0.0000000000e+00    5.3937378933e-04    1.0024674225e-04    4.9008879181e-01    4.1943467913e-01    1.0230943047e-02    0.0000000000e+00
   8.5050000    5.5335961962e-04    9.9152769555e-05   -2.7970677423e-04    2.9648407634e-04    2.7756347439e-01    5.0761334269e-01    4.1835656142e-01    0.0000000000e+00    9.9999999989e-01    0.0000000000e+00    5.7985549606e-04    1.0398874787e-04    5.0729224501e-01    4.1835599113e-01    1.0828556007e-02    0.0000000000e+00
   9.0050000    5.9261873333e-04    1.0258445681e-04   -2.9105092257e-04    3.0827216457e-04    2.9368355030e-01    5.2384589838e-01    4.2519458984e-01    0.0000000000e+00    9.9999999989e-01    0.0000000000e+00    6.2106860617e-04    1.0758785516e-04    5.2356740512e-01    4.2519413820e-01    1.1419021928e-02    0.0000000000e+00
   9.5050000    6.3256740445e-04    1.0588670968e-04   -3.0186039047e-04    3.1974666324e-04    3.1016047921e-01    5.3923040765e-01    4.3402438105e-01    0.0000000000e+00    9.9999999989e-01    0.0000000000e+00    6.6299913578e-04    1.1105120348e-04    5.3898713149e-01    4.3402401580e-01    1.1995970409e-02    0.0000000000e+00
  10.0050000    6.7320871398e-04    1.0906747543e-04   -3.1292012377e-04    3.3113998596e-04    3.2698874145e-01    5.5382791780e-01    4.4669293707e-01    0.0000000000e+00    9.9999999988e-01    0.0000000000e+00    7.0565144574e-04    1.1438713328e-04    5.5361404393e-01    4.4669267481e-01    1.2566280626e-02    0.0000000000e+00
  10.5050000    7.1453106070e-04    1.1213444992e-04   -3.2414576529e-04    3.4242385084e-04    3.4414361981e-01    5.6768477391e-01    4.5557158077e-01    0.0000000000e+00    9.9999999988e-01    0.0000000000e+00    7.4901442715e-04    1.1760371485e-04    5.6749576438e-01    4.5557134479e-01    1.3133829141e-02    0.0000000000e+00
  11.0050000    7.5652122197e-04    1.1509157176e-04   -3.3537885378e-04    3.5435243200e-04    3.6163213685e-01    5.8084750310e-01    4.5981127125e-01    0.0000000000e+00    9.9999999988e-01    0.0000000000e+00    7.9307445770e-04    1.2070508589e-04    5.8067949446e-01    4.5981143356e-01    1.3698547924e-02    0.0000000000e+00
  11.5050000    7.9916467086e-04    1.1794149399e-04   -3.4646896030e-04    3.6637684270e-04    3.7940146965e-01    5.9337074538e-01    4.6101803621e-01    0.0000000000e+00    9.9999999987e-01    0.0000000000e+00    8.3781724099e-04    1.2369401829e-04    5.9322077650e-01    4.6101853465e-01    1.4302362114e-02    0.0000000000e+00
  12.0050000    8.4244742349e-04    1.2068737087e-04   -3.5746025453e-04    3.7812283761e-04    3.9748403480e-01    6.0530140353e-01    4.6074473222e-01    0.0000000000e+00    9.9999999987e-01    0.0000000000e+00    8.8322809091e-04    1.2657382067e-04    6.0516685231e-01    4.6074573055e-01    1.4892620841e-02    0.0000000000e+00
  12.5050000    8.8635388498e-04    1.2333287773e-04   -3.6834415726e-04    3.8994883530e-04    4.1586668509e-01    6.1667957940e-01    4.6012480551e-01    0.0000000000e+00    9.9999999987e-01    0.0000000000e+00    9.2929125981e-04    1.2934831997e-04    6.1655838313e-01    4.6012904695e-01    1.5485986308e-02    0.0000000000e+00
  13.0050000    9.3086574666e-04    1.2588103492e-04   -3.7922432626e-04    4.0157269973e-04    4.3450141530e-01    6.2753635536e-01    4.5958738777e-01    0.0000000000e+00    9.9999999986e-01    0.0000000000e+00    9.7598939812e-04    1.3202058314e-04    6.2742740760e-01    4.5959163579e-01    1.6070600327e-02    0.0000000000e+00
  13.5050000    9.7596711222e-04    1.2833382328e-04   -3.9007557063e-04    4.1311075881e-04    4.5338458820e-01    6.3790888946e-01    4.5846854745e-01    0.0000000000e+00    9.9999999986e-01    0.0000000000e+00    1.0233030866e-03    1.3459287437e-04    6.3781016531e-01    4.5847437336e-01    1.6651017858e-02    0.0000000000e+00
  14.0050000    1.0216377254e-03    1.3069413622e-04   -4.0084462216e-04    4.2521779794e-04    4.7253452386e-01    6.4783285396e-01    4.5686992518e-01    0.0000000000e+00    9.9999999985e-01    0.0000000000e+00    1.0712115299e-03    1.3706814270e-04    6.4774272897e-01    4.5689228531e-01    1.7252033181e-02    0.0000000000e+00
  14.5050000    1.0678570744e-03    1.3296644054e-04   -4.1153126356e-04    4.3748435360e-04    4.9191004111e-01    6.5733588676e-01    4.5467909774e-01    0.0000000000e+00    9.9999999985e-01    0.0000000000e+00    1.1196944346e-03    1.3945068741e-04    6.5725333405e-01    4.5472628617e-01    1.7865017798e-02    0.0000000000e+00
  15.0050000    1.1146089287e-03    1.3515532972e-04   -4.2210334825e-04    4.4971708208e-04    5.1157754518e-01    6.6644164078e-01    4.5204833497e-01    0.0000000000e+00    9.9999999985e-01    0.0000000000e+00    1.1687322300e-03    1.4174521697e-04    6.6636493521e-01    4.5210277024e-01    1.8478171717e-02    0.0000000000e+00
  15.5050000    1.1618733483e-03    1.3726349731e-04   -4.3259594533e-04    4.6183074928e-04    5.3152274965e-01    6.7516939546e-01    4.4900862589e-01    0.0000000000e+00    9.9999999984e-01    0.0000000000e+00    1.2183047040e-03    1.4395511677e-04    6.7509723819e-01    4.4907207718e-01    1.9091378634e-02    0.0000000000e+00
  16.0050000    1.2096270829e-03    1.3929465872e-04   -4.4307184202e-04    4.7385630691e-04    5.5166449507e-01    6.8353239821e-01    4.4548175961e-01    0.0000000000e+00    9.9999999984e-01    0.0000000000e+00    1.2683908305e-03    1.4608415113e-04    6.8346461373e-01    4.4554885729e-01    1.9700894879e-02    0.0000000000e+00
  16.5050000    1.2578507300e-03    1.4125297776e-04   -4.5355341475e-04    4.8604247438e-04    5.7204214123e-01    6.9154200534e-01    4.4159165475e-01    0.0000000000e+00    9.9999999983e-01    0.0000000000e+00    1.3189698209e-03    1.4813680829e-04    6.9147830191e-01    4.4166002852e-01    2.0324608221e-02    0.0000000000e+00
  17.0050000    1.3065244446e-03    1.4314278031e-04   -4.6403295350e-04    4.9869615050e-04    5.9262150346e-01    6.9921131981e-01    4.3771179170e-01    0.0000000000e+00    9.9999999982e-01    0.0000000000e+00    1.3700198517e-03    1.5011756202e-04    6.9915116343e-01    4.3778038694e-01    2.0976304646e-02    0.0000000000e+00
  17.5050000    1.3556272384e-03    1.4496790503e-04   -4.7451216594e-04    5.1139642987e-04    6.1340782310e-01    7.0655851329e-01    4.3401882814e-01    0.0000000000e+00    9.9999999982e-01    0.0000000000e+00    1.4215179145e-03    1.5203038810e-04    7.0650117825e-01    4.3408311210e-01    2.1629005531e-02    0.0000000000e+00
  18.0050000    1.4051406732e-03    1.4673111997e-04   -4.8497419239e-04    5.2416627000e-04    6.3448269285e-01    7.1360782374e-01    4.3067357502e-01    0.0000000000e+00    9.9999999981e-01    0.0000000000e+00    1.4734409811e-03    1.5387820315e-04    7.1355179209e-01    4.3074759241e-01    2.2277454397e-02    0.0000000000e+00
  18.5050000    1.4550448615e-03    1.4843621556e-04   -4.9537272044e-04    5.3687553268e-04    6.5588667595e-01    7.2038473464e-01    4.2769748701e-01    0.0000000000e+00    9.9999999981e-01    0.0000000000e+00    1.5257667731e-03    1.5566462496e-04    7.2032835827e-01    4.2779259475e-01    2.2927101626e-02    0.0000000000e+00
  19.0050000    1.5053219263e-03    1.5008846513e-04   -5.0565186094e-04    5.4987523322e-04    6.7774127547e-01    7.2691184167e-01    4.2492133727e-01    0.0000000000e+00    9.9999999980e-01    0.0000000000e+00    1.5784746660e-03    1.5739472328e-04    7.2685327826e-01    4.2502855846e-01    2.3605648615e-02    0.0000000000e+00
  19.5050000    1.5559557731e-03    1.5169275935e-04   -5.1579202882e-04    5.6353718518e-04    7.0000592720e-01    7.3320589601e-01    4.2219663674e-01    0.0000000000e+00    9.9999999979e-01    0.0000000000e+00    1.6315458126e-03    1.5907402122e-04    7.3314313551e-01    4.2230047006e-01    2.4303528173e-02    0.0000000000e+00
  20.0050000    1.6069284686e-03    1.5325244916e-04   -5.2582616862e-04    5.7733114599e-04    7.2252469714e-01    7.3927718739e-01    4.1945548141e-01    0.0000000000e+00    9.9999999979e-01    0.0000000000e+00    1.6849622499e-03    1.6070644631e-04    7.3920865321e-01    4.1955182653e-01    2.5012179057e-02    0.0000000000e+00
  20.5050000    1.6582246531e-03    1.5477047740e-04   -5.3579256227e-04    5.9104305578e-04    7.4522086211e-01    7.4513295573e-01    4.1668796589e-01    0.0000000000e+00    9.9999999978e-01    0.0000000000e+00    1.7387070520e-03    1.6229540730e-04    7.4505712919e-01    4.1677416631e-01    2.5722969318e-02    0.0000000000e+00
  21.0050000    1.7098314288e-03    1.5625009203e-04   -5.4573726836e-04    6.0470126562e-04    7.6818249967e-01    7.5077930889e-01    4.1389039942e-01    0.0000000000e+00    9.9999999977e-01    0.0000000000e+00    1.7927641759e-03    1.6384482926e-04    7.5069441992e-01    4.1397050965e-01    2.6463603784e-02    0.0000000000e+00
  21.5050000    1.7617337199e-03    1.5769622895e-04   -5.5565870856e-04    6.1915424485e-04    7.9151554686e-01    7.5622200629e-01    4.1104350158e-01    0.0000000000e+00    9.9999999976e-01    0.0000000000e+00    1.8471176920e-03    1.6535933765e-04    7.5612650440e-01    4.1113058988e-01    2.7247306553e-02    0.0000000000e+00
  22.0050000    1.8139169902e-03    1.5911488275e-04   -5.6557040501e-04    6.3844863989e-04    8.1521786219e-01    7.6146802703e-01    4.0818105748e-01    0.0000000000e+00    9.9999999975e-01    0.0000000000e+00    1.9017520940e-03    1.6684456591e-04    7.6136053268e-01    4.0827340357e-01    2.8103464178e-02    0.0000000000e+00
  22.5050000    1.8663711528e-03    1.6051027664e-04   -5.7546963470e-04    6.6222122297e-04    8.3930562680e-01    7.6652734782e-01    4.0533374956e-01    0.0000000000e+00    9.9999999974e-01    0.0000000000e+00    1.9566528568e-03    1.6830530550e-04    7.6640604017e-01    4.0543779264e-01    2.9211788134e-02    0.0000000000e+00
  23.0050000    1.9190810235e-03    1.6188674762e-04   -5.8532060978e-04    6.8664309478e-04    8.6373134747e-01    7.7141079154e-01    4.0250946464e-01    0.0000000000e+00    9.9999999974e-01    0.0000000000e+00    2.0118061390e-03    1.6974600255e-04    7.7127442337e-01    4.0262663002e-01    3.0403178702e-02    0.0000000000e+00
  23.5050000    1.9720294470e-03    1.6324926285e-04   -5.9507718108e-04    7.1276192034e-04    8.8850232255e-01    7.7612857448e-01    3.9973470649e-01    0.0000000000e+00    9.9999999973e-01    0.0000000000e+00    2.0672007840e-03    1.7117203722e-04    7.7597710381e-01    3.9985284733e-01    3.1650185885e-02    0.0000000000e+00
  24.0050000    2.0252000650e-03    1.6460373031e-04   -6.0472351026e-04    7.3996795771e-04    9.1355730823e-01    7.8068830421e-01    3.9700240930e-01    0.0000000000e+00    9.9999999972e-01    0.0000000000e+00    2.1228274571e-03    1.7258899634e-04    7.8052286040e-01    3.9711760688e-01    3.2998785400e-02    0.0000000000e+00
  24.5050000    2.0785761792e-03    1.6595569998e-04   -6.1423641019e-04    7.6822978642e-04    9.3883749628e-01    7.8509469358e-01    3.9429339424e-01    0.0000000000e+00    9.9999999971e-01    0.0000000000e+00    2.1786783708e-03    1.7400376875e-04    7.8491766474e-01    3.9440381129e-01    3.4393017665e-02    0.0000000000e+00
  25.0050000    2.1321482673e-03    1.6730940986e-04   -6.2364198261e-04    7.9850307007e-04    9.6426717734e-01    7.8935274478e-01    3.9160744768e-01    0.0000000000e+00    9.9999999970e-01    0.0000000000e+00    2.2347483302e-03    1.7542089403e-04    7.8916692884e-01    3.9170957692e-01    3.5882504783e-02    0.0000000000e+00
  25.5050000    2.1859119310e-03    1.6867066187e-04   -6.3294955088e-04    8.2954802282e-04    9.8975625172e-01    7.9346894486e-01    3.8896055742e-01    0.0000000000e+00    9.9999999968e-01    0.0000000000e+00    2.2910331076e-03    1.7684582842e-04    7.9327691369e-01    3.8905795536e-01    3.7438254151e-02    0.0000000000e+00
  26.0050000    2.2398624270e-03    1.7004637100e-04   -6.4214530445e-04    8.6274356032e-04    1.0152781829e+00    7.9745048142e-01    3.8637766148e-01    0.0000000000e+00    9.9999999967e-01    0.0000000000e+00    2.3475306167e-03    1.7828571401e-04    7.9725491033e-01    3.8647583933e-01    3.9074389333e-02    0.0000000000e+00
  26.5050000    2.2939972459e-03    1.7144304435e-04   -6.5123338266e-04    8.9687176708e-04    1.0409095185e+00    8.0130479245e-01    3.8385385720e-01    0.0000000000e+00    9.9999999966e-01    0.0000000000e+00    2.4042407779e-03    1.7974744290e-04    8.0110839393e-01    3.8394464551e-01    4.0796559459e-02    0.0000000000e+00
  27.0050000    2.3483180600e-03    1.7286597587e-04   -6.6020145655e-04    9.3282744966e-04    1.0665357349e+00    8.0503955718e-01    3.8133512586e-01    0.0000000000e+00    9.9999999965e-01    0.0000000000e+00    2.4611642998e-03    1.8123692086e-04    8.0484464987e-01    3.8141636803e-01    4.2592118169e-02    0.0000000000e+00
  27.5050000    2.4028261522e-03    1.7431822558e-04   -6.6906271455e-04    9.7054054687e-04    1.0921159941e+00    8.0866194860e-01    3.7877565050e-01    0.0000000000e+00    9.9999999964e-01    0.0000000000e+00    2.5183042464e-03    1.8275778432e-04    8.0847080687e-01    3.7884483686e-01    4.4487624076e-02    0.0000000000e+00
  28.0050000    2.4575223549e-03    1.7580373078e-04   -6.7776519828e-04    1.0100336696e-03    1.1174079401e+00    8.1217761150e-01    3.7617405571e-01    0.0000000000e+00    9.9999999962e-01    0.0000000000e+00    2.5756664339e-03    1.8431480898e-04    8.1199280639e-01    3.7623412550e-01    4.6449829274e-02    0.0000000000e+00
  28.5050000    2.5124185696e-03    1.7733037313e-04   -6.8629596194e-04    1.0520376549e-03    1.1423693502e+00    8.1559136055e-01    3.7356471462e-01    0.0000000000e+00    9.9999999961e-01    0.0000000000e+00    2.6332597346e-03    1.8591605425e-04    8.1541482252e-01    3.7361781775e-01    4.8532957206e-02    0.0000000000e+00
  29.0050000    2.5675343986e-03    1.7890753789e-04   -6.9465778320e-04    1.0956291524e-03    1.1672045813e+00    8.1890692477e-01    3.7098594548e-01    0.0000000000e+00    9.9999999959e-01    0.0000000000e+00    2.6910952985e-03    1.8757148600e-04    8.1873943627e-01    3.7103347637e-01    5.0678974289e-02    0.0000000000e+00
  29.5050000    2.6228904987e-03    1.8054608499e-04   -7.0285945777e-04    1.1420451277e-03    1.1919681428e+00    8.2212787289e-01    3.6845681083e-01    0.0000000000e+00    9.9999999958e-01    0.0000000000e+00    2.7491871700e-03    1.8929146913e-04    8.2196938456e-01    3.6850049568e-01    5.2961296342e-02    0.0000000000e+00
  30.0050000    2.6785079792e-03    1.8225685955e-04   -7.1089914139e-04    1.1897840922e-03    1.2165885243e+00    8.2525943976e-01    3.6600440791e-01    0.0000000000e+00    9.9999999956e-01    0.0000000000e+00    2.8075514045e-03    1.9108634631e-04    8.2510932043e-01    3.6604291915e-01    5.5332017462e-02    0.0000000000e+00
  30.5050000    2.7344041145e-03    1.8404730502e-04   -7.1880578371e-04    1.2394878732e-03    1.2410811192e+00    8.2830845680e-01    3.6363016047e-01    0.0000000000e+00    9.9999999954e-01    0.0000000000e+00    2.8662061991e-03    1.9296444514e-04    8.2816612899e-01    3.6366465715e-01    5.7797317577e-02    0.0000000000e+00
  31.0050000    2.7905963171e-03    1.8592442110e-04   -7.2702830745e-04    1.2913610459e-03    1.2654306754e+00    8.3128281195e-01    3.6133132641e-01    0.0000000000e+00    9.9999999953e-01    0.0000000000e+00    2.9251730550e-03    1.9493309704e-04    8.3114802563e-01    3.6135921948e-01    6.0410861667e-02    0.0000000000e+00
  31.5050000    2.8471089113e-03    1.8789762762e-04   -7.3525128674e-04    1.3449108120e-03    1.2895104948e+00    8.3419045031e-01    3.5910041788e-01    0.0000000000e+00    9.9999999951e-01    0.0000000000e+00    2.9844765005e-03    1.9700189546e-04    8.3406288446e-01    3.5911840097e-01    6.3117484923e-02    0.0000000000e+00
  32.0050000    2.9039746134e-03    1.8997477674e-04   -7.4323137762e-04    1.4004276957e-03    1.3136212455e+00    8.3703835258e-01    3.5692203660e-01    0.0000000000e+00    9.9999999949e-01    0.0000000000e+00    3.0441458561e-03    1.9918026739e-04    8.3691729434e-01    3.5693005474e-01    6.5920195395e-02    0.0000000000e+00
  32.5050000    2.9612301612e-03    1.9216304621e-04   -7.5095789639e-04    1.4593657780e-03    1.3378522359e+00    8.3983144158e-01    3.5478164829e-01    0.0000000000e+00    9.9999999947e-01    0.0000000000e+00    3.1042135053e-03    2.0147557163e-04    8.3971574355e-01    3.5478025497e-01    6.8875587926e-02    0.0000000000e+00
  33.0050000    3.0189080789e-03    1.9447314050e-04   -7.5853439536e-04    1.5211851764e-03    1.3620252111e+00    8.4257209054e-01    3.5266642591e-01    0.0000000000e+00    9.9999999945e-01    0.0000000000e+00    3.1647141970e-03    2.0389742695e-04    8.4246075066e-01    3.5265521661e-01    7.1962760831e-02    0.0000000000e+00
  33.5050000    3.0770413184e-03    1.9691454399e-04   -7.6587322535e-04    1.5857843539e-03    1.3865747358e+00    8.4526179315e-01    3.5058729211e-01    0.0000000000e+00    9.9999999943e-01    0.0000000000e+00    3.2256875985e-03    2.0645910921e-04    8.4515427585e-01    3.5056971645e-01    7.5172107978e-02    0.0000000000e+00
  34.0050000    3.1356725428e-03    1.9949950705e-04   -7.7298610165e-04    1.6531600348e-03    1.4113867076e+00    8.4790230123e-01    3.4855600462e-01    0.0000000000e+00    9.9999999941e-01    0.0000000000e+00    3.2871763702e-03    2.0917132808e-04    8.4779796298e-01    3.4853363932e-01    7.8511410421e-02    0.0000000000e+00
  34.5050000    3.1948485048e-03    2.0223843021e-04   -7.7987882612e-04    1.7232785004e-03    1.4365807884e+00    8.5049659792e-01    3.4658630303e-01    0.0000000000e+00    9.9999999938e-01    0.0000000000e+00    3.3492250220e-03    2.1204566210e-04    8.5039453223e-01    3.4656161828e-01    8.1989588693e-02    0.0000000000e+00
  35.0050000    3.2546153427e-03    2.0514210241e-04   -7.8698523029e-04    1.7974442351e-03    1.4620041138e+00    8.5304934616e-01    3.4468749924e-01    0.0000000000e+00    9.9999999936e-01    0.0000000000e+00    3.4118820324e-03    2.1509317658e-04    8.5294873409e-01    3.4466186848e-01    8.5668852260e-02    0.0000000000e+00
  35.5050000    3.3150204637e-03    2.0822445253e-04   -7.9466530246e-04    1.8747379468e-03    1.4876088916e+00    8.5556634501e-01    3.4286309359e-01    0.0000000000e+00    9.9999999933e-01    0.0000000000e+00    3.4751975640e-03    2.1832756816e-04    8.5546647322e-01    3.4283602471e-01    8.9533240470e-02    0.0000000000e+00
  36.0050000    3.3761130249e-03    2.1149988464e-04   -8.0213529018e-04    1.9551933958e-03    1.5133224926e+00    8.5805318769e-01    3.4110851555e-01    0.0000000000e+00    9.9999999930e-01    0.0000000000e+00    3.5392252256e-03    2.2176422770e-04    8.5795354334e-01    3.4108023375e-01    9.3570921837e-02    0.0000000000e+00
  36.5050000    3.4379428791e-03    2.1498375486e-04   -8.0930254051e-04    2.0391280689e-03    1.5391548222e+00    8.6051382821e-01    3.3941502067e-01    0.0000000000e+00    9.9999999927e-01    0.0000000000e+00    3.6040230331e-03    2.2541845454e-04    8.6041430601e-01    3.3938475823e-01    9.7790531601e-02    0.0000000000e+00
  37.0050000    3.5005624519e-03    2.1868954716e-04   -8.1610077464e-04    2.1269367265e-03    1.5650644530e+00    8.6295003428e-01    3.3778819695e-01    0.0000000000e+00    9.9999999924e-01    0.0000000000e+00    3.6696534159e-03    2.2930550947e-04    8.6285099144e-01    3.3775517195e-01    1.0220216522e-01    0.0000000000e+00
  37.5050000    3.5640292295e-03    2.2263045197e-04   -8.2254351175e-04    2.2190057782e-03    1.5909186977e+00    8.6536171076e-01    3.3622529788e-01    0.0000000000e+00    9.9999999921e-01    0.0000000000e+00    3.7361835304e-03    2.3343874746e-04    8.6526387567e-01    3.3618941151e-01    1.0681695911e-01    0.0000000000e+00
  38.0050000    3.6284117415e-03    2.2682015606e-04   -8.2869269528e-04    2.3156814407e-03    1.6165263314e+00    8.6774879369e-01    3.3472508055e-01    0.0000000000e+00    9.9999999917e-01    0.0000000000e+00    3.8036845082e-03    2.3783329952e-04    8.6765278892e-01    3.3468706559e-01    1.1164853384e-01    0.0000000000e+00
  38.5050000    3.6937881642e-03    2.3127347866e-04   -8.3632396564e-04    2.4175931575e-03    1.6420263532e+00    8.7011099074e-01    3.3327833858e-01    0.0000000000e+00    9.9999999914e-01    0.0000000000e+00    3.8722313259e-03    2.4250608448e-04    8.7001699909e-01    3.3324075182e-01    1.1671901293e-01    0.0000000000e+00
  39.0050000    3.7602395986e-03    2.3600958399e-04   -8.4365621566e-04    2.5263042016e-03    1.6676555342e+00    8.7244921737e-01    3.3188555544e-01    0.0000000000e+00    9.9999999910e-01    0.0000000000e+00    3.9419020035e-03    2.4747498130e-04    8.7235703264e-01    3.3184841350e-01    1.2213435582e-01    0.0000000000e+00
  39.5050000    3.8278463992e-03    2.4104704696e-04   -8.5071076248e-04    2.6405779884e-03    1.6938556900e+00    8.7476608433e-01    3.3054064778e-01    0.0000000000e+00    9.9999999906e-01    0.0000000000e+00    4.0127770375e-03    2.5276147969e-04    8.7467532717e-01    3.3050607267e-01    1.2783224692e-01    0.0000000000e+00
  40.0050000    3.8966897174e-03    2.4640772884e-04   -8.5748536113e-04    2.7606527847e-03    1.7205388171e+00    8.7706453376e-01    3.2923693664e-01    0.0000000000e+00    9.9999999901e-01    0.0000000000e+00    4.0849409755e-03    2.5838582186e-04    8.7697483485e-01    3.2920447420e-01    1.3383241775e-01    0.0000000000e+00
  40.5050000    3.9668512544e-03    2.5211212266e-04   -8.6382874475e-04    2.8868357428e-03    1.7473405656e+00    8.7934696484e-01    3.2796222230e-01    0.0000000000e+00    9.9999999896e-01    0.0000000000e+00    4.1584822494e-03    2.6436997049e-04    8.7925812494e-01    3.2793105292e-01    1.4015373111e-01    0.0000000000e+00
  41.0050000    4.0384154088e-03    2.5818246136e-04   -8.7117521154e-04    3.0196344057e-03    1.7743108432e+00    8.8161435056e-01    3.2670102597e-01    0.0000000000e+00    9.9999999891e-01    0.0000000000e+00    4.2334940516e-03    2.7073774738e-04    8.8152641046e-01    3.2667090423e-01    1.4681939839e-01    0.0000000000e+00
  41.5050000    4.1114717786e-03    2.6464358742e-04   -8.7926930484e-04    3.1596108024e-03    1.8014135260e+00    8.8386662819e-01    3.2544803417e-01    0.0000000000e+00    9.9999999886e-01    0.0000000000e+00    4.3100744945e-03    2.7751488022e-04    8.8377981467e-01    3.2541849488e-01    1.5385039032e-01    0.0000000000e+00
  42.0050000    4.1861157658e-03    2.7152139983e-04   -8.8682050913e-04    3.3074686718e-03    1.8286394274e+00    8.8610238956e-01    3.2420495321e-01    0.0000000000e+00    9.9999999880e-01    0.0000000000e+00    4.3883269005e-03    2.8472790065e-04    8.8601705162e-01    3.2417496868e-01    1.6127236654e-01    0.0000000000e+00
  42.5050000    4.2624464825e-03    2.7884417368e-04   -8.9388297215e-04    3.4639667212e-03    1.8559380712e+00    8.8831880527e-01    3.2297446083e-01    0.0000000000e+00    9.9999999874e-01    0.0000000000e+00    4.4683574318e-03    2.9240836870e-04    8.8823535101e-01    3.2294488235e-01    1.6911469195e-01    0.0000000000e+00
  43.0050000    4.3405697500e-03    2.8664405986e-04   -9.0047976218e-04    3.6297915119e-03    1.8833124196e+00    8.9051360021e-01    3.2176234829e-01    0.0000000000e+00    9.9999999867e-01    0.0000000000e+00    4.5502753557e-03    3.0058926878e-04    8.9043232655e-01    3.2173358625e-01    1.7740700583e-01    0.0000000000e+00
  43.5050000    4.4205935260e-03    2.9495552435e-04   -9.0770262839e-04    3.8056668124e-03    1.9107659374e+00    8.9268610784e-01    3.2057114607e-01    0.0000000000e+00    9.9999999860e-01    0.0000000000e+00    4.6341914177e-03    3.0930721215e-04    8.9260718305e-01    3.2054379342e-01    1.8618626596e-01    0.0000000000e+00
  44.0050000    4.5026269338e-03    3.0381621795e-04   -9.1709226315e-04    3.9944946208e-03    1.9383030045e+00    8.9483651046e-01    3.1939903124e-01    0.0000000000e+00    9.9999999852e-01    0.0000000000e+00    4.7202176987e-03    3.1860129814e-04    8.9475999369e-01    3.1937306843e-01    1.9558787475e-01    0.0000000000e+00
  44.5050000    4.5867789886e-03    3.1326640306e-04   -9.2584692562e-04    4.1972602054e-03    1.9660061658e+00    8.9696536954e-01    3.1823317484e-01    0.0000000000e+00    9.9999999844e-01    0.0000000000e+00    4.8084669396e-03    3.2851353189e-04    8.9689125249e-01    3.1820952812e-01    2.0569878430e-01    0.0000000000e+00
  45.0050000    4.6731574198e-03    3.2334901838e-04   -9.3391833700e-04    4.4130204349e-03    1.9939067241e+00    8.9907352507e-01    3.1706519298e-01    0.0000000000e+00    9.9999999834e-01    0.0000000000e+00    4.8990525190e-03    3.3908921705e-04    8.9900181054e-01    3.1704325013e-01    2.1646874902e-01    0.0000000000e+00
  45.5050000    4.7618723288e-03    3.3411000127e-04   -9.4123006659e-04    4.6427275595e-03    2.0221151986e+00    9.0115958828e-01    3.1589405157e-01    0.0000000000e+00    9.9999999824e-01    0.0000000000e+00    4.9920885817e-03    3.5037682976e-04    9.0109022848e-01    3.1587416876e-01    2.2795220824e-01    0.0000000000e+00
  46.0050000    4.8530337012e-03    3.4560009507e-04   -9.4773757690e-04    4.8875262392e-03    2.0504152661e+00    9.0322029237e-01    3.1471296293e-01    0.0000000000e+00    9.9999999813e-01    0.0000000000e+00    5.0876876973e-03    3.6242860034e-04    9.0315314710e-01    3.1469391661e-01    2.4020790506e-01    0.0000000000e+00
  46.5050000    4.9467417449e-03    3.5787397158e-04   -9.5573204815e-04    5.1487870668e-03    2.0788122693e+00    9.0525073029e-01    3.1350675605e-01    0.0000000000e+00    9.9999999801e-01    0.0000000000e+00    5.1859588723e-03    3.7530209002e-04    9.0518579002e-01    3.1348891658e-01    2.5330009830e-01    0.0000000000e+00
  47.0050000    5.0430912714e-03    3.7099208662e-04   -9.6597595812e-04    5.4280699809e-03    2.1072784626e+00    9.0724595673e-01    3.1226477703e-01    0.0000000000e+00    9.9999999788e-01    0.0000000000e+00    5.2870056857e-03    3.8906122408e-04    9.0718333058e-01    3.1224831280e-01    2.6729820190e-01    0.0000000000e+00
  47.5050000    5.1421779276e-03    3.8502169343e-04   -9.7529302415e-04    5.7271256145e-03    2.1361026877e+00    9.0920226230e-01    3.1098272590e-01    0.0000000000e+00    9.9999999773e-01    0.0000000000e+00    5.3909221546e-03    4.0377642885e-04    9.0914185555e-01    3.1096760867e-01    2.8227966733e-01    0.0000000000e+00
  48.0050000    5.2440810397e-03    4.0003707403e-04   -9.8363030104e-04    6.0478244763e-03    2.1651884403e+00    9.1111592066e-01    3.0966045059e-01    0.0000000000e+00    9.9999999757e-01    0.0000000000e+00    5.4977878652e-03    4.1952532831e-04    9.1105753873e-01    3.0964653446e-01    2.9832955853e-01    0.0000000000e+00
  48.5050000    5.3488561424e-03    4.1611976700e-04   -9.9094596452e-04    6.3921304576e-03    2.1945293715e+00    9.1298221107e-01    3.0829536523e-01    0.0000000000e+00    9.9999999740e-01    0.0000000000e+00    5.6076633184e-03    4.3639341374e-04    9.1292573284e-01    3.0828253131e-01    3.1554167947e-01    0.0000000000e+00
  49.0050000    5.4565353044e-03    4.3335882686e-04   -9.9722817221e-04    6.7620845538e-03    2.2241863711e+00    9.1479590779e-01    3.0688517905e-01    0.0000000000e+00    9.9999999721e-01    0.0000000000e+00    5.7205843964e-03    4.5447413871e-04    9.1474127487e-01    3.0687333043e-01    3.3401887429e-01    0.0000000000e+00
  49.5050000    5.5671228833e-03    4.5185129087e-04   -1.0076797466e-03    7.1597910632e-03    2.2541649709e+00    9.1655031500e-01    3.0542587665e-01    0.0000000000e+00    9.9999999699e-01    0.0000000000e+00    5.8365554798e-03    4.7386942125e-04    9.1649746034e-01    3.0541496337e-01    3.5387189536e-01    0.0000000000e+00
  50.0050000    5.6805857776e-03    4.7170275041e-04   -1.0182808910e-03    7.6007554769e-03    2.2843149909e+00    9.1823899327e-01    3.0390807321e-01    0.0000000000e+00    9.9999999676e-01    0.0000000000e+00    5.9555411115e-03    4.9469004605e-04    9.1818782866e-01    3.0389807905e-01    3.7584978295e-01    0.0000000000e+00
  50.5050000    5.7968426034e-03    4.9302812210e-04   -1.0274735219e-03    8.0797130012e-03    2.3147145548e+00    9.1985198729e-01    3.0232058245e-01    0.0000000000e+00    9.9999999649e-01    0.0000000000e+00    6.0774555710e-03    5.1705634056e-04    9.1980241277e-01    3.0231140068e-01    3.9976236776e-01    0.0000000000e+00
  51.0050000    5.9157513415e-03    5.1595237283e-04   -1.0352089271e-03    8.5984117212e-03    2.3453114458e+00    9.2137607978e-01    3.0065005547e-01    0.0000000000e+00    9.9999999620e-01    0.0000000000e+00    6.2021495219e-03    5.4109950355e-04    9.2132798239e-01    3.0064164715e-01    4.2567577930e-01    0.0000000000e+00
  51.5050000    6.0370938780e-03    5.4061139258e-04   -1.0413817679e-03    9.1606414690e-03    2.3760915504e+00    9.2279621434e-01    2.9888414596e-01    0.0000000000e+00    9.9999999588e-01    0.0000000000e+00    6.3293940263e-03    5.6696206526e-04    9.2274947251e-01    2.9887648478e-01    4.5378296052e-01    0.0000000000e+00
  52.0050000    6.1605574792e-03    5.6715264796e-04   -1.0517390986e-03    9.7706197419e-03    2.4069894104e+00    9.2409699493e-01    2.9700782315e-01    0.0000000000e+00    9.9999999553e-01    0.0000000000e+00    6.4588608742e-03    5.9479863991e-04    9.2405147761e-01    2.9700085896e-01    4.8429309274e-01    0.0000000000e+00
  52.5050000    6.2857122796e-03    5.9573552016e-04   -1.0626466859e-03    1.0432925678e-02    2.4379685383e+00    9.2526198336e-01    2.9500328823e-01    0.0000000000e+00    9.9999999514e-01    0.0000000000e+00    6.5900989281e-03    6.2477634995e-04    9.2521754784e-01    2.9499695695e-01    5.1742899392e-01    0.0000000000e+00
  53.0050000    6.4119846042e-03    6.2653109095e-04   -1.0717134093e-03    1.1152386944e-02    2.4690899038e+00    9.2627015169e-01    2.9284240743e-01    0.0000000000e+00    9.9999999472e-01    0.0000000000e+00    6.7225061672e-03    6.5707466872e-04    9.2622663999e-01    2.9283666635e-01    5.5342330822e-01    0.0000000000e+00
  53.5050000    6.5386253526e-03    6.5972141907e-04   -1.0788790443e-03    1.1934048625e-02    2.5003373676e+00    9.2709611142e-01    2.9051103044e-01    0.0000000000e+00    9.9999999425e-01    0.0000000000e+00    6.8552968783e-03    6.9188454596e-04    9.2705335333e-01    2.9050584365e-01    5.9251929341e-01    0.0000000000e+00
  54.0050000    6.6646741214e-03    6.9549760763e-04   -1.0852925791e-03    1.2782715386e-02    2.5316724534e+00    9.2771122197e-01    2.8798518366e-01    0.0000000000e+00    9.9999999375e-01    0.0000000000e+00    6.9874636276e-03    7.2940633147e-04    9.2766903007e-01    2.8798049182e-01    6.3494995619e-01    0.0000000000e+00
  54.5050000    6.7889169950e-03    7.3405656634e-04   -1.0974853025e-03    1.3702857290e-02    2.5631461198e+00    9.2808079709e-01    2.8523884954e-01    0.0000000000e+00    9.9999999321e-01    0.0000000000e+00    7.1177333836e-03    7.6984658951e-04    9.2803896730e-01    2.8523460959e-01    6.8093477436e-01    0.0000000000e+00
  55.0050000    6.9098388981e-03    7.7559666099e-04   -1.1073146883e-03    1.4735716420e-02    2.5947516459e+00    9.2816083800e-01    2.8224148256e-01    0.0000000000e+00    9.9999999264e-01    0.0000000000e+00    7.2445171393e-03    8.1341337915e-04    9.2811914010e-01    2.8223765510e-01    7.3247257980e-01    0.0000000000e+00
  55.5050000    7.0255685869e-03    8.2031136289e-04   -1.1146036935e-03    1.5900696910e-02    2.6264349112e+00    9.2789754159e-01    2.7895840611e-01    0.0000000000e+00    9.9999999205e-01    0.0000000000e+00    7.3658520119e-03    8.6030957145e-04    9.2785570554e-01    2.7895495704e-01    7.9065351232e-01    0.0000000000e+00
  56.0050000    7.1338173423e-03    8.6838027722e-04   -1.1193212870e-03    1.7177456478e-02    2.6581427087e+00    9.2722847731e-01    2.7535071164e-01    0.0000000000e+00    9.9999999145e-01    0.0000000000e+00    7.4793372223e-03    9.1072356456e-04    9.2718618408e-01    2.7534761112e-01    8.5440807589e-01    0.0000000000e+00
  56.5050000    7.2318172643e-03    9.1995643092e-04   -1.1304958177e-03    1.8573168213e-02    2.6898081648e+00    9.2607517171e-01    2.7137659162e-01    0.0000000000e+00    9.9999999087e-01    0.0000000000e+00    7.5820688108e-03    9.6481585322e-04    9.2603202882e-01    2.7137380189e-01    9.2410008073e-01    0.0000000000e+00
  57.0050000    7.3162627139e-03    9.7514810218e-04   -1.1397563496e-03    2.0092369347e-02    2.7212782911e+00    9.2433854124e-01    2.6698908051e-01    0.0000000000e+00    9.9999999035e-01    0.0000000000e+00    7.6705784400e-03    1.0226999980e-03    9.2429405669e-01    2.6698658214e-01    9.9996022049e-01    0.0000000000e+00
  57.5050000    7.3832636559e-03    1.0339935036e-03   -1.1460916812e-03    2.1734602352e-02    2.7525116934e+00    9.2189849269e-01    2.6212690820e-01    0.0000000000e+00    9.9999998990e-01    0.0000000000e+00    7.7407853831e-03    1.0844160235e-03    9.2185205973e-01    2.6212467142e-01    1.0819665563e+00    0.0000000000e+00
  58.0050000    7.4283265801e-03    1.0964267215e-03   -1.1493528394e-03    2.3490877107e-02    2.7834590432e+00    9.1860073121e-01    2.5673931269e-01    0.0000000000e+00    9.9999998960e-01    0.0000000000e+00    7.7879754624e-03    1.1498948655e-03    9.1855158092e-01    2.5673730885e-01    1.1696667229e+00    0.0000000000e+00
  58.5050000    7.4463804258e-03    1.1622336498e-03   -1.1597199999e-03    2.5338007308e-02    2.8139957957e+00    9.1424637561e-01    2.5077109180e-01    0.0000000000e+00    9.9999998947e-01    0.0000000000e+00    7.8068272819e-03    1.2189119343e-03    9.1419349434e-01    2.5076929765e-01    1.2618946057e+00    0.0000000000e+00
  59.0050000    7.4318713516e-03    1.2309969061e-03   -1.1671411749e-03    2.7352323851e-02    2.8440914506e+00    9.0858275971e-01    2.4416132003e-01    0.0000000000e+00    9.9999998957e-01    0.0000000000e+00    7.7915138707e-03    1.2910294672e-03    9.0852482399e-01    2.4415971729e-01    1.3622872458e+00    0.0000000000e+00
  59.5050000    7.3789681126e-03    1.3020293426e-03   -1.1712401999e-03    2.9771294051e-02    2.8735618088e+00    9.0128804657e-01    2.3684950557e-01    0.0000000000e+00    9.9999998993e-01    0.0000000000e+00    7.7359165761e-03    1.3655268855e-03    9.0122329614e-01    2.3684808204e-01    1.4830528929e+00    0.0000000000e+00
