# time  f_op  f_geo  geo_trustworthy  max_local_speed  superluminal_fraction  max_shift  structure_coherence  reachable  n_rays  n_reached  max_h_rel_drift  f_geo_evol  f_geo_evol_ok
0.0000000000000000e+00  1.8575397581980543e-03  1.5362504718792927e-03  1  1.0342289752996741e+00  0.0000000000000000e+00  0.0000000000000000e+00  nan  1  5  5  1.4689756664396282e-04  0.0000000000000000e+00  0
4.0000000000000002e-01  1.8630544135461418e-03  1.5503767721527747e-03  1  1.0341255646289469e+00  0.0000000000000000e+00  1.8248870155392560e-05  nan  1  5  5  1.4611343432276977e-04  0.0000000000000000e+00  0
8.0000000000000004e-01  1.8655945822968882e-03  1.5800682458957623e-03  1  1.0338119764638414e+00  0.0000000000000000e+00  8.3207689373164352e-05  nan  1  5  5  1.5172728727117684e-04  0.0000000000000000e+00  0
1.2000000000000000e+00  1.8396558328683621e-03  1.6161020157476637e-03  1  1.0332890385249589e+00  0.0000000000000000e+00  1.3213921941857977e-04  nan  1  5  5  1.5619408784754940e-04  0.0000000000000000e+00  0
1.6000000000000001e+00  1.7921906797002437e-03  1.6611489462647893e-03  1  1.0325622698812367e+00  0.0000000000000000e+00  1.8318466783157268e-04  nan  1  5  5  1.4981967362141745e-04  0.0000000000000000e+00  0
2.0000000000000000e+00  1.7172170033633843e-03  1.7130555667610452e-03  1  1.0316339283402005e+00  0.0000000000000000e+00  2.7220597428388054e-04  nan  1  5  5  1.5025692622876820e-04  0.0000000000000000e+00  0
2.3999999999999901e+00  1.6088396769314815e-03  1.7554357077645096e-03  1  1.0306168534560194e+00  0.0000000000000000e+00  3.7884729495639500e-04  nan  1  5  5  1.5377552141502426e-04  0.0000000000000000e+00  0
2.7999999999999798e+00  1.4811578715685550e-03  1.7659944690684431e-03  1  1.0297756241873084e+00  0.0000000000000000e+00  4.7424073755070439e-04  nan  1  5  5  1.5290822239698328e-04  0.0000000000000000e+00  0
3.1999999999999802e+00  1.3599961762723483e-03  1.7538885066284112e-03  1  1.0290311583337368e+00  0.0000000000000000e+00  6.8823909891492572e-04  nan  1  5  5  1.5127900760819019e-04  0.0000000000000000e+00  0
3.5999999999999699e+00  1.2659645407907232e-03  1.6728747227485240e-03  1  1.0272401812296408e+00  0.0000000000000000e+00  6.8110550010079811e-04  nan  1  5  5  1.4168137276231798e-04  0.0000000000000000e+00  0
3.9999999999999600e+00  1.2096710525750882e-03  1.5578346986081879e-03  1  1.0242652918034183e+00  0.0000000000000000e+00  6.9930375978358259e-04  nan  1  5  5  1.2370303725342394e-04  0.0000000000000000e+00  0
4.3999999999999497e+00  1.1943332043781246e-03  1.4435254993757265e-03  1  1.0219861993286110e+00  0.0000000000000000e+00  8.5046365856203626e-04  nan  1  5  5  1.0208233566850328e-04  0.0000000000000000e+00  0
4.7999999999999403e+00  1.2173709118304741e-03  1.3417938065370574e-03  1  1.0205117008873903e+00  0.0000000000000000e+00  1.0211972794295669e-03  nan  1  5  5  9.9136109913399380e-05  0.0000000000000000e+00  0
5.1999999999999300e+00  1.2723741721233101e-03  1.2909867649798137e-03  1  1.0197422364322852e+00  0.0000000000000000e+00  1.2086805842662725e-03  nan  1  5  5  9.8275556559371279e-05  0.0000000000000000e+00  0
5.5999999999999304e+00  1.3524888488805490e-03  1.3205957962497061e-03  1  1.0195165097899686e+00  0.0000000000000000e+00  1.4383957919720839e-03  nan  1  5  5  1.0079812355993715e-04  0.0000000000000000e+00  0
5.9999999999999201e+00  1.4523754449298398e-03  1.4337728925663102e-03  1  1.0195571705391497e+00  0.0000000000000000e+00  1.7287288612456103e-03  nan  1  5  5  1.0618246162155733e-04  0.0000000000000000e+00  0
6.3999999999999098e+00  1.5704223358741268e-03  1.6132509940213072e-03  1  1.0199091249256020e+00  0.0000000000000000e+00  2.0431290523325275e-03  nan  1  5  5  1.0764840496571374e-04  0.0000000000000000e+00  0
6.7999999999999003e+00  1.7095267706723949e-03  1.8399099173741858e-03  1  1.0204502649220457e+00  0.0000000000000000e+00  2.3555878136248898e-03  nan  1  5  5  1.0864528719313364e-04  0.0000000000000000e+00  0
7.1999999999998900e+00  1.8736281007599980e-03  2.1032197083543144e-03  1  1.0210659246409217e+00  0.0000000000000000e+00  2.6523671780584834e-03  nan  1  5  5  1.1136001101259267e-04  0.0000000000000000e+00  0
7.5999999999998797e+00  2.0636075637677754e-03  2.3965969304783207e-03  1  1.0218188756767708e+00  0.0000000000000000e+00  2.9704409333442413e-03  nan  1  5  5  1.1717391451550644e-04  0.0000000000000000e+00  0
7.9999999999998703e+00  2.2758660028022997e-03  2.7115944023911897e-03  1  1.0227319035118534e+00  0.0000000000000000e+00  3.3776827538896602e-03  nan  1  5  5  1.2588551807167755e-04  0.0000000000000000e+00  0
8.3999999999998707e+00  2.5055873581508385e-03  3.0395018490976984e-03  1  1.0238247403449319e+00  0.0000000000000000e+00  3.7998355016725114e-03  nan  1  5  5  1.3153033216030193e-04  0.0000000000000000e+00  0
8.7999999999998604e+00  2.7555871563194577e-03  3.3752221337213215e-03  1  1.0250880973039431e+00  0.0000000000000000e+00  4.2277318486693910e-03  nan  1  5  5  1.3672892030583455e-04  0.0000000000000000e+00  0
9.1999999999998501e+00  3.0417297171976892e-03  3.7174715604282303e-03  1  1.0264546071835299e+00  0.0000000000000000e+00  4.7460652442822522e-03  nan  1  5  5  1.4207951519473925e-04  0.0000000000000000e+00  0
9.5999999999998398e+00  3.3832464628217817e-03  4.0661761202286234e-03  1  1.0279152657669997e+00  0.0000000000000000e+00  5.3013282257575838e-03  nan  1  5  5  1.4938436953529943e-04  0.0000000000000000e+00  0
9.9999999999998295e+00  3.7848374429670386e-03  4.4203882797476529e-03  1  1.0294807237259087e+00  0.0000000000000000e+00  5.8260088466178528e-03  nan  1  5  5  1.5622520459905541e-04  0.0000000000000000e+00  0
1.0399999999999800e+01  4.2309065388145863e-03  4.7789765740313666e-03  1  1.0311190728125232e+00  0.0000000000000000e+00  6.3617707400616058e-03  nan  1  5  5  1.6191867245379489e-04  0.0000000000000000e+00  0
1.0799999999999800e+01  4.6974000963656681e-03  5.1412585897520667e-03  1  1.0328499266477718e+00  0.0000000000000000e+00  6.9335697596865390e-03  nan  1  5  5  1.6868059725293994e-04  0.0000000000000000e+00  0
1.1199999999999800e+01  5.1660556274356548e-03  5.5067171898520086e-03  1  1.0346338890875268e+00  0.0000000000000000e+00  7.4924124356136133e-03  nan  1  5  5  1.7777191019801677e-04  0.0000000000000000e+00  0
1.1599999999999801e+01  5.6280781473319053e-03  5.8752601847341266e-03  1  1.0364703283712513e+00  0.0000000000000000e+00  8.0251592264286905e-03  nan  1  5  5  1.8782792080004478e-04  0.0000000000000000e+00  0
1.1999999999999799e+01  6.0802616009838590e-03  6.2463428228781061e-03  1  1.0383560175821989e+00  0.0000000000000000e+00  8.5335570689740788e-03  nan  1  5  5  1.9618004477211734e-04  0.0000000000000000e+00  0
1.2399999999999800e+01  6.5220749729156128e-03  6.6187936218601653e-03  1  1.0402824547785459e+00  0.0000000000000000e+00  9.0320185327150207e-03  nan  1  5  5  2.0698506357958626e-04  0.0000000000000000e+00  0
1.2799999999999800e+01  6.9551737772978539e-03  6.9913358925756215e-03  1  1.0422364361647871e+00  0.0000000000000000e+00  9.5418005622133345e-03  nan  1  5  5  2.1799278759846124e-04  0.0000000000000000e+00  0
1.3199999999999800e+01  7.3823612647449131e-03  7.3636269306925264e-03  1  1.0442069624973442e+00  0.0000000000000000e+00  1.0058793222179667e-02  nan  1  5  5  2.2740821309983762e-04  0.0000000000000000e+00  0
1.3599999999999801e+01  7.8060158945198648e-03  7.7352016236452558e-03  1  1.0461934145607679e+00  0.0000000000000000e+00  1.0575165928085705e-02  nan  1  5  5  2.3404880404245934e-04  0.0000000000000000e+00  0
1.3999999999999700e+01  8.2278123426380440e-03  8.1048943375086266e-03  1  1.0482042689685167e+00  0.0000000000000000e+00  1.1094831603317966e-02  nan  1  5  5  2.4283621481206301e-04  0.0000000000000000e+00  0
1.4399999999999700e+01  8.6492524565109363e-03  8.4712253744086575e-03  1  1.0502435653435145e+00  2.8695929429269850e-03  1.1620135730343683e-02  nan  1  5  5  2.5325646714466078e-04  0.0000000000000000e+00  0
1.4799999999999701e+01  9.0716153525652755e-03  8.8322270095426182e-03  1  1.0522980807935720e+00  3.7410989478159212e-02  1.2149821803027462e-02  nan  1  5  5  2.6336881592763995e-04  0.0000000000000000e+00  0
1.5199999999999701e+01  9.4955553413639000e-03  9.1861366280220191e-03  1  1.0543419524753437e+00  8.4281007545966624e-02  1.2680906780081831e-02  nan  1  5  5  2.7112141536358980e-04  0.0000000000000000e+00  0
1.5599999999999699e+01  9.9211030900283048e-03  9.5331214852055601e-03  1  1.0563576176499692e+00  1.2073546604315018e-01  1.3211927981090242e-02  nan  1  5  5  2.7862910508868365e-04  0.0000000000000000e+00  0
1.5999999999999700e+01  1.0347989113350779e-02  9.8738863812392625e-03  1  1.0583519222417244e+00  1.4656180252949305e-01  1.3743783129348860e-02  nan  1  5  5  2.8947658445402054e-04  0.0000000000000000e+00  0
1.6399999999999800e+01  1.0775965534151321e-02  1.0208360328732595e-02  1  1.0603505197686116e+00  1.6675523435009035e-01  1.4277836535616354e-02  nan  1  5  5  3.0071407563232787e-04  0.0000000000000000e+00  0
1.6799999999999802e+01  1.1205021861944968e-02  1.0537576809735372e-02  1  1.0623776195359464e+00  1.8886172813263896e-01  1.4815079116051047e-02  nan  1  5  5  3.1256484417953518e-04  0.0000000000000000e+00  0
1.7199999999999900e+01  1.1635358632561252e-02  1.0860618533176592e-02  1  1.0644418218104785e+00  2.0320969284727389e-01  1.5355128660516353e-02  nan  1  5  5  3.2165173062194375e-04  0.0000000000000000e+00  0
1.7600000000000001e+01  1.2067110023145368e-02  1.1177546167583369e-02  1  1.0665381700505896e+00  2.2223403124667870e-01  1.5896095649009970e-02  nan  1  5  5  3.3117630953191169e-04  0.0000000000000000e+00  0
1.8000000000000000e+01  1.2500145525830222e-02  1.1487328191128861e-02  1  1.0686586874212085e+00  2.3424380911892870e-01  1.6437775564944718e-02  nan  1  5  5  3.4254486649569764e-04  0.0000000000000000e+00  0
1.8400000000000102e+01  1.2934195293918769e-02  1.1791228519144721e-02  1  1.0707993937496343e+00  2.4901689871399724e-01  1.6980191781520410e-02  nan  1  5  5  3.5572198417083904e-04  0.0000000000000000e+00  0
1.8800000000000100e+01  1.3369096381033030e-02  1.2087019906461051e-02  1  1.0729696080582132e+00  2.6272717610798174e-01  1.7523497192803671e-02  nan  1  5  5  3.6924813035157125e-04  0.0000000000000000e+00  0
1.9200000000000198e+01  1.3804828090990422e-02  1.2376304976821809e-02  1  1.0751895441815336e+00  2.7452439154001490e-01  1.8069620873436189e-02  nan  1  5  5  3.8087559489120534e-04  0.0000000000000000e+00  0
1.9600000000000300e+01  1.4241313398381800e-02  1.2659030621073623e-02  1  1.0774337569537475e+00  2.8493995111063875e-01  1.8617804439944940e-02  nan  1  5  5  3.9199156464548776e-04  0.0000000000000000e+00  0
2.0000000000000298e+01  1.4678232797307188e-02  1.2933813344637841e-02  1  1.0797026666393663e+00  3.0024444680624934e-01  1.9166294066721490e-02  nan  1  5  5  4.0558054730792815e-04  0.0000000000000000e+00  0
2.0400000000000400e+01  1.5115044670768980e-02  1.3200853877883952e-02  1  1.0819953109373048e+00  3.1076628759698161e-01  1.9715030812615053e-02  nan  1  5  5  4.1731015321526676e-04  0.0000000000000000e+00  0
2.0800000000000502e+01  1.5551177235954304e-02  1.3460409207973997e-02  1  1.0843093277947324e+00  3.2426400255074928e-01  2.0263809667048899e-02  nan  1  5  5  4.3122046943639525e-04  0.0000000000000000e+00  0
2.1200000000000500e+01  1.5986207253146412e-02  1.3710370359161839e-02  1  1.0866412431154617e+00  3.3191625039855460e-01  2.0812244605895092e-02  nan  1  5  5  4.4603414407970861e-04  0.0000000000000000e+00  0
2.1600000000000598e+01  1.6419885973069603e-02  1.3949358914090061e-02  1  1.0889866694067039e+00  3.4541396535232227e-01  2.1360043953681008e-02  nan  1  5  5  4.5960486469736760e-04  0.0000000000000000e+00  0
2.2000000000000600e+01  1.6852038534284051e-02  1.4177332950105414e-02  1  1.0913403340729431e+00  3.5869911786587311e-01  2.1907259704813067e-02  nan  1  5  5  4.7630087911920352e-04  0.0000000000000000e+00  0
2.2400000000000698e+01  1.7282473473196183e-02  1.4393212959400185e-02  1  1.0936964923636396e+00  3.6698905303432883e-01  2.2454291117811498e-02  nan  1  5  5  4.9010457251129282e-04  0.0000000000000000e+00  0
2.2800000000000800e+01  1.7710995555408043e-02  1.4595463451148157e-02  1  1.0960501271979908e+00  3.7719205016473589e-01  2.3001687472337957e-02  nan  1  5  5  5.0433227592142245e-04  0.0000000000000000e+00  0
2.3200000000000799e+01  1.8137488438014392e-02  1.4783512824107066e-02  1  1.0984234034489762e+00  3.8898926559676905e-01  2.3549923302568054e-02  nan  1  5  5  5.1911016631450322e-04  0.0000000000000000e+00  0
2.3600000000000900e+01  1.8561963113296134e-02  1.4957879423493661e-02  1  1.1008053117187233e+00  3.9770432564565839e-01  2.4099271920832572e-02  nan  1  5  5  5.3679676038466081e-04  0.0000000000000000e+00  0
2.4000000000000998e+01  1.8984509008859580e-02  1.5117980576180912e-02  1  1.1031822645015918e+00  4.0928897863747477e-01  2.4649800874475020e-02  nan  1  5  5  5.5477913310297746e-04  0.0000000000000000e+00  0
2.4400000000001000e+01  1.9405177373494908e-02  1.5262267774239649e-02  1  1.1055593970651740e+00  4.1502816452332875e-01  2.5201449112097540e-02  nan  1  5  5  5.7307394082832422e-04  0.0000000000000000e+00  0
2.4800000000001098e+01  1.9823879941991033e-02  1.5391216389985092e-02  1  1.1079424806504796e+00  4.2384950579232650e-01  2.5754127149527260e-02  nan  1  5  5  5.8949747426437834e-04  0.0000000000000000e+00  0
2.5200000000001101e+01  2.0240362462653191e-02  1.5507053172874034e-02  1  1.1103364464364951e+00  4.3500903390370921e-01  2.6307785763885622e-02  nan  1  5  5  6.0827913502584552e-04  0.0000000000000000e+00  0
2.5600000000001199e+01  2.0654246752588836e-02  1.5608747333748995e-02  1  1.1127439126336218e+00  4.4181103199064725e-01  2.6862420638393645e-02  nan  1  5  5  6.2598101436772441e-04  0.0000000000000000e+00  0
2.6000000000001300e+01  2.1065088776150910e-02  1.5693260283702073e-02  1  1.1151639535281259e+00  4.5328940376235521e-01  2.7418022159830642e-02  nan  1  5  5  6.4419770499301861e-04  0.0000000000000000e+00  0
2.6400000000001299e+01  2.1472407572771020e-02  1.5758124905205468e-02  1  1.1175917120274190e+00  4.5966627696885959e-01  2.7974521231072840e-02  nan  1  5  5  6.6426506479633988e-04  0.0000000000000000e+00  0
2.6800000000001400e+01  2.1875683984441233e-02  1.5805560026564594e-02  1  1.1200193266896505e+00  4.6614943139547244e-01  2.8533798467472685e-02  nan  1  5  5  6.8649248964433324e-04  0.0000000000000000e+00  0
2.7200000000001499e+01  2.2274364602649678e-02  1.5838884035599528e-02  1  1.1224379949007384e+00  4.7061324264002552e-01  2.9113605919359839e-02  nan  1  5  5  7.0922783610767798e-04  0.0000000000000000e+00  0
2.7600000000001501e+01  2.2667903447356291e-02  1.5854011833242983e-02  1  1.1248403575314776e+00  4.7741524072696356e-01  2.9695934417937334e-02  nan  1  5  5  7.3190695132720554e-04  0.0000000000000000e+00  0
2.8000000000001599e+01  2.3055836994340526e-02  1.5847804840319762e-02  1  1.1272222786191624e+00  4.8134764587097462e-01  3.0280818834508238e-02  nan  1  5  5  7.5274918610514501e-04  0.0000000000000000e+00  0
2.8400000000001601e+01  2.3437851873468349e-02  1.5813136551561611e-02  1  1.1295835090408433e+00  4.8581145711552770e-01  3.0868227469151060e-02  nan  1  5  5  7.7415043946270031e-04  0.0000000000000000e+00  0
2.8800000000001699e+01  2.3813801129935006e-02  1.5754866134740881e-02  1  1.1319458546591246e+00  4.9282601764268252e-01  3.1458148597989712e-02  nan  1  5  5  7.9616689903477247e-04  0.0000000000000000e+00  0
2.9200000000001801e+01  2.4183656382344425e-02  1.5674174834982377e-02  1  1.1343088658715685e+00  4.9899032840897012e-01  3.2050687729489553e-02  nan  1  5  5  8.2022515751174665e-04  0.0000000000000000e+00  0
2.9600000000001799e+01  2.4547421753849268e-02  1.5573057106455937e-02  1  1.1366654348964413e+00  5.0154107769157186e-01  3.2646098176769063e-02  nan  1  5  5  8.4748882903582477e-04  0.0000000000000000e+00  0
3.0000000000001901e+01  2.4905050888782421e-02  1.5451989426164726e-02  1  1.1390215916800279e+00  5.0696141991710064e-01  3.3244725821950240e-02  nan  1  5  5  8.7560627342462996e-04  0.0000000000000000e+00  0
3.0400000000001999e+01  2.5256394528711212e-02  1.5308471891516030e-02  1  1.1413802640114981e+00  5.1110638750132853e-01  3.3846909373183506e-02  nan  1  5  5  9.0455665590076213e-04  0.0000000000000000e+00  0
3.0800000000002001e+01  2.5601181554932434e-02  1.5138904357495030e-02  1  1.1437403639639419e+00  5.1429482410458072e-01  3.4452895347103232e-02  nan  1  5  5  9.3414826584952511e-04  0.0000000000000000e+00  0
3.1200000000002099e+01  2.5939022799645581e-02  1.4943620502680444e-02  1  1.1460971292143085e+00  5.1525135508555642e-01  3.5062801779341429e-02  nan  1  5  5  9.6146820641891196e-04  0.0000000000000000e+00  0
3.1600000000002101e+01  2.6269429765992027e-02  1.4722404424514711e-02  1  1.1484435995858409e+00  5.2237219683281966e-01  3.5676628003461809e-02  nan  1  5  5  9.8954243388753088e-04  0.0000000000000000e+00  0
3.2000000000002203e+01  2.6591848856831673e-02  1.4476043726524552e-02  1  1.1507726996925063e+00  5.2502922733552981e-01  3.6294289245530804e-02  nan  1  5  5  1.0184266278605446e-03  0.0000000000000000e+00  0
3.2400000000002102e+01  2.6905712999279296e-02  1.4202899825214776e-02  1  1.1530792175795748e+00  5.2832394515889047e-01  3.6924579279143589e-02  nan  1  5  5  1.0482084887015674e-03  0.0000000000000000e+00  0
3.2800000000002001e+01  2.7210504185299231e-02  1.3901070382566921e-02  1  1.1553610671072827e+00  5.3066213200127532e-01  3.7595244708077485e-02  nan  1  5  5  1.0810706478969160e-03  0.0000000000000000e+00  0
3.3200000000001999e+01  2.7505810192281953e-02  1.3569126374801054e-02  1  1.1576194917832876e+00  5.3618875544691258e-01  3.8271911701228511e-02  nan  1  5  5  1.1153811377523542e-03  0.0000000000000000e+00  0
3.3600000000001899e+01  2.7791355575071192e-02  1.3208552173655174e-02  1  1.1598581815522961e+00  5.3693272398767133e-01  3.8954513010757912e-02  nan  1  5  5  1.1507805751011537e-03  0.0000000000000000e+00  0
3.4000000000001798e+01  2.8066993703114253e-02  1.2817687364045335e-02  1  1.1620815767418295e+00  5.3852694228929743e-01  3.9643140378827900e-02  nan  1  5  5  1.1873518941571445e-03  0.0000000000000000e+00  0
3.4400000000001697e+01  2.8332659743979742e-02  1.2397112023983459e-02  1  1.1642928968857280e+00  5.4139653523222442e-01  4.0338076304654996e-02  nan  1  5  5  1.2251443179293524e-03  0.0000000000000000e+00  0
3.4800000000001603e+01  2.8588298521974424e-02  1.1946775910999977e-02  1  1.1664925752977620e+00  5.4522265915612711e-01  4.1039750205965703e-02  nan  1  5  5  1.2641727102941703e-03  0.0000000000000000e+00  0
3.5200000000001602e+01  2.8833790832216419e-02  1.1465671145299094e-02  1  1.1686776917859212e+00  5.4787968965883727e-01  4.1748653467808337e-02  nan  1  5  5  1.3021596187081249e-03  0.0000000000000000e+00  0
3.5600000000001501e+01  2.9068902637206899e-02  1.0953007027156226e-02  1  1.1708426453173224e+00  5.5053672016154742e-01  4.2465259536398799e-02  nan  1  5  5  1.3414793396413125e-03  0.0000000000000000e+00  0
3.6000000000001400e+01  2.9293271989279134e-02  1.0405927116608293e-02  1  1.1729808175246166e+00  5.5340631310447441e-01  4.3189972929714313e-02  nan  1  5  5  1.3821743546891994e-03  0.0000000000000000e+00  0
3.6400000000001299e+01  2.9506432409778720e-02  9.8245599707112840e-03  1  1.1750865818768190e+00  5.5563821872675101e-01  4.3923106035813092e-02  nan  1  5  5  1.4265016659990896e-03  0.0000000000000000e+00  0
3.6800000000001198e+01  2.9707857345359717e-02  9.2097650679435848e-03  1  1.1771569237640391e+00  5.5670103092783507e-01  4.4664876158572737e-02  nan  1  5  5  1.4739933012161736e-03  0.0000000000000000e+00  0
3.7200000000001197e+01  2.9897005793821808e-02  8.5595425829480317e-03  1  1.1791921767816933e+00  5.5861409288978636e-01  4.5431876875651860e-02  nan  1  5  5  1.5231342277649705e-03  0.0000000000000000e+00  0
3.7600000000001103e+01  3.0073355374899649e-02  7.8729890057798648e-03  1  1.1811990780934638e+00  5.5967690509087042e-01  4.6267085496573400e-02  nan  1  5  5  1.5741131662240205e-03  0.0000000000000000e+00  0
3.8000000000001002e+01  3.0236420166510413e-02  7.1500591440346933e-03  1  1.1832013845144100e+00  5.6339674779466464e-01  4.7115197605397841e-02  nan  1  5  5  1.6271170067951293e-03  0.0000000000000000e+00  0
3.8400000000000901e+01  3.0385758168219326e-02  6.3902568213512886e-03  1  1.1851822419602849e+00  5.6594749707726644e-01  4.7976445261002226e-02  nan  1  5  5  1.6823116760136913e-03  0.0000000000000000e+00  0
3.8800000000000800e+01  3.0520972312926276e-02  5.5932473352133293e-03  1  1.1871465482681267e+00  5.6754171537889253e-01  4.8851145259941157e-02  nan  1  5  5  1.7398180373851876e-03  0.0000000000000000e+00  0
3.9200000000000799e+01  3.0641701938431701e-02  4.7576962821322443e-03  1  1.1890961315797859e+00  5.6998618344138585e-01  4.9739720860132536e-02  nan  1  5  5  1.7997047105351087e-03  0.0000000000000000e+00  0
3.9600000000000698e+01  3.0747597775946843e-02  3.8829622124926353e-03  1  1.1910288009080128e+00  5.7147412052290358e-01  5.0642681960587056e-02  nan  1  5  5  1.8619883782731127e-03  0.0000000000000000e+00  0
4.0000000000000597e+01  3.0838281793143421e-02  2.9678600997942407e-03  1  1.1929387020342523e+00  5.7285577638431284e-01  5.1560584631068281e-02  nan  1  5  5  1.9266548244534134e-03  0.0000000000000000e+00  0
4.0400000000000503e+01  3.0913311454392533e-02  2.0116162291957296e-03  1  1.1948180308730596e+00  5.7519396322669780e-01  5.2493994137365357e-02  nan  1  5  5  1.9936891261954433e-03  0.0000000000000000e+00  0
4.0800000000000502e+01  3.0972178503853132e-02  1.0125302931138528e-03  1  1.1966595936145550e+00  5.7572536932723983e-01  5.3443457970290952e-02  nan  1  5  5  2.0631188267952148e-03  0.0000000000000000e+00  0
4.1200000000000401e+01  3.1014355434997792e-02  0.0000000000000000e+00  1  1.1984592917779011e+00  5.7710702518864920e-01  5.4409481095267755e-02  nan  1  5  5  2.1350471429848086e-03  0.0000000000000000e+00  0
4.1600000000000300e+01  3.1039361301704326e-02  0.0000000000000000e+00  1  1.2002175998207349e+00  5.7944521203103416e-01  5.5490192576588604e-02  nan  1  5  5  2.2096725176978353e-03  0.0000000000000000e+00  0
4.2000000000000199e+01  3.1046787644332378e-02  0.0000000000000000e+00  1  1.2019570784189417e+00  5.8348389839515358e-01  5.6608099351431844e-02  nan  1  5  5  2.2872654310026916e-03  0.0000000000000000e+00  0
4.2400000000000098e+01  3.1036245139733593e-02  0.0000000000000000e+00  1  1.2036776235512545e+00  5.8465299181634600e-01  5.7749954037660312e-02  nan  1  5  5  2.3681437527595939e-03  0.0000000000000000e+00  0
4.2800000000000097e+01  3.1007260704872530e-02  0.0000000000000000e+00  1  1.2053775464852072e+00  5.8603464767775537e-01  5.8916398206265909e-02  nan  1  5  5  2.4526219380752181e-03  0.0000000000000000e+00  0
4.3200000000000003e+01  3.0959216158960585e-02  0.0000000000000000e+00  1  1.2070631574376109e+00  5.8741630353916463e-01  6.0108233698796261e-02  nan  1  5  5  2.5440375883977280e-03  0.0000000000000000e+00  0
4.3599999999999902e+01  3.0891407290845961e-02  0.0000000000000000e+00  1  1.2087375645381766e+00  5.8869167818046553e-01  6.1326459042625070e-02  nan  1  5  5  2.6473904521300117e-03  0.0000000000000000e+00  0
4.3999999999999801e+01  3.0803210808201510e-02  0.0000000000000000e+00  1  1.2104000025960051e+00  5.8986077160165795e-01  6.2572208833900134e-02  nan  1  5  5  2.7604701061277907e-03  0.0000000000000000e+00  0
4.4399999999999700e+01  3.0694248602822743e-02  0.0000000000000000e+00  1  1.2120465520092389e+00  5.9251780210436811e-01  6.3846619192310758e-02  nan  1  5  5  2.8801366273438645e-03  0.0000000000000000e+00  0
4.4799999999999699e+01  3.0564422853184371e-02  0.0000000000000000e+00  1  1.2136719184357683e+00  5.9485598894675307e-01  6.5150698068010382e-02  nan  1  5  5  3.0067396862095926e-03  0.0000000000000000e+00  0
4.5199999999999598e+01  3.0413782620113058e-02  0.0000000000000000e+00  1  1.2152713490260114e+00  5.9570623870762041e-01  6.6598908084582339e-02  nan  1  5  5  3.1405029946345109e-03  0.0000000000000000e+00  0
4.5599999999999497e+01  3.0242302990602671e-02  0.0000000000000000e+00  1  1.2168417972765515e+00  5.9591880114783713e-01  6.8130627902692045e-02  nan  1  5  5  3.2601699690278214e-03  0.0000000000000000e+00  0
4.5999999999999403e+01  3.0049714064559231e-02  0.0000000000000000e+00  1  1.2183822567266407e+00  5.9846955043043892e-01  6.9704275560594789e-02  nan  1  5  5  3.4003491198992103e-03  0.0000000000000000e+00  0
4.6399999999999302e+01  2.9835472021316270e-02  0.0000000000000000e+00  1  1.2198938993962170e+00  6.0155170581358275e-01  7.1321144524028490e-02  nan  1  5  5  3.5478821789017259e-03  0.0000000000000000e+00  0
4.6799999999999301e+01  2.9598866291398195e-02  0.0000000000000000e+00  1  1.2213803351172670e+00  6.0346476777553404e-01  7.2982644451451043e-02  nan  1  5  5  3.7033254106568513e-03  0.0000000000000000e+00  0
4.7199999999999200e+01  2.9339180852051294e-02  0.0000000000000000e+00  1  1.2228473243542088e+00  6.0495270485705177e-01  7.4690214368298272e-02  nan  1  5  5  3.8725486133326377e-03  0.0000000000000000e+00  0
4.7599999999999099e+01  2.9055811226083857e-02  0.0000000000000000e+00  1  1.2243010799809604e+00  6.0675948559889470e-01  7.6445286851713479e-02  nan  1  5  5  4.0605842629278851e-03  0.0000000000000000e+00  0
4.7999999999998998e+01  2.8748279227493886e-02  0.0000000000000000e+00  1  1.2257455216672131e+00  6.0760973535976193e-01  7.8249389162703423e-02  nan  1  5  5  4.2589016354153018e-03  0.0000000000000000e+00  0
4.8399999999998897e+01  2.8416164217090721e-02  0.0000000000000000e+00  1  1.2271802636679898e+00  6.0994792220214689e-01  8.0141533456896202e-02  nan  1  5  5  4.4677513618271315e-03  0.0000000000000000e+00  0
4.8799999999998903e+01  2.8059029809081731e-02  0.0000000000000000e+00  1  1.2286009775871702e+00  6.1249867148474868e-01  8.2277723861779409e-02  nan  1  5  5  4.6713980770977251e-03  0.0000000000000000e+00  0
4.9199999999998802e+01  2.7676397398316170e-02  0.0000000000000000e+00  1  1.2300019851827673e+00  6.1409288978637477e-01  8.4484585105310067e-02  nan  1  5  5  4.8965150083283360e-03  0.0000000000000000e+00  0
4.9599999999998701e+01  2.7267720019063118e-02  0.0000000000000000e+00  1  1.2313792710925200e+00  6.1515570198745884e-01  8.6763960148412339e-02  nan  1  5  5  5.1475878476489175e-03  0.0000000000000000e+00  0
4.9999999999998600e+01  2.6832292548395486e-02  0.0000000000000000e+00  1  1.2327321428457099e+00  6.1685620150919329e-01  8.9117682444538188e-02  nan  1  5  5  5.4247756840072178e-03  0.0000000000000000e+00  0
5.0399999999998499e+01  2.6369184218858002e-02  0.0000000000000000e+00  1  1.2340631101874093e+00  6.1855670103092786e-01  9.1548299658949908e-02  nan  1  5  5  5.7322182489371147e-03  0.0000000000000000e+00  0
5.0799999999998498e+01  2.5877404423112205e-02  0.0000000000000000e+00  1  1.2353765694519425e+00  6.2238282495483044e-01  9.4059384736201235e-02  nan  1  5  5  6.0547614930801337e-03  0.0000000000000000e+00  0
5.1199999999998397e+01  2.5356329902288675e-02  0.0000000000000000e+00  1  1.2366770029775802e+00  6.2450844935699856e-01  9.6655060033273649e-02  nan  1  5  5  6.4620590112222220e-03  0.0000000000000000e+00  0
5.1599999999998303e+01  2.4806026545689596e-02  0.0000000000000000e+00  1  1.2380093996909387e+00  6.2567754277819110e-01  9.9339079980266781e-02  nan  1  5  5  6.8393047199159290e-03  0.0000000000000000e+00  0
5.1999999999998202e+01  2.4227004751075792e-02  0.0000000000000000e+00  1  1.2393626363561678e+00  6.2907854182166012e-01  1.0237196318429284e-01  nan  1  5  5  7.2313946450610362e-03  0.0000000000000000e+00  0
5.2399999999998101e+01  2.3619438155900951e-02  0.0000000000000000e+00  1  1.2407093991202629e+00  6.3152300988415344e-01  1.0560398144927464e-01  nan  1  5  5  7.6435509686097027e-03  0.0000000000000000e+00  0
5.2799999999998100e+01  2.2982493423938273e-02  0.0000000000000000e+00  1  1.2420465828358147e+00  6.3301094696567117e-01  1.0896107546274940e-01  nan  1  5  5  8.2690005227546871e-03  0.0000000000000000e+00  0
5.3199999999997999e+01  2.2314415261675626e-02  0.0000000000000000e+00  1  1.2433634692139022e+00  6.3449888404718890e-01  1.1244804200790576e-01  nan  1  5  5  8.7378873149450854e-03  0.0000000000000000e+00  0
5.3599999999997898e+01  2.1613303535932792e-02  0.0000000000000000e+00  1  1.2446487435511324e+00  6.3726219577000742e-01  1.1606955576024458e-01  nan  1  5  5  9.2349430767395858e-03  0.0000000000000000e+00  0
5.3999999999997797e+01  2.0877871007005781e-02  0.0000000000000000e+00  1  1.2459044587473243e+00  6.4013178871293441e-01  1.1982917895896478e-01  nan  1  5  5  9.9880811257535163e-03  0.0000000000000000e+00  0
5.4399999999997704e+01  2.0107580293514005e-02  0.0000000000000000e+00  1  1.2471501697353009e+00  6.4310766287596977e-01  1.2372929405249510e-01  nan  1  5  5  2.8366007470582654e-03  0.0000000000000000e+00  0
5.4799999999997702e+01  1.9302234449945541e-02  0.0000000000000000e+00  1  1.2484076535124431e+00  6.4502072483792117e-01  1.2777258977335887e-01  nan  1  5  5  2.8711945681768555e-03  0.0000000000000000e+00  0
5.5199999999997601e+01  1.8461553348297320e-02  0.0000000000000000e+00  1  1.2496807692934964e+00  6.4916569242214905e-01  1.3219496648509182e-01  nan  1  5  5  2.9130698632051717e-03  0.0000000000000000e+00  0
5.5599999999997500e+01  1.7585094126084961e-02  0.0000000000000000e+00  1  1.2509528038941189e+00  6.5288553512594327e-01  1.3713366213964984e-01  nan  1  5  5  2.9491928323610054e-03  0.0000000000000000e+00  0
5.5999999999997399e+01  1.6672407485380236e-02  0.0000000000000000e+00  1  1.2522025948111219e+00  6.5458603464767773e-01  1.4228948145851136e-01  nan  1  5  5  2.9855254839784924e-03  0.0000000000000000e+00  0
5.6399999999997299e+01  1.5723122825697808e-02  0.0000000000000000e+00  1  1.2534200080681670e+00  6.5724306515038788e-01  1.4767284763296709e-01  nan  1  5  5  3.0193616903757474e-03  0.0000000000000000e+00  0
5.6799999999997297e+01  1.4736856213548769e-02  0.0000000000000000e+00  1  1.2546284509786949e+00  6.6213200127537464e-01  1.5328932396559139e-01  nan  1  5  5  3.0463179706332476e-03  0.0000000000000000e+00  0
5.7199999999997203e+01  1.3713111495975754e-02  0.0000000000000000e+00  1  1.2558803013099238e+00  6.6670209374003608e-01  1.5913956420409364e-01  nan  1  5  5  3.0751076314223520e-03  0.0000000000000000e+00  0
5.7599999999997102e+01  1.2651367265068783e-02  0.0000000000000000e+00  1  1.2571066046607071e+00  6.6914656180252952e-01  1.6522273773139573e-01  nan  1  5  5  3.1013097074208910e-03  0.0000000000000000e+00  0
5.7999999999997002e+01  1.1551314838865824e-02  0.0000000000000000e+00  1  1.2583090385839828e+00  6.7116590498458917e-01  1.7153934557822481e-01  nan  1  5  5  3.1184833500118602e-03  0.0000000000000000e+00  0
5.8399999999997000e+01  1.0494028077238326e-02  0.0000000000000000e+00  1  1.2594940332677107e+00  6.7382293548729943e-01  1.7836395222328311e-01  nan  1  5  5  3.1392321803189530e-03  0.0000000000000000e+00  0
5.8799999999996899e+01  9.4112269321204346e-03  0.0000000000000000e+00  1  1.2606653713637415e+00  6.7913699649271975e-01  1.8621950614521787e-01  nan  1  5  5  3.1577133857612402e-03  0.0000000000000000e+00  0
5.9199999999996798e+01  8.2926335586138225e-03  0.0000000000000000e+00  1  1.2618236542896675e+00  6.8370708895738119e-01  1.9441508215316669e-01  nan  1  5  5  3.1659680056392906e-03  0.0000000000000000e+00  0
5.9599999999996697e+01  7.1384485075173757e-03  0.0000000000000000e+00  1  1.2629709223002084e+00  6.8806461898182592e-01  2.0294682980076334e-01  nan  1  5  5  3.1807611119160839e-03  0.0000000000000000e+00  0
5.9999999999996597e+01  5.9492766769276440e-03  0.0000000000000000e+00  1  1.2641125456801394e+00  6.9220958656605380e-01  2.1180566158987382e-01  nan  1  5  5  3.1941329788988922e-03  0.0000000000000000e+00  0
6.0399999999996602e+01  4.7244824372147899e-03  0.0000000000000000e+00  1  1.2652697185983641e+00  6.9444149218833029e-01  2.2097720384472583e-01  nan  1  5  5  3.2128129595289491e-03  0.0000000000000000e+00  0
6.0799999999996501e+01  3.4648240691531537e-03  0.0000000000000000e+00  1  1.2665008100871302e+00  6.9773621001169095e-01  2.3044089177771906e-01  nan  1  5  5  3.2249685169856808e-03  0.0000000000000000e+00  0
6.1199999999996400e+01  2.1714212719471265e-03  0.0000000000000000e+00  1  1.2677256559276207e+00  7.0241258369646087e-01  2.4016873330812138e-01  nan  1  5  5  3.2410012473565665e-03  0.0000000000000000e+00  0
6.1599999999996299e+01  8.4549368836771255e-04  0.0000000000000000e+00  1  1.2689384907414898e+00  7.0687639494101395e-01  2.5104164433720433e-01  nan  1  5  5  3.2538680820300516e-03  0.0000000000000000e+00  0
6.1999999999996199e+01  0.0000000000000000e+00  0.0000000000000000e+00  1  1.2701350007817396e+00  7.1038367520459134e-01  2.6318065173729860e-01  nan  1  5  5  3.2666257553449151e-03  0.0000000000000000e+00  0
6.2399999999996197e+01  0.0000000000000000e+00  0.0000000000000000e+00  1  1.2713138473764027e+00  7.1314698692740996e-01  2.7563958636433655e-01  nan  1  5  5  3.2783206659538944e-03  0.0000000000000000e+00  0
6.2799999999996103e+01  0.0000000000000000e+00  0.0000000000000000e+00  1  1.2724753617143614e+00  7.1856732915293864e-01  2.8832601401153507e-01  nan  1  5  5  3.2851411873942369e-03  0.0000000000000000e+00  0
6.3199999999996002e+01  0.0000000000000000e+00  0.0000000000000000e+00  1  1.2736193414321308e+00  7.2228717185673297e-01  3.0115283609219606e-01  nan  1  5  5  3.3227791828985389e-03  0.0000000000000000e+00  0
6.3599999999995902e+01  0.0000000000000000e+00  0.0000000000000000e+00  1  1.2747442569939786e+00  7.2898288872356254e-01  3.1402049397924703e-01  nan  1  5  5  3.3278722807684796e-03  0.0000000000000000e+00  0
6.3999999999995801e+01  0.0000000000000000e+00  0.0000000000000000e+00  1  1.2759005162395842e+00  7.3185248166648953e-01  3.2681912324103218e-01  nan  1  5  5  3.3500034315609010e-03  0.0000000000000000e+00  0
6.4399999999995998e+01  0.0000000000000000e+00  0.0000000000000000e+00  1  1.2770733148825466e+00  7.3748538633223515e-01  3.3943228259372588e-01  nan  1  5  5  3.3551848268636663e-03  0.0000000000000000e+00  0
6.4799999999996203e+01  0.0000000000000000e+00  0.0000000000000000e+00  1  1.2782201600809757e+00  7.3950472951429480e-01  3.5292038252694630e-01  nan  1  5  5  3.3924413059375604e-03  0.0000000000000000e+00  0
6.5199999999996507e+01  0.0000000000000000e+00  0.0000000000000000e+00  1  1.2793478297027427e+00  7.4311829099798066e-01  3.6768184150301231e-01  nan  1  5  5  3.3851903310168959e-03  0.0000000000000000e+00  0
6.5599999999996697e+01  0.0000000000000000e+00  0.0000000000000000e+00  1  1.2804399271719233e+00  7.4683813370177488e-01  3.8189589558008114e-01  nan  1  5  5  3.4119621063179776e-03  0.0000000000000000e+00  0
6.5999999999996902e+01  0.0000000000000000e+00  0.0000000000000000e+00  1  1.2814901112546380e+00  7.5055797640556909e-01  3.9542187982328070e-01  nan  1  5  5  3.4767730282743055e-03  0.0000000000000000e+00  0
6.6399999999997107e+01  0.0000000000000000e+00  0.0000000000000000e+00  1  1.2824913507053295e+00  7.5278988202784569e-01  4.0814697086148582e-01  nan  1  5  5  3.4951327446551906e-03  0.0000000000000000e+00  0
6.6799999999997297e+01  0.0000000000000000e+00  0.0000000000000000e+00  1  1.2834370731651317e+00  7.5385269422892975e-01  4.1992099496957641e-01  nan  1  5  5  3.5140085044697458e-03  0.0000000000000000e+00  0
6.7199999999997502e+01  0.0000000000000000e+00  0.0000000000000000e+00  1  1.2843217883400080e+00  7.5502178765012218e-01  4.3065806944298418e-01  nan  1  5  5  3.5275422632939837e-03  0.0000000000000000e+00  0
6.7599999999997706e+01  0.0000000000000000e+00  0.0000000000000000e+00  1  1.2851537877878905e+00  7.5640344351153155e-01  4.4030104119055707e-01  nan  1  5  5  3.5420383454817430e-03  0.0000000000000000e+00  0
6.7999999999997897e+01  0.0000000000000000e+00  0.0000000000000000e+00  1  1.2859649310042165e+00  7.5693484961207358e-01  4.4882146904447690e-01  nan  1  5  5  3.5483274726612591e-03  0.0000000000000000e+00  0
6.8399999999998101e+01  0.0000000000000000e+00  0.0000000000000000e+00  1  1.2866971345527718e+00  7.5650972473163991e-01  4.5621685968400888e-01  nan  1  5  5  3.5546495024146446e-03  0.0000000000000000e+00  0
6.8799999999998306e+01  0.0000000000000000e+00  0.0000000000000000e+00  1  1.2873469025136781e+00  7.5693484961207358e-01  4.6250618671760219e-01  nan  1  5  5  3.5554899494567569e-03  0.0000000000000000e+00  0
6.9199999999998496e+01  0.0000000000000000e+00  0.0000000000000000e+00  1  1.2879109342969979e+00  7.5544691253055585e-01  4.6772533940592659e-01  nan  1  5  5  3.5450713285780856e-03  0.0000000000000000e+00  0
6.9599999999998701e+01  0.0000000000000000e+00  0.0000000000000000e+00  1  1.2883857314755292e+00  7.5449038154958015e-01  4.7192307491328606e-01  nan  1  5  5  3.5260698766515185e-03  0.0000000000000000e+00  0
6.9999999999998906e+01  0.0000000000000000e+00  0.0000000000000000e+00  1  1.2887675068326538e+00  7.5257731958762886e-01  4.7515731030307889e-01  nan  1  5  5  3.4980964801447400e-03  0.0000000000000000e+00  0
7.0399999999999096e+01  0.0000000000000000e+00  0.0000000000000000e+00  1  1.2890524329629705e+00  7.5268360080773722e-01  4.7749192041691291e-01  nan  1  5  5  3.5487186410707379e-03  0.0000000000000000e+00  0
7.0799999999999301e+01  0.0000000000000000e+00  0.0000000000000000e+00  1  1.2892370271296729e+00  7.5278988202784569e-01  4.7915451860120223e-01  nan  1  5  5  9.2807434664922382e-03  0.0000000000000000e+00  0
7.1199999999999505e+01  0.0000000000000000e+00  0.0000000000000000e+00  1  1.2893184651337781e+00  7.5257731958762886e-01  4.8093043216479581e-01  nan  1  5  5  3.4952460958202762e-03  0.0000000000000000e+00  0
7.1599999999999696e+01  0.0000000000000000e+00  0.0000000000000000e+00  1  1.2892948213961617e+00  7.5257731958762886e-01  4.8203506672556201e-01  nan  1  5  5  3.4252176160046183e-03  0.0000000000000000e+00  0
7.1999999999999901e+01  0.0000000000000000e+00  0.0000000000000000e+00  1  1.2891653862717367e+00  7.5183335104686999e-01  4.8256135312715293e-01  nan  1  5  5  8.7183694212906379e-03  0.0000000000000000e+00  0
7.2400000000000105e+01  0.0000000000000000e+00  0.0000000000000000e+00  1  1.2889311162718009e+00  7.5204591348708683e-01  4.8264929333580764e-01  nan  1  5  5  3.2093573825937778e-03  0.0000000000000000e+00  0
7.2800000000000296e+01  0.0000000000000000e+00  0.0000000000000000e+00  1  1.2885950115327296e+00  7.5119566372621960e-01  4.8230124292127174e-01  nan  1  5  5  3.1725744110530606e-03  0.0000000000000000e+00  0
7.3200000000000500e+01  0.0000000000000000e+00  0.0000000000000000e+00  1  1.2881620664624098e+00  7.5119566372621960e-01  4.8208081269227199e-01  nan  1  5  5  3.0843346516609763e-03  0.0000000000000000e+00  0
7.3600000000000705e+01  0.0000000000000000e+00  0.0000000000000000e+00  1  1.2876385976682805e+00  7.5034541396535237e-01  4.8148369315405642e-01  nan  1  5  5  9.9983412779295587e-03  0.0000000000000000e+00  0
7.4000000000000995e+01  0.0000000000000000e+00  0.0000000000000000e+00  1  1.2870311416959357e+00  7.4896375810394300e-01  4.8053913275862442e-01  nan  1  5  5  9.6778037039108381e-03  0.0000000000000000e+00  0
7.4400000000001199e+01  0.0000000000000000e+00  0.0000000000000000e+00  1  1.2863454544210247e+00  7.4843235200340097e-01  4.7929955285749770e-01  nan  1  5  5  9.7690702391875894e-03  0.0000000000000000e+00  0
7.4800000000001404e+01  0.0000000000000000e+00  0.0000000000000000e+00  1  1.2855861789896281e+00  7.4821978956318413e-01  4.7778265251424290e-01  nan  1  5  5  8.8490498830124283e-03  0.0000000000000000e+00  0
7.5200000000001594e+01  0.0000000000000000e+00  0.0000000000000000e+00  1  1.2847574309735250e+00  7.4864491444361780e-01  4.7596602563397256e-01  nan  1  5  5  8.5327422988040660e-03  0.0000000000000000e+00  0
7.5600000000001799e+01  0.0000000000000000e+00  3.8020614395491595e-03  1  1.2838832313209119e+00  7.5013285152513554e-01  4.7385516689136176e-01  nan  1  5  5  2.2080880416005108e-03  0.0000000000000000e+00  0
7.6000000000002004e+01  0.0000000000000000e+00  8.4556533520319076e-03  1  1.2829456577376563e+00  7.5385269422892975e-01  4.7145142404602985e-01  nan  1  5  5  1.9319290863914313e-03  0.0000000000000000e+00  0
7.6400000000002194e+01  0.0000000000000000e+00  1.3225356089375801e-02  1  1.2819529830299652e+00  7.5534063131044749e-01  4.6875271202271934e-01  nan  1  5  5  1.9145665219012396e-03  0.0000000000000000e+00  0
7.6800000000002399e+01  0.0000000000000000e+00  1.8080368058425160e-02  1  1.2809182621705681e+00  7.5555319375066421e-01  4.6575301326657087e-01  nan  1  5  5  1.7726390483052733e-03  0.0000000000000000e+00  0
7.7200000000002603e+01  0.0000000000000000e+00  2.2908749971757531e-02  1  1.2798554118195418e+00  7.5735997449250714e-01  4.6244350837651543e-01  nan  1  5  5  1.5431377413657233e-03  0.0000000000000000e+00  0
7.7600000000002794e+01  0.0000000000000000e+00  2.7670808681079507e-02  1  1.2787769492833994e+00  7.5821022425337448e-01  4.6067974202231982e-01  nan  1  5  5  1.3075073636426679e-03  0.0000000000000000e+00  0
7.8000000000002998e+01  0.0000000000000000e+00  3.2411514465516808e-02  1  1.2776924440931317e+00  7.6044212987565096e-01  4.6104862737756841e-01  nan  1  5  5  1.2842958013109817e-03  0.0000000000000000e+00  0
7.8400000000003203e+01  0.0000000000000000e+00  3.7167792325598747e-02  1  1.2766184437248276e+00  7.6235519183760225e-01  4.6103943616471588e-01  nan  1  5  5  1.1432263003302969e-03  0.0000000000000000e+00  0
7.8800000000003394e+01  0.0000000000000000e+00  4.1896876294780706e-02  1  1.2755700973344464e+00  7.6235519183760225e-01  4.6070258450620849e-01  nan  1  5  5  9.3790774116163475e-04  0.0000000000000000e+00  0
7.9200000000003598e+01  0.0000000000000000e+00  4.6528169212285156e-02  1  1.2745394811585018e+00  7.6384312891911998e-01  4.5989876697079357e-01  nan  1  5  5  9.0032360449060402e-04  0.0000000000000000e+00  0
7.9600000000003803e+01  0.0000000000000000e+00  5.1068796508873075e-02  1  1.2735306648876603e+00  7.6894462748432357e-01  4.5859490192190266e-01  nan  1  5  5  8.9946085122465796e-04  0.0000000000000000e+00  0
8.0000000000003993e+01  0.0000000000000000e+00  5.5566732315449598e-02  1  1.2725487491567717e+00  7.7213306408757576e-01  4.5675936458280542e-01  nan  1  5  5  8.9868599031284755e-04  0.0000000000000000e+00  0
8.0400000000004198e+01  0.0000000000000000e+00  6.0026625457722561e-02  1  1.2716006341936825e+00  7.7914762461473053e-01  4.5436315260619109e-01  nan  1  5  5  8.9798453741475246e-04  0.0000000000000000e+00  0
8.0800000000004403e+01  0.0000000000000000e+00  6.4398545071660457e-02  1  1.2706949837581571e+00  7.8339887341906689e-01  4.5138098076304639e-01  nan  1  5  5  8.9733063345025070e-04  0.0000000000000000e+00  0
8.1200000000004593e+01  0.0000000000000000e+00  6.8655596454442774e-02  1  1.2698412327289290e+00  7.8594962270166857e-01  4.4779085359187776e-01  nan  1  5  5  8.9669087692606432e-04  0.0000000000000000e+00  0
8.1600000000004798e+01  0.0000000000000000e+00  7.2805683564103177e-02  1  1.2690478871467727e+00  7.8924434052502923e-01  4.4357552958183777e-01  nan  1  5  5  8.9603165972711304e-04  0.0000000000000000e+00  0
8.2000000000005002e+01  0.0000000000000000e+00  7.6963135385772943e-02  1  1.2683207559486587e+00  7.9530237007120841e-01  4.3872351339425486e-01  nan  1  5  5  8.9532566815916611e-04  0.0000000000000000e+00  0
8.2400000000005207e+01  0.0000000000000000e+00  8.1077519977190551e-02  1  1.2677476126605975e+00  8.0263577425868848e-01  4.3322876515958397e-01  nan  1  5  5  8.9455371369932281e-04  0.0000000000000000e+00  0
8.2800000000005497e+01  0.0000000000000000e+00  8.5117917805155652e-02  1  1.2672742495553158e+00  8.0869380380486766e-01  4.2709051817832339e-01  nan  1  5  5  8.9370132033859311e-04  0.0000000000000000e+00  0
8.3200000000005701e+01  0.0000000000000000e+00  8.9048467341543786e-02  1  1.2668677398497161e+00  8.1337017748963758e-01  4.2031366519987789e-01  nan  1  5  5  8.9275313889913127e-04  0.0000000000000000e+00  0
8.3600000000005906e+01  0.0000000000000000e+00  9.3114217999060070e-02  1  1.2665245124877489e+00  8.1868423849505789e-01  4.1290934301401305e-01  nan  1  5  5  8.9168944208582940e-04  0.0000000000000000e+00  0
8.4000000000006096e+01  0.0000000000000000e+00  9.7075919343702896e-02  1  1.2662414680648875e+00  8.2856839196513976e-01  4.0489513643753039e-01  nan  1  5  5  8.9048684001906083e-04  0.0000000000000000e+00  0
8.4400000000006301e+01  0.0000000000000000e+00  1.0097378116302300e-01  1  1.2660165883091892e+00  8.3728345201402909e-01  3.9629505603776694e-01  nan  1  5  5  8.8912196767964105e-04  0.0000000000000000e+00  0
8.4800000000006506e+01  0.0000000000000000e+00  1.0477021139771640e-01  1  1.2659835659841243e+00  8.4206610691890738e-01  3.8713850902495395e-01  nan  1  5  5  8.8757525427523480e-04  0.0000000000000000e+00  0
8.5200000000006696e+01  0.0000000000000000e+00  1.0845986898512716e-01  1  1.2660240451890672e+00  8.4833669890530339e-01  3.7745936879643766e-01  nan  1  5  5  8.8583296899633350e-04  0.0000000000000000e+00  0
8.5600000000006901e+01  0.0000000000000000e+00  1.1202626900378736e-01  1  1.2661191240036913e+00  8.5907110213625248e-01  3.6729571177480680e-01  nan  1  5  5  8.8388763370058244e-04  0.0000000000000000e+00  0
8.6000000000007105e+01  0.0000000000000000e+00  1.1546788547594582e-01  1  1.2662676661450747e+00  8.7012434902752689e-01  3.5668939734675598e-01  nan  1  5  5  8.8173734907834463e-04  0.0000000000000000e+00  0
8.6400000000007296e+01  0.0000000000000000e+00  1.1879495440548617e-01  1  1.2664678025728850e+00  8.7607609735359759e-01  3.4568561174889051e-01  nan  1  5  5  8.7938394225055641e-04  0.0000000000000000e+00  0
8.6800000000007500e+01  0.0000000000000000e+00  1.2202286967261797e-01  1  1.2667302953494535e+00  8.8213412689977677e-01  3.3433265844472831e-01  nan  1  5  5  8.7682999978694743e-04  0.0000000000000000e+00  0
8.7200000000007705e+01  0.0000000000000000e+00  1.2515084135866780e-01  1  1.2671664495419241e+00  8.9637581039430336e-01  3.2268185365249868e-01  nan  1  5  5  8.7407594348763110e-04  0.0000000000000000e+00  0
8.7600000000007896e+01  0.0000000000000000e+00  1.2817986036561499e-01  1  1.2676319665867593e+00  9.0466574556275903e-01  3.1078759605941292e-01  nan  1  5  5  8.7111847658099520e-04  0.0000000000000000e+00  0
8.8000000000008100e+01  7.1849188052067019e-04  1.3109901949723471e-01  1  1.2681186437836618e+00  9.0891699436709539e-01  2.9870666300699611e-01  nan  1  5  5  8.6795055603590486e-04  0.0000000000000000e+00  0
8.8400000000008305e+01  2.9026098358082377e-03  1.3390782689490141e-01  1  1.2686192629702169e+00  9.2443405250292277e-01  2.8649685275380582e-01  nan  1  5  5  8.6456273720053535e-04  0.0000000000000000e+00  0
8.8800000000008495e+01  5.0739652792132009e-03  1.3661089661190168e-01  1  1.2691331317305179e+00  9.3516845573387186e-01  2.7421554441624402e-01  nan  1  5  5  8.6102844687708428e-04  0.0000000000000000e+00  0
8.9200000000008700e+01  7.2289516210056019e-03  1.3921609101467280e-01  1  1.2696668247463681e+00  9.3941970453820811e-01  2.6191849138939083e-01  nan  1  5  5  8.5730339715431628e-04  0.0000000000000000e+00  0
8.9600000000008905e+01  9.3644026813401587e-03  1.4173179927579921e-01  1  1.2702043477203242e+00  9.4909129556807315e-01  2.4965890839192220e-01  nan  1  5  5  8.5336998165815828e-04  0.0000000000000000e+00  0
9.0000000000009095e+01  1.1477706647578478e-02  1.4416123750109619e-01  1  1.2707973168552251e+00  9.6312041662238279e-01  2.3748701979012674e-01  nan  1  5  5  8.4925537835210934e-04  0.0000000000000000e+00  0
9.0400000000009300e+01  1.3566878728376971e-02  1.4650628512386071e-01  1  1.2714337518005208e+00  9.6705282176639384e-01  2.2545005670320450e-01  nan  1  5  5  8.4498705477807450e-04  0.0000000000000000e+00  0
9.0800000000009504e+01  1.5675341545896847e-02  1.4876349396792296e-01  1  1.2720539573523988e+00  9.7109150813051337e-01  2.1359200139947532e-01  nan  1  5  5  8.4058179070157829e-04  0.0000000000000000e+00  0
9.1200000000009794e+01  1.7780553375165698e-02  1.5093030429133342e-01  1  1.2726659025899962e+00  9.8012541183972790e-01  2.0195284745978975e-01  nan  1  5  5  8.3604345927260797e-04  0.0000000000000000e+00  0
9.1600000000009999e+01  1.9858889003388298e-02  1.5300918502106989e-01  1  1.2732524507009269e+00  9.8278244234243806e-01  1.9056764189584799e-01  nan  1  5  5  8.3137109430373758e-04  0.0000000000000000e+00  0
9.2000000000010203e+01  2.1910720406568350e-02  1.5500126062883737e-01  1  1.2738060717156856e+00  9.8618344138590708e-01  1.7946553051809913e-01  nan  1  5  5  8.2657038974634348e-04  0.0000000000000000e+00  0
9.2400000000010394e+01  2.3936673246280717e-02  1.5691260377540273e-01  1  1.2743241344402436e+00  9.9319800191306196e-01  1.6866941100624933e-01  nan  1  5  5  8.2166002142624553e-04  0.0000000000000000e+00  0
9.2800000000010598e+01  2.5937506041890615e-02  1.5874774086757470e-01  1  1.2748043919545944e+00  9.9585503241577211e-01  1.5819657876601839e-01  nan  1  5  5  8.1666943899202254e-04  0.0000000000000000e+00  0
9.3200000000010803e+01  2.7914018260946659e-02  1.6051006182330579e-01  1  1.2752444893913388e+00  9.9808693803804871e-01  1.4805996946950190e-01  nan  1  5  5  8.1163071227833888e-04  0.0000000000000000e+00  0
9.3600000000010994e+01  2.9867017126318850e-02  1.6220285726730096e-01  1  1.2756421723833777e+00  1.0000000000000000e+00  1.3826924269129315e-01  nan  1  5  5  8.0656931941500002e-04  0.0000000000000000e+00  0
9.4000000000011198e+01  3.1797357606434810e-02  1.6383052446413451e-01  1  1.2759959393895286e+00  1.0000000000000000e+00  1.2883105885859542e-01  nan  1  5  5  8.0149848054437587e-04  0.0000000000000000e+00  0
9.4400000000011403e+01  3.3706042680693368e-02  1.6540779262465621e-01  1  1.2763054862887118e+00  1.0000000000000000e+00  1.1974865132733645e-01  nan  1  5  5  7.9642049882016350e-04  0.0000000000000000e+00  0
9.4800000000011593e+01  3.5594328268705670e-02  1.6691473688296729e-01  1  1.2765714410381890e+00  1.0000000000000000e+00  1.1102146526200599e-01  nan  1  5  5  7.9133532877153994e-04  0.0000000000000000e+00  0
9.5200000000011798e+01  3.7463751157766130e-02  1.6835279652885393e-01  1  1.2768550114952257e+00  1.0000000000000000e+00  1.0264561137971194e-01  nan  1  5  5  7.8625084391075188e-04  0.0000000000000000e+00  0
9.5600000000012002e+01  3.9316029686602444e-02  1.6972339267844896e-01  1  1.2770953552987401e+00  1.0000000000000000e+00  9.4615106059235302e-02  nan  1  5  5  7.8118639315395981e-04  0.0000000000000000e+00  0
9.6000000000012193e+01  4.1152875189207613e-02  1.7103295523744103e-01  1  1.2772887192236677e+00  1.0000000000000000e+00  8.6923171287799986e-02  nan  1  5  5  7.7616636001277112e-04  0.0000000000000000e+00  0
9.6400000000012398e+01  4.2975828066976939e-02  1.7228353336198513e-01  1  1.2774310431805167e+00  1.0000000000000000e+00  7.9562855566472621e-02  nan  1  5  5  7.7120951434480917e-04  0.0000000000000000e+00  0
9.6800000000012602e+01  4.4786221732835696e-02  1.7347819727550301e-01  1  1.2775172771909593e+00  1.0000000000000000e+00  7.2526821964040283e-02  nan  1  5  5  7.6632369047287437e-04  0.0000000000000000e+00  0
9.7200000000012807e+01  4.6585279135760577e-02  1.7461798443071638e-01  1  1.2775438664165046e+00  1.0000000000000000e+00  6.5806758748180275e-02  nan  1  5  5  7.6269023826568984e-04  0.0000000000000000e+00  0
9.7600000000012997e+01  4.8374248492801648e-02  1.7570106382407344e-01  1  1.2775106583280362e+00  1.0000000000000000e+00  5.9392996433091871e-02  nan  1  5  5  7.5760507516433988e-04  0.0000000000000000e+00  0
9.8000000000013202e+01  5.0154468502997283e-02  1.7672590870667013e-01  1  1.2774212786680270e+00  1.0000000000000000e+00  5.3274579738207213e-02  nan  1  5  5  7.5260079439595654e-04  0.0000000000000000e+00  0
9.8400000000013407e+01  5.1927322404112485e-02  1.7769193270879452e-01  1  1.2772818624749085e+00  1.0000000000000000e+00  4.7439650339415135e-02  nan  1  5  5  7.4768300113042612e-04  0.0000000000000000e+00  0
9.8800000000013597e+01  5.3694129870710476e-02  1.7859923866342467e-01  1  1.2770987839474515e+00  1.0000000000000000e+00  4.1876163559036492e-02  nan  1  5  5  7.4285439029618333e-04  0.0000000000000000e+00  0
9.9200000000013802e+01  5.5456066204848130e-02  1.7945177731161657e-01  1  1.2768763639381517e+00  1.0000000000000000e+00  3.6578786640281385e-02  nan  1  5  5  7.3811389730337774e-04  0.0000000000000000e+00  0
9.9600000000014006e+01  5.7214174296360290e-02  1.8025398342947910e-01  1  1.2766154866273396e+00  1.0000000000000000e+00  3.1667476046567278e-02  nan  1  5  5  7.3345986637556992e-04  0.0000000000000000e+00  0
1.0000000000001400e+02  5.8969465127230149e-02  1.8100834089185361e-01  1  1.2763137170997734e+00  1.0000000000000000e+00  2.9894172883002688e-02  nan  1  5  5  7.2889379874324005e-04  0.0000000000000000e+00  0
1.0040000000001400e+02  6.0723032672073900e-02  1.8171776589429953e-01  1  1.2759669193044496e+00  1.0000000000000000e+00  3.0364840407457482e-02  nan  1  5  5  7.2590504369086516e-04  0.0000000000000000e+00  0
1.0080000000001500e+02  6.2476094802537012e-02  1.8238306769305274e-01  1  1.2755717040324992e+00  1.0000000000000000e+00  3.0835274893658171e-02  nan  1  5  5  7.2195573753107141e-04  0.0000000000000000e+00  0
1.0120000000001500e+02  6.4229925744342872e-02  1.8300256408759916e-01  1  1.2751275825258406e+00  1.0000000000000000e+00  3.1319627690443212e-02  nan  1  5  5  7.1833496553438676e-04  0.0000000000000000e+00  0
1.0160000000001500e+02  6.5985726592862295e-02  1.8357447904485227e-01  1  1.2746377935385524e+00  1.0000000000000000e+00  3.1801640588847963e-02  nan  1  5  5  7.2382107201246081e-04  0.0000000000000000e+00  0
1.0200000000001501e+02  6.7744524137645673e-02  1.8409782110681061e-01  1  1.2741084469724613e+00  1.0000000000000000e+00  3.2281338938983724e-02  nan  1  5  5  7.1995139282019134e-04  0.0000000000000000e+00  0
1.0240000000001500e+02  6.9507157621749333e-02  1.8457132145467606e-01  1  1.2737749150669024e+00  1.0000000000000000e+00  3.2758675170426459e-02  nan  1  5  5  7.1135729284236486e-04  0.0000000000000000e+00  0
1.0280000000001600e+02  7.1274337444897001e-02  1.8499681839428719e-01  1  1.2752908659479676e+00  1.0000000000000000e+00  3.3233796863423336e-02  nan  1  5  5  7.0860022304801602e-04  0.0000000000000000e+00  0
1.0320000000001600e+02  7.3046707366858379e-02  1.8537377104058173e-01  1  1.2773260144142500e+00  1.0000000000000000e+00  3.3717425314840684e-02  nan  1  5  5  7.1458727630920537e-04  0.0000000000000000e+00  0
1.0360000000001600e+02  7.4824852215538695e-02  1.8570408486320922e-01  1  1.2793376146363060e+00  1.0000000000000000e+00  3.4209412586251375e-02  nan  1  5  5  7.1044903450029166e-04  0.0000000000000000e+00  0
1.0400000000001600e+02  7.6609245901248013e-02  1.8599041243807987e-01  1  1.2813235073549392e+00  1.0000000000000000e+00  3.4700370993187332e-02  nan  1  5  5  7.0396782423752774e-04  0.0000000000000000e+00  0
1.0440000000001700e+02  7.8400180333278502e-02  1.8623663998659523e-01  1  1.2832818468108191e+00  1.0000000000000000e+00  3.5190654478660648e-02  nan  1  5  5  6.9733928928076086e-04  0.0000000000000000e+00  0
1.0480000000001699e+02  8.0197726865732052e-02  1.8644291769787971e-01  1  1.2852113032784986e+00  1.0000000000000000e+00  3.5680527329273480e-02  nan  1  5  5  7.0017140951266486e-04  0.0000000000000000e+00  0
1.0520000000001700e+02  8.2001763532348906e-02  1.8661049371012531e-01  1  1.2871109375322063e+00  1.0000000000000000e+00  3.6188131605231467e-02  nan  1  5  5  6.9283603727695090e-04  0.0000000000000000e+00  0
1.0560000000001700e+02  8.3812069510395479e-02  1.8673849676580903e-01  1  1.2890695683728168e+00  1.0000000000000000e+00  3.6697094613461670e-02  nan  1  5  5  6.8518028694228099e-04  0.0000000000000000e+00  0
1.0600000000001700e+02  8.5628455186197661e-02  1.8682821655622781e-01  1  1.2911896600727428e+00  1.0000000000000000e+00  3.7204684776233142e-02  nan  1  5  5  6.8175345432042406e-04  0.0000000000000000e+00  0
1.0640000000001800e+02  8.7450873785513222e-02  1.8687708421736435e-01  1  1.2932850021022606e+00  1.0000000000000000e+00  3.7711337127637690e-02  nan  1  5  5  6.7894891321503784e-04  0.0000000000000000e+00  0
1.0680000000001800e+02  8.9279461394291937e-02  1.8688516065893593e-01  1  1.2953522011233298e+00  1.0000000000000000e+00  3.8225302680935311e-02  nan  1  5  5  6.7167963266372079e-04  0.0000000000000000e+00  0
1.0720000000001799e+02  9.1114480069036261e-02  1.8685259330312515e-01  1  1.2973884649714926e+00  1.0000000000000000e+00  3.8754648488602855e-02  nan  1  5  5  6.6892387403265407e-04  0.0000000000000000e+00  0
1.0760000000001800e+02  9.2956181725325313e-02  1.8677346184741253e-01  1  1.2993915807132603e+00  1.0000000000000000e+00  3.9281781853110334e-02  nan  1  5  5  6.6621847510525711e-04  0.0000000000000000e+00  0
1.0800000000001801e+02  9.4804648307009146e-02  1.8664914727304169e-01  1  1.3015037434197003e+00  1.0000000000000000e+00  3.9806420189075674e-02  nan  1  5  5  6.6356584003749656e-04  0.0000000000000000e+00  0
1.0840000000001901e+02  9.6659679237142637e-02  1.8648342092659476e-01  1  1.3037427786880060e+00  1.0000000000000000e+00  4.0341664530518580e-02  nan  1  5  5  6.6097013331210179e-04  0.0000000000000000e+00  0
1.0880000000001900e+02  9.8520781398273791e-02  1.8627587500494330e-01  1  1.3059518154866201e+00  1.0000000000000000e+00  4.0890701286764496e-02  nan  1  5  5  6.5843364900215068e-04  0.0000000000000000e+00  0
1.0920000000001900e+02  1.0038727116944894e-01  1.8602782262282247e-01  1  1.3081276815598719e+00  1.0000000000000000e+00  4.1437090866103525e-02  nan  1  5  5  6.5595794695785998e-04  0.0000000000000000e+00  0
1.0960000000001899e+02  1.0225843951118949e-01  1.8573794913438227e-01  1  1.3102678398372760e+00  1.0000000000000000e+00  4.1981665404767519e-02  nan  1  5  5  6.5354738567226201e-04  0.0000000000000000e+00  0
1.1000000000001900e+02  1.0413369450520869e-01  1.8540504435785840e-01  1  1.3123812981059546e+00  1.0000000000000000e+00  4.3373917974051726e-02  nan  1  5  5  6.5120838663135282e-04  0.0000000000000000e+00  0
1.1040000000002000e+02  1.0601261325251740e-01  1.8502790890385057e-01  1  1.3147679663006182e+00  1.0000000000000000e+00  4.4893193407836297e-02  nan  1  5  5  6.4894265756747292e-04  0.0000000000000000e+00  0
1.1080000000002001e+02  1.0789489911426735e-01  1.8460385377043920e-01  1  1.3171216717559375e+00  1.0000000000000000e+00  4.6352147985257539e-02  nan  1  5  5  6.4674258034534357e-04  0.0000000000000000e+00  0
1.1120000000002000e+02  1.0978029623541379e-01  1.8413317698423193e-01  1  1.3194395074675098e+00  1.0000000000000000e+00  4.7753538851358267e-02  nan  1  5  5  6.4459814787883550e-04  0.0000000000000000e+00  0
1.1160000000002000e+02  1.1166851198792983e-01  1.8361764255621160e-01  1  1.3217187844537210e+00  1.0000000000000000e+00  4.9100277821080257e-02  nan  1  5  5  6.4251205969851960e-04  0.0000000000000000e+00  0
1.1200000000001999e+02  1.1355915747963145e-01  1.8305854080514319e-01  1  1.3239567434664563e+00  1.0000000000000000e+00  5.0395672448045728e-02  nan  1  5  5  6.4050591886793279e-04  0.0000000000000000e+00  0
1.1240000000002100e+02  1.1545170398018276e-01  1.8245651513293276e-01  1  1.3264635701819483e+00  1.0000000000000000e+00  5.1643412054210615e-02  nan  1  5  5  6.3860456573293747e-04  0.0000000000000000e+00  0
1.1280000000002100e+02  1.1734549084328329e-01  1.8181012515219055e-01  1  1.3289576848189848e+00  1.0000000000000000e+00  5.2847261673378214e-02  nan  1  5  5  6.3680849273805510e-04  0.0000000000000000e+00  0
1.1320000000002101e+02  1.1923983587861624e-01  1.8111890128878352e-01  1  1.3314062402211606e+00  1.0000000000000000e+00  5.4010676727534568e-02  nan  1  5  5  6.3508224119729426e-04  0.0000000000000000e+00  0
1.1360000000002100e+02  1.2113421602584090e-01  1.8038104854221890e-01  1  1.3338055285477173e+00  1.0000000000000000e+00  5.5136663185869704e-02  nan  1  5  5  6.3337594764221452e-04  0.0000000000000000e+00  0
1.1400000000002100e+02  1.2302836011207761e-01  1.7959545837114435e-01  1  1.3361941418532457e+00  1.0000000000000000e+00  5.6228049879650917e-02  nan  1  5  5  6.3166462116296762e-04  0.0000000000000000e+00  0
1.1440000000002200e+02  1.2492209622650140e-01  1.7876425944924698e-01  1  1.3388509135250268e+00  1.0000000000000000e+00  5.7288009688584142e-02  nan  1  5  5  6.2996919829938632e-04  0.0000000000000000e+00  0
1.1480000000002200e+02  1.2681500488806821e-01  1.7788818360901779e-01  1  1.3414635274840165e+00  1.0000000000000000e+00  5.8320436322534724e-02  nan  1  5  5  6.2833920820922038e-04  0.0000000000000000e+00  0
1.1520000000002200e+02  1.2870618008228735e-01  1.7696620230438750e-01  1  1.3440321572085212e+00  1.0000000000000000e+00  5.9329868355062453e-02  nan  1  5  5  6.2681391069270705e-04  0.0000000000000000e+00  0
1.1560000000002201e+02  1.3059440590563576e-01  1.7599725414393591e-01  1  1.3465564846819844e+00  1.0000000000000000e+00  6.0321002737622663e-02  nan  1  5  5  6.2539813675465848e-04  0.0000000000000000e+00  0
1.1600000000002200e+02  1.3247873050618286e-01  1.7498091006294100e-01  1  1.3492253439285531e+00  1.0000000000000000e+00  6.1298156727727711e-02  nan  1  5  5  6.2418889913635892e-04  0.0000000000000000e+00  0
1.1640000000002300e+02  1.3435903034164220e-01  1.7391691874317444e-01  1  1.3520260295108335e+00  1.0000000000000000e+00  6.2265032862938531e-02  nan  1  5  5  6.2306377448997951e-04  0.0000000000000000e+00  0
1.1680000000002300e+02  1.3623609427326866e-01  1.7280916507956087e-01  1  1.3547805167778220e+00  1.0000000000000000e+00  6.3224833145753737e-02  nan  1  5  5  6.2194830442525593e-04  0.0000000000000000e+00  0
1.1720000000002300e+02  1.3811111906799731e-01  1.7166021963861564e-01  1  1.3574863244615276e+00  1.0000000000000000e+00  6.4180475587804806e-02  nan  1  5  5  6.2086401631953269e-04  0.0000000000000000e+00  0
1.1760000000002300e+02  1.3998497885200104e-01  1.7047141704118998e-01  1  1.3601830931312102e+00  1.0000000000000000e+00  6.5134663475549484e-02  nan  1  5  5  6.1983888194500525e-04  0.0000000000000000e+00  0
1.1800000000002299e+02  1.4185778437249352e-01  1.6924132888590446e-01  1  1.3631687180216561e+00  1.0000000000000000e+00  6.6089769487373481e-02  nan  1  5  5  6.1888059712978793e-04  0.0000000000000000e+00  0
1.1840000000002399e+02  1.4372896996210097e-01  1.6796921249248975e-01  1  1.3661078832213986e+00  1.0000000000000000e+00  6.7047629652176394e-02  nan  1  5  5  6.1797698806572918e-04  0.0000000000000000e+00  0
1.1880000000002400e+02  1.4559772694531919e-01  1.6665408365059606e-01  1  1.3689973004568268e+00  1.0000000000000000e+00  6.8009288177166061e-02  nan  1  5  5  6.1711464848400964e-04  0.0000000000000000e+00  0
1.1920000000002400e+02  1.4746341628751916e-01  1.6529550772005211e-01  1  1.3718332243203231e+00  1.0000000000000000e+00  6.8974695611777798e-02  nan  1  5  5  6.1628880307579910e-04  0.0000000000000000e+00  0
1.1960000000002400e+02  1.4932573238113586e-01  1.6389443359893729e-01  1  1.3749400266050040e+00  1.0000000000000000e+00  6.9942518248096330e-02  nan  1  5  5  6.1549366378895636e-04  0.0000000000000000e+00  0
1.2000000000002400e+02  1.5118463223848608e-01  1.6510972397710666e-01  1  1.3780434204510252e+00  1.0000000000000000e+00  7.0920904756488240e-02  nan  1  5  5  8.9113230714487159e-04  0.0000000000000000e+00  0
